1 0.199256 0.036494 0.191954 0.033452 0.184956 0.038624 0.171876 0.043492 0.169442 0.027064 0.169746 0.013070 0.179784 0.004856 0.191954 0.006680 0.206556 0.005768 0.234850 0.005160 0.218422 0.010332 0.217204 0.013678 0.215988 0.019458 0.213250 0.025846 0.204732 0.032236
1 0.001204 0.050794 0.003334 0.059920 0.019154 0.059920 0.023414 0.064484 0.010636 0.072698 0.022196 0.081520 0.015200 0.088822 0.005160 0.088518 0.010636 0.098860
0 0.184956 0.092776 0.178872 0.092776 0.165486 0.088822 0.153926 0.091256 0.149058 0.093384 0.144190 0.095818 0.139322 0.098556 0.136280 0.101294 0.126242 0.106162 0.126850 0.100078 0.133238 0.096122 0.138714 0.092168 0.141452 0.090646 0.145104 0.089734 0.150580 0.087300 0.156664 0.085170 0.159098 0.082432 0.159402 0.078782 0.157272 0.073002 0.154838 0.069656 0.149362 0.067526 0.145104 0.065700 0.139018 0.063570 0.132934 0.062354 0.135368 0.072394 0.127154 0.073002 0.127154 0.065700 0.127762 0.061442 0.122894 0.060832 0.110726 0.060528 0.110422 0.054748 0.121374 0.054140 0.136584 0.056574 0.147536 0.061138 0.156360 0.065396 0.158490 0.064484 0.163660 0.064788 0.165182 0.069046 0.164878 0.080000 0.170354 0.083346 0.178568 0.082738 0.184652 0.083042 0.193780 0.084258 0.205036 0.083954 0.212946 0.084258 0.201994 0.089430 0.189824 0.092776
1 0.051706 0.255536 0.046534 0.247322 0.037712 0.234850 0.036800 0.222680 0.033452 0.209598 0.036494 0.204732 0.045318 0.210512 0.055356 0.207470 0.060832 0.216900 0.065092 0.221464 0.076956 0.229374 0.060832 0.234850 0.067830 0.244584 0.056574 0.254016 0.048056 0.252798
0 0.154230 0.246410 0.147232 0.248236 0.139628 0.250366 0.135672 0.253712 0.131718 0.256754 0.126850 0.259188 0.121374 0.262230 0.111334 0.264360 0.110422 0.262838 0.116506 0.255842 0.124720 0.252190 0.130500 0.250060 0.135368 0.247018 0.140236 0.243976 0.151492 0.240934 0.154230 0.238500 0.158184 0.233328 0.160922 0.229982 0.165182 0.228460 0.167616 0.227244 0.170050 0.225418 0.174004 0.219942 0.179784 0.219334 0.175222 0.227548 0.170050 0.234242 0.164878 0.238500 0.158490 0.243672
0 0.112552 0.363536 0.112856 0.358670 0.114072 0.350456 0.115898 0.343458 0.119852 0.337070 0.121678 0.334332 0.121982 0.328856 0.129892 0.326422 0.139628 0.331594 0.144190 0.330680 0.151796 0.333722 0.156968 0.338590 0.165790 0.341024 0.169442 0.345588 0.172180 0.350150 0.176134 0.357452 0.177960 0.361408 0.175526 0.362320 0.171266 0.355018 0.162748 0.347108 0.151492 0.343458 0.138410 0.342242 0.129284 0.342546 0.124416 0.346500 0.122590 0.351064 0.119244 0.355932 0.118332 0.359278
0 0.095514 0.462410 0.097948 0.455412 0.102208 0.445678 0.107380 0.440506 0.111030 0.435334 0.110422 0.432292 0.105858 0.428640 0.100078 0.426208 0.094298 0.421340 0.093690 0.416776 0.104032 0.419514 0.112856 0.423164 0.120766 0.427728 0.126546 0.427728 0.129284 0.423470 0.130804 0.420122 0.133542 0.415560 0.136890 0.409780 0.142060 0.403998 0.143582 0.410084 0.138714 0.420732 0.134456 0.428336 0.134152 0.434118 0.140540 0.437768 0.142974 0.442026 0.143886 0.445982 0.126546 0.443244 0.125328 0.436246 0.123198 0.433812 0.118636 0.439594 0.112552 0.443852 0.107684 0.447502 0.106162 0.452978 0.101904 0.459976
1 0.247628 0.487964 0.240326 0.479750 0.227548 0.471536 0.219030 0.454500 0.222072 0.442636 0.225114 0.437160 0.224810 0.431988 0.240326 0.436550 0.248844 0.443548 0.257666 0.456934 0.259492 0.465148 0.256146 0.477316
0 0.134760 0.516562 0.124416 0.512302 0.119548 0.510174 0.105858 0.510174 0.100686 0.513824 0.094298 0.515346 0.089126 0.516866 0.086388 0.514128 0.094602 0.511086 0.102816 0.506522 0.109204 0.504088 0.108900 0.501350 0.100382 0.497700 0.095818 0.493746 0.091864 0.487052 0.086996 0.484618 0.083042 0.479750 0.083650 0.476100 0.096122 0.479446 0.105858 0.485532 0.107076 0.495874 0.112856 0.494962 0.113768 0.488574 0.120156 0.491920 0.124416 0.495266 0.125938 0.499830 0.127762 0.501960 0.141452 0.508044 0.148754 0.509870 0.151188 0.515346 0.145712 0.515040 0.140844 0.513520
0 0.126546 0.610264 0.120460 0.609350 0.108900 0.603874 0.105250 0.601440 0.099166 0.597182 0.097340 0.592922 0.094602 0.587446 0.091256 0.582578 0.090646 0.571322 0.093690 0.569802 0.098860 0.576798 0.101600 0.584708 0.105858 0.584708 0.104946 0.592010 0.109814 0.598702 0.113768 0.600224 0.116202 0.593836 0.117722 0.585316 0.123198 0.588360 0.122894 0.598094 0.131108 0.602050 0.133542 0.596268 0.136584 0.592618 0.138714 0.592618 0.142366 0.594444 0.134456 0.603874 0.130196 0.607526
1 0.073002 0.559154 0.064788 0.556416 0.061746 0.560370 0.058400 0.561892 0.051706 0.563412 0.047142 0.564022 0.045622 0.562804 0.052314 0.556720 0.058704 0.554286 0.062354 0.552764 0.062050 0.549418 0.056878 0.550330 0.053228 0.550636 0.052618 0.546984 0.054444 0.544550 0.057182 0.541204 0.057790 0.536946 0.057182 0.527210 0.060528 0.523254 0.063570 0.526602 0.063876 0.532990 0.066004 0.544246 0.067222 0.550330 0.067830 0.551852 0.073610 0.552460 0.079694 0.554590
1 0.153318 0.723130 0.139018 0.717654 0.129284 0.712788 0.112246 0.710354 0.097644 0.701836 0.098860 0.686016 0.110422 0.680844 0.111334 0.672630 0.122286 0.667154 0.133542 0.656810 0.142366 0.660764 0.160010 0.674454 0.184348 0.690274 0.189216 0.701530 0.174004 0.716742 0.158184 0.718872
0 0.058400 0.837520 0.060224 0.830826 0.063266 0.826872 0.071784 0.822004 0.074828 0.818658 0.080912 0.810444 0.086692 0.804054 0.093384 0.799492 0.096428 0.796450 0.096732 0.792798 0.096732 0.789756 0.096732 0.786714 0.097340 0.782758 0.099166 0.778804 0.100686 0.774544 0.101600 0.771806 0.103120 0.769374 0.105858 0.765418 0.108900 0.762984 0.112552 0.761768 0.120460 0.758420 0.124112 0.759942 0.113464 0.766940 0.109204 0.772720 0.106466 0.777588 0.103424 0.784584 0.102816 0.790364 0.111030 0.790974 0.116506 0.791582 0.124112 0.794320 0.129588 0.797362 0.132630 0.801316 0.133846 0.807402 0.127458 0.807402 0.123504 0.800100 0.114680 0.796450 0.110118 0.795840 0.103728 0.797058 0.098556 0.800404 0.093080 0.806488 0.087908 0.811052 0.080304 0.821092 0.075740 0.827176 0.066614 0.835694
0 0.060528 0.988110 0.056574 0.993282 0.050794 0.993282 0.052922 0.986286 0.056878 0.979288 0.067830 0.973812 0.073002 0.968640 0.073914 0.964990 0.073610 0.957992 0.071784 0.951908 0.070568 0.943086 0.068134 0.932742 0.067526 0.925440 0.070264 0.923310 0.075436 0.930004 0.076956 0.942478 0.077566 0.953430 0.079694 0.958296 0.087300 0.959514 0.092472 0.954038 0.097948 0.951300 0.098252 0.957384 0.086692 0.963772 0.084866 0.967424 0.096732 0.970162 0.104642 0.970162 0.107076 0.972900 0.098252 0.978680 0.094906 0.979288 0.093994 0.989328 0.086996 0.990848 0.087604 0.981114 0.087908 0.974116 0.079694 0.972900 0.075132 0.974420 0.068438 0.978376 0.066918 0.984156
1 0.293260 0.917530 0.274704 0.908100 0.266184 0.901710 0.253408 0.892280 0.238196 0.875548 0.245802 0.857294 0.261012 0.850602 0.282004 0.852730 0.300562 0.860032 0.310298 0.866726 0.313644 0.877068 0.314556 0.891976 0.309994 0.906882 0.300866 0.914488
1 0.184652 0.953430 0.176438 0.949778 0.173700 0.939740 0.171876 0.933046 0.179176 0.919356 0.183436 0.921182 0.185870 0.923920 0.189520 0.918140 0.194996 0.917226 0.195908 0.923616 0.203818 0.923310 0.203818 0.927570 0.198646 0.934568 0.192562 0.938218 0.192258 0.945216 0.191650 0.950386
1 0.251582 0.829914 0.240022 0.824438 0.231198 0.817440 0.226940 0.807096 0.229982 0.796144 0.238500 0.790060 0.250670 0.791886 0.257970 0.795232 0.268314 0.794016 0.276528 0.795840 0.282918 0.807402 0.283222 0.820788 0.281700 0.830522 0.263750 0.834172
1 0.275616 0.777892 0.261926 0.772720 0.253104 0.769678 0.246714 0.760854 0.246714 0.749598 0.251278 0.744730 0.263142 0.739864 0.277136 0.741992 0.283222 0.752640 0.285046 0.761158 0.282004 0.769982
1 0.172180 0.794624 0.170050 0.792798 0.158490 0.789452 0.157272 0.781846 0.160010 0.769374 0.162444 0.764202 0.167312 0.763592 0.172180 0.766940 0.175830 0.776674 0.177656 0.784584
1 0.287480 0.734692 0.278658 0.726478 0.267402 0.719480 0.258884 0.711570 0.260404 0.697272 0.273790 0.697880 0.282918 0.702140 0.297216 0.714308 0.298432 0.724956 0.289610 0.729216
1 0.297520 0.332506 0.289002 0.325204 0.278354 0.316686 0.263142 0.313948 0.232416 0.305126 0.226940 0.294782 0.239412 0.279570 0.257058 0.281700 0.263750 0.280180 0.264968 0.267402 0.278962 0.257058 0.297216 0.250670 0.318816 0.252798 0.311514 0.268010 0.306950 0.273486 0.339808 0.280180 0.344980 0.287480 0.316382 0.290522 0.299650 0.288088 0.293260 0.297520 0.299346 0.315774 0.297520 0.325508 0.295694 0.328856 0.295086 0.330376 0.302084 0.335244
1 0.306646 0.208078 0.296304 0.201384 0.291740 0.188912 0.294174 0.179176 0.303908 0.171876 0.323684 0.174614 0.327942 0.183436 0.322770 0.197734 0.313644 0.202298
1 0.316990 0.139628 0.311210 0.127154 0.309384 0.121678 0.294174 0.124416 0.292652 0.118028 0.298736 0.106466 0.301780 0.094298 0.320032 0.093994 0.326422 0.098860 0.327030 0.109508 0.322162 0.127154 0.323074 0.133542
0 0.642206 0.186174 0.636122 0.189216 0.633080 0.194084 0.623040 0.193474 0.616652 0.192258 0.611784 0.188912 0.620912 0.181306 0.626084 0.175830 0.630646 0.170962 0.636426 0.165182 0.644032 0.162444 0.646770 0.164574 0.646162 0.170658 0.644640 0.175222 0.652854 0.178872 0.654376 0.181002
0 0.610264 0.456326 0.606308 0.449328 0.604178 0.439594 0.603570 0.433204 0.599920 0.428946 0.595660 0.428336 0.586534 0.428336 0.579840 0.425294 0.574974 0.419818 0.574060 0.417080 0.577408 0.414342 0.589576 0.413126 0.602050 0.414038 0.607526 0.417384 0.608742 0.425598 0.609046 0.431684 0.609654 0.435942 0.610872 0.442940 0.612698 0.449632 0.613306 0.458150 0.610264 0.459976
0 0.612088 0.515650 0.604178 0.515346 0.595660 0.514128 0.588360 0.515650 0.578624 0.516562 0.575582 0.516258 0.567368 0.513520 0.570410 0.506826 0.574974 0.504088 0.583188 0.501654 0.589576 0.504088 0.597182 0.508956 0.606916 0.508348 0.612088 0.506218 0.616956 0.504698 0.623040 0.501960 0.626084 0.503784 0.619998 0.510478 0.614826 0.512912
1 0.447502 0.431378 0.439898 0.426512 0.432292 0.422860 0.430466 0.417080 0.430770 0.408258 0.436246 0.398522 0.449936 0.401870 0.458760 0.407346 0.460280 0.416472 0.459672 0.424686
0 0.369012 0.916010 0.361712 0.910838 0.357756 0.909620 0.352888 0.916010 0.346804 0.916010 0.345588 0.909620 0.341936 0.908404 0.336764 0.914184 0.331594 0.920878 0.323684 0.920268 0.327942 0.907492 0.333722 0.899582 0.346196 0.895018 0.349846 0.898060 0.356844 0.896234 0.364146 0.892888 0.368100 0.893496 0.368708 0.900798 0.374184 0.903232 0.376618 0.906882 0.374184 0.910838
0 0.927874 0.923920 0.923616 0.919356 0.915402 0.915402 0.907188 0.913272 0.901102 0.911142 0.889542 0.909012 0.889542 0.919052 0.892280 0.927266 0.892888 0.935176 0.892888 0.941564 0.890454 0.953430 0.888630 0.964382 0.884066 0.970162 0.883762 0.955254 0.886500 0.938826 0.884978 0.929700 0.883762 0.920268 0.883762 0.911142 0.883154 0.905362 0.881328 0.903840 0.874634 0.902016 0.868246 0.900190 0.864292 0.900190 0.860640 0.903232 0.853948 0.906882 0.849992 0.906578 0.852730 0.899278 0.858206 0.893802 0.867030 0.888934 0.876156 0.891368 0.886196 0.895930 0.892280 0.896234 0.895322 0.895930 0.902624 0.899278 0.913272 0.904754 0.920268 0.907796 0.926962 0.910534 0.929396 0.916314
1 0.763898 0.992066 0.746556 0.988416 0.746252 0.973508 0.752336 0.968336 0.749902 0.961948 0.741080 0.954038 0.744122 0.941260 0.753858 0.940044 0.767244 0.942478 0.776978 0.943998 0.787626 0.949474 0.791582 0.954038 0.777892 0.957992 0.775458 0.965294 0.777892 0.980202 0.773632 0.988416 0.769068 0.992978
0 0.897148 0.790668 0.886804 0.789756 0.884674 0.797970 0.884978 0.803446 0.884978 0.806184 0.878286 0.809834 0.872506 0.811356 0.867334 0.813486 0.862162 0.816224 0.867030 0.819570 0.874330 0.818658 0.878286 0.818050 0.880416 0.821396 0.880416 0.828088 0.879806 0.833868 0.877068 0.841474 0.873722 0.850906 0.870984 0.852730 0.865508 0.855468 0.859728 0.859728 0.859424 0.863988 0.870072 0.858206 0.876764 0.855468 0.882544 0.849992 0.883458 0.843300 0.884674 0.831130 0.885588 0.821092 0.886500 0.812574 0.891672 0.805272 0.898364 0.801620 0.906882 0.797970 0.916922 0.790974 0.921790 0.785192 0.922702 0.779716 0.914488 0.784584 0.905362 0.788844
0 0.905058 0.590184 0.902016 0.579232 0.902016 0.571626 0.902016 0.562804 0.902320 0.556416 0.904754 0.550026 0.904144 0.548202 0.900190 0.543334 0.892280 0.541508 0.883458 0.544854 0.876460 0.548202 0.873114 0.551244 0.868246 0.555198 0.864292 0.558850 0.858816 0.560370 0.862770 0.553070 0.867334 0.546376 0.877068 0.542116 0.880416 0.539378 0.886500 0.538466 0.892584 0.537554 0.899886 0.537250 0.906274 0.539988 0.908404 0.541812 0.912358 0.539684 0.914184 0.539684 0.914488 0.544550 0.917834 0.541204 0.923006 0.542116 0.920268 0.549722 0.913576 0.553678 0.911446 0.562500 0.909620 0.571018 0.906882 0.582578
0 0.894714 0.609654 0.888020 0.615436 0.882850 0.620606 0.878286 0.624866 0.875852 0.630342 0.873722 0.636426 0.871592 0.652550 0.876156 0.655288 0.881024 0.646466 0.882544 0.633080 0.886500 0.622736 0.891368 0.619390 0.899582 0.615436 0.909926 0.613914 0.907492 0.622432 0.898364 0.626388 0.890758 0.630646 0.894410 0.635818 0.902928 0.631560 0.911750 0.624258 0.916010 0.615436 0.916922 0.606916 0.907796 0.603874 0.910838 0.598398 0.915402 0.591402 0.917226 0.583796 0.909926 0.590792 0.905970 0.601746 0.901406 0.606308
1 0.566150 0.708528 0.560066 0.707312 0.552156 0.700010 0.547898 0.694230 0.554590 0.691492 0.563108 0.697272 0.560978 0.686624 0.567368 0.687840 0.568888 0.688450 0.571626 0.679930 0.576190 0.675368 0.579232 0.679626 0.585622 0.682364 0.592314 0.681756 0.587142 0.692100 0.582274 0.700922 0.581058 0.704878 0.578320 0.691796 0.577102 0.685712 0.574060 0.696360 0.573756 0.703356 0.571930 0.709744
0 0.633992 0.363842 0.633080 0.357452 0.633080 0.351672 0.627300 0.344066 0.619694 0.342850 0.615740 0.350760 0.609960 0.354714 0.606916 0.348630 0.599312 0.351368 0.584100 0.354106 0.573756 0.354714 0.567064 0.353498 0.589576 0.347108 0.597182 0.345588 0.606004 0.342546 0.606916 0.338590 0.603266 0.333114 0.598702 0.324292 0.606916 0.321858 0.615436 0.332506 0.624258 0.336460 0.632168 0.339198 0.637644 0.344066 0.638860 0.355322 0.638860 0.361712 0.637948 0.364146 0.637036 0.365970 0.637644 0.369622 0.637036 0.367796
0 0.937914 0.300258 0.933046 0.307560 0.931526 0.317598 0.923310 0.323988 0.910534 0.324900 0.902320 0.323380 0.892584 0.319424 0.892888 0.313948 0.913576 0.306038 0.927874 0.301474 0.936392 0.292956 0.937914 0.288088 0.942782 0.280484 0.949778 0.276224 0.955864 0.274094 0.964990 0.275008 0.969858 0.278962 0.972900 0.285046 0.973812 0.290522 0.973812 0.298432 0.968032 0.296304 0.964990 0.288698 0.957992 0.285350 0.954342 0.289002 0.947040 0.289610 0.944606 0.292044
0 0.947040 0.245802 0.942478 0.239412 0.936392 0.231198 0.935176 0.225114 0.935480 0.215684 0.934872 0.207470 0.930308 0.213554 0.926962 0.218118 0.923616 0.222072 0.920878 0.226028 0.916922 0.230590 0.911446 0.233632 0.912358 0.225722 0.920268 0.215988 0.926354 0.211424 0.930004 0.208382 0.932438 0.203514 0.936088 0.194692 0.939434 0.187694 0.942172 0.184652 0.942172 0.179784 0.943086 0.174308 0.944606 0.172484 0.948866 0.176438 0.953124 0.177046 0.957992 0.176134 0.953430 0.187390 0.946736 0.201994 0.946128 0.218422 0.947040 0.233328 0.948562 0.242150
0 0.951300 0.125632 0.946432 0.126850 0.939740 0.131718 0.934872 0.136890 0.929092 0.140540 0.922094 0.142974 0.913880 0.144798 0.904754 0.145712 0.895930 0.146624 0.909012 0.134456 0.917226 0.131718 0.923310 0.128980 0.928482 0.125328 0.931830 0.122286 0.936392 0.116506 0.941868 0.115898 0.950692 0.116506 0.954950 0.115898 0.958906 0.112856 0.962252 0.108596 0.968032 0.104946 0.971682 0.105858 0.968032 0.113464 0.962860 0.117418 0.966206 0.124112 0.957688 0.125938
0 0.956776 0.023108 0.952212 0.024630 0.937610 0.026456 0.935176 0.022500 0.939130 0.014894 0.952212 0.009724 0.961644 0.010940 0.971682 0.011852 0.976246 0.016112 0.978072 0.021284 0.978680 0.027064 0.980506 0.033452 0.977464 0.037408 0.974724 0.030106 0.973204 0.023414 0.966816 0.019458
0 0.931220 0.400348 0.928178 0.391222 0.928178 0.385442 0.919052 0.385136 0.909926 0.386050 0.908404 0.383312 0.910230 0.377532 0.919356 0.376618 0.922094 0.375706 0.925136 0.371750 0.924832 0.366884 0.924224 0.362928 0.925136 0.350150 0.927570 0.350760 0.929092 0.358974 0.933958 0.360494 0.940348 0.359886 0.939434 0.364146 0.930916 0.371446 0.932438 0.379964 0.933350 0.385136 0.933958 0.393656 0.934568 0.400348
0 0.933958 0.478534 0.930612 0.472146 0.924224 0.465756 0.920268 0.461802 0.916922 0.461194 0.910230 0.465148 0.902928 0.466364 0.899582 0.463322 0.900798 0.458456 0.905666 0.455108 0.910230 0.453284 0.916314 0.451154 0.919660 0.444764 0.920572 0.439898 0.921486 0.433508 0.921486 0.429554 0.921486 0.424382 0.924528 0.420122 0.931220 0.414950 0.930612 0.411908 0.936088 0.412518 0.944302 0.413430 0.950386 0.414038 0.940956 0.420426 0.933654 0.424382 0.929700 0.429858 0.929092 0.433508 0.928178 0.440202 0.924832 0.448720 0.922094 0.452978 0.922094 0.456934 0.930004 0.463018 0.933046 0.465756 0.936088 0.470016 0.937914 0.473362 0.940044 0.478838 0.940652 0.484618 0.940044 0.490702 0.934264 0.498916 0.925136 0.504698 0.928482 0.495266 0.934568 0.487964 0.936696 0.482488
1 0.082534 0.832082 0.084356 0.845930 0.085450 0.857590 0.086542 0.864512 0.082534 0.872166 0.089822 0.872894 0.089822 0.878360 0.082534 0.880546 0.076704 0.884918 0.067230 0.889292 0.064314 0.893664 0.077068 0.891842 0.083262 0.887106 0.087272 0.888562 0.095288 0.902774 0.095652 0.890384 0.096746 0.886376 0.101482 0.875080 0.096016 0.858318 0.093102 0.846658 0.091644 0.838276 0.085814 0.829168
0 0.626270 0.099720 0.615790 0.105120 0.613250 0.114012 0.615790 0.121952 0.618014 0.130844 0.617696 0.141324 0.618330 0.149898 0.622142 0.145770 0.623730 0.134336 0.623094 0.120046 0.623094 0.108612 0.624682 0.106390 0.630398 0.107978 0.632940 0.117506 0.635480 0.119092 0.638974 0.135924 0.640880 0.143864 0.648184 0.135924 0.646278 0.119728 0.644054 0.107978 0.638020 0.099402 0.630082 0.095274
0 0.630716 0.237868 0.630398 0.250890 0.631352 0.257240 0.628494 0.264546 0.624364 0.274072 0.621190 0.260734 0.623094 0.250890 0.617378 0.248984 0.604040 0.250254 0.598006 0.250572 0.588160 0.250572 0.577998 0.252160 0.570694 0.251206 0.582126 0.242950 0.595464 0.242314 0.605310 0.241996 0.611026 0.238186 0.616742 0.232152 0.626588 0.229612
0 0.036808 0.314158 0.034906 0.319318 0.029746 0.325022 0.024584 0.327468 0.019966 0.328826 0.015892 0.332358 0.014262 0.328010 0.023768 0.320676 0.030832 0.316058 0.034634 0.311984 0.034906 0.308724 0.033004 0.306822 0.030832 0.306280 0.022682 0.308452 0.014804 0.308996 0.016978 0.303020 0.021052 0.299760 0.024856 0.298130 0.029474 0.295142 0.032190 0.292426 0.034634 0.289166 0.036808 0.294870 0.037622 0.300032 0.044686 0.305464 0.046316 0.307366 0.046858 0.312256 0.040340 0.312256