0 0.057486 0.032248 0.053532 0.027380 0.048360 0.022816 0.041362 0.017340 0.038320 0.020992 0.035278 0.026164 0.033452 0.034378 0.027976 0.036812 0.028280 0.025554 0.030410 0.018254 0.034670 0.010648 0.041970 0.010648 0.053228 0.012474 0.055662 0.017036 0.060528 0.024338 0.066004 0.025250 0.069352 0.030118 0.076348 0.034682 0.083346 0.036812 0.088822 0.039854 0.095514 0.045634 0.100382 0.048372 0.104338 0.051110 0.100382 0.054152 0.084562 0.048980 0.071176 0.043808 0.063570 0.040766 0.058704 0.037116
0 0.086084 0.243684 0.077870 0.240338 0.067222 0.240642 0.062050 0.245206 0.057182 0.248856 0.053836 0.254332 0.046230 0.261026 0.043492 0.264068 0.040146 0.269848 0.034670 0.270760 0.039232 0.257678 0.043188 0.251594 0.044708 0.243380 0.048360 0.239120 0.058704 0.236688 0.070264 0.235774 0.076956 0.234862 0.083650 0.234862 0.096428 0.235774 0.100382 0.236992 0.092168 0.243076
1 0.245498 0.167628 0.241542 0.163064 0.234242 0.156372 0.228460 0.146636 0.225114 0.135076 0.227852 0.124124 0.238804 0.124428 0.244890 0.135380 0.254016 0.142682 0.261622 0.147550 0.267402 0.155764 0.276528 0.163064 0.273790 0.174320 0.270140 0.183752 0.261926 0.191054 0.257970 0.184056 0.257970 0.174626 0.254624 0.168236 0.251278 0.167628
1 0.108596 0.177668 0.099774 0.171582 0.094906 0.163064 0.087908 0.152720 0.086388 0.140248 0.091256 0.134772 0.111334 0.141160 0.118028 0.147550 0.120156 0.156372 0.117722 0.166412 0.114984 0.173104
0 0.034974 0.363548 0.025846 0.372068 0.019458 0.379368 0.013374 0.384844 0.003942 0.386062 0.008506 0.360810 0.015808 0.354118 0.022500 0.349554 0.031932 0.344382 0.031628 0.336778 0.041058 0.334648 0.046534 0.339516 0.053228 0.346208 0.053228 0.352902 0.051402 0.360506 0.048664 0.365678 0.047446 0.368720 0.043492 0.377544 0.039842 0.384844 0.036494 0.382106 0.038928 0.374806 0.042884 0.367200 0.045622 0.361420 0.048056 0.354118 0.046838 0.348642 0.040754 0.348338 0.037712 0.355640 0.035278 0.360506
0 0.239412 0.308484 0.233024 0.303920 0.225722 0.299054 0.219334 0.296316 0.213250 0.297228 0.208078 0.300878 0.203514 0.303312 0.201994 0.296316 0.203818 0.291144 0.222984 0.287492 0.232720 0.288710 0.237588 0.290230 0.240022 0.282016 0.240022 0.273802 0.240022 0.265284 0.244280 0.264068 0.247018 0.270760 0.245194 0.279888 0.243976 0.298750 0.242760 0.303312 0.241846 0.306658
1 0.013374 0.480676 0.001508 0.474896 0.011852 0.441430 0.013678 0.433520 0.027672 0.438388 0.031628 0.451774 0.029498 0.465160 0.029498 0.478242 0.027368 0.496192 0.024630 0.513532 0.017632 0.506534 0.020980 0.487368 0.021892 0.481284 0.015504 0.476416
0 0.209294 0.541520 0.199256 0.531786 0.192562 0.521746 0.196214 0.514444 0.204428 0.505318 0.207470 0.500754 0.204122 0.491932 0.211424 0.488282 0.215380 0.495886 0.218726 0.502884 0.222376 0.497712 0.232416 0.496192 0.237892 0.498624 0.241846 0.501972 0.247018 0.504100 0.252190 0.507448 0.254624 0.511706 0.249756 0.512924 0.238500 0.506230 0.231504 0.504100 0.226940 0.506534 0.224506 0.508664 0.219030 0.507448 0.212032 0.509272 0.205644 0.512316 0.201690 0.515054 0.200472 0.521138 0.202906 0.527222 0.205948 0.531482 0.208382 0.533610
0 0.228156 0.434434 0.223290 0.441430 0.219334 0.447210 0.213858 0.450862 0.208686 0.453600 0.199864 0.455120 0.197734 0.452078 0.204122 0.450558 0.210816 0.446298 0.217204 0.442344 0.219334 0.437780 0.219334 0.433520 0.212642 0.430174 0.208686 0.428958 0.202906 0.432304 0.199864 0.437780 0.197430 0.442648 0.194996 0.446602 0.192258 0.452686 0.188608 0.447516 0.192562 0.435954 0.197126 0.427132 0.201080 0.420744 0.209294 0.421352 0.215380 0.424394 0.221768 0.425610 0.223594 0.425002 0.226940 0.422872 0.233936 0.426524 0.236066 0.423786 0.237284 0.421960 0.243368 0.429566 0.247018 0.434738 0.250060 0.444472 0.253712 0.450254 0.252190 0.454208 0.246714 0.446298 0.243976 0.439302 0.238500 0.432304 0.231198 0.435650
1 0.345588 0.745048 0.336156 0.761476 0.320946 0.770602 0.301474 0.774252 0.282612 0.759650 0.288698 0.739572 0.318208 0.728010 0.331288 0.716146 0.345284 0.705498 0.360190 0.700934 0.375402 0.703368 0.377836 0.713104 0.355626 0.733182 0.343154 0.736528
1 0.086388 0.766038 0.079390 0.751740 0.069656 0.742614 0.065396 0.727706 0.070872 0.710366 0.090342 0.703976 0.099166 0.710062 0.114376 0.733182 0.118636 0.749610 0.113160 0.761780 0.094298 0.765430
1 0.046838 0.775166 0.037104 0.770602 0.022196 0.762388 0.015808 0.754478 0.014590 0.743830 0.033452 0.740180 0.046534 0.741396 0.064180 0.744742 0.065396 0.756304 0.054444 0.767560 0.043492 0.774252
1 0.036190 0.660168 0.025542 0.655606 0.013374 0.649520 0.012462 0.634310 0.022500 0.624270 0.028584 0.619402 0.042884 0.618186 0.053836 0.627920 0.053228 0.641914 0.047142 0.651650
0 0.204732 0.638872 0.199560 0.635222 0.198342 0.626704 0.198342 0.616056 0.198342 0.611796 0.203210 0.605712 0.213858 0.604496 0.218118 0.605408 0.219638 0.602974 0.219638 0.598410 0.220552 0.592630 0.218118 0.580766 0.214770 0.583200 0.213858 0.587458 0.207470 0.592934 0.204122 0.592630 0.207470 0.584416 0.210816 0.576810 0.211728 0.571334 0.210512 0.563730 0.207774 0.558558 0.201384 0.552168 0.193170 0.546996 0.183436 0.537870 0.195604 0.536654 0.206556 0.542130 0.212946 0.550648 0.216596 0.559470 0.219942 0.567380 0.223594 0.576506 0.224506 0.588980 0.225418 0.596890 0.229374 0.601148 0.236980 0.602974 0.250060 0.601758 0.252190 0.603582 0.244584 0.608754 0.231198 0.609972 0.219638 0.618794 0.217508 0.620924 0.210512 0.633700 0.208078 0.636744
0 0.184044 0.888338 0.176438 0.877386 0.178264 0.868866 0.177046 0.864912 0.171570 0.860652 0.166398 0.856698 0.174918 0.853656 0.180394 0.855176 0.174614 0.846050 0.178568 0.831448 0.183436 0.831752 0.183740 0.845138 0.190736 0.842704 0.190432 0.835402 0.193780 0.827796 0.197734 0.825666 0.206860 0.820190 0.216292 0.816540 0.230286 0.816844 0.240022 0.817758 0.235458 0.822624 0.222376 0.823842 0.215074 0.825972 0.204732 0.832664 0.201080 0.836924 0.204428 0.846050 0.207774 0.851222 0.204428 0.853048 0.195908 0.848180 0.194996 0.846658 0.191650 0.853656 0.189520 0.860044 0.188304 0.869780 0.187390 0.880428
0 0.000900 0.833272 0.000292 0.794028 0.004246 0.791594 0.013070 0.790986 0.018850 0.791290 0.025238 0.792202 0.030714 0.795548 0.025542 0.799200 0.013982 0.800416 0.005464 0.804676 0.001204 0.809848 0.002422 0.819278 0.009418 0.824146 0.018242 0.824754 0.024326 0.828710 0.027064 0.833576 0.028584 0.840878 0.027976 0.855786 0.024326 0.858828 0.021892 0.834186 0.017024 0.831142 0.008810 0.831142
1 0.080000 0.846658 0.065700 0.841486 0.056574 0.828710 0.063570 0.816844 0.072090 0.819886 0.076044 0.820496 0.075436 0.813802 0.088518 0.817758 0.088822 0.810152 0.098252 0.813802 0.085780 0.821104 0.112856 0.815324 0.099470 0.825058 0.090038 0.833272
0 0.150276 0.905982 0.162140 0.912980 0.165182 0.916022 0.168528 0.920280 0.172788 0.926974 0.168528 0.931232 0.161836 0.935188 0.157880 0.937318 0.160922 0.943098 0.164574 0.944618 0.164270 0.950094 0.163356 0.956484 0.171570 0.957700 0.173700 0.949790 0.176742 0.944924 0.177960 0.942186 0.179784 0.939142 0.179784 0.934580 0.179480 0.928800 0.178568 0.923932 0.176742 0.920280 0.176134 0.917848 0.174004 0.914804 0.169136 0.910546 0.162444 0.905982 0.156968 0.902940
1 0.212642 0.998770 0.219638 0.993600 0.229374 0.987210 0.244280 0.983560 0.250366 0.992078
1 0.308168 0.993294 0.293566 0.995728 0.280788 0.993904 0.276224 0.982952 0.290522 0.968956 0.296912 0.962872 0.325508 0.958308 0.336764 0.958004 0.341936 0.966524 0.324292 0.983864 0.314252 0.989644
1 0.286568 0.916022 0.277746 0.909328 0.267402 0.897160 0.270748 0.881948 0.288088 0.881644 0.295694 0.894118 0.296608 0.907200 0.292044 0.911762
1 0.411604 0.901114 0.391222 0.901114 0.373880 0.898072 0.372360 0.884078 0.381790 0.874342 0.403998 0.874038 0.415560 0.873734 0.417384 0.881036 0.411908 0.897160
1 0.363536 0.410704 0.355018 0.400968 0.355322 0.393058 0.351064 0.387278 0.347412 0.378760 0.355626 0.367808 0.363536 0.361420 0.368708 0.352902 0.376618 0.351684 0.380878 0.359594 0.389700 0.366592 0.395176 0.369634 0.397610 0.379672 0.388484 0.392450 0.376618 0.404924
0 0.466670 0.486456 0.465452 0.479458 0.468494 0.475808 0.477926 0.474286 0.481880 0.471854 0.485836 0.467898 0.487052 0.463030 0.491008 0.457250 0.495874 0.456338 0.497396 0.452686 0.501960 0.445690 0.506826 0.442952 0.505002 0.452686 0.499830 0.462422 0.494962 0.470332 0.497396 0.476112 0.502568 0.477938 0.511998 0.480676 0.518388 0.481284 0.522342 0.486456 0.514736 0.487672 0.503480 0.484934 0.493440 0.480372 0.486748 0.480676 0.477316 0.482806 0.472450 0.485238
1 0.497092 0.624574 0.491920 0.614838 0.483098 0.618490 0.466364 0.617882 0.465452 0.610580 0.454804 0.597498 0.470016 0.588980 0.481272 0.588676 0.495874 0.591414 0.508348 0.594760 0.516562 0.600844 0.521734 0.608754 0.519300 0.622748 0.505306 0.624574
0 0.654376 0.954354 0.649204 0.942794 0.644336 0.934276 0.642512 0.927582 0.641294 0.918152 0.640686 0.911154 0.643120 0.902332 0.643424 0.897464 0.647378 0.910242 0.648596 0.921498 0.655288 0.933666 0.657418 0.938230 0.664112 0.946444 0.675976 0.951008 0.684798 0.954050 0.685712 0.955570 0.676584 0.955570 0.665328 0.951920
1 0.931526 0.464856 0.912358 0.454816 0.907492 0.445082 0.911750 0.433824 0.922398 0.428958 0.938522 0.436868 0.942172 0.444168 0.946432 0.457858 0.937914 0.465160
0 0.697576 0.590500 0.690578 0.590196 0.682668 0.592630 0.673542 0.595368 0.669284 0.591718 0.675672 0.585634 0.684494 0.583200 0.689362 0.578332 0.691492 0.574072 0.693316 0.570422 0.696968 0.564034 0.703660 0.560992 0.709136 0.564642 0.708832 0.570422 0.703660 0.574986 0.697576 0.578636 0.697880 0.583504
1 0.629430 0.610276 0.619998 0.608450 0.607222 0.603886 0.609350 0.592630 0.615740 0.591414 0.622128 0.589588 0.630646 0.585634 0.635514 0.589892 0.638252 0.601148 0.636122 0.606624
0 0.705790 0.287188 0.692708 0.282320 0.684190 0.278062 0.680236 0.271368 0.689666 0.263764 0.701530 0.263764 0.703660 0.256158 0.699706 0.248856 0.710354 0.246118 0.715220 0.252812 0.719480 0.262850 0.727086 0.266196 0.734692 0.267718 0.740168 0.269544 0.743210 0.274412 0.737430 0.274106 0.724044 0.271064 0.717960 0.274716 0.711874 0.280496
1 0.965294 0.303008 0.953430 0.306964 0.944302 0.317002 0.919660 0.318220 0.916010 0.306964 0.915706 0.293578 0.919356 0.283842 0.926048 0.276236 0.940652 0.268630 0.961948 0.266806 0.978376 0.271368 0.985982 0.280192 0.992066 0.288102 0.995412 0.298750 0.996934 0.310614 0.996934 0.331302 0.988720 0.337690 0.979288 0.322782 0.979592 0.306050 0.972900 0.302400
1 0.270130 0.493374 0.265038 0.501762 0.263840 0.517038 0.262342 0.529920 0.263240 0.541004 0.277918 0.535912 0.282412 0.527224 0.287804 0.527224 0.291698 0.516140 0.293796 0.508052 0.290800 0.502960 0.286306 0.497268 0.279416 0.492476 0.276122 0.492476
1 0.361496 0.548492 0.360298 0.541602 0.357002 0.530818 0.362394 0.519734 0.364192 0.516440 0.367786 0.508352 0.380968 0.507154 0.386958 0.514342 0.392050 0.516440 0.386958 0.532016 0.380368 0.539506 0.377072 0.545796 0.370184 0.548194 0.363892 0.546396
1 0.063368 0.201858 0.056134 0.196690 0.046490 0.179468 0.064402 0.177056 0.071980 0.179468 0.075080 0.193246
1 0.358232 0.090594 0.342042 0.086806 0.331708 0.077160 0.331708 0.061660 0.354098 0.047192 0.369254 0.047536 0.368910 0.066826 0.361332 0.085772
1 0.402668 0.249394 0.403012 0.279362 0.407146 0.301408 0.427814 0.300030 0.441936 0.289696 0.442282 0.262828 0.435736 0.244916 0.424024 0.242848 0.410246 0.242504
0 0.280726 0.099206 0.270048 0.091628 0.259370 0.090250 0.251792 0.083706 0.246968 0.079916 0.250758 0.067860 0.260402 0.069582 0.269704 0.074060 0.278660 0.081638 0.283482 0.085772 0.289338 0.101962 0.294506 0.114362 0.293816 0.128486 0.287272 0.126764 0.286926 0.108506 0.285894 0.105752
0 0.699314 0.485518 0.700266 0.494092 0.700584 0.505208 0.699950 0.512512 0.696138 0.520134 0.687564 0.526168 0.680576 0.529980 0.671684 0.533474 0.663744 0.535060 0.672320 0.527440 0.690422 0.520770 0.694868 0.514736 0.695504 0.503302 0.695186 0.497586 0.689470 0.501398 0.681848 0.507114 0.678988 0.509020 0.684070 0.498856 0.690104 0.492506 0.691692 0.486788 0.690740 0.484884 0.679942 0.492822 0.668508 0.496634 0.661204 0.493140 0.672954 0.482342 0.681530 0.476944 0.684388 0.473768 0.698678 0.481708