1 0.593652 0.370728 0.588374 0.366668 0.585126 0.361796 0.581470 0.349614 0.588780 0.339462 0.589592 0.330122 0.590810 0.317130 0.592840 0.306166 0.593246 0.300886 0.602586 0.307384 0.606646 0.314692 0.612738 0.316316 0.617610 0.310632 0.627762 0.310632 0.623700 0.320784 0.627356 0.322814 0.636288 0.319972 0.635476 0.328498 0.628574 0.335808 0.637100 0.343522 0.636288 0.354892 0.631822 0.361796 0.615986 0.369916 0.607052 0.373164 0.602586 0.373164
0 0.701258 0.374382 0.688670 0.376008 0.680548 0.383316 0.674864 0.389000 0.667960 0.392656 0.663088 0.398746 0.660246 0.403618 0.658622 0.410522 0.647658 0.417018 0.646846 0.407680 0.653748 0.398340 0.659028 0.389000 0.667148 0.383316 0.672428 0.380474 0.674458 0.371540 0.686640 0.364638 0.694760 0.363014 0.708566 0.363420 0.713438 0.362202 0.719124 0.360982 0.727244 0.359358 0.729274 0.364232 0.721154 0.368292 0.713032 0.369916 0.706130 0.372758
0 0.658216 0.512036 0.661870 0.500260 0.663088 0.491732 0.665524 0.480770 0.663088 0.468588 0.663900 0.460466 0.655778 0.453564 0.645628 0.430824 0.657810 0.437728 0.663088 0.446660 0.663900 0.443412 0.661464 0.433260 0.661464 0.421486 0.661464 0.407680 0.664306 0.403212 0.667148 0.409710 0.669178 0.421892 0.671616 0.429606 0.673240 0.438946 0.673646 0.443818 0.674052 0.450722 0.674052 0.456812 0.675676 0.466152 0.675270 0.477114 0.674864 0.487672 0.673646 0.493356 0.670804 0.498230 0.667148 0.503914 0.664712 0.509600 0.662276 0.513660
0 0.253420 0.187098 0.246118 0.188012 0.250074 0.183448 0.259200 0.174320 0.264980 0.168236 0.268022 0.163674 0.267414 0.159414 0.262850 0.156372 0.256766 0.153026 0.251594 0.150288 0.245510 0.146636 0.243380 0.149070 0.245510 0.153330 0.247030 0.158806 0.248552 0.165194 0.249464 0.169758 0.244902 0.165802 0.241250 0.157892 0.239426 0.149678 0.239730 0.141464 0.241554 0.139030 0.247640 0.139944 0.257374 0.146940 0.260720 0.145724 0.262242 0.141768 0.262242 0.136598 0.258592 0.132642 0.256158 0.128078 0.254028 0.124428 0.246726 0.124428 0.236688 0.125036 0.236992 0.121082 0.249464 0.118648 0.255854 0.121386 0.262242 0.126254 0.267414 0.131122 0.268630 0.136292 0.267718 0.141768 0.268326 0.148766 0.270760 0.152416 0.272282 0.156980 0.273498 0.161848 0.273802 0.168236 0.269544 0.173104 0.264980 0.177668 0.257678 0.184968
0 0.056282 0.224822 0.052326 0.222084 0.049892 0.218434 0.047764 0.209612 0.046242 0.203830 0.043808 0.199572 0.039246 0.193488 0.035898 0.186794 0.036508 0.179798 0.039550 0.179492 0.044416 0.182230 0.053848 0.185882 0.061454 0.188316 0.070276 0.191966 0.069972 0.196226 0.056586 0.200180 0.055674 0.202310 0.054760 0.206568 0.055674 0.213566 0.058106 0.217826 0.060236 0.219650 0.059932 0.223910
0 0.242468 0.287188 0.241554 0.283234 0.237296 0.281104 0.233036 0.282930 0.229994 0.285668 0.226344 0.290230 0.224822 0.292968 0.223910 0.287188 0.224518 0.280496 0.227256 0.274412 0.231820 0.271672 0.240338 0.272282 0.249160 0.274716 0.250986 0.277758 0.250986 0.281712 0.250378 0.289014 0.247640 0.292360 0.241858 0.297836 0.241554 0.303616 0.241554 0.306050 0.241554 0.310006 0.241554 0.314264 0.241250 0.317306 0.238208 0.318220 0.236078 0.312744 0.236688 0.306050 0.237904 0.298750 0.238816 0.292968 0.239730 0.289926
0 0.246726 0.462726 0.246422 0.457858 0.240946 0.449948 0.236382 0.445994 0.230906 0.442648 0.226648 0.439910 0.220564 0.437476 0.213566 0.435650 0.205960 0.431086 0.195008 0.428348 0.185578 0.425916 0.179798 0.424090 0.169150 0.421048 0.169150 0.413442 0.179188 0.414658 0.195312 0.418918 0.202918 0.420744 0.206264 0.420744 0.214478 0.421656 0.219346 0.424394 0.222084 0.424394 0.225430 0.418918 0.230906 0.410096 0.234862 0.412530 0.233644 0.419222 0.231212 0.428654 0.238512 0.439302 0.243988 0.441734 0.249464 0.446602 0.250682 0.452686
0 0.209002 0.544562 0.205352 0.541216 0.196834 0.536654 0.195616 0.530264 0.198050 0.523268 0.200788 0.519008 0.205656 0.515966 0.209002 0.511402 0.211740 0.504406 0.215088 0.494670 0.215392 0.484630 0.215392 0.477330 0.218130 0.468810 0.220258 0.461510 0.223302 0.453600 0.229082 0.448124 0.232124 0.448732 0.231212 0.454512 0.227864 0.462118 0.223302 0.472766 0.221780 0.480372 0.220868 0.492236 0.219042 0.502276 0.217216 0.509882 0.214174 0.515966 0.210220 0.520834 0.205048 0.524788 0.201092 0.527830 0.201092 0.533610 0.209002 0.535436 0.210524 0.541824
0 0.207178 0.634310 0.207482 0.628530 0.214782 0.625790 0.218738 0.620924 0.219954 0.616968 0.220258 0.611796 0.220868 0.607842 0.220868 0.603278 0.220564 0.597802 0.218434 0.590196 0.215088 0.584720 0.212350 0.579852 0.208698 0.574072 0.205048 0.567076 0.201702 0.567380 0.201702 0.571944 0.200484 0.575290 0.197746 0.569206 0.194704 0.560992 0.194704 0.554602 0.198658 0.549126 0.207786 0.555210 0.213870 0.563424 0.220564 0.574986 0.224822 0.583200 0.226952 0.590500 0.228168 0.598106 0.228474 0.606016 0.227560 0.613014 0.225430 0.619098 0.222692 0.624574 0.218130 0.629442 0.210220 0.632788
0 0.212958 0.882252 0.206874 0.880124 0.198050 0.878298 0.192878 0.876472 0.189532 0.874952 0.185882 0.872518 0.182230 0.870692 0.177972 0.869476 0.173408 0.867954 0.168236 0.865824 0.162456 0.866434 0.158806 0.868562 0.156372 0.870996 0.153330 0.874038 0.147550 0.874342 0.146636 0.869476 0.152720 0.861566 0.160326 0.857610 0.170062 0.857610 0.177364 0.857914 0.186794 0.858218 0.190444 0.861870 0.193792 0.867346 0.200788 0.868258 0.212044 0.867954 0.214174 0.870692 0.215392 0.876776
0 0.190444 0.816844 0.189532 0.811064 0.189532 0.801328 0.186794 0.793420 0.182840 0.785814 0.177972 0.777600 0.176754 0.767560 0.180406 0.761172 0.183752 0.760866 0.187706 0.767256 0.191054 0.775774 0.195312 0.769386 0.197746 0.769690 0.198658 0.780338 0.198964 0.783684 0.201702 0.790986 0.202918 0.795548 0.205352 0.800416 0.208698 0.807414 0.213566 0.815932 0.218130 0.826580 0.216000 0.824754 0.209916 0.814714 0.203830 0.802546 0.198354 0.791898 0.191662 0.783380 0.191966 0.789464 0.192878 0.803154 0.193182 0.810456
0 0.153330 0.962872 0.145116 0.962568 0.135684 0.961352 0.128382 0.958918 0.121994 0.954962 0.113172 0.950400 0.108304 0.944314 0.117126 0.945532 0.122602 0.950400 0.130816 0.954050 0.142378 0.954354 0.154850 0.953138 0.161544 0.952224 0.167932 0.949486 0.171582 0.947356 0.177058 0.944618 0.177668 0.941272 0.175842 0.935188 0.174930 0.927582 0.177058 0.925148 0.179798 0.929104 0.184360 0.930320 0.187402 0.927278 0.195920 0.923018 0.200180 0.919976 0.208394 0.912980 0.216304 0.908416 0.216912 0.909938 0.210524 0.915718 0.204440 0.922106 0.198964 0.926974 0.194096 0.930320 0.188620 0.936710 0.184664 0.940664 0.181926 0.944924 0.178580 0.949182 0.174016 0.952528 0.167932 0.955570 0.158198 0.961048
0 0.442344 0.990556 0.428348 0.991166 0.418614 0.991470 0.408574 0.992686 0.402490 0.992990 0.398534 0.993904 0.387886 0.993600 0.383324 0.991470 0.385148 0.985994 0.395492 0.984776 0.402186 0.984776 0.406140 0.982648 0.409486 0.980518 0.414964 0.981430 0.418918 0.981734 0.421048 0.977476 0.426220 0.976562 0.429566 0.981430 0.435650 0.981734 0.442040 0.979604 0.446298 0.979908 0.448732 0.983864
0 0.637352 0.966524 0.635526 0.971390 0.634614 0.978388 0.629138 0.983864 0.622748 0.985080 0.621836 0.982952 0.626096 0.971390 0.627312 0.966828 0.616056 0.965914 0.607842 0.966218 0.603886 0.968652 0.599628 0.972608 0.595064 0.976866 0.591414 0.980214 0.587458 0.984168 0.584416 0.988732 0.578940 0.992078 0.580766 0.981430 0.583808 0.974738 0.579852 0.965306 0.579244 0.955876 0.584416 0.958308 0.593238 0.967740 0.601148 0.965002 0.613318 0.961960 0.625182 0.960742 0.627920 0.957700 0.628224 0.948878 0.626400 0.941880 0.618186 0.941880 0.615144 0.947662 0.609668 0.952832 0.609058 0.951312 0.608146 0.946748 0.601148 0.951616 0.594760 0.955266 0.589588 0.956180 0.596586 0.945532 0.610884 0.940968 0.620620 0.937318 0.626096 0.933666 0.630354 0.937318 0.633092 0.938838 0.640090 0.934884 0.640090 0.931538 0.643740 0.938838 0.639786 0.945228 0.654084 0.940360 0.653476 0.945836 0.638568 0.952832 0.634614 0.955266
0 0.423786 0.974432 0.425306 0.966524 0.425306 0.958918 0.424394 0.954050 0.424090 0.947662 0.423786 0.942186 0.424090 0.935492 0.425002 0.928800 0.424090 0.920890 0.419526 0.926062 0.418006 0.931232 0.414658 0.932450 0.413138 0.925452 0.416788 0.919064 0.417092 0.914196 0.414658 0.908720 0.412834 0.904156 0.410400 0.902636 0.400968 0.895638 0.399448 0.890772 0.406444 0.892596 0.411920 0.898986 0.417702 0.905070 0.423482 0.909024 0.429262 0.913892 0.432000 0.917542 0.432000 0.922714 0.430782 0.928190 0.430478 0.932146 0.430478 0.940664 0.430174 0.948270 0.430478 0.953746 0.430174 0.961352 0.427740 0.969566
0 0.422568 0.860044 0.419830 0.847876 0.425002 0.835706 0.428044 0.831448 0.422872 0.829318 0.421352 0.823234 0.429566 0.818670 0.432912 0.818670 0.437172 0.817148 0.439910 0.813802 0.444168 0.809238 0.449644 0.805892 0.458772 0.804980 0.462726 0.807718 0.473982 0.807110 0.483414 0.811368 0.479762 0.814410 0.468810 0.812890 0.459988 0.809542 0.454816 0.812586 0.446602 0.815932 0.443864 0.817148 0.437476 0.824450 0.434130 0.829014 0.431086 0.835402 0.429566 0.840270 0.427436 0.846962 0.426828 0.851830 0.425306 0.857914
0 0.399752 0.766648 0.401578 0.761476 0.404620 0.755390 0.410096 0.751740 0.414354 0.749002 0.417396 0.747482 0.425002 0.746264 0.435650 0.748394 0.440518 0.748394 0.445082 0.750828 0.451470 0.755390 0.453904 0.756608 0.460900 0.763300 0.463944 0.767864 0.467898 0.772124 0.474592 0.779424 0.475200 0.774252 0.470940 0.763300 0.467594 0.755696 0.461206 0.748090 0.454512 0.745048 0.447820 0.742614 0.442344 0.738962 0.441734 0.732574 0.438692 0.725882 0.438084 0.732270 0.439606 0.737746 0.434130 0.741092 0.421352 0.740788 0.416180 0.742310 0.411312 0.744438 0.405836 0.746568 0.401882 0.751740 0.397622 0.758434
0 0.655606 0.721318 0.647086 0.718580 0.640090 0.716754 0.631876 0.716146 0.622748 0.716146 0.616360 0.718580 0.613318 0.722230 0.608450 0.726186 0.601148 0.725576 0.600844 0.715842 0.610276 0.710670 0.620314 0.707324 0.633092 0.705802 0.635526 0.705194 0.631876 0.697588 0.623966 0.688766 0.623966 0.685114 0.629746 0.685114 0.640698 0.697588 0.645262 0.704890 0.659560 0.706410 0.660472 0.696066 0.666558 0.694546 0.669600 0.702456 0.663820 0.707628 0.666862 0.715842 0.671424 0.718276 0.675988 0.722230 0.682072 0.728924 0.690896 0.731662 0.693328 0.736528 0.683594 0.736224 0.670816 0.729836 0.665644 0.725882 0.659864 0.722230
0 0.626096 0.760562 0.620620 0.768776 0.616664 0.775166 0.614230 0.780338 0.612406 0.787334 0.611796 0.793420 0.613622 0.801328 0.615448 0.806804 0.617882 0.812586 0.620620 0.821712 0.622748 0.829318 0.626096 0.833272 0.629138 0.837532 0.636744 0.837836 0.639786 0.830534 0.635526 0.821408 0.626400 0.812890 0.626096 0.806196 0.635222 0.804676 0.642524 0.807414 0.647696 0.803458 0.650128 0.800720 0.657430 0.800416 0.662298 0.799808 0.655910 0.792202 0.647086 0.787942 0.640090 0.784596 0.632180 0.783076 0.631572 0.776990 0.634006 0.770906 0.635830 0.766648 0.639176 0.762692 0.644958 0.760562 0.649216 0.758738 0.648912 0.754174 0.642828 0.753870 0.637048 0.757216 0.632484 0.759042
1 0.731662 0.780946 0.716146 0.780642 0.706714 0.780642 0.705802 0.787638 0.700934 0.793114 0.693328 0.786118 0.693634 0.781858 0.687548 0.782772 0.672946 0.785510 0.664732 0.782772 0.663820 0.777904 0.675076 0.771210 0.685724 0.773036 0.693938 0.770906 0.691200 0.761780 0.689982 0.754782 0.683594 0.749610 0.685724 0.742614 0.703064 0.749914 0.705802 0.756304 0.713408 0.757216 0.719796 0.761172 0.715538 0.769690 0.732270 0.772428 0.741092 0.775166 0.745960 0.779424 0.738354 0.783684
0 0.644958 0.617882 0.647390 0.625182 0.647086 0.632180 0.644958 0.638264 0.642220 0.644958 0.640394 0.652868 0.639786 0.658344 0.637656 0.665644 0.635526 0.674466 0.638264 0.686636 0.641914 0.678118 0.644958 0.682376 0.649824 0.687852 0.650128 0.680552 0.653172 0.666252 0.655606 0.654084 0.656518 0.645870 0.656822 0.639786 0.658344 0.635526 0.661386 0.635526 0.665340 0.634006 0.671120 0.637352 0.672946 0.636744 0.669296 0.630050 0.664732 0.625182 0.658648 0.619706 0.655606 0.613318 0.648608 0.610884
0 0.637352 0.552472 0.638568 0.548214 0.640090 0.543346 0.642524 0.540608 0.648304 0.540000 0.653476 0.542434 0.658344 0.543650 0.658952 0.541216 0.658648 0.535132 0.658648 0.533306 0.662906 0.537262 0.665948 0.543346 0.669600 0.543954 0.673554 0.544868 0.675076 0.551256 0.676292 0.556124 0.675076 0.559470 0.668990 0.557036 0.664732 0.551864 0.660168 0.549126 0.651346 0.547910 0.647390 0.547606 0.644652 0.549126 0.642524 0.552776 0.639786 0.554298
0 0.464856 0.543042 0.461510 0.534524 0.460596 0.528134 0.461206 0.521138 0.455730 0.526006 0.450558 0.529960 0.445082 0.530264 0.444168 0.525396 0.453600 0.521746 0.455730 0.519008 0.454816 0.515054 0.453600 0.511706 0.451470 0.508664 0.453296 0.503492 0.459076 0.505014 0.461510 0.512316 0.464248 0.511706 0.465160 0.503492 0.465464 0.498930 0.468810 0.486760 0.470332 0.480676 0.473982 0.471548 0.478242 0.465768 0.483110 0.467594 0.479154 0.477938 0.474896 0.483110 0.473982 0.490106 0.473982 0.499538 0.471548 0.507144 0.469420 0.513836 0.467898 0.518704 0.466682 0.523876 0.465768 0.530568 0.465768 0.535436 0.467898 0.538478 0.472158 0.541216 0.470028 0.545780
1 0.461510 0.409792 0.456642 0.403098 0.444472 0.402794 0.436258 0.399144 0.433216 0.391842 0.433824 0.382410 0.434434 0.376326 0.439910 0.376630 0.442952 0.382410 0.446298 0.373892 0.453296 0.372980 0.455730 0.380586 0.457858 0.384236 0.467898 0.382410 0.470940 0.389104 0.465768 0.394884 0.467898 0.402794 0.470332 0.412834 0.470940 0.421352 0.461206 0.420134 0.463030 0.414050
0 0.711582 0.346512 0.705802 0.342862 0.700022 0.333126 0.695154 0.319436 0.692416 0.310310 0.691504 0.301182 0.698196 0.294794 0.702152 0.307572 0.708540 0.321262 0.712190 0.332518 0.714624 0.341948
0 0.705802 0.208394 0.696676 0.213870 0.686940 0.212958 0.680248 0.205960 0.679030 0.201702 0.679334 0.196530 0.675684 0.195008 0.670816 0.195616 0.661994 0.195920 0.650738 0.192878 0.641914 0.191662 0.645566 0.186186 0.658648 0.184664 0.677814 0.187706 0.683290 0.187098 0.683898 0.180710 0.683594 0.174320 0.680856 0.166412 0.684506 0.163978 0.691504 0.179798 0.696066 0.189228 0.703064 0.191662 0.710670 0.195616 0.715842 0.202006 0.719492 0.207178 0.712496 0.205352
0 0.502580 0.255550 0.496192 0.248856 0.485544 0.239426 0.486152 0.232732 0.485544 0.225126 0.483718 0.223302 0.477330 0.223606 0.471244 0.220258 0.460292 0.222084 0.457250 0.215392 0.461206 0.213262 0.468810 0.214174 0.472462 0.213870 0.474592 0.209002 0.481892 0.208698 0.485238 0.218434 0.488890 0.223910 0.494974 0.231212 0.500754 0.243684 0.500146 0.230906 0.502580 0.231212 0.512010 0.241250 0.511402 0.251898
0 0.735920 0.114084 0.722534 0.113476 0.717058 0.116518 0.709148 0.117736 0.700630 0.117736 0.692112 0.120778 0.681768 0.120474 0.683290 0.113172 0.690896 0.107392 0.703976 0.103436 0.717362 0.102828 0.722838 0.098568 0.729228 0.094310 0.731966 0.090050 0.739266 0.089442 0.744134 0.091572 0.749914 0.094918 0.752652 0.103132 0.753870 0.111042 0.752958 0.115910 0.741396 0.113172
0 0.488890 0.124124 0.493148 0.121082 0.501058 0.120168 0.507144 0.117430 0.507752 0.122602 0.502276 0.128078 0.495886 0.132338 0.490716 0.135684 0.486456 0.139944 0.480980 0.142682 0.476720 0.146940 0.473374 0.152416 0.470332 0.160936 0.469420 0.170062 0.474896 0.161544 0.483414 0.149374 0.486152 0.145420 0.492844 0.142986 0.498016 0.141768 0.509578 0.137814 0.513228 0.131426 0.515358 0.124732 0.515966 0.115910 0.514140 0.108912 0.510794 0.108000 0.499538 0.114084 0.491932 0.117126 0.488586 0.116822
0 0.477634 0.081532 0.468810 0.077882 0.470636 0.072102 0.477330 0.069060 0.487368 0.063278 0.490410 0.059628 0.495582 0.059932 0.503796 0.061758 0.507752 0.057802 0.510186 0.054456 0.515054 0.053848 0.516270 0.059628 0.518096 0.062670 0.525700 0.062366 0.531176 0.063584 0.532090 0.067538 0.520530 0.068450 0.510490 0.068146 0.501668 0.068450 0.500450 0.073318 0.496192 0.076968 0.487672 0.076664
0 0.996946 0.386670 0.991470 0.382410 0.993294 0.371154 0.999988 0.365374
1 0.978084 0.446298 0.950704 0.443864 0.937622 0.437172 0.939142 0.420744 0.947662 0.413746 0.950094 0.406444 0.951008 0.393972 0.972000 0.394276 0.982038 0.398534 0.987514 0.406444 0.982342 0.419222 0.977170 0.427740 0.979908 0.436868
1 0.990556 0.459684 0.991774 0.442952 0.999684 0.438692
0 0.992686 0.827492 0.993600 0.810456 0.995120 0.802850 0.997250 0.799200
0 0.968348 0.980822 0.962872 0.990252 0.958614 0.996946 0.933666 0.997858 0.937318 0.990556 0.937622 0.985080 0.952224 0.978692 0.958004 0.975650 0.961352 0.972304 0.956788 0.966524 0.955266 0.964394 0.951008 0.961960 0.944314 0.965002 0.935492 0.965610 0.934276 0.962264 0.942490 0.957396 0.959526 0.954962 0.971390 0.955570 0.974432 0.958308 0.978084 0.962264 0.988124 0.964394 0.993294 0.965002 0.995728 0.967132 0.988732 0.970478 0.972608 0.974432 0.969566 0.976866
0 0.964090 0.950094 0.964090 0.941576 0.965306 0.934580 0.973824 0.930320 0.978692 0.922410 0.977170 0.919976 0.969262 0.919976 0.962872 0.919368 0.958918 0.917238 0.963786 0.912676 0.974128 0.915414 0.976866 0.911154 0.971086 0.905070 0.969262 0.903548 0.961352 0.902332 0.956484 0.906590 0.954658 0.910242 0.951920 0.906894 0.954050 0.900506 0.958918 0.896552 0.969870 0.899594 0.975346 0.901114 0.982648 0.907808 0.990556 0.914196 0.996642 0.917238 0.996642 0.948878 0.987818 0.952832 0.982648 0.951616 0.989036 0.946140 0.990252 0.943706 0.992382 0.937318 0.990556 0.930016 0.988428 0.925756 0.982038 0.926062 0.978388 0.931842 0.976562 0.934580 0.971390 0.940664 0.967436 0.947356
1 0.750096 0.674906 0.738414 0.674906 0.719840 0.674308 0.712352 0.670414 0.708756 0.656334 0.713850 0.643752 0.721038 0.637462 0.733020 0.640756 0.748598 0.659630 0.760280 0.665022 0.771364 0.672210 0.758184 0.680898 0.754290 0.678202 0.753392 0.675206 0.754888 0.675206
1 0.281242 0.303834 0.264480 0.306022 0.255006 0.300920 0.252820 0.290716 0.253914 0.277234 0.265574 0.271040 0.279786 0.275776 0.288894 0.281608 0.289988 0.293632 0.286708 0.299462
0 0.281242 0.074634 0.273590 0.080464 0.270676 0.084838 0.270676 0.095040 0.268124 0.103786 0.259380 0.107794 0.252456 0.106700 0.242618 0.103420 0.234966 0.099048 0.224762 0.075728 0.232050 0.086294 0.237880 0.095768 0.249540 0.100870 0.259014 0.097226 0.261566 0.091760 0.262294 0.087388 0.263024 0.079372 0.265574 0.077550 0.271768 0.073176 0.273226 0.069168 0.275412 0.064796 0.281608 0.062974 0.288166 0.062974 0.293632 0.068076 0.293268 0.070990 0.284522 0.066982 0.279420 0.068076
1 0.306022 0.447404 0.301648 0.436836 0.298368 0.444854 0.291446 0.448498 0.291082 0.437566 0.291810 0.427362 0.291082 0.417888 0.292904 0.413516 0.298734 0.414610 0.303470 0.409508 0.308572 0.403314 0.311486 0.411330 0.311852 0.421168 0.310030 0.433558 0.308208 0.442302
0 0.479470 0.573118 0.468904 0.572390 0.466352 0.576034 0.468904 0.585508 0.472546 0.593524 0.478378 0.606278 0.467446 0.594982 0.465624 0.583322 0.461250 0.568746 0.452870 0.572390 0.449226 0.574940 0.445946 0.577490 0.443396 0.584414 0.439388 0.594618 0.441210 0.600812 0.441574 0.606278 0.436108 0.600812 0.435380 0.590974 0.438294 0.581134 0.441210 0.574212 0.444124 0.569474 0.446676 0.565830 0.453964 0.565466 0.462344 0.565830 0.469996 0.564738 0.475462 0.564738 0.482022 0.569838 0.485664 0.574940 0.487486 0.580042 0.483114 0.579312
1 0.291446 0.789930 0.278692 0.787380 0.270676 0.784828 0.268490 0.777540 0.268490 0.766608 0.270312 0.760778 0.285250 0.756406 0.288530 0.762964 0.291810 0.769160 0.294360 0.780092
1 0.914606 0.907130 0.897858 0.900848 0.886790 0.896660 0.886192 0.876322 0.890678 0.867948 0.903540 0.873630 0.916700 0.885296 0.923580 0.893370 0.922084 0.900550 0.914606 0.903540
0 0.981008 0.725576 0.972632 0.722884 0.966352 0.718098 0.965754 0.710620 0.967846 0.703742 0.984896 0.698656 0.990578 0.699852 0.993270 0.702844 0.994168 0.708228 0.990280 0.714210 0.986390 0.717500 0.983700 0.720490
1 0.958276 0.826672 0.944516 0.825176 0.934946 0.820092 0.932254 0.812614 0.938834 0.802146 0.943320 0.803342 0.945414 0.804238 0.951696 0.813810 0.954686 0.820092
1 0.078616 0.829466 0.058628 0.831964 0.044468 0.835296 0.039470 0.828634 0.039888 0.816972 0.049882 0.805728 0.053630 0.798650 0.057378 0.805312 0.061126 0.817806 0.066540 0.821138 0.076534 0.822386
1 0.699840 0.562178 0.704034 0.571962 0.702986 0.578950 0.707178 0.585588 0.706480 0.590830 0.704732 0.599564 0.714516 0.597118 0.719058 0.589082 0.719406 0.582094 0.719058 0.567768 0.708924 0.567420 0.713118 0.562178 0.719058 0.559384 0.726046 0.554842 0.723600 0.549950 0.717310 0.551348 0.712768 0.552744 0.706480 0.550300 0.698792 0.548902 0.698094 0.555190
1 0.581046 0.476926 0.585238 0.482866 0.587684 0.489854 0.586986 0.496142 0.584190 0.500336 0.577202 0.501384 0.578600 0.509070 0.582094 0.508372 0.576854 0.517806 0.576504 0.522696 0.583142 0.518504 0.585588 0.510818 0.590130 0.504878 0.599214 0.496492 0.601660 0.502432 0.605854 0.505926 0.606902 0.501384 0.605504 0.492300 0.600262 0.484612 0.605854 0.481818 0.598166 0.476576 0.595022 0.477974 0.590130 0.476576
1 0.601310 0.149192 0.598166 0.142554 0.594672 0.138360 0.588732 0.138710 0.582444 0.135566 0.584190 0.132072 0.589780 0.131024 0.596070 0.130324 0.599564 0.125434 0.603058 0.119842 0.607600 0.119494 0.607250 0.125782 0.603058 0.129976 0.603756 0.135216 0.604456 0.140806 0.604106 0.145000
1 0.452118 0.670492 0.443034 0.666998 0.438842 0.670840 0.437094 0.675382 0.433950 0.679926 0.431504 0.679926 0.433600 0.671888 0.434998 0.666298 0.434648 0.662456 0.431504 0.657564 0.431504 0.650926 0.442686 0.653720 0.449324 0.658262 0.451770 0.661058 0.454914 0.663154 0.455962 0.668744
1 0.073722 0.997876 0.075120 0.992984 0.079312 0.992286
1 0.287204 0.488106 0.283710 0.486360 0.280914 0.483914 0.277072 0.478672 0.276372 0.467492 0.286156 0.464348 0.291746 0.466094 0.295590 0.469240 0.297686 0.475528 0.298034 0.483216 0.298734 0.488806 0.298734 0.495794 0.294192 0.500336 0.290698 0.498938 0.292794 0.492998 0.292444 0.488456
1 0.338216 0.735480 0.329830 0.732334 0.328432 0.724998 0.330878 0.716612 0.331578 0.713118 0.332626 0.702286 0.336120 0.697394 0.341710 0.702636 0.343456 0.706828 0.349746 0.705082 0.356734 0.704034 0.359528 0.705082 0.354986 0.714166 0.348698 0.722900 0.343806 0.730588
1 0.095734 0.756442 0.095036 0.751552 0.096084 0.745960 0.095036 0.739322 0.093638 0.731986 0.092590 0.723250 0.097482 0.714864 0.102722 0.714864 0.105868 0.720456 0.110060 0.728142 0.115300 0.731986 0.120892 0.735828 0.125084 0.742118 0.120892 0.747708 0.115650 0.750504 0.105868 0.755046 0.102374 0.755744
1 0.328782 0.196710 0.326336 0.191120 0.323890 0.187276 0.316902 0.184482 0.313408 0.186578 0.311312 0.191818 0.306072 0.194264 0.305022 0.192518 0.307120 0.185878 0.311312 0.179590 0.312360 0.175746 0.316902 0.169108 0.325288 0.167360 0.327034 0.171902 0.328782 0.173300 0.335070 0.170156 0.338216 0.171204 0.337168 0.178890 0.334722 0.181336 0.332626 0.186228 0.331926 0.192168