1 0.293272 0.074218 0.281712 0.072090 0.283538 0.055662 0.283842 0.045014 0.284146 0.037104 0.295098 0.039538 0.299966 0.038624 0.303920 0.032236 0.306658 0.026152 0.309092 0.019762 0.314568 0.008202 0.321262 0.005768 0.322174 0.017328 0.317610 0.027672 0.315178 0.039232 0.317306 0.046534 0.315178 0.054748 0.309396 0.058094 0.302096 0.062658
0 0.125340 0.082738 0.132642 0.082432 0.139944 0.087604 0.145116 0.092168 0.148462 0.097036 0.153938 0.099774 0.155154 0.104338 0.152720 0.108292 0.153634 0.109814 0.156068 0.112246 0.156980 0.115290 0.156980 0.118940 0.154242 0.124720 0.151200 0.128370 0.146940 0.132022 0.142986 0.132934 0.132338 0.138410 0.122298 0.141148 0.119256 0.142670 0.122906 0.145408 0.130208 0.146016 0.137206 0.144190 0.142378 0.143278 0.149374 0.140236 0.155460 0.136584 0.158198 0.131718 0.159718 0.126546 0.161240 0.114376 0.163368 0.108596 0.171582 0.109814 0.175842 0.107076 0.173104 0.103120 0.166412 0.103120 0.159414 0.104338 0.157892 0.100382 0.163368 0.096428 0.152720 0.089126 0.149374 0.084866 0.143898 0.080912 0.136292 0.076044 0.126862 0.074828 0.124124 0.076652 0.123516 0.079390
0 0.156676 0.046230 0.156980 0.039232 0.158806 0.031932 0.161240 0.027976 0.165498 0.024326 0.166716 0.020980 0.166106 0.013982 0.170974 0.008810 0.175234 0.002726 0.180406 0.009724 0.177058 0.018546 0.175842 0.024934 0.177972 0.028890 0.178884 0.034670 0.173104 0.035582 0.165802 0.032844 0.163674 0.038016 0.159110 0.043796
0 0.122602 0.380878 0.117736 0.380878 0.108608 0.383920 0.101916 0.385136 0.092788 0.385136 0.087922 0.380878 0.094614 0.375098 0.110130 0.372056 0.117736 0.373272 0.122602 0.375098 0.125340 0.373576 0.128382 0.369622 0.132338 0.364450 0.137814 0.364450 0.136902 0.368404 0.133250 0.373272 0.137206 0.375402 0.146028 0.379052 0.148462 0.380878 0.149070 0.384528 0.145420 0.390612 0.142682 0.395784 0.139030 0.399740 0.135076 0.400348 0.132034 0.399740 0.137206 0.393656 0.141768 0.389396 0.139640 0.385136 0.132642 0.381790 0.127470 0.380270
0 0.407054 0.385746 0.404620 0.378444 0.398534 0.371446 0.397014 0.363232 0.395796 0.356236 0.388496 0.351672 0.385454 0.355322 0.382410 0.359886 0.380282 0.364146 0.375110 0.368708 0.371764 0.371750 0.364158 0.377532 0.357464 0.378748 0.360202 0.373576 0.366896 0.370230 0.372676 0.366884 0.377240 0.363842 0.381802 0.360190 0.383020 0.347718 0.383020 0.345588 0.380586 0.341024 0.376326 0.335852 0.369938 0.334636 0.370546 0.340416 0.372676 0.348022 0.375414 0.356236 0.373588 0.357756 0.368112 0.351064 0.365070 0.343154 0.364766 0.333114 0.371154 0.323988 0.372676 0.317904 0.379368 0.326422 0.382410 0.335852 0.390320 0.338286 0.392450 0.334026 0.392754 0.324292 0.400360 0.328246 0.397622 0.340112 0.395492 0.348022 0.400056 0.354714 0.407054 0.366580 0.409486 0.374488 0.411008 0.380878 0.410704 0.385136
0 0.125950 0.333114 0.124124 0.321250 0.123516 0.312732 0.124124 0.304518 0.131122 0.292044 0.131426 0.285656 0.128078 0.279570 0.125340 0.275920 0.120778 0.269532 0.131122 0.269228 0.138118 0.273790 0.141160 0.276528 0.152416 0.270748 0.158502 0.268618 0.161848 0.276224 0.156980 0.280788 0.146332 0.282918 0.141464 0.287480 0.138422 0.294782 0.136598 0.302084 0.136598 0.306646 0.133250 0.314860 0.132338 0.320946 0.131426 0.334940
1 0.068754 0.359278 0.069364 0.354410 0.066626 0.348630 0.061150 0.351672 0.059020 0.349846 0.060236 0.345284 0.059628 0.343154 0.051718 0.339198 0.049284 0.336764 0.057498 0.336156 0.063888 0.337982 0.067842 0.339808 0.072102 0.336156 0.074840 0.331898 0.076056 0.327030 0.078490 0.322162 0.084574 0.324900 0.083358 0.330680 0.074840 0.336764 0.073622 0.342242 0.075144 0.349846 0.074536 0.354714
0 0.146636 0.506218 0.141464 0.498004 0.137510 0.487660 0.135380 0.482488 0.130512 0.475188 0.124124 0.469408 0.122602 0.473666 0.122602 0.481576 0.117430 0.476708 0.111650 0.465452 0.105566 0.457238 0.101002 0.441722 0.106174 0.438984 0.113780 0.448112 0.117736 0.449936 0.119256 0.441722 0.125950 0.438984 0.127166 0.448720 0.132034 0.460280 0.137510 0.456022 0.139336 0.452066 0.143898 0.448720 0.147854 0.446286 0.156372 0.439288 0.161240 0.436856 0.156980 0.445070 0.149374 0.451762 0.139336 0.456934 0.135684 0.463018 0.140248 0.471536 0.145724 0.480968 0.147550 0.492832 0.149678 0.500438
0 0.109522 0.603874 0.111650 0.599312 0.111650 0.592618 0.108304 0.587142 0.105870 0.583796 0.104350 0.580146 0.102828 0.575886 0.102524 0.569192 0.101306 0.565542 0.097656 0.560066 0.094918 0.557936 0.093092 0.553982 0.089442 0.547288 0.095526 0.550636 0.102828 0.558240 0.105870 0.563108 0.108912 0.569192 0.113780 0.578016 0.117736 0.581362 0.118648 0.594444 0.118344 0.601440 0.111346 0.608438 0.108912 0.606916
0 0.360202 0.611784 0.349554 0.609654 0.339210 0.606004 0.334040 0.602658 0.327346 0.603266 0.319132 0.603874 0.312744 0.603874 0.312440 0.598702 0.315482 0.595660 0.323088 0.594748 0.331302 0.597790 0.337690 0.597486 0.340732 0.594748 0.346208 0.596574 0.351988 0.600224 0.357464 0.603570 0.361116 0.606004 0.367504 0.606916 0.374196 0.608134 0.378456 0.613002 0.372980 0.614826
1 0.294794 0.566454 0.285364 0.562500 0.277454 0.558240 0.281712 0.550026 0.287796 0.545464 0.288710 0.534816 0.302096 0.530556 0.308180 0.533902 0.311222 0.540596 0.308180 0.552460 0.301488 0.557024 0.300574 0.561284
0 0.375718 0.527818 0.368112 0.535120 0.364462 0.539684 0.363244 0.544550 0.362940 0.550940 0.362028 0.557328 0.359898 0.567976 0.358072 0.574974 0.354726 0.572540 0.354726 0.563716 0.353814 0.548810 0.352292 0.557024 0.349554 0.560674 0.346208 0.563716 0.340124 0.564022 0.333126 0.560674 0.334952 0.550026 0.338906 0.540900 0.341948 0.534816 0.349554 0.527514 0.355030 0.519604 0.348338 0.521126 0.340428 0.523864 0.336472 0.526298 0.331606 0.531470 0.327954 0.528122 0.335560 0.519300 0.345904 0.514432 0.361420 0.513520 0.364462 0.518388 0.366592 0.521126 0.372676 0.518084 0.378760 0.515346 0.383324 0.518084
0 0.337994 0.744730 0.335560 0.738950 0.335864 0.732258 0.334648 0.724956 0.335256 0.718264 0.336168 0.711874 0.337386 0.705486 0.332822 0.705790 0.327954 0.706398 0.322478 0.706398 0.321262 0.703660 0.322174 0.701226 0.329780 0.700618 0.336472 0.698184 0.337386 0.695142 0.337690 0.689666 0.344078 0.685406 0.347730 0.683886 0.349250 0.675976 0.344078 0.671716 0.339210 0.670500 0.335256 0.671716 0.331606 0.673846 0.324912 0.674760 0.320654 0.672630 0.326738 0.667762 0.331302 0.666544 0.339516 0.666544 0.350772 0.667458 0.356248 0.669588 0.358072 0.672630 0.355334 0.679018 0.351380 0.686928 0.346208 0.696360 0.344688 0.700010 0.343774 0.703964 0.343470 0.708224 0.342254 0.713700 0.340428 0.726782 0.342254 0.731344 0.341340 0.740168
0 0.074536 0.639468 0.081836 0.641294 0.090050 0.646466 0.094614 0.649204 0.098874 0.651942 0.099786 0.661982 0.100090 0.667762 0.098874 0.673542 0.096136 0.678106 0.092484 0.682974 0.089138 0.689058 0.086400 0.698184 0.092788 0.696968 0.097960 0.689362 0.101002 0.683278 0.103132 0.677192 0.104350 0.668066 0.106478 0.656810 0.109216 0.651030 0.111346 0.646466 0.112260 0.641294 0.113172 0.634298 0.114388 0.625778 0.110434 0.624258 0.109522 0.630950 0.109216 0.635818 0.108608 0.640382 0.105870 0.645858 0.100698 0.645250 0.094918 0.642206 0.088530 0.639468 0.081532 0.636730
0 0.296012 0.775154 0.303920 0.774240 0.312440 0.773328 0.319740 0.773024 0.328564 0.773024 0.331910 0.772416 0.336778 0.770590 0.337690 0.775762 0.336472 0.782454 0.335864 0.791886 0.338906 0.806488 0.340732 0.810140 0.341948 0.804664 0.341948 0.797666 0.340732 0.790364 0.340124 0.784584 0.341340 0.779108 0.343774 0.774850 0.349858 0.776066 0.354422 0.781846 0.357464 0.788540 0.360506 0.796754 0.367200 0.794320 0.366592 0.785496 0.361420 0.776674 0.355944 0.769374 0.349554 0.767244 0.335864 0.766330 0.320044 0.766330 0.311222 0.767244 0.303312 0.768764 0.298444 0.771502
0 0.109216 0.855164 0.104350 0.848776 0.100090 0.838432 0.097656 0.827784 0.096440 0.819570 0.094614 0.815616 0.090050 0.811660 0.086704 0.808618 0.076056 0.804968 0.071798 0.805880 0.063584 0.808922 0.058412 0.814094 0.049588 0.818050 0.045634 0.816224 0.051414 0.809530 0.058106 0.804968 0.067234 0.800404 0.075448 0.800100 0.084878 0.802838 0.093702 0.810444 0.097656 0.805880 0.099786 0.798578 0.104044 0.795536 0.106174 0.801620 0.101612 0.809530 0.102828 0.817744 0.107392 0.827176 0.106784 0.838128 0.106478 0.845734 0.108000 0.850296
0 0.073014 0.705790 0.080316 0.713092 0.087312 0.713092 0.093702 0.714004 0.095526 0.718264 0.094918 0.724348 0.093092 0.732258 0.088834 0.737126 0.082140 0.738038 0.077274 0.738950 0.078186 0.742298 0.078490 0.745340 0.072102 0.750206 0.067842 0.759942 0.077274 0.755074 0.084574 0.749598 0.090050 0.745948 0.097048 0.732866 0.101002 0.728302 0.101002 0.720088 0.101002 0.712482 0.098568 0.706398 0.095830 0.707312 0.091572 0.709440 0.084878 0.708528 0.082750 0.706702 0.078794 0.702748 0.074536 0.696968 0.069668 0.694534 0.068754 0.699706
1 0.121386 0.857902 0.114692 0.852730 0.111042 0.846646 0.110738 0.836302 0.111042 0.828392 0.112564 0.820178 0.132946 0.820788 0.139030 0.826872 0.149070 0.824742 0.149678 0.839650 0.134164 0.849992
0 0.341644 0.861554 0.332822 0.863074 0.327954 0.864596 0.319740 0.864292 0.320958 0.860032 0.325520 0.859120 0.326130 0.856990 0.321870 0.852122 0.317610 0.845734 0.316090 0.837824 0.323696 0.839344 0.334040 0.846646 0.339820 0.851210 0.343774 0.855164 0.350772 0.857598 0.354422 0.859120 0.360506 0.861250 0.365982 0.864900 0.369634 0.867638 0.379064 0.876156 0.375110 0.877678 0.358378 0.872810 0.348034 0.866726 0.344382 0.863682
0 0.543042 0.926354 0.536044 0.912968 0.530872 0.900494 0.526614 0.890150 0.523268 0.881328 0.517792 0.871288 0.512316 0.867030 0.501362 0.861858 0.503492 0.859120 0.513228 0.863682 0.523572 0.867030 0.525092 0.855772 0.525700 0.840562 0.530568 0.830522 0.540000 0.825654 0.543954 0.828696 0.545476 0.838128 0.541824 0.848472 0.536654 0.859424 0.532090 0.867334 0.530264 0.875244 0.530264 0.883154 0.533002 0.890758 0.536654 0.895626 0.540912 0.894410 0.546084 0.888630 0.551256 0.877678 0.555514 0.883762 0.549430 0.889846 0.545780 0.896844 0.543346 0.902928 0.543042 0.907188 0.544258 0.913576 0.544868 0.922398
0 0.524788 0.665024 0.524788 0.671716 0.523876 0.677192 0.527526 0.686624 0.530872 0.691796 0.536044 0.704878 0.537870 0.711266 0.542130 0.725564 0.543346 0.729824 0.542434 0.735300 0.538478 0.739558 0.535436 0.745036 0.533306 0.749294 0.529960 0.755074 0.524788 0.764202 0.528438 0.768156 0.533306 0.765722 0.538478 0.759334 0.545172 0.742906 0.550344 0.736820 0.558558 0.740472 0.565554 0.742298 0.571638 0.736820 0.581678 0.731344 0.581374 0.721002 0.569814 0.727086 0.560078 0.729824 0.557644 0.728302 0.550648 0.716742 0.544258 0.699098 0.541216 0.693316 0.536654 0.683886 0.532090 0.675672 0.529048 0.668674
0 0.563424 0.673846 0.560382 0.665328 0.556428 0.655592 0.552472 0.645250 0.550038 0.632776 0.546692 0.622432 0.543650 0.606308 0.536044 0.605700 0.528744 0.609350 0.525092 0.613306 0.519920 0.614218 0.521746 0.609046 0.528438 0.602962 0.535740 0.597486 0.555210 0.585926 0.563424 0.584404 0.564338 0.574974 0.563424 0.566150 0.565554 0.561284 0.572552 0.567976 0.573768 0.580450 0.575594 0.583796 0.581982 0.581362 0.585330 0.580146 0.586546 0.585926 0.578940 0.591098 0.570726 0.594748 0.563120 0.596878 0.557036 0.597182 0.552472 0.600528 0.553386 0.605396 0.557948 0.616348 0.561600 0.626388 0.560992 0.636730 0.561904 0.639774 0.565858 0.648292 0.568900 0.654680 0.568292 0.667458 0.574682 0.674150 0.576506 0.677498
0 0.550038 0.509564 0.548822 0.502264 0.548822 0.491920 0.548822 0.481576 0.550344 0.473666 0.554602 0.469712 0.563730 0.471232 0.567684 0.470624 0.575898 0.473666 0.579548 0.478230 0.585938 0.484618 0.591110 0.491616 0.592022 0.496484 0.592022 0.502568 0.590500 0.513216 0.586242 0.521430 0.582896 0.525384 0.578636 0.529340 0.575594 0.530860 0.574986 0.525992 0.581070 0.518084 0.584416 0.515346 0.584416 0.511694 0.579548 0.509870 0.574986 0.512302 0.567684 0.513824 0.566162 0.511694 0.570118 0.507436 0.572856 0.504698 0.574072 0.500438 0.571638 0.494658 0.570118 0.486748 0.568292 0.482184 0.563730 0.478534 0.559166 0.475492 0.554906 0.477622 0.554298 0.484618 0.555514 0.490398 0.556428 0.497700 0.556732 0.502568 0.558558 0.507740 0.560382 0.514128 0.557644 0.518084
0 0.597802 0.416776 0.589892 0.411604 0.582286 0.407650 0.576506 0.404912 0.564642 0.407954 0.560686 0.411604 0.555820 0.415256 0.548214 0.417994 0.541216 0.418602 0.540000 0.413430 0.550038 0.406432 0.557948 0.403694 0.566162 0.400652 0.573768 0.395480 0.568900 0.391526 0.564642 0.388788 0.560686 0.387266 0.551256 0.389092 0.548822 0.385136 0.556732 0.380574 0.572856 0.384224 0.588068 0.390004 0.597802 0.390918 0.605712 0.393960 0.608754 0.400348 0.608450 0.408258 0.604496 0.413126 0.603278 0.414950
0 0.599020 0.259492 0.597498 0.248844 0.597802 0.236980 0.598410 0.230894 0.601758 0.219638 0.606320 0.213554 0.607234 0.206556 0.607538 0.196214 0.609362 0.189216 0.611188 0.180090 0.612710 0.177960 0.615448 0.176134 0.617576 0.169136 0.617272 0.156056 0.622140 0.156056 0.627312 0.162444 0.628224 0.174308 0.626400 0.182828 0.621532 0.190432 0.620010 0.196214 0.620010 0.202906 0.626400 0.204428 0.637656 0.205948 0.648000 0.205948 0.647390 0.208686 0.629442 0.211728 0.621532 0.212946 0.615448 0.215684 0.609972 0.222072 0.602670 0.232416 0.603886 0.257058 0.603582 0.262838
0 0.608754 0.316078 0.604800 0.313036 0.595064 0.313340 0.586242 0.312732 0.579852 0.311818 0.571030 0.311210 0.566468 0.309688 0.560382 0.309384 0.566162 0.302692 0.570118 0.299346 0.581374 0.299042 0.588372 0.306646 0.594760 0.306038 0.595368 0.302388 0.590500 0.293260 0.587154 0.287480 0.583504 0.277746 0.593848 0.282308 0.599628 0.294478 0.604192 0.302388 0.612406 0.306950 0.617576 0.306950 0.624270 0.306038 0.633700 0.306646 0.632788 0.310298 0.621532 0.311818 0.621228 0.320946 0.621836 0.324292 0.612406 0.323988
1 0.547300 0.315166 0.532090 0.316078 0.515662 0.306038 0.518704 0.296304 0.525092 0.290218 0.519616 0.275920 0.520834 0.268618 0.529656 0.275312 0.531176 0.268618 0.529960 0.257970 0.531786 0.246410 0.539086 0.251582 0.544258 0.258274 0.545476 0.247322 0.550344 0.240022 0.555820 0.247932 0.553994 0.268314 0.563730 0.270140 0.570726 0.270140 0.569206 0.280484 0.559470 0.285046 0.571944 0.288088 0.574376 0.293870 0.547300 0.296304 0.558558 0.304212 0.551256 0.315470
1 0.677206 0.181610 0.661082 0.171876 0.653780 0.165790 0.647696 0.151796 0.640090 0.140236 0.628530 0.138106 0.614230 0.140844 0.607842 0.139322 0.599628 0.142670 0.587762 0.137802 0.591414 0.123198 0.602670 0.115594 0.617272 0.105858 0.624878 0.104338 0.641002 0.104946 0.645870 0.097644 0.645566 0.083346 0.661386 0.081824 0.660472 0.093080 0.662602 0.097644 0.671120 0.098556 0.670512 0.107380 0.680248 0.112246 0.681160 0.106162 0.687244 0.108596 0.700326 0.113768 0.700630 0.128980 0.691808 0.133238 0.683898 0.135672 0.695458 0.142366 0.697588 0.149058 0.685420 0.155752 0.691504 0.167616 0.688766 0.174004 0.681160 0.177046
0 0.392450 0.295694 0.392450 0.292044 0.387582 0.281092 0.385148 0.275312 0.382106 0.266184 0.379672 0.257362 0.376022 0.249452 0.365678 0.247322 0.358682 0.250974 0.358682 0.254928 0.366286 0.264360 0.363854 0.269836 0.354422 0.270444 0.349858 0.264056 0.348642 0.258274 0.349554 0.250974 0.350468 0.247628 0.354422 0.245498 0.360506 0.244280 0.366286 0.242456 0.372068 0.240934 0.377848 0.240934 0.383932 0.244890 0.390016 0.250366 0.393364 0.258580 0.396406 0.264056 0.398534 0.271356 0.398534 0.279874 0.399448 0.286568 0.399448 0.297216
0 0.381498 0.167616 0.378456 0.161836 0.371764 0.153926 0.381194 0.152708 0.389408 0.154230 0.392754 0.152404 0.401272 0.145408 0.398534 0.138106 0.394276 0.134456 0.390930 0.128980 0.388800 0.124416 0.386670 0.118636 0.385148 0.112246 0.385758 0.107380 0.393668 0.112246 0.397014 0.122590 0.403098 0.126242 0.410400 0.134760 0.411008 0.140540 0.407966 0.146624 0.403402 0.150884 0.399448 0.154838 0.396102 0.158490 0.386974 0.164574
0 0.619098 0.027672 0.609972 0.026152 0.605712 0.026456 0.599932 0.027368 0.594152 0.027976 0.587458 0.027368 0.589284 0.021284 0.592934 0.018242 0.602670 0.015504 0.612710 0.015504 0.618186 0.015504 0.621228 0.013678 0.624270 0.010636 0.627616 0.006376 0.634006 0.002422 0.636438 0.007290 0.630050 0.015504 0.627616 0.020980 0.630050 0.024630 0.634006 0.026760 0.634006 0.030410 0.627920 0.030714
0 0.951008 0.001508 0.945532 0.006680 0.934884 0.007594
1 0.985080 0.098556 0.977780 0.092776 0.968956 0.086388 0.966524 0.076044 0.965610 0.062050 0.971390 0.055966 0.981734 0.052314 0.987514 0.049880
0 0.959222 0.135672 0.952224 0.129588 0.946444 0.129588 0.942794 0.131414 0.935188 0.131718 0.930016 0.128980 0.926366 0.125024 0.932450 0.119244 0.939752 0.121678 0.942490 0.118332 0.948574 0.111638 0.951616 0.111030 0.956484 0.115290 0.959222 0.122894 0.962872 0.122894 0.964090 0.118028 0.964090 0.109508 0.968044 0.113768 0.969262 0.120766 0.968652 0.124720 0.965610 0.129588
0 0.905374 0.249756 0.907504 0.241542 0.910850 0.236674 0.914196 0.233024 0.916326 0.229070 0.918456 0.225418 0.921802 0.221464 0.926062 0.216900 0.928800 0.212336 0.931842 0.208990 0.941880 0.203514 0.940664 0.195300 0.938534 0.190432 0.937318 0.185260 0.935796 0.179480 0.934884 0.174614 0.932146 0.172180 0.927582 0.170962 0.909632 0.159706 0.918456 0.159706 0.930320 0.164878 0.939448 0.171570 0.947662 0.180090 0.949182 0.188304 0.950094 0.201994 0.955266 0.205340 0.958918 0.206860 0.961048 0.211120 0.962264 0.215988 0.958004 0.215074 0.953442 0.209598 0.944010 0.208686 0.935188 0.210816 0.931538 0.213858 0.929408 0.217812 0.926670 0.221768 0.923628 0.229374 0.919368 0.234546 0.914500 0.241238 0.910850 0.248236
0 0.937014 0.315470 0.932450 0.325812 0.924844 0.330680 0.919976 0.338590 0.914196 0.344066 0.911762 0.339808 0.918760 0.328856 0.928494 0.320946 0.931232 0.313948 0.930320 0.307864 0.926670 0.306038 0.921802 0.300562 0.926670 0.294782 0.919672 0.289306 0.911154 0.281700 0.923324 0.280484 0.931842 0.289610 0.940360 0.293870 0.942490 0.288088 0.951920 0.286568 0.947662 0.298128 0.939752 0.306038
0 0.915110 0.608742 0.908416 0.605700 0.902636 0.600224 0.899290 0.594140 0.896856 0.588968 0.895030 0.581058 0.895030 0.571018 0.896856 0.565846 0.897464 0.562500 0.894422 0.556112 0.896856 0.553374 0.905374 0.556416 0.904156 0.552460 0.898986 0.546072 0.897464 0.537858 0.906286 0.539988 0.912676 0.550026 0.918152 0.560066 0.922714 0.554894 0.925756 0.550330 0.932754 0.551852 0.933362 0.558546 0.919976 0.564934 0.911458 0.567672 0.902636 0.571322 0.898680 0.577712 0.902636 0.588360 0.906894 0.592618 0.913892 0.599920 0.919976 0.609046 0.920890 0.612088 0.917238 0.612088
0 0.876168 0.779716 0.872822 0.772416 0.870692 0.767852 0.864304 0.772416 0.860956 0.769068 0.868562 0.759638 0.871300 0.753554 0.870996 0.747468 0.874038 0.738950 0.877386 0.735300 0.884686 0.733778 0.895334 0.736820 0.899898 0.741384 0.899898 0.751120 0.892900 0.755682 0.884382 0.753554 0.892900 0.763288 0.894118 0.769068 0.888338 0.767548 0.880732 0.759334 0.877386 0.761158 0.879210 0.769982 0.883774 0.772720 0.894422 0.774240 0.902028 0.774240 0.911154 0.774850 0.912676 0.777282 0.891380 0.779716 0.880732 0.780020
1 0.459428 0.261814 0.447404 0.257806 0.438294 0.242500 0.445218 0.227926 0.462708 0.225738 0.468904 0.236670 0.470360 0.244688 0.464894 0.256712
1 0.656564 0.282584 0.659114 0.274202 0.665674 0.261814 0.668588 0.253068 0.666038 0.250518 0.659478 0.254162 0.654378 0.255618 0.655470 0.250518 0.664216 0.246144 0.665674 0.241408 0.671504 0.235214 0.676604 0.242866 0.677334 0.251974 0.674054 0.261814 0.675512 0.265458 0.683164 0.268008 0.686444 0.271288 0.678792 0.276754 0.671138 0.277482 0.668588 0.276390
1 0.554170 0.910062 0.572754 0.928280 0.574212 0.942856 0.560000 0.948322 0.563644 0.958526 0.555992 0.967634 0.545424 0.969456 0.535586 0.964720 0.527206 0.961440 0.512630 0.952696 0.502062 0.942128 0.496596 0.919172 0.500240 0.903502 0.511172 0.902774 0.520646 0.910062 0.531578 0.925366 0.540688 0.933382 0.547976 0.924272 0.551254 0.914070
0 0.315860 0.908604 0.318410 0.921722 0.320232 0.929738 0.319504 0.933382 0.312944 0.931560 0.306386 0.932654 0.307114 0.935568 0.318774 0.937390 0.325334 0.942492 0.326426 0.949780 0.327156 0.958890 0.327520 0.965448 0.326426 0.976016 0.327884 0.990956 0.331892 0.991684 0.333714 0.978202 0.330070 0.955974 0.331892 0.947230 0.330436 0.937756 0.328614 0.935204 0.324606 0.931196 0.323148 0.920994 0.322054 0.914070 0.319504 0.908240 0.311122 0.907876
0 0.918914 0.510284 0.921088 0.504580 0.924346 0.497518 0.925976 0.490454 0.928694 0.484478 0.932224 0.482034 0.937658 0.484478 0.941460 0.485564 0.944448 0.491540 0.947980 0.501320 0.944992 0.509742 0.943362 0.513000 0.942004 0.517618 0.937930 0.523866 0.937658 0.516532 0.941460 0.507568 0.943362 0.500506 0.943090 0.495072 0.940646 0.491540 0.935212 0.488824 0.932224 0.494258 0.932496 0.502136 0.931410 0.505938 0.928150 0.509742 0.926792 0.513000 0.926520 0.517890 0.927606 0.522780 0.928422 0.527398 0.925976 0.527126 0.923260 0.517348 0.922446 0.513272
1 0.911036 0.392934 0.911852 0.399726 0.917556 0.401626 0.918100 0.406516 0.915654 0.411678 0.914024 0.416838 0.912122 0.422000 0.910494 0.427704 0.916740 0.422814 0.920000 0.417110 0.922988 0.412492 0.924618 0.403800 0.922174 0.396194 0.924076 0.391848 0.929508 0.388316 0.930052 0.386414 0.920816 0.389946 0.915654 0.393478
1 0.320988 0.263818 0.303912 0.262152 0.298082 0.254240 0.305162 0.244244 0.310992 0.237582 0.316406 0.231752 0.328900 0.238830 0.330148 0.253406 0.326400 0.261318
1 0.089794 0.033514 0.083156 0.030370 0.079662 0.029670 0.072326 0.029670 0.069880 0.027224 0.067434 0.023730 0.064638 0.020936 0.062892 0.017792 0.057300 0.017792 0.053108 0.015694 0.062892 0.011152 0.066036 0.006960 0.068832 0.003466 0.070578 0.002068 0.078264 0.000322 0.076518 0.005212 0.075120 0.011502 0.079312 0.017792 0.084204 0.021984 0.090494 0.025478 0.094686 0.028972
0 0.347998 0.404922 0.357082 0.404572 0.364770 0.408066 0.370710 0.413308 0.373156 0.422392 0.374204 0.429730 0.372806 0.437766 0.370360 0.442658 0.364770 0.448596 0.359528 0.456284 0.359180 0.459428 0.361276 0.460826 0.368614 0.457332 0.371758 0.449296 0.372806 0.444054 0.378396 0.438464 0.381540 0.445102 0.382240 0.450344 0.380842 0.456632 0.378396 0.460126 0.372106 0.463272 0.367914 0.465368 0.361276 0.467464 0.354288 0.468862 0.343108 0.471656 0.341710 0.475850 0.343108 0.478296 0.354986 0.478296 0.361974 0.475150 0.369662 0.472006 0.372106 0.468862 0.376998 0.466766 0.381192 0.464670 0.382938 0.463272 0.383986 0.458730 0.386432 0.452790 0.386782 0.446152 0.385384 0.438464 0.382240 0.431476 0.381192 0.426236 0.381192 0.419946 0.381192 0.413658 0.379794 0.410512 0.374204 0.406320 0.370360 0.403176 0.363722 0.400730 0.357432 0.399682 0.349746 0.399682
1 0.243530 0.756764 0.247722 0.761656 0.251216 0.763752 0.252614 0.768294 0.249818 0.776330 0.249468 0.782270 0.254710 0.778426 0.257156 0.772488 0.259252 0.768644 0.262396 0.764800 0.270432 0.762354 0.272878 0.756764 0.266590 0.756066 0.260300 0.758860 0.256806 0.760608 0.252962 0.760958 0.251216 0.758860 0.248770 0.755018 0.245276 0.751872
0 0.098530 0.894426 0.087698 0.897920 0.080362 0.899318 0.077566 0.904558 0.071976 0.906306 0.061494 0.905956 0.056952 0.901414 0.057300 0.893728 0.060096 0.886390 0.072674 0.883944 0.083156 0.884644 0.090144 0.884992 0.097482 0.884992
1 0.462950 0.840620 0.465396 0.846210 0.467492 0.850752 0.468190 0.854246 0.465046 0.856692 0.460154 0.859138 0.463998 0.861234 0.470288 0.861234 0.473782 0.861932 0.476926 0.866824 0.482166 0.871366 0.484962 0.870318 0.483914 0.866474 0.481468 0.864028 0.478672 0.859486 0.476576 0.854944 0.474480 0.850752 0.472034 0.845860 0.469938 0.842366
1 0.177494 0.755716 0.172952 0.755716 0.169458 0.753970 0.170506 0.750126 0.172602 0.746632 0.172602 0.744536 0.172952 0.741390 0.172252 0.736500 0.172252 0.726716 0.175396 0.729512 0.177842 0.734402 0.179940 0.740692 0.180988 0.746632 0.180988 0.750824
0 0.410890 0.083128 0.407396 0.087670 0.399710 0.090466 0.394468 0.085574 0.388528 0.088370 0.385384 0.091164 0.380842 0.094310 0.373156 0.093960 0.376650 0.087670 0.386782 0.081730 0.390974 0.078936 0.393420 0.076140 0.394118 0.070900 0.387480 0.071598 0.387480 0.067754 0.394818 0.065310 0.397264 0.061816 0.407396 0.064960 0.409144 0.059718 0.410540 0.054828 0.414734 0.056224 0.415082 0.060766 0.419974 0.061466 0.421372 0.066358 0.420324 0.071598 0.415432 0.076490 0.415432 0.078586 0.424516 0.079634 0.428010 0.081032 0.428710 0.083478 0.421022 0.085574 0.417180 0.085574