1 0.177036 0.089230 0.175654 0.085086 0.178692 0.075694 0.180626 0.069340 0.180626 0.064092 0.171510 0.064092 0.159356 0.063814 0.156316 0.059118 0.156040 0.041438 0.159078 0.028730 0.165986 0.016022 0.172616 0.015194 0.182836 0.021548 0.189744 0.020166 0.193888 0.011326 0.194992 0.009668 0.200794 0.015746 0.203556 0.024586 0.208528 0.025692 0.214882 0.041162 0.207976 0.047792 0.199412 0.053318 0.193058 0.061882 0.190020 0.066578 0.187810 0.077076
0 0.385056 0.026244 0.386714 0.020166 0.391686 0.014642 0.394172 0.009946 0.395278 0.005802 0.396658 0.000552 0.402460 0.000000 0.399144 0.009946 0.395554 0.019062 0.392514 0.023206 0.388370 0.024862
1 0.438096 0.091994 0.430362 0.103596 0.423456 0.114922 0.402736 0.124038 0.400526 0.111054 0.408814 0.098070 0.413510 0.090612 0.417102 0.083430 0.417930 0.080666 0.408814 0.078180 0.405498 0.074036 0.407432 0.060776 0.421246 0.058566 0.435610 0.062986 0.441688 0.074036 0.441964 0.083982
0 0.172892 0.224596 0.174272 0.219900 0.178416 0.215756 0.182560 0.211060 0.187534 0.204706 0.188638 0.200286 0.188638 0.195588 0.184494 0.193654 0.178416 0.195312 0.171234 0.195588 0.166538 0.195588 0.160736 0.194484 0.152724 0.191722 0.146648 0.190340 0.140846 0.187302 0.141122 0.182052 0.144714 0.178738 0.151620 0.177080 0.165708 0.181776 0.171786 0.184538 0.179246 0.182882 0.186704 0.181776 0.196650 0.184262 0.199964 0.187024 0.200518 0.192274 0.198308 0.201114 0.191400 0.211336 0.188362 0.216308 0.180074 0.220728 0.176482 0.224320
1 0.277316 0.250840 0.268752 0.250012 0.267370 0.243934 0.262674 0.237580 0.264608 0.230674 0.276488 0.227910 0.282012 0.229016 0.288366 0.235646 0.290852 0.241170 0.287538 0.248078
0 0.364612 0.274322 0.363784 0.267692 0.365442 0.261614 0.368204 0.255812 0.369862 0.248354 0.370414 0.243934 0.370138 0.238960 0.367652 0.231502 0.368480 0.228464 0.374282 0.236474 0.376768 0.237856 0.380360 0.233712 0.380636 0.227358 0.377874 0.224596 0.371242 0.221834 0.366546 0.224872 0.362956 0.229844 0.355496 0.230396 0.363232 0.221834 0.354668 0.217690 0.358536 0.212992 0.360468 0.209678 0.358258 0.204706 0.355496 0.198904 0.348038 0.186472 0.350248 0.185920 0.358812 0.195036 0.367100 0.203600 0.369862 0.210506 0.372072 0.212992 0.379806 0.214098 0.381464 0.211612 0.386714 0.211336 0.388924 0.216308 0.389200 0.221834 0.390028 0.230120 0.389476 0.238408 0.381740 0.243934 0.377874 0.250012 0.374282 0.263272 0.370138 0.270730
0 0.147752 0.315484 0.145818 0.307472 0.145266 0.298908 0.147200 0.295040 0.149134 0.290620 0.150514 0.283162 0.154106 0.277912 0.163222 0.275426 0.169852 0.272664 0.184218 0.274322 0.194716 0.276808 0.200240 0.279294 0.208528 0.281780 0.218198 0.290620 0.218198 0.295316 0.212120 0.295040 0.204938 0.288686 0.196098 0.285648 0.181732 0.284542 0.171234 0.283162 0.159632 0.288134 0.155488 0.296422 0.153830 0.305538 0.150792 0.303880 0.154106 0.316036 0.156040 0.321562 0.156868 0.328468 0.152724 0.325982
0 0.381464 0.406924 0.374558 0.405266 0.367928 0.405542 0.365994 0.409962 0.362680 0.420184 0.355220 0.420736 0.359640 0.409962 0.360192 0.405266 0.354668 0.408030 0.351076 0.411344 0.344170 0.412726 0.344722 0.421566 0.343342 0.428472 0.339750 0.424880 0.338092 0.414936 0.336158 0.413278 0.330080 0.409686 0.330634 0.402504 0.341132 0.405266 0.351628 0.404990 0.354392 0.400846 0.358536 0.395322 0.369310 0.392006 0.373176 0.393112 0.379530 0.397532 0.390028 0.397808 0.392790 0.399742 0.386160 0.404990
0 0.350524 0.278190 0.354944 0.282610 0.359916 0.290344 0.361298 0.295594 0.357982 0.303052 0.352734 0.308854 0.348866 0.315760 0.347208 0.320732 0.352734 0.319074 0.360746 0.316588 0.361850 0.320732 0.359916 0.327916 0.354116 0.325428 0.349972 0.324324 0.355772 0.332058 0.358812 0.334546 0.361298 0.343938 0.361298 0.353330 0.362956 0.355540 0.370138 0.337308 0.372900 0.328192 0.381188 0.317142 0.369862 0.308854 0.372348 0.302500 0.378978 0.299184 0.383674 0.296974 0.390580 0.291174 0.391410 0.286476 0.382016 0.291174 0.375386 0.293660 0.368480 0.291174 0.367376 0.287306 0.369586 0.278742 0.368756 0.274322 0.362402 0.275980 0.356878 0.274874 0.351352 0.274598
0 0.142780 0.367972 0.146924 0.367972 0.152172 0.368248 0.153830 0.371288 0.154106 0.379852 0.158250 0.382890 0.161566 0.381232 0.165432 0.383718 0.167642 0.388968 0.170958 0.394216 0.172892 0.399742 0.178140 0.412172 0.182284 0.411344 0.180626 0.404714 0.178970 0.396702 0.176760 0.390072 0.174272 0.384272 0.170130 0.377918 0.167642 0.373220 0.177036 0.373774 0.182560 0.380404 0.194164 0.387310 0.197478 0.389244 0.197478 0.383718 0.191954 0.380404 0.188362 0.377364 0.183390 0.374878 0.177036 0.371564 0.169024 0.368524 0.162118 0.365210 0.156592 0.363000 0.146094 0.363000 0.141952 0.363000
1 0.468208 0.489248 0.468762 0.487866 0.467932 0.501404 0.454120 0.503890 0.449146 0.506652 0.430638 0.515768 0.419588 0.511072 0.421798 0.497260 0.441412 0.479580 0.457158 0.476540 0.456054 0.464938 0.466274 0.458308 0.473734 0.463832 0.468484 0.477922 0.465998 0.484000 0.465998 0.487314
1 0.267094 0.557760 0.256320 0.545604 0.256044 0.535106 0.260188 0.524332 0.260740 0.512730 0.266266 0.500298 0.279250 0.497812 0.287538 0.501680 0.290852 0.510244 0.287814 0.519084 0.280908 0.532068 0.282564 0.538974 0.273724 0.543670 0.270962 0.558588 0.269580 0.561350
1 0.117640 0.444218 0.101618 0.445876 0.095816 0.431510 0.092778 0.421842 0.085042 0.408306 0.091120 0.391178 0.102722 0.392836 0.114878 0.402228 0.121784 0.403332 0.133940 0.404714 0.135874 0.415212 0.127586 0.430130 0.126204 0.448914
0 0.159356 0.563838 0.157422 0.561350 0.151068 0.554720 0.149134 0.550300 0.143884 0.545604 0.140018 0.550854 0.137530 0.547262 0.136426 0.544776 0.129244 0.549472 0.125652 0.544776 0.128690 0.540908 0.128968 0.535936 0.123442 0.534554 0.118194 0.538974 0.114326 0.544222 0.111562 0.540908 0.114050 0.532344 0.120126 0.526542 0.129520 0.529028 0.140294 0.532344 0.143608 0.532620 0.144714 0.530410 0.146648 0.526266 0.150238 0.530686 0.148858 0.538146 0.149410 0.542566 0.150792 0.544776 0.156316 0.550300 0.157974 0.554720
0 0.154106 0.486762 0.149134 0.485380 0.141122 0.480132 0.138636 0.473502 0.138912 0.465490 0.136978 0.459688 0.131730 0.457756 0.128414 0.449744 0.129520 0.443114 0.138084 0.443942 0.140570 0.445600 0.144438 0.442838 0.145818 0.440350 0.151620 0.444218 0.153278 0.449192 0.151068 0.454716 0.146924 0.460518 0.143884 0.474606 0.149410 0.481790 0.156592 0.482066 0.169024 0.483170 0.168472 0.486486
0 0.334778 0.472672 0.341684 0.482618 0.345552 0.487314 0.347484 0.492564 0.349142 0.501128 0.349142 0.507480 0.347208 0.513006 0.344722 0.517150 0.342512 0.521294 0.339198 0.523780 0.333396 0.525990 0.329252 0.534830 0.338092 0.530962 0.341960 0.528200 0.345828 0.524056 0.349972 0.519912 0.353286 0.524608 0.353838 0.529582 0.356878 0.535936 0.359916 0.533172 0.359364 0.529858 0.357430 0.524608 0.355772 0.516598 0.354944 0.511902 0.355772 0.503614 0.356602 0.497536 0.356602 0.493392 0.354116 0.487590 0.349696 0.484828 0.346932 0.479580 0.344446 0.472120 0.337540 0.467976 0.334778 0.467148
0 0.340578 0.565494 0.337540 0.559416 0.338368 0.552786 0.333396 0.555274 0.331738 0.558312 0.325108 0.561904 0.319584 0.562180 0.312676 0.562180 0.306876 0.565770 0.300522 0.567152 0.301350 0.561350 0.308810 0.558312 0.325938 0.555274 0.332290 0.554444 0.333948 0.550854 0.338368 0.544776 0.346104 0.544776 0.352182 0.548366 0.354392 0.553064 0.360192 0.557206 0.366270 0.556930 0.367376 0.551130 0.374282 0.550024 0.372348 0.556102 0.358536 0.561904 0.348314 0.563008 0.349418 0.565770 0.348038 0.568810 0.343064 0.573506 0.343064 0.579308 0.343064 0.586490 0.341408 0.592844 0.338368 0.592292 0.337816 0.586214 0.338092 0.579308 0.340026 0.572954
0 0.322346 0.635388 0.325108 0.634282 0.330080 0.633178 0.340026 0.635110 0.343342 0.639532 0.346104 0.645332 0.348866 0.655278 0.349418 0.664670 0.348038 0.671300 0.347208 0.678760 0.346104 0.687046 0.344998 0.693678 0.341684 0.692572 0.339198 0.687046 0.338092 0.679588 0.337264 0.672958 0.338922 0.657764 0.338644 0.650858 0.336712 0.645332 0.333396 0.641464 0.331186 0.639532 0.326490 0.640912 0.320136 0.640912 0.317650 0.647542 0.315164 0.650304 0.311848 0.647542 0.313506 0.640084 0.316268 0.636492
0 0.126204 0.763570 0.122060 0.766056 0.118746 0.767160 0.114602 0.765504 0.118470 0.760808 0.128138 0.755282 0.129796 0.751414 0.132282 0.740916 0.133110 0.733458 0.133664 0.727932 0.132006 0.718540 0.129520 0.713844 0.121232 0.712462 0.114878 0.713014 0.110458 0.714396 0.106590 0.717158 0.104380 0.723236 0.102446 0.727656 0.098026 0.725722 0.099960 0.715224 0.102446 0.708318 0.110734 0.706108 0.135598 0.711082 0.138084 0.709700 0.132558 0.704452 0.134768 0.700584 0.143608 0.705556 0.145542 0.715224 0.143056 0.727380 0.142780 0.735668 0.141122 0.743956 0.135598 0.751966 0.131454 0.757492
1 0.092502 0.824622 0.080622 0.829870 0.064876 0.837882 0.050786 0.837054 0.049958 0.811086 0.054378 0.791748 0.061284 0.778488 0.067086 0.770752 0.065980 0.756940 0.092502 0.753072 0.104380 0.765228 0.106866 0.784566 0.096092 0.808324 0.094988 0.815230 0.094988 0.821308 0.094712 0.822964
1 0.197754 0.863022 0.193610 0.857772 0.191124 0.850314 0.191124 0.841474 0.193610 0.834014 0.202174 0.829318 0.211014 0.833186 0.216540 0.839540 0.220408 0.848932 0.213224 0.858602 0.202728 0.862192
0 0.131178 0.910538 0.117364 0.910538 0.114050 0.910262 0.107420 0.911090 0.099132 0.909708 0.091120 0.905012 0.095264 0.897830 0.094158 0.892580 0.093606 0.882912 0.099408 0.880426 0.105210 0.882636 0.114326 0.886228 0.117088 0.884294 0.123994 0.886504 0.131454 0.893134 0.135874 0.896724 0.137808 0.902526
0 0.305494 0.979326 0.299970 0.975458 0.294168 0.970762 0.291958 0.964408 0.293616 0.957500 0.298588 0.950594 0.300798 0.943136 0.299140 0.940096 0.293338 0.939544 0.287262 0.932914 0.284498 0.926008 0.288642 0.925732 0.293062 0.932638 0.300246 0.935124 0.304390 0.935124 0.311020 0.932638 0.315440 0.933466 0.313230 0.941478 0.309638 0.945346 0.307428 0.947556 0.302732 0.953910 0.300798 0.955844 0.298864 0.959434 0.298312 0.964408 0.300522 0.969932 0.303560 0.973524
1 0.584236 0.041990 0.578986 0.050554 0.565726 0.062158 0.546942 0.063262 0.536996 0.058842 0.540588 0.038676 0.550532 0.025416 0.558268 0.018510 0.586446 0.017956 0.590866 0.032598 0.587550 0.045582
1 0.575672 0.375430 0.566002 0.365486 0.556610 0.356370 0.563240 0.333164 0.583960 0.326258 0.591694 0.331230 0.595286 0.340622 0.587550 0.356922 0.580368 0.371564
1 0.511856 0.450020 0.501636 0.451402 0.484784 0.449744 0.483678 0.442008 0.486994 0.429024 0.493900 0.417698 0.498596 0.412172 0.507990 0.409686 0.518488 0.416592 0.524840 0.427366 0.525394 0.434550 0.521250 0.438694 0.515724 0.448362
1 0.687556 0.514664 0.675400 0.508586 0.664626 0.505824 0.660758 0.490906 0.666284 0.484276 0.672638 0.483446 0.682306 0.485380 0.685898 0.496154 0.685622 0.505824 0.685622 0.508862
0 0.601640 0.527096 0.595838 0.527648 0.590038 0.528200 0.582578 0.525990 0.577606 0.526266 0.572634 0.529582 0.567936 0.531792 0.560202 0.529582 0.564070 0.523504 0.577882 0.519912 0.591142 0.518532 0.606336 0.518532 0.615728 0.520188 0.621254 0.523780 0.629542 0.529858 0.633686 0.537040 0.635620 0.545328 0.639764 0.552786 0.644184 0.561628 0.648050 0.569914 0.644184 0.571296 0.638934 0.563008 0.630646 0.550854 0.625674 0.542290 0.620148 0.534002 0.611862 0.527648
0 0.622912 0.441732 0.622082 0.453612 0.616834 0.463280 0.615452 0.470186 0.615452 0.477646 0.618492 0.487038 0.619872 0.490630 0.621254 0.500574 0.623188 0.514940 0.627608 0.508862 0.628160 0.497536 0.628990 0.490630 0.635066 0.488972 0.642250 0.487866 0.639486 0.479302 0.630646 0.473226 0.627884 0.466318 0.629818 0.458032 0.630094 0.448362 0.631476 0.438694 0.628990 0.435102
1 0.544456 0.692572 0.523736 0.698374 0.519316 0.709700 0.507714 0.720750 0.479536 0.731248 0.460474 0.727380 0.454120 0.701964 0.455500 0.687600 0.464894 0.677102 0.475392 0.668538 0.476496 0.660526 0.478982 0.646438 0.491966 0.643674 0.506332 0.651686 0.525394 0.671852 0.541968 0.673234 0.550532 0.667156 0.568490 0.671576 0.553572 0.684284
0 0.828722 0.567152 0.820710 0.577926 0.817396 0.584280 0.807174 0.587872 0.801096 0.591738 0.792808 0.590910 0.796400 0.587872 0.806898 0.586214 0.809108 0.583174 0.810212 0.577926 0.803306 0.577926 0.798886 0.578478 0.800268 0.572954 0.799714 0.569086 0.795572 0.562456 0.796952 0.557760 0.802754 0.562732 0.806346 0.567152 0.813252 0.564114 0.822092 0.559140 0.828170 0.557484 0.830656 0.561350
1 0.523184 0.580412 0.520698 0.593396 0.520974 0.596712 0.522354 0.600580 0.530090 0.594502 0.531748 0.587872 0.535614 0.588976 0.540312 0.595054 0.542798 0.601132 0.546388 0.607486 0.553572 0.610800 0.554400 0.606380 0.549704 0.597264 0.546666 0.590082 0.543074 0.584280 0.536168 0.580136 0.527328 0.579860
1 0.545008 0.930704 0.529814 0.928494 0.528708 0.910538 0.534510 0.897278 0.536444 0.886780 0.534510 0.877664 0.531472 0.871310 0.533682 0.862470 0.552190 0.874348 0.564070 0.882912 0.572356 0.885674 0.575672 0.897554 0.570146 0.910538 0.555782 0.918548 0.551638 0.924074 0.548598 0.928770
1 0.485888 0.973524 0.474838 0.969656 0.462960 0.958882 0.453568 0.950318 0.448594 0.938992 0.443346 0.918826 0.456882 0.913852 0.477602 0.924626 0.486166 0.934296 0.488376 0.949490 0.488928 0.958882 0.488928 0.966894
1 0.492242 0.867994 0.484784 0.879320 0.467656 0.885122 0.456606 0.887608 0.441964 0.875454 0.449424 0.851972 0.466552 0.842578 0.481192 0.840368 0.486994 0.834844 0.494176 0.829594 0.497492 0.824622 0.510200 0.834292 0.511856 0.847276 0.499150 0.863298 0.488652 0.871586 0.486994 0.874072
1 0.979558 0.970762 0.972098 0.968274 0.969336 0.955290 0.972650 0.940650 0.978176 0.929046 0.988398 0.919378 0.996962 0.956120 0.984806 0.967722