0 0.211888 0.977624 0.208850 0.971270 0.206362 0.962982 0.205810 0.956904 0.204982 0.953590 0.197522 0.948616 0.193654 0.941158 0.182604 0.938672 0.187578 0.925134 0.193378 0.925134 0.195588 0.927068 0.200286 0.932594 0.208296 0.936186 0.213546 0.935080 0.218518 0.935356 0.227634 0.932042 0.227910 0.936462 0.209402 0.942816 0.207744 0.943920 0.210230 0.956076 0.211336 0.960496 0.212992 0.969336 0.214098 0.973756
1 0.099176 0.804688 0.087572 0.800820 0.081496 0.792532 0.075694 0.776510 0.085640 0.765182 0.101110 0.765182 0.109398 0.766012 0.112436 0.761592 0.107464 0.751646 0.118790 0.741148 0.131222 0.741978 0.130668 0.762420 0.128182 0.775956 0.126248 0.787560 0.117408 0.797782 0.106082 0.800544
1 0.000552 0.354944 0.005248 0.319860 0.008012 0.329528 0.008840 0.342788 0.006630 0.349142 0.005802 0.353010
1 0.203048 0.133664 0.188130 0.126480 0.172936 0.118470 0.162714 0.104104 0.169898 0.092226 0.183710 0.085594 0.204982 0.089186 0.209678 0.106038 0.208296 0.126480
1 0.197522 0.187256 0.190340 0.198030 0.184814 0.205490 0.172660 0.207976 0.158570 0.209358 0.148902 0.193888 0.146692 0.176760 0.141996 0.167366 0.150836 0.154936 0.169068 0.152172 0.189234 0.156868 0.202496 0.163776 0.206362 0.170682 0.204428 0.185600 0.204152 0.187256
0 0.287030 0.032554 0.286200 0.040290 0.280400 0.041946 0.276532 0.042500 0.276256 0.047472 0.273770 0.052720 0.271836 0.055484 0.267968 0.058522 0.262996 0.065428 0.262718 0.069572 0.270730 0.062390 0.277084 0.057416 0.281780 0.052996 0.287858 0.050234 0.293936 0.046920 0.296974 0.051064 0.299738 0.055206 0.303328 0.056588 0.304986 0.060732 0.306090 0.069572 0.313826 0.063218 0.313826 0.050510 0.309682 0.041394 0.301948 0.034488 0.289792 0.030896
1 0.283162 0.343894 0.277084 0.336158 0.273492 0.332844 0.277084 0.343064 0.274322 0.348314 0.267692 0.353286 0.259956 0.357154 0.253878 0.358536 0.260508 0.347208 0.266310 0.345274 0.267968 0.340302 0.266586 0.336434 0.261338 0.340578 0.253602 0.343894 0.253050 0.333396 0.252498 0.326490 0.250288 0.319584 0.246696 0.313230 0.242552 0.309638 0.232884 0.305218 0.230674 0.287538 0.244210 0.277316 0.261890 0.278974 0.280400 0.282842 0.296698 0.295272 0.300842 0.298312 0.302500 0.304112 0.303604 0.314886 0.302224 0.322898 0.298356 0.330634 0.295316 0.335330 0.287306 0.342512
1 0.161056 0.325108 0.154980 0.326490 0.144206 0.319584 0.143376 0.305494 0.147520 0.285052 0.154702 0.274002 0.163820 0.264608 0.160780 0.255768 0.161334 0.241680 0.169898 0.229800 0.180670 0.229248 0.188682 0.232286 0.195312 0.231734 0.210230 0.233116 0.215756 0.246376 0.217966 0.262950 0.210782 0.269028 0.196694 0.273724 0.197798 0.290576 0.179842 0.287538 0.186196 0.298588 0.188958 0.305218 0.178738 0.309086 0.177632 0.317650 0.174594 0.326766 0.168516 0.327042
0 0.289792 0.520974 0.280400 0.519868 0.272112 0.516554 0.265758 0.513514 0.259128 0.513790 0.248630 0.510752 0.245314 0.503846 0.241448 0.499978 0.236750 0.501360 0.232330 0.502188 0.225976 0.501636 0.221280 0.500806 0.217690 0.499978 0.213270 0.498872 0.208850 0.499150 0.201666 0.498596 0.201114 0.493348 0.208572 0.492520 0.224872 0.494452 0.228186 0.496110 0.229844 0.493348 0.235646 0.488652 0.244210 0.488652 0.257194 0.489204 0.262718 0.493072 0.264376 0.499702 0.267692 0.500530 0.272940 0.500806 0.272940 0.506608 0.280400 0.509646 0.289792 0.511856 0.298908 0.511856 0.305538 0.511028 0.308300 0.514066 0.296974 0.518488
0 0.225700 0.388648 0.233436 0.398592 0.242828 0.400526 0.246696 0.406052 0.240342 0.408814 0.236198 0.409366 0.232054 0.412958 0.229568 0.415168 0.225976 0.422902 0.228186 0.424560 0.239514 0.416272 0.245590 0.411300 0.251668 0.412682 0.251668 0.419036 0.252222 0.423732 0.254154 0.429810 0.258298 0.438926 0.269072 0.448870 0.270730 0.444174 0.267416 0.437820 0.262996 0.428704 0.259128 0.421246 0.258298 0.414616 0.256088 0.409366 0.253878 0.403842 0.251944 0.399698 0.252774 0.392238 0.247802 0.388924 0.241448 0.388924 0.235094 0.386990 0.232330 0.382294 0.225424 0.383398
1 0.177908 0.552466 0.165200 0.553296 0.151664 0.556610 0.141442 0.553018 0.151664 0.534786 0.154702 0.521250 0.151388 0.515172 0.143652 0.503016 0.148072 0.491138 0.158018 0.485612 0.171554 0.495558 0.181500 0.488928 0.197246 0.491690 0.200562 0.504122 0.192550 0.514344 0.180670 0.514344 0.182052 0.529260 0.177908 0.538930 0.176250 0.546112 0.177080 0.549704
1 0.308854 0.413234 0.303052 0.406880 0.293660 0.407156 0.287582 0.405222 0.276532 0.395830 0.276532 0.390580 0.283714 0.385608 0.292554 0.382016 0.304710 0.381740 0.314102 0.389476 0.316588 0.396658 0.314378 0.408262
1 0.231778 0.699986 0.229568 0.698330 0.225148 0.694738 0.227358 0.686174 0.229292 0.677058 0.242000 0.677610 0.245038 0.684516 0.245868 0.691146 0.241724 0.701644 0.233436 0.703302
0 0.232606 0.874580 0.223490 0.871266 0.215202 0.867398 0.207192 0.864912 0.203876 0.867398 0.199732 0.869332 0.195036 0.870436 0.191444 0.873476 0.183434 0.873476 0.186748 0.865464 0.191168 0.858282 0.191998 0.849718 0.191998 0.840324 0.191168 0.833694 0.187302 0.823750 0.190064 0.820158 0.194208 0.830102 0.197522 0.839496 0.204706 0.842810 0.207744 0.837838 0.207744 0.828170 0.211888 0.826236 0.212164 0.840876 0.210782 0.849994 0.216032 0.858558 0.224320 0.864358 0.230950 0.867122 0.237580 0.871818
0 0.241170 0.754132 0.235646 0.761868 0.233988 0.768498 0.232054 0.774852 0.230950 0.781206 0.230674 0.785350 0.228740 0.787836 0.225424 0.780930 0.225976 0.772642 0.226806 0.763250 0.224320 0.764354 0.221280 0.770984 0.219070 0.774852 0.213822 0.777338 0.207744 0.777338 0.211060 0.769880 0.208850 0.769326 0.204706 0.766564 0.209402 0.760210 0.221004 0.756342 0.229568 0.754132 0.232606 0.751094 0.232884 0.745846 0.231226 0.742806 0.227082 0.740872 0.223490 0.737282 0.221004 0.730928 0.223766 0.730374 0.228464 0.734242 0.231226 0.733966 0.238684 0.731756 0.244210 0.732862 0.242000 0.739214 0.240342 0.743082 0.251944 0.743636 0.257470 0.746398 0.258852 0.749712 0.259404 0.753856 0.252774 0.753580 0.243380 0.751646
0 0.386204 0.990054 0.374602 0.990884 0.370458 0.991712 0.364380 0.991988 0.361342 0.996684 0.353884 0.994198 0.359684 0.988674 0.366868 0.985358 0.371288 0.982596 0.367972 0.971546 0.365210 0.967678 0.363000 0.964916 0.351120 0.955800 0.353054 0.955522 0.358304 0.956904 0.364380 0.959390 0.370734 0.963258 0.377918 0.966574 0.385652 0.972374 0.390348 0.975690 0.397808 0.979280 0.403608 0.981490 0.407476 0.980662 0.415212 0.979004 0.421842 0.979004 0.422118 0.980938 0.417698 0.985634 0.413002 0.993094 0.400570 0.996408 0.398084 0.991988 0.394768 0.990332
0 0.411068 0.926516 0.404990 0.918228 0.402228 0.910218 0.396150 0.910770 0.387862 0.912150 0.375430 0.909940 0.370734 0.908006 0.382890 0.901930 0.389520 0.901930 0.397808 0.899166 0.400294 0.897510 0.402228 0.896128 0.414106 0.902206 0.425710 0.903310 0.423224 0.907730 0.410792 0.906902 0.412450 0.914360 0.416316 0.919334 0.422394 0.922648 0.428748 0.925964 0.447258 0.925688 0.447810 0.929002 0.430682 0.930660 0.417974 0.930108
0 0.420184 0.838114 0.413830 0.833418 0.409962 0.827064 0.408858 0.823196 0.399742 0.821816 0.397808 0.814080 0.391454 0.807174 0.389244 0.793084 0.393664 0.791980 0.397256 0.800820 0.404990 0.808556 0.407476 0.804412 0.408582 0.798886 0.415212 0.800820 0.419080 0.806622 0.425156 0.812976 0.416870 0.811318 0.415764 0.819330 0.416592 0.825406 0.424328 0.831484 0.428472 0.832036 0.442284 0.830380 0.450572 0.830380 0.440628 0.834800 0.433720 0.835628 0.426814 0.837838
0 0.404438 0.702750 0.412172 0.711314 0.415488 0.717390 0.419080 0.722364 0.421290 0.727612 0.424052 0.743912 0.421566 0.761316 0.419632 0.773194 0.425986 0.771260 0.426814 0.755790 0.428472 0.744464 0.429024 0.733138 0.429024 0.725402 0.425986 0.720430 0.422394 0.714352 0.419908 0.710760 0.417146 0.707170 0.412172 0.700540 0.408582 0.697500
1 0.423500 0.637554 0.421014 0.644184 0.406372 0.651918 0.399466 0.652748 0.385928 0.646670 0.387310 0.629818 0.394216 0.621530 0.404438 0.617110 0.414106 0.619320 0.418526 0.624292
0 0.465766 0.581750 0.460794 0.574290 0.454440 0.566002 0.447258 0.562964 0.443114 0.565450 0.441180 0.572080 0.441180 0.577054 0.438694 0.582578 0.432616 0.579816 0.432892 0.568490 0.434826 0.563516 0.435102 0.559650 0.429300 0.557992 0.418804 0.557992 0.410516 0.555228 0.403056 0.554124 0.393388 0.551914 0.398360 0.545284 0.411896 0.546112 0.425156 0.550532 0.430682 0.551914 0.432892 0.548876 0.438970 0.545836 0.442838 0.547494 0.446152 0.552742 0.450296 0.558820 0.455544 0.561860 0.460518 0.563792 0.465214 0.568490 0.467424 0.574566
0 0.433720 0.620978 0.430682 0.615728 0.429024 0.607718 0.430406 0.601088 0.434274 0.601916 0.436484 0.610204 0.438418 0.616282 0.445600 0.617386 0.448914 0.615176 0.451124 0.611032 0.451124 0.608270 0.450020 0.605508 0.446428 0.600812 0.441180 0.599430 0.433168 0.596668 0.433444 0.593904 0.444772 0.594180 0.452230 0.597220 0.455544 0.604126 0.456374 0.612690 0.455268 0.619872 0.442560 0.623188 0.442008 0.626780 0.440350 0.632856 0.439798 0.638106 0.437312 0.645288 0.431510 0.648050 0.430682 0.643630 0.435102 0.633410 0.437312 0.627884 0.437864 0.624570
0 0.211060 0.574290 0.220176 0.578710 0.227358 0.580092 0.236474 0.580368 0.237580 0.582302 0.233988 0.586722 0.229568 0.590314 0.224044 0.594180 0.218518 0.598324 0.215480 0.601916 0.221834 0.606888 0.230950 0.601088 0.233712 0.593076 0.238132 0.586446 0.240618 0.584236 0.245868 0.591970 0.253326 0.596114 0.262166 0.595286 0.265758 0.591418 0.268796 0.585064 0.269348 0.578986 0.264376 0.582302 0.261338 0.590314 0.248906 0.590038 0.246144 0.587274 0.245038 0.583130 0.246420 0.578986 0.246696 0.574844 0.240342 0.572080 0.230396 0.569042 0.224044 0.568490 0.217136 0.570700
1 0.313826 0.489480 0.306644 0.484232 0.300014 0.480364 0.294764 0.476496 0.295040 0.469866 0.302500 0.466828 0.310788 0.465998 0.316312 0.463788 0.322666 0.458816 0.327916 0.454396 0.335926 0.454672 0.337308 0.461854 0.329572 0.466274 0.328192 0.470972 0.329572 0.484232 0.330678 0.491414 0.328192 0.493072 0.321838 0.481468 0.317418 0.476220 0.314654 0.485060
0 0.444772 0.365442 0.445876 0.370414 0.445876 0.376492 0.448086 0.388648 0.451678 0.391686 0.455544 0.391686 0.450572 0.394448 0.446152 0.400802 0.448086 0.403842 0.459412 0.396658 0.463280 0.402184 0.466318 0.406328 0.471568 0.415996 0.476816 0.419864 0.475436 0.411852 0.475988 0.408538 0.480684 0.410748 0.477092 0.402736 0.472396 0.392238 0.469358 0.384780 0.464386 0.381740 0.456098 0.382294 0.454164 0.380912 0.459136 0.370966 0.451954 0.368204 0.447534 0.369586
0 0.455544 0.437268 0.448362 0.445004 0.437312 0.446384 0.433168 0.448042 0.431510 0.451080 0.422394 0.451910 0.421566 0.449976 0.438970 0.439754 0.448362 0.433676 0.456098 0.429256 0.457478 0.424284 0.454440 0.420140 0.444494 0.419588 0.438970 0.420416 0.433444 0.425388 0.429854 0.428980 0.424604 0.432296 0.417698 0.436162 0.411620 0.438096 0.417698 0.428428 0.427920 0.421798 0.438140 0.415996 0.446982 0.412404 0.453334 0.412404 0.459412 0.416548 0.466318 0.415444 0.465490 0.420692 0.460242 0.425942 0.458032 0.431190
0 0.471568 0.285880 0.469634 0.281460 0.463832 0.278698 0.458860 0.278422 0.453058 0.276488 0.448086 0.282842 0.442008 0.281184 0.443390 0.275658 0.448914 0.271514 0.459136 0.269028 0.466042 0.269304 0.467700 0.272068 0.469910 0.265438 0.471292 0.258808 0.475436 0.260188 0.475436 0.269028 0.474606 0.279250 0.476816 0.285052 0.481236 0.292786 0.485656 0.298312 0.492286 0.306600 0.496154 0.311020 0.499746 0.316820 0.506376 0.319860 0.509968 0.325108 0.502508 0.323450 0.492564 0.319030 0.479302 0.307704 0.473778 0.301074 0.470740 0.290852
1 0.500298 0.125652 0.491458 0.122614 0.479026 0.117364 0.475712 0.108248 0.480132 0.096922 0.487314 0.089462 0.496984 0.076478 0.490354 0.069572 0.503060 0.070678 0.515216 0.080070 0.524608 0.079518 0.532344 0.089462 0.524886 0.102446 0.514388 0.112668 0.510520 0.123994
1 0.452782 0.101618 0.447534 0.093606 0.443390 0.083384 0.438140 0.073164 0.437036 0.063218 0.443666 0.058522 0.455268 0.058798 0.462176 0.058522 0.468252 0.070954 0.467976 0.082280 0.459412 0.093606
0 0.766332 0.255768 0.764674 0.250520 0.757768 0.244442 0.750862 0.234772 0.747824 0.229524 0.740088 0.226208 0.732076 0.222342 0.726552 0.218750 0.723236 0.214882 0.718540 0.211844 0.713292 0.207700 0.710528 0.202174 0.709976 0.194992 0.719646 0.199964 0.730420 0.210738 0.742022 0.214882 0.753900 0.217092 0.761912 0.217644 0.766608 0.215158 0.769372 0.209082 0.772686 0.213778 0.772410 0.219856 0.772962 0.222894 0.775448 0.234220 0.770476 0.231734 0.763018 0.225932 0.756388 0.229524 0.757492 0.235602 0.760530 0.240298 0.765228 0.246376
1 0.619088 0.254940 0.610248 0.253006 0.596712 0.243612 0.588976 0.235878 0.587872 0.223998 0.598092 0.213502 0.619916 0.211844 0.642294 0.219026 0.646162 0.236154 0.638426 0.248310 0.629034 0.253006 0.621298 0.253006
0 0.736772 0.370690 0.735392 0.359916 0.730972 0.348314 0.727932 0.341960 0.725722 0.335882 0.722408 0.330080 0.716606 0.329252 0.710528 0.331186 0.708872 0.325660 0.716606 0.325384 0.717712 0.322622 0.709148 0.320136 0.702518 0.313782 0.719092 0.315164 0.729314 0.323174 0.736772 0.341408 0.739260 0.357706 0.739260 0.367100
1 0.648372 0.620426 0.632072 0.627332 0.630690 0.640868 0.628204 0.651642 0.617430 0.662140 0.599750 0.663798 0.588700 0.644460 0.587596 0.628160 0.592292 0.605232 0.607210 0.593076 0.624060 0.581474 0.639532 0.581474 0.647542 0.585618 0.658868 0.602192 0.658040 0.613796 0.652238 0.618768
0 0.706384 0.574844 0.705556 0.583408 0.705280 0.590314 0.704174 0.598602 0.702794 0.603850 0.699202 0.606060 0.696440 0.609652 0.692572 0.611032 0.689810 0.612690 0.685942 0.614348 0.679312 0.616282 0.685666 0.622636 0.695334 0.617938 0.701688 0.613518 0.705556 0.609376 0.704728 0.620702 0.708872 0.613242 0.709148 0.605232 0.709976 0.593352 0.710528 0.585894 0.711910 0.574844 0.711358 0.571804
0 0.717436 0.680648 0.718540 0.675952 0.724894 0.673742 0.723512 0.669046 0.720474 0.664902 0.716606 0.661310 0.711910 0.657996 0.711910 0.664626 0.707766 0.664074 0.706384 0.659378 0.702794 0.660482 0.698098 0.664074 0.694230 0.664902 0.690914 0.666284 0.682904 0.665732 0.677378 0.664350 0.668814 0.661310 0.667710 0.656614 0.678484 0.657444 0.689256 0.659930 0.692848 0.657168 0.696440 0.652470 0.699754 0.646394 0.705004 0.645564 0.712186 0.648604 0.717988 0.652748 0.723512 0.657720 0.727656 0.662692 0.731524 0.667942 0.732906 0.672638 0.729590 0.677610
1 0.638702 0.575948 0.627652 0.576224 0.608038 0.574566 0.599474 0.569870 0.593672 0.557992 0.604446 0.544732 0.618536 0.539206 0.632624 0.546666 0.647818 0.557716 0.654448 0.563792 0.645332 0.575396
1 0.653620 0.522630 0.641742 0.521250 0.628480 0.518764 0.619916 0.517106 0.613564 0.512686 0.616050 0.502464 0.629586 0.494452 0.646990 0.492242 0.655002 0.495834 0.658316 0.501636 0.657212 0.511304 0.654448 0.517658
0 0.764674 0.134768 0.760254 0.127586 0.758874 0.123994 0.753072 0.123718 0.751690 0.117364 0.750034 0.111286 0.747546 0.109906 0.739260 0.109630 0.736772 0.112944 0.733734 0.117916 0.733734 0.124546 0.734286 0.129244 0.729314 0.126204 0.728762 0.119574 0.729866 0.112668 0.731524 0.105762 0.734562 0.102722 0.746994 0.101342 0.755006 0.103000 0.763846 0.105486 0.766884 0.107696 0.767438 0.112392 0.765504 0.115984 0.766608 0.119850 0.769372 0.128414 0.771028 0.131730 0.772134 0.136426 0.770200 0.137530
0 0.711082 0.486994 0.708318 0.493900 0.706662 0.499426 0.705556 0.504950 0.703346 0.511580 0.700860 0.519316 0.703346 0.518764 0.706662 0.515724 0.709700 0.518488 0.710528 0.523184 0.710528 0.529260 0.709700 0.535614 0.707490 0.540864 0.705832 0.551362 0.709148 0.546388 0.713014 0.536996 0.715224 0.524564 0.715778 0.517106 0.715224 0.510752 0.715224 0.503016 0.717988 0.497216 0.721026 0.493348 0.721856 0.488928 0.721026 0.485060 0.717712 0.481468 0.708872 0.476496 0.701964 0.474562 0.699478 0.478154 0.707490 0.481746 0.710252 0.483126
1 0.786222 0.736176 0.776278 0.744464 0.767990 0.750542 0.756664 0.745292 0.758044 0.731204 0.763018 0.717390 0.772134 0.714076 0.784288 0.718772 0.787052 0.725126
1 0.613286 0.903034 0.599198 0.911322 0.595054 0.923478 0.601408 0.937290 0.587318 0.953866 0.553892 0.971546 0.529306 0.969612 0.539526 0.947788 0.548090 0.938396 0.543118 0.924582 0.549472 0.895576 0.577374 0.878172 0.590910 0.871818 0.613564 0.885906 0.613840 0.900272
1 0.160328 0.753206 0.158348 0.745288 0.161318 0.733742 0.159668 0.723514 0.165276 0.717576 0.174184 0.720214 0.176824 0.733082 0.172864 0.745288
0 0.952540 0.208204 0.947852 0.200976 0.945118 0.197070 0.942382 0.192968 0.939648 0.188672 0.936132 0.184180 0.933984 0.177930 0.933984 0.170704 0.934374 0.163086 0.931054 0.155274 0.932032 0.151368 0.938476 0.152540 0.940040 0.159180 0.942188 0.154492 0.944922 0.152734 0.949804 0.155078 0.952930 0.159374 0.958398 0.171876 0.963476 0.174024 0.974804 0.183008 0.978320 0.186328 0.982618 0.189258 0.983008 0.191796 0.974610 0.190820 0.958398 0.180468 0.946484 0.171290 0.940040 0.166602 0.938672 0.171094 0.939062 0.177344 0.941602 0.184180 0.944336 0.190040 0.948438 0.195312 0.951954 0.201368 0.953124 0.205274
0 0.988752 0.091086 0.982054 0.087336 0.974018 0.084122 0.968390 0.081710 0.960890 0.075012 0.956602 0.082246 0.953120 0.085192 0.948298 0.087068 0.941600 0.087604 0.939456 0.085728 0.940528 0.082514 0.949904 0.078494 0.954192 0.075280 0.954996 0.070190 0.954192 0.066706 0.952316 0.064562 0.946154 0.061348 0.941064 0.055990 0.941064 0.053310 0.950440 0.056526 0.956066 0.060812 0.965176 0.068582 0.969730 0.069118 0.978572 0.075280 0.985002 0.079298 0.990360 0.081978 0.994112 0.084656 0.995182 0.088140
0 0.943474 0.274076 0.938116 0.277022 0.932490 0.279970 0.928204 0.285328 0.924452 0.291222 0.922042 0.293902 0.920702 0.300600 0.916414 0.300866 0.912128 0.292026 0.915612 0.281844 0.922576 0.278094 0.929542 0.275146 0.933294 0.270592 0.935704 0.265770 0.931418 0.265502 0.925792 0.264698 0.926060 0.261750 0.933830 0.258268 0.942134 0.258268 0.947762 0.261750 0.955530 0.270860 0.957674 0.274076 0.967856 0.277022 0.969998 0.281844 0.964640 0.283452 0.953656 0.278630
0 0.931686 0.395442 0.927936 0.397586 0.923112 0.405356 0.918290 0.411250 0.911056 0.418752 0.904090 0.420090 0.903554 0.412588 0.909716 0.403748 0.913468 0.397586 0.916682 0.393566 0.918558 0.390352 0.912664 0.393030 0.907842 0.395442 0.900340 0.394638 0.900340 0.390888 0.918022 0.381510 0.923916 0.378296 0.930078 0.372938 0.933562 0.368918 0.935972 0.369454 0.937312 0.378296 0.938652 0.386332 0.939456 0.397318 0.942938 0.408034 0.947494 0.413392 0.944814 0.413928 0.935704 0.406426 0.931954 0.398658
0 0.927668 0.410982 0.923648 0.420358 0.921506 0.427324 0.920166 0.433486 0.919362 0.438310 0.918826 0.443400 0.916682 0.449026 0.912396 0.450634 0.908110 0.451706 0.902484 0.452776 0.897124 0.453580 0.890426 0.453580 0.878370 0.455724 0.882390 0.461886 0.894446 0.460010 0.905698 0.459206 0.912396 0.456796 0.917486 0.451438 0.921774 0.446882 0.926060 0.441524 0.928740 0.435898 0.930078 0.430540 0.930346 0.425984 0.930614 0.419286 0.931954 0.411786
0 0.923112 0.630138 0.912664 0.623440 0.908646 0.622102 0.902484 0.622370 0.900608 0.618618 0.897124 0.620226 0.889622 0.622636 0.883192 0.619422 0.890694 0.611920 0.897660 0.609508 0.904358 0.608706 0.907842 0.610848 0.916146 0.613796 0.922042 0.613796 0.925524 0.611652 0.933294 0.611116 0.938384 0.612992 0.937312 0.616742 0.926596 0.619422 0.920434 0.619690 0.925524 0.624780 0.928740 0.626388 0.928472 0.630138
1 0.827466 0.734894 0.819160 0.731948 0.817286 0.736234 0.810320 0.743200 0.805496 0.742396 0.810052 0.729000 0.811658 0.718016 0.812194 0.709174 0.814606 0.703816 0.823448 0.702744 0.834968 0.704352 0.842470 0.708370 0.845416 0.718552 0.844344 0.727660 0.839254 0.733020 0.831216 0.735162
0 0.889622 0.795980 0.889890 0.805358 0.889622 0.812324 0.888552 0.818754 0.890158 0.831614 0.890158 0.834828 0.890962 0.839650 0.891230 0.848760 0.892302 0.857334 0.894982 0.855190 0.894982 0.840722 0.895786 0.826254 0.896588 0.816074 0.897660 0.811788 0.900876 0.812592 0.906502 0.816878 0.911056 0.820896 0.914808 0.821968 0.921506 0.820896 0.926864 0.818486 0.926864 0.817146 0.929542 0.809108 0.929274 0.802410 0.921506 0.799464 0.913200 0.797320 0.903822 0.794908 0.902216 0.792498 0.908378 0.788210 0.908914 0.784728 0.895518 0.787406 0.886676 0.792498
0 0.893374 0.905558 0.882390 0.900736 0.879442 0.899664 0.874620 0.905022 0.867654 0.908506 0.856936 0.909042 0.868994 0.903416 0.875692 0.898592 0.877566 0.892698 0.872476 0.891894 0.865778 0.894842 0.860152 0.900468 0.856134 0.905290 0.855866 0.912256 0.857204 0.917348 0.858544 0.933690 0.852650 0.921902 0.847560 0.913328 0.846756 0.906362 0.851578 0.896986 0.855866 0.890556 0.862296 0.884930 0.866582 0.881446 0.859616 0.877696 0.856936 0.872604 0.867654 0.875284 0.875156 0.882518 0.884532 0.884126 0.891230 0.887608 0.889088 0.895914 0.896054 0.899664 0.907306 0.902612 0.908378 0.906094 0.896054 0.906362
1 0.590272 0.695820 0.575178 0.706988 0.582122 0.722686 0.590876 0.735366 0.596310 0.740196 0.600838 0.749252 0.609592 0.762836 0.616536 0.757704 0.611102 0.743214 0.605366 0.728422 0.600838 0.713630 0.603252 0.691292 0.594498 0.689782
1 0.270768 0.871726 0.261480 0.874048 0.257418 0.878692 0.258288 0.887688 0.260900 0.893492 0.264964 0.893782 0.260320 0.901618 0.257128 0.912066 0.267866 0.902780 0.269026 0.895524 0.269026 0.887688 0.270188 0.881014 0.273380 0.874918