0 0.074946 0.030666 0.060654 0.028284 0.051722 0.031262 0.039218 0.029476 0.025522 0.034240 0.020758 0.044958 0.030880 0.037216 0.042790 0.039002 0.061844 0.038408 0.066608 0.034834 0.066608 0.043172 0.071372 0.043766 0.074350 0.042576 0.077922 0.042576 0.081496 0.053294 0.086260 0.046744 0.096382 0.047340 0.109482 0.046148 0.094000 0.041980 0.085068 0.038408 0.082090 0.034240 0.086854 0.030666 0.095192 0.025902 0.098168 0.019948 0.093404 0.014588 0.089832 0.013398 0.084472 0.022330
0 0.057082 0.092594 0.072564 0.096764 0.077922 0.103908 0.078518 0.118796 0.078518 0.128918 0.076136 0.132490 0.069586 0.119986 0.064822 0.112840 0.064822 0.128322 0.066014 0.133682 0.054104 0.143804 0.049340 0.148568 0.042194 0.153928 0.033262 0.158096 0.028498 0.167624 0.029094 0.183106 0.032072 0.170006 0.035050 0.163456 0.045768 0.159882 0.052318 0.153928 0.060058 0.148568 0.065418 0.140232 0.071372 0.138446 0.076136 0.139636 0.082090 0.146782 0.110674 0.143804 0.111268 0.136660 0.103528 0.139042 0.092810 0.140232 0.083282 0.134278 0.085664 0.125346 0.088640 0.114628 0.086854 0.109864 0.085068 0.099144 0.078518 0.094382 0.070182 0.091404 0.063632 0.088426
0 0.082090 0.168814 0.071372 0.177746 0.068990 0.186678 0.071372 0.197396 0.066014 0.195610 0.055890 0.192632 0.048744 0.190846 0.036836 0.186082 0.029690 0.184296 0.037430 0.195610 0.052318 0.197396 0.065418 0.200970 0.070182 0.206924 0.079708 0.206328 0.091618 0.206924 0.099360 0.200970 0.096978 0.194420 0.104718 0.186678 0.100550 0.183700 0.090428 0.192632 0.082686 0.199184 0.077922 0.201564 0.074350 0.193824 0.075540 0.186082 0.077922 0.179532 0.083878 0.174768 0.095786 0.169410 0.101742 0.160478 0.092214 0.163456 0.085664 0.161668 0.079114 0.155714 0.067204 0.146186 0.066608 0.150950 0.072564 0.157500
0 0.311940 0.424268 0.307772 0.433796 0.302412 0.432606 0.301222 0.440942 0.290504 0.449278 0.280976 0.459402 0.297054 0.448088 0.303604 0.451660 0.311344 0.451660 0.316704 0.451064 0.317894 0.454638 0.326826 0.456424 0.337546 0.457020 0.342904 0.447492 0.339928 0.443324 0.329804 0.444514 0.322064 0.443920 0.313132 0.440346 0.311344 0.435582
1 0.227384 0.530262 0.219048 0.521926 0.216666 0.527284 0.224406 0.539788 0.233934 0.538598 0.239294 0.533238 0.243462 0.526688 0.251202 0.524306 0.240484 0.521330 0.235126 0.525498
1 0.079114 0.479052 0.080900 0.471310 0.085664 0.477860 0.092214 0.468334 0.093404 0.479648 0.102932 0.481434 0.091022 0.489174 0.083878 0.496320 0.076136 0.490960 0.068396 0.486792 0.074350 0.483816
0 0.046362 0.495724 0.032668 0.504062 0.029094 0.510612 0.029094 0.526688 0.036836 0.532048 0.048744 0.532048 0.053508 0.532644 0.057676 0.518948 0.061250 0.533238 0.063632 0.538002 0.068990 0.536812 0.080304 0.530856 0.089236 0.527880 0.096382 0.533238 0.102932 0.531452 0.092214 0.533834 0.083878 0.532644 0.083878 0.540384 0.076136 0.543362 0.070776 0.546934 0.068990 0.551102 0.074946 0.552294 0.089236 0.555272 0.092810 0.559440 0.099954 0.566584 0.091022 0.562416 0.085664 0.557652 0.079114 0.557652 0.066608 0.557058 0.063632 0.549316 0.060058 0.544552 0.049936 0.544552 0.038622 0.542170 0.033262 0.538598 0.025522 0.533834 0.024330 0.522520 0.023140 0.504062 0.027308 0.500488 0.036240 0.496916
0 0.067800 0.722002 0.063632 0.737484 0.057676 0.741056 0.047554 0.731528 0.032072 0.730338 0.044576 0.738674 0.045768 0.747010 0.048150 0.764280 0.066014 0.781548 0.060058 0.770234 0.055890 0.760706 0.058272 0.748202 0.066608 0.742248 0.072564 0.736292 0.098764 0.723788 0.101146 0.715452 0.091618 0.719024 0.079708 0.727956 0.072564 0.731528
0 0.311344 0.486792 0.311940 0.498106 0.308962 0.502870 0.306582 0.519544 0.309558 0.533238 0.312536 0.540980 0.307176 0.548720 0.306582 0.559440 0.304794 0.589212 0.292886 0.590404 0.288122 0.595762 0.299436 0.596358 0.302412 0.601122 0.305986 0.614818 0.304794 0.599336 0.310154 0.596358 0.314322 0.601718 0.320276 0.604100 0.314918 0.592190 0.310750 0.588618 0.310154 0.573136 0.310154 0.557058 0.320276 0.569562 0.327422 0.573730 0.327422 0.568966 0.319086 0.558844 0.313726 0.549316 0.313726 0.540980 0.314918 0.516566 0.316704 0.500488 0.316704 0.489770
0 0.279190 0.590404 0.292886 0.605290 0.301222 0.611244 0.303604 0.620176 0.306582 0.617794 0.308368 0.624344 0.315514 0.629108 0.324446 0.632086 0.326826 0.627322 0.324446 0.615414 0.323850 0.608268 0.327422 0.610054 0.330996 0.632086 0.325636 0.637446 0.314322 0.635658 0.314322 0.647568 0.310750 0.650546 0.308962 0.639828 0.308962 0.632086 0.301818 0.625536 0.290504 0.625536 0.294076 0.621368 0.293480 0.617200 0.288122 0.611244 0.285144 0.607076 0.282168 0.601122
1 0.221430 0.759516 0.226194 0.764874 0.233338 0.756538 0.236912 0.752966 0.236316 0.760706 0.229170 0.768448 0.225598 0.771424 0.236912 0.781548 0.237508 0.785120 0.228576 0.779762 0.220834 0.779166 0.215474 0.773806 0.213094 0.766662
0 0.487602 0.743438 0.490580 0.751774 0.495344 0.747010 0.498320 0.740460 0.501894 0.747606 0.505466 0.751180 0.516184 0.759516 0.516184 0.769638 0.519162 0.778570 0.525116 0.786312 0.523330 0.795838 0.519758 0.801198 0.559654 0.797626 0.554294 0.802984 0.529284 0.810130 0.514994 0.814894 0.514398 0.823826 0.508444 0.823826 0.510826 0.815490 0.518566 0.803580 0.516184 0.791076 0.508444 0.787502 0.497130 0.787502 0.492366 0.783930 0.502490 0.781548 0.508444 0.778570 0.494152 0.766066 0.482838 0.770830 0.473906 0.778570 0.463784 0.783930 0.467356 0.776188 0.482244 0.768448 0.488198 0.761898 0.495344 0.758920 0.500108 0.759516 0.500108 0.764874 0.508444 0.772020 0.511422 0.763088 0.501894 0.755348 0.495938 0.755942 0.487602 0.755942 0.482838 0.748798
0 0.508444 0.827398 0.516184 0.841690 0.506658 0.850026 0.501894 0.842286 0.497726 0.840498 0.505466 0.855386 0.502490 0.861340 0.513208 0.852408 0.517972 0.861340 0.523926 0.857172 0.517376 0.844668 0.520948 0.834544 0.522734 0.823826 0.531666 0.815490 0.538216 0.810130 0.527498 0.814894 0.518566 0.824422 0.517376 0.830972
0 0.322064 0.782144 0.310750 0.797626 0.302412 0.804176 0.304794 0.813108 0.301222 0.821444 0.296458 0.818466 0.289312 0.810726 0.286930 0.816680 0.283954 0.819658 0.299436 0.832758 0.306582 0.836926 0.304794 0.840498 0.311344 0.842880 0.314322 0.849430 0.313132 0.833354 0.320276 0.822634 0.323254 0.819658 0.316108 0.817276 0.313726 0.813108 0.316704 0.805962 0.326826 0.811916 0.323850 0.817872 0.332782 0.817872 0.324446 0.805962 0.324446 0.801198 0.336354 0.800008 0.321468 0.800008 0.327422 0.791076 0.329208 0.784526
0 0.329804 0.838712 0.323850 0.850622 0.314918 0.859554 0.310750 0.861340 0.301818 0.859554 0.284548 0.859554 0.276212 0.863722 0.275022 0.872058 0.279190 0.880394 0.270854 0.878608 0.263708 0.870272 0.262516 0.877418 0.258944 0.880990 0.257158 0.886350 0.271448 0.891114 0.270258 0.894686 0.275022 0.895282 0.278594 0.892900 0.279786 0.883968 0.289908 0.886350 0.299436 0.889326 0.293480 0.895878 0.295268 0.898854 0.305986 0.892900 0.313132 0.889922 0.314322 0.883372 0.308962 0.876822 0.315514 0.866104 0.321468 0.859554 0.328018 0.853004 0.331590 0.845858
0 0.478670 0.895282 0.487006 0.904214 0.495344 0.908978 0.500702 0.903618 0.507848 0.901236 0.506062 0.891114 0.506062 0.879204 0.509634 0.880990 0.512016 0.870868 0.516184 0.885158 0.523330 0.886350 0.522140 0.895282 0.527498 0.896472 0.537026 0.889326 0.540004 0.899450 0.548340 0.898258 0.554294 0.887540 0.556676 0.878014 0.557868 0.901236 0.564418 0.905404 0.574540 0.893496 0.566204 0.908978 0.575136 0.914932 0.570372 0.920886 0.556080 0.910168 0.555486 0.920292 0.554890 0.935178 0.553700 0.940536 0.550722 0.931604 0.552508 0.918504 0.551318 0.914932 0.544768 0.916122 0.536430 0.920886 0.529880 0.923268 0.520352 0.931010 0.517376 0.935774 0.516184 0.942324 0.513208 0.941132 0.509040 0.950064 0.504276 0.960188 0.500108 0.953042 0.509040 0.936368 0.506658 0.934582 0.501298 0.920886 0.495344 0.916122 0.485220 0.907786 0.478074 0.903022
0 0.296458 0.921482 0.297650 0.940536 0.301222 0.953042 0.305390 0.959592 0.308962 0.967928 0.313726 0.975074 0.320872 0.973882 0.326826 0.973288 0.331590 0.973288 0.337546 0.970906 0.348264 0.964356 0.357196 0.945896 0.361960 0.945300 0.354814 0.960782 0.342904 0.973288 0.333972 0.979242 0.317300 0.978646 0.328614 0.986388 0.330400 0.992342 0.319682 0.984006 0.311344 0.977456 0.307772 0.979838 0.301818 0.985196 0.298244 0.983410 0.303604 0.975074 0.301818 0.971502 0.294672 0.966142 0.294672 0.957806 0.291098 0.951850 0.291098 0.939942 0.290504 0.928032
0 0.293480 0.649354 0.297650 0.656500 0.302412 0.667218 0.305986 0.676150 0.311940 0.683892 0.311940 0.691632 0.304200 0.701160 0.299436 0.711282 0.298840 0.714260 0.294672 0.723788 0.301818 0.723788 0.305390 0.722002 0.308368 0.732124 0.303008 0.735696 0.299436 0.738674 0.311940 0.733910 0.313726 0.727360 0.314322 0.721406 0.319682 0.711282 0.319086 0.703542 0.322064 0.695206 0.328614 0.701160 0.339332 0.713664 0.335758 0.722596 0.332186 0.729146 0.336354 0.728552 0.342904 0.722596 0.348264 0.724978 0.350050 0.717832 0.361364 0.729146 0.363746 0.724384 0.356600 0.719024 0.354218 0.714856 0.360768 0.714260 0.373274 0.713664 0.371486 0.708902 0.355410 0.710688 0.353622 0.699374 0.351240 0.700564 0.348264 0.708902 0.344690 0.713070 0.338736 0.705924 0.330996 0.700564 0.323254 0.695206 0.323850 0.685678 0.333378 0.679724 0.340522 0.670196 0.326826 0.676150 0.317300 0.683892 0.311344 0.673768 0.305390 0.666622 0.300030 0.658882
0 0.080900 0.256348 0.068990 0.267066 0.066608 0.273020 0.060654 0.267662 0.062440 0.277188 0.070182 0.282548 0.073754 0.289694 0.085068 0.293862 0.089236 0.301008 0.089832 0.305772 0.095192 0.314108 0.101146 0.332568 0.101742 0.341500 0.104718 0.340308 0.096978 0.315894 0.099360 0.310534 0.110078 0.303390 0.094000 0.300412 0.083878 0.286716 0.077328 0.280166 0.076136 0.266470
0 0.333378 0.258730 0.348264 0.255156 0.363746 0.255156 0.363746 0.258730 0.355410 0.258134 0.339928 0.261112 0.336354 0.267066 0.336354 0.279570 0.333378 0.291480 0.335758 0.303390 0.332186 0.308748 0.332782 0.292076 0.330400 0.279570 0.325636 0.268256 0.320276 0.264088 0.308962 0.260516 0.302412 0.251584 0.296458 0.247416 0.290504 0.247416 0.282762 0.245630 0.284548 0.239080 0.294672 0.239080 0.307176 0.239674 0.312536 0.252180 0.325636 0.253966
0 0.311940 0.086044 0.331590 0.099144 0.332186 0.103908 0.325040 0.112840 0.322064 0.119986 0.317300 0.117604 0.319086 0.105100 0.319086 0.092594 0.313726 0.093190 0.310750 0.112246 0.314918 0.126536 0.320276 0.127728 0.323254 0.132490 0.322658 0.149164 0.322064 0.152736 0.320872 0.162860 0.323850 0.156310 0.330400 0.145592 0.339332 0.138446 0.334568 0.127132 0.334568 0.119390 0.341714 0.109268 0.339332 0.099740 0.330400 0.093786 0.322658 0.087832
0 0.317300 0.166432 0.303008 0.164050 0.291098 0.162264 0.297054 0.178342 0.313132 0.196802 0.311940 0.203352 0.318490 0.205734 0.320276 0.209306 0.306582 0.214666 0.304794 0.220024 0.310154 0.227170 0.320276 0.223598 0.328614 0.221810 0.345286 0.211092 0.338736 0.208710 0.328018 0.217046 0.317300 0.219428 0.313132 0.217642 0.322658 0.213474 0.329208 0.207520 0.329804 0.202160 0.338736 0.190252 0.345286 0.179532 0.348264 0.167624 0.341118 0.165242 0.333972 0.165242 0.335758 0.173578 0.341118 0.171196 0.329804 0.184892 0.323850 0.194420 0.320276 0.195610 0.322064 0.179532 0.322064 0.172982
0 0.300626 0.011612 0.320872 0.018758 0.326232 0.012208 0.328018 0.018162 0.330996 0.025902 0.335164 0.030666 0.345882 0.021734 0.351240 0.012208 0.357792 0.012802 0.348860 0.024712 0.338736 0.031858 0.345286 0.034240 0.336950 0.037216 0.326826 0.034834 0.322658 0.031262 0.315514 0.027094 0.308962 0.022926 0.302412 0.019948
1 0.014804 0.959592 0.016590 0.969714 0.027904 0.965546 0.022544 0.972096 0.025522 0.979838 0.027904 0.984602 0.023140 0.978052 0.020162 0.978646 0.015994 0.970906 0.013016 0.966142
0 0.055890 0.882776 0.058272 0.896472 0.051722 0.902428 0.048744 0.912550 0.055890 0.918504 0.056486 0.929224 0.056486 0.942918 0.057676 0.948278 0.067204 0.945896 0.072564 0.937560 0.076136 0.928628 0.065418 0.935774 0.066014 0.929224 0.062440 0.917910 0.054104 0.911360 0.058272 0.903022 0.063632 0.898854 0.063632 0.891114 0.063632 0.885754
1 0.305986 0.355194 0.305986 0.366508 0.291694 0.376036 0.289908 0.379608 0.303008 0.375440 0.303008 0.382586 0.308368 0.372464 0.312536 0.368890 0.308962 0.366508
1 0.376250 0.894686 0.382206 0.904808 0.388160 0.907786 0.396496 0.901832 0.401260 0.903618 0.392924 0.911360 0.385778 0.912550 0.381014 0.908382 0.377442 0.906000
0 0.511014 0.045722 0.520620 0.057248 0.524462 0.073258 0.533428 0.081582 0.527664 0.083504 0.526384 0.105276 0.520620 0.124488 0.525742 0.123206 0.525742 0.113602 0.529586 0.089268 0.533428 0.098872 0.534708 0.111680 0.535348 0.125128 0.536630 0.115522 0.537270 0.091828 0.546876 0.100154 0.555840 0.105918 0.559682 0.113602 0.573770 0.114882 0.583376 0.112962 0.565446 0.111040 0.558402 0.103356 0.548796 0.095672 0.539830 0.089908 0.530866 0.089268 0.535348 0.077100 0.534068 0.066214 0.521260 0.048924
0 0.543674 0.000256 0.550718 0.004738 0.558402 0.009222 0.565446 0.004098 0.559682 0.002178
1 0.530226 0.022670 0.519980 0.032274 0.519340 0.034836 0.526384 0.036116 0.530866 0.045722 0.531506 0.052766 0.534068 0.042520 0.541112 0.038678 0.537910 0.034196 0.530226 0.032914
0 0.521900 0.201972 0.522540 0.223744 0.523822 0.233350 0.526384 0.239114 0.532786 0.233350 0.535988 0.237192 0.544954 0.241034 0.553278 0.242316 0.561604 0.239114 0.569928 0.235272 0.577612 0.232710 0.556480 0.244236 0.550718 0.247438 0.563524 0.251922 0.548796 0.251280 0.542392 0.250640 0.538550 0.258324 0.534708 0.268570 0.530226 0.260246 0.530226 0.250640 0.521260 0.246158 0.517418 0.239114 0.514216 0.226946 0.515496 0.217982 0.514216 0.209656
0 0.523822 0.308274 0.523182 0.317880 0.518058 0.320440 0.512296 0.312756 0.504610 0.315958 0.510374 0.321080 0.505252 0.326844 0.516138 0.328766 0.522540 0.335170 0.525742 0.338370 0.515496 0.344134 0.516138 0.349898 0.520620 0.352460 0.522540 0.364626 0.532146 0.355660 0.541752 0.350538 0.550076 0.349898 0.556480 0.344134 0.543032 0.346696 0.536630 0.346696 0.535988 0.339652 0.537910 0.333888 0.543674 0.338370 0.551358 0.340292 0.550076 0.329406 0.539830 0.324924 0.531506 0.329406 0.537270 0.323002 0.544314 0.312116 0.540472 0.302510 0.535988 0.315318 0.528304 0.326844 0.527024 0.321722 0.530226 0.312116
0 0.527872 0.462204 0.506756 0.463260 0.488810 0.453758 0.502534 0.470650 0.496200 0.479096 0.519426 0.470650 0.517314 0.487542 0.509924 0.490710 0.509924 0.475930 0.504646 0.502322 0.516258 0.504434 0.513092 0.525548 0.520482 0.513936 0.522592 0.497044 0.524704 0.479096
0 0.523648 0.575168 0.505702 0.589950 0.514146 0.598396 0.498310 0.606842 0.481418 0.614232 0.510980 0.618454 0.521538 0.608952 0.535262 0.599452 0.544764 0.589950 0.551098 0.572002 0.536318 0.587838 0.535262 0.576224
0 0.843538 0.669130 0.858320 0.687078 0.849874 0.695524 0.835092 0.701858 0.866766 0.703970 0.882602 0.713472 0.892104 0.725084 0.888936 0.713472 0.901604 0.712416 0.912162 0.707136 0.886824 0.705026 0.872044 0.689190 0.870988 0.681798 0.878378 0.667018 0.879434 0.644848 0.899494 0.636402 0.896326 0.631124 0.878378 0.638514 0.872044 0.634290 0.872044 0.650126 0.858320 0.644848 0.849874 0.646960 0.872044 0.656462 0.865710 0.673354
0 0.857264 0.784206 0.849874 0.801098 0.859376 0.811656 0.859376 0.829604 0.861486 0.840160 0.869932 0.825380 0.870988 0.846494 0.877322 0.838048 0.892104 0.843328 0.897382 0.840160 0.899494 0.828548 0.896326 0.815878 0.886824 0.830658 0.879434 0.823268 0.892104 0.813766 0.897382 0.802154 0.888936 0.794764 0.893158 0.779984 0.891048 0.801098 0.875212 0.804266 0.875212 0.792652 0.883658 0.777872 0.874156 0.790540 0.870988 0.808488 0.864654 0.796876
0 0.872044 0.513936 0.860430 0.532940 0.857264 0.548776 0.870988 0.557222 0.860430 0.575168 0.878378 0.562500 0.887880 0.560388 0.884712 0.551942 0.910050 0.556166 0.915330 0.573058 0.923776 0.566722 0.905828 0.547720 0.885768 0.540330 0.888936 0.531884 0.883658 0.547720 0.868876 0.549832 0.864654 0.541386 0.875212 0.531884
0 0.866766 0.279560 0.877322 0.291174 0.877322 0.299620 0.861486 0.299620 0.885768 0.304898 0.902660 0.313344 0.915330 0.302788 0.903716 0.284840 0.905828 0.303842 0.894214 0.297508 0.899494 0.286952 0.884712 0.301732 0.881546 0.281672
1 0.810810 0.256334 0.790752 0.259502 0.800254 0.272170 0.791808 0.282728 0.805532 0.278506 0.791808 0.302788 0.807644 0.285896 0.819256 0.295396 0.815034 0.279560 0.831926 0.277450 0.811866 0.269004
1 0.376784 0.081140 0.379860 0.094980 0.392162 0.087290
1 0.721272 0.610174 0.724348 0.631706 0.742802 0.628630 0.741264 0.616326
1 0.561180 0.695918 0.552926 0.716550 0.539172 0.728928 0.535046 0.744058 0.562556 0.727552 0.573558 0.716550
1 0.447672 0.855444 0.433720 0.865590 0.445134 0.870662 0.460354 0.875736
1 0.448940 0.476232 0.441330 0.501598 0.440062 0.509208 0.454012 0.506672 0.464158 0.500330 0.454012 0.495256
1 0.883954 0.085608 0.873808 0.093218 0.876344 0.108436 0.866198 0.118582 0.887758 0.113510 0.900442 0.108436 0.892832 0.098290 0.899174 0.080534
1 0.951172 0.045024 0.928344 0.051364 0.954976 0.058974 0.967660 0.043756
0 0.898342 0.187856 0.892888 0.198040 0.891432 0.202042 0.891432 0.207860 0.891068 0.214044 0.891068 0.216954 0.883068 0.217680 0.880884 0.219136 0.886704 0.224592 0.891068 0.225682 0.893250 0.229320 0.899798 0.236958 0.904890 0.238776 0.905618 0.235138 0.899070 0.230410 0.898342 0.224228 0.902708 0.221318 0.905980 0.215862 0.901252 0.216226 0.896888 0.217680 0.899434 0.208952 0.900888 0.201314 0.901252 0.197312 0.905980 0.190038 0.905254 0.188220
0 0.868154 0.375532 0.859062 0.376622 0.847788 0.375894 0.837968 0.376986 0.829238 0.369348 0.823054 0.363164 0.815780 0.356618 0.815416 0.346798 0.825600 0.354436 0.830330 0.359892 0.838330 0.361710 0.838694 0.359164 0.833966 0.353708 0.833966 0.350434 0.841240 0.354436 0.845242 0.355526 0.844150 0.346798 0.839422 0.338068 0.843786 0.337706 0.848878 0.344980 0.853606 0.354800 0.860880 0.357710 0.868518 0.361710 0.874702 0.364984 0.879066 0.368620 0.891796 0.368620 0.895434 0.371166 0.885614 0.375532 0.877248 0.376622