1 0.081828 0.012996 0.080634 0.003440 0.075856 0.001648 0.106316 0.002844 0.097954 0.003440 0.101538 0.008816 0.102734 0.014192 0.097954 0.015386 0.091384 0.011206 0.088996 0.011206
0 0.024758 0.113756 0.033204 0.121146 0.041122 0.128008 0.046928 0.131704 0.048512 0.125370 0.043760 0.123786 0.039010 0.117980 0.031092 0.108478 0.022646 0.105310 0.005754 0.102672 0.000000 0.103516 0.001002 0.110590 0.012088 0.113228 0.017366 0.113756
0 0.285218 0.000512 0.293910 0.001022 0.300044 0.001022 0.302090 0.005624 0.304136 0.012782 0.305670 0.016362 0.300556 0.018918 0.295954 0.023520 0.292376 0.029654 0.291354 0.035278 0.286752 0.036812 0.281638 0.038346 0.279594 0.043460 0.288286 0.044994 0.298000 0.039880 0.307714 0.036302 0.314872 0.029144 0.319474 0.025564 0.325098 0.020962 0.328678 0.019940 0.330212 0.024542 0.331234 0.031700 0.331744 0.039370 0.332768 0.044994 0.332768 0.048572 0.338902 0.039880 0.337370 0.030166 0.335836 0.018406 0.332768 0.013294 0.326632 0.010226 0.330212 0.000512 0.323054 0.000512
0 0.292886 0.119130 0.302602 0.116062 0.307204 0.109416 0.313338 0.113506 0.314872 0.125266 0.318962 0.125778 0.319474 0.114018 0.315894 0.108394 0.319474 0.107370 0.326120 0.112994 0.328678 0.118108 0.328166 0.123220 0.324586 0.125778 0.321520 0.127822 0.317940 0.134980 0.313338 0.141116 0.313338 0.144184 0.317940 0.146228 0.325098 0.136002 0.334302 0.124244 0.334812 0.110950 0.329700 0.104304 0.321520 0.098168 0.314872 0.097656 0.313338 0.091010 0.309760 0.089476 0.303112 0.087430 0.298000 0.086408 0.294420 0.087942 0.288286 0.092544 0.283172 0.094078 0.278060 0.097144 0.276526 0.104304 0.279594 0.105326 0.282662 0.099702 0.287262 0.098678 0.286752 0.119642 0.288796 0.126800 0.291864 0.126800
0 0.272436 0.195824 0.284972 0.195026 0.286234 0.195868 0.287496 0.198814 0.295074 0.203444 0.295916 0.208076 0.306438 0.218598 0.308544 0.216914 0.301808 0.208918 0.300966 0.205550 0.304754 0.207654 0.308964 0.210180 0.309386 0.206392 0.307702 0.201762 0.308122 0.198394 0.312332 0.197972 0.316120 0.200078 0.323276 0.203024 0.326222 0.201340 0.318646 0.194606 0.319488 0.190396 0.317382 0.188712 0.311068 0.188292 0.301388 0.177768 0.299282 0.171876 0.295074 0.171034 0.291706 0.169350 0.290864 0.157984 0.287496 0.151670 0.284972 0.155458 0.285812 0.162194 0.281604 0.163456 0.280762 0.171454 0.283288 0.175664 0.284130 0.183662 0.287496 0.187028 0.285392 0.189976 0.280762 0.189976 0.275710 0.189554 0.272344 0.190816
0 0.234880 0.368872 0.247508 0.366346 0.258032 0.359190 0.261398 0.359190 0.263504 0.360452 0.257610 0.368872 0.250034 0.377290 0.245824 0.380236 0.243720 0.384024 0.244140 0.389076 0.247508 0.390338 0.253822 0.381078 0.256348 0.380658 0.258874 0.384024 0.259716 0.389496 0.260978 0.394548 0.264766 0.397074 0.267712 0.394548 0.269818 0.389918 0.276552 0.389918 0.275710 0.397916 0.279498 0.398758 0.283288 0.394548 0.284130 0.385708 0.281182 0.382762 0.274026 0.384446 0.274026 0.370134 0.274448 0.365924 0.282024 0.365082 0.282024 0.352876 0.272764 0.343194 0.268134 0.342352 0.251296 0.353718 0.241616 0.360874
0 0.210466 0.485048 0.204574 0.479576 0.201206 0.477472 0.200364 0.483364 0.207520 0.495150 0.219306 0.497676 0.239090 0.499360 0.244982 0.499782 0.244982 0.506516 0.248350 0.506936 0.249192 0.500202 0.255926 0.501464 0.263924 0.508200 0.275290 0.511988 0.280340 0.515776 0.281182 0.525038 0.279078 0.537244 0.276552 0.543558 0.276552 0.547768 0.280762 0.546504 0.285392 0.535982 0.287496 0.524196 0.285812 0.511568 0.276552 0.498940 0.264346 0.493046 0.255084 0.491784 0.250034 0.490100 0.250876 0.486732 0.254664 0.484206 0.252560 0.482102 0.250454 0.475788 0.254664 0.474104 0.252560 0.459792 0.248770 0.462740 0.248770 0.469054 0.247508 0.471578 0.247088 0.477892 0.246246 0.482522 0.218464 0.485470
1 0.234038 0.471158 0.235302 0.463580 0.231092 0.458530 0.228146 0.450112 0.226462 0.441692 0.229828 0.439166 0.234460 0.440008 0.238668 0.444218 0.244562 0.446744 0.247508 0.447586 0.249192 0.442534 0.250454 0.442534 0.253822 0.448006 0.257190 0.448428 0.260136 0.445060 0.262662 0.450952 0.262240 0.455584 0.260556 0.458950 0.257190 0.460214 0.254664 0.459792 0.252138 0.457266 0.247930 0.459372 0.246246 0.461476 0.243720 0.468212 0.240774 0.469894
0 0.246246 0.566710 0.246666 0.558712 0.249192 0.553660 0.248770 0.548188 0.246666 0.546926 0.243720 0.547768 0.240352 0.559132 0.238248 0.562920 0.234460 0.570918 0.227724 0.569234 0.222674 0.567552 0.219726 0.570076 0.224356 0.574708 0.233196 0.575128 0.231934 0.579758 0.226462 0.578916 0.220990 0.583546 0.218042 0.578916 0.217200 0.575128 0.209204 0.567972 0.206678 0.568394 0.210046 0.574708 0.214254 0.582284 0.225198 0.594490 0.230670 0.596596 0.230250 0.600384 0.224356 0.602910 0.223094 0.603752 0.228566 0.606276 0.234038 0.604594 0.236564 0.602068 0.244140 0.604172 0.244982 0.609644 0.248350 0.608802 0.248770 0.604172 0.254664 0.599542 0.253822 0.594490 0.245824 0.587334 0.249192 0.578496 0.251718 0.569656 0.250876 0.565446
1 0.304334 0.626482 0.290444 0.608802 0.293234 0.602414 0.295896 0.592302 0.292702 0.577934 0.293768 0.574740 0.299088 0.586448 0.306540 0.591770 0.307604 0.594432 0.300154 0.594964 0.298556 0.602946 0.295896 0.608268 0.307604 0.621040 0.313990 0.620508 0.315610 0.625398 0.311224 0.629384 0.311224 0.637356 0.308036 0.639748
0 0.202008 0.746174 0.201610 0.734216 0.196828 0.731426 0.197624 0.710698 0.202008 0.703124 0.204800 0.697944 0.196828 0.690370 0.190848 0.683594 0.191246 0.679210 0.193240 0.679210 0.202806 0.688776 0.204400 0.689174 0.204400 0.679608 0.208386 0.679608 0.207988 0.687580 0.214764 0.689174 0.218750 0.689572 0.224728 0.687978 0.224330 0.671238 0.227120 0.666454 0.231506 0.666852 0.233100 0.685586 0.245854 0.681600 0.250240 0.680804 0.250638 0.685986 0.234694 0.695950 0.227120 0.693558 0.229114 0.701132 0.218750 0.711096 0.212772 0.725048 0.209184 0.729432 0.209582 0.722656 0.212372 0.713888 0.214366 0.707908 0.222338 0.703922 0.224330 0.700734 0.223134 0.695552 0.220344 0.695552 0.211576 0.703922 0.206394 0.707510 0.204800 0.711894 0.204002 0.723054 0.204002 0.731426 0.205198 0.737006
0 0.207988 0.781250 0.198022 0.770090 0.193638 0.762914 0.195232 0.760124 0.200016 0.759726 0.202806 0.760124 0.204002 0.762914 0.207590 0.762914 0.206792 0.750558 0.205994 0.749362 0.198820 0.748964 0.192842 0.751356 0.187660 0.753348 0.188456 0.771286 0.193240 0.774076 0.197226 0.776866 0.198820 0.782048 0.185268 0.785236 0.179288 0.794404 0.182080 0.807956 0.184470 0.813934 0.194036 0.823502 0.204800 0.827886 0.217156 0.833068 0.221540 0.834264 0.241470 0.813138 0.241072 0.808354 0.220742 0.827088 0.216358 0.824298 0.204800 0.823502 0.205198 0.820712 0.209980 0.819914 0.212772 0.821508 0.216358 0.819914 0.220344 0.814334 0.230708 0.803970 0.235492 0.805964 0.240672 0.805564 0.241072 0.800782 0.235890 0.795600 0.225924 0.791614 0.223134 0.790418 0.220742 0.786830 0.215562 0.788824 0.215562 0.792810 0.216758 0.798788 0.215960 0.803970 0.213170 0.806760 0.209980 0.807158 0.206394 0.807158 0.204002 0.806760 0.201212 0.805964 0.198422 0.805964 0.198422 0.808754 0.201212 0.811144 0.202806 0.813536 0.202806 0.818320 0.201212 0.821110 0.194834 0.816726 0.190450 0.813934 0.186464 0.806760 0.186066 0.801578 0.188058 0.796796 0.190450 0.792012 0.193638 0.790816 0.197226 0.790418 0.200414 0.790418 0.205198 0.791214 0.209184 0.791214 0.211176 0.789620 0.211176 0.787228
1 0.139458 0.876194 0.139458 0.887436 0.141566 0.891650 0.142268 0.901136 0.145430 0.901838 0.148944 0.902540 0.152104 0.904296 0.153862 0.908160 0.157374 0.908512 0.158428 0.902892 0.152104 0.894110
0 0.183018 0.860386 0.181612 0.857928 0.179504 0.833338 0.182666 0.832986 0.185476 0.848092 0.187584 0.857576 0.187936 0.863196 0.195664 0.867412 0.198122 0.868114 0.204798 0.886382 0.204446 0.893758 0.199176 0.902892 0.190044 0.905350 0.181262 0.910972 0.173884 0.912728 0.173182 0.909918 0.185476 0.900432 0.193908 0.896218 0.197068 0.891300 0.196718 0.884626 0.194258 0.871628 0.191448 0.870222 0.178100 0.866008 0.174938 0.864250 0.173182 0.856522 0.174586 0.852658 0.178450 0.857928
0 0.153862 0.975256 0.143322 0.977012 0.142620 0.974904 0.152104 0.969986 0.158076 0.969284 0.163346 0.966474 0.163698 0.956638 0.167210 0.956638 0.170020 0.959096 0.173182 0.947856 0.176694 0.947504 0.178100 0.951720 0.186180 0.953124 0.186530 0.974202 0.185126 0.981228 0.184072 0.985794 0.181612 0.994224 0.177734 0.998046 0.175782 0.998046 0.180558 0.986496 0.178100 0.986146 0.175640 0.989658 0.175290 0.993522 0.173884 0.997738 0.171876 0.998046 0.167968 0.998046 0.168264 0.986146 0.166156 0.985092 0.163346 0.986848 0.161590 0.991766 0.159482 0.991766 0.156320 0.991766 0.154564 0.991766 0.153510 0.996332 0.150390 0.998046 0.146484 0.998046 0.148592 0.989306 0.152104 0.984038
1 0.673044 0.003830 0.682138 0.007660 0.690276 0.007660 0.699850 0.001436
1 0.523778 0.098644 0.519034 0.105366 0.509148 0.108924 0.498474 0.109320 0.496892 0.104970 0.498078 0.098250 0.497288 0.093504 0.493730 0.083226 0.498474 0.075318 0.504800 0.071760 0.510334 0.071760 0.522592 0.072550 0.528126 0.071760 0.535638 0.074922 0.538802 0.080854 0.541174 0.087178 0.541964 0.091528 0.541964 0.099436 0.539988 0.102994 0.536824 0.103390 0.532080 0.101808 0.528918 0.101016
0 0.556596 0.079108 0.556596 0.088594 0.553336 0.094224 0.550372 0.099262 0.546222 0.101930 0.546520 0.105782 0.550076 0.104894 0.557782 0.096892 0.560450 0.090668 0.561930 0.084148 0.564598 0.086222 0.567562 0.089482 0.568748 0.092446 0.568154 0.096596 0.558374 0.104598 0.548594 0.112896 0.546520 0.116156 0.550668 0.118230 0.571118 0.099856 0.572896 0.085630 0.568748 0.082072 0.571712 0.080590 0.576454 0.080294 0.579714 0.077924 0.579120 0.073478 0.573194 0.072588 0.562228 0.075848 0.560152 0.072886 0.558078 0.071700 0.547408 0.075848 0.544742 0.077628 0.544148 0.082370 0.543852 0.087704 0.545926 0.090074 0.550076 0.089482 0.548002 0.085926 0.549484 0.083258 0.551854 0.079998
0 0.601942 0.001754 0.577046 0.018352 0.574972 0.021612 0.573490 0.025168 0.572304 0.028724 0.571118 0.031096 0.570230 0.033764 0.567562 0.032578 0.571712 0.019240 0.564302 0.001458 0.561338 0.001754
1 0.547704 0.032578 0.554818 0.036134 0.558968 0.033764 0.562524 0.024872 0.564302 0.023982 0.566672 0.025168 0.569636 0.022500 0.570526 0.016574 0.569636 0.012424 0.569044 0.007386 0.568748 0.002644 0.565784 0.002644 0.560746 0.001162 0.558374 0.001754 0.555708 0.001162 0.554522 0.005312 0.553336 0.010054 0.549186 0.017758 0.548890 0.022500 0.548298 0.027836
1 0.601646 0.053212 0.606402 0.047862 0.610862 0.047268 0.615916 0.044592 0.617402 0.041620 0.618888 0.037754 0.622456 0.039836 0.628996 0.039836 0.631968 0.037754 0.634644 0.036268 0.635536 0.033890 0.635238 0.032106 0.631968 0.031214 0.628400 0.031214 0.627510 0.024674 0.625130 0.023486 0.624238 0.034484 0.622456 0.034188 0.619482 0.033296 0.618888 0.027646 0.617698 0.025864 0.614428 0.024674 0.614726 0.028538 0.614428 0.033890 0.613240 0.036268 0.610266 0.035078 0.608484 0.035078 0.606700 0.038350 0.606996 0.041024 0.605808 0.044592 0.602834 0.046672 0.601646 0.048456
1 0.480654 0.165882 0.485112 0.162910 0.486302 0.154288 0.485410 0.151910 0.480654 0.155180 0.479166 0.159342 0.478274 0.162314 0.475896 0.162910 0.473518 0.160828 0.472330 0.158748 0.470248 0.158152 0.467870 0.157558 0.464600 0.156368 0.461032 0.155774 0.458358 0.156368 0.456574 0.161126 0.458654 0.162612 0.461628 0.163800 0.465492 0.165584 0.466086 0.167368 0.465194 0.173908 0.463708 0.176882 0.461924 0.181340 0.460438 0.184016 0.460140 0.185800 0.461628 0.188178 0.463114 0.184908 0.466384 0.184610 0.468762 0.179556 0.469952 0.173016 0.470248 0.168854 0.470842 0.165584 0.474112 0.166476 0.475896 0.170342 0.478870 0.174800 0.479464 0.178664 0.481842 0.180152 0.482140 0.176882 0.481842 0.173908 0.481248 0.169746
0 0.497598 0.200366 0.507408 0.187584 0.514246 0.180152 0.518408 0.177476 0.520192 0.173016 0.520488 0.167368 0.518408 0.166774 0.513948 0.167368 0.510678 0.166476 0.508300 0.164990 0.509490 0.160530 0.514246 0.159342 0.519894 0.160530 0.525542 0.162018 0.528218 0.162314 0.529406 0.159936 0.533272 0.159936 0.533568 0.164692 0.536542 0.165882 0.538622 0.166476 0.539218 0.168854 0.538920 0.171530 0.537434 0.172124 0.532380 0.173016 0.537136 0.183422 0.543082 0.195908 0.548136 0.202150 0.556162 0.206014 0.555864 0.201852 0.552298 0.192636 0.549920 0.187286 0.547540 0.186096 0.544270 0.186096 0.542784 0.181044 0.542190 0.174800 0.540704 0.172422 0.542190 0.168558 0.545758 0.169152 0.549920 0.171530 0.551702 0.174206 0.553190 0.179854 0.554676 0.185206 0.558242 0.198880 0.560324 0.205718 0.579052 0.221770 0.580242 0.225338 0.580242 0.227716 0.579052 0.229796 0.576376 0.224148 0.570134 0.217608 0.552000 0.209880 0.537730 0.203340 0.526732 0.189962 0.523758 0.184314 0.521678 0.184314 0.511570 0.192934 0.505624 0.197690 0.502058 0.200068
1 0.575782 0.197394 0.581728 0.199178 0.582620 0.195908 0.579648 0.193528 0.578756 0.186692 0.576674 0.181934 0.574296 0.176882 0.572512 0.180746 0.572512 0.191746 0.570432 0.192636 0.566864 0.192636 0.562702 0.193232 0.560026 0.194718 0.562702 0.196798 0.568054 0.198582 0.570432 0.200068 0.569836 0.202448 0.573998 0.201852
0 0.501462 0.321656 0.517218 0.310360 0.543676 0.297874 0.545162 0.288064 0.543378 0.285388 0.536244 0.285090 0.527624 0.277658 0.521974 0.277956 0.517516 0.276768 0.515732 0.277362 0.510380 0.277658 0.508002 0.278848 0.503840 0.287172 0.500570 0.286578 0.500570 0.284496 0.496112 0.281820 0.506220 0.267552 0.502652 0.259524 0.498192 0.258336 0.487194 0.259822 0.481248 0.263390 0.477680 0.266064 0.474410 0.267552 0.474410 0.261606 0.489868 0.254768 0.500570 0.254174 0.502058 0.247634 0.505922 0.247930 0.508002 0.250606 0.509490 0.253580 0.516922 0.254174 0.523462 0.256850 0.527028 0.260416 0.529406 0.263984 0.531786 0.266660 0.540406 0.269038 0.543378 0.272606 0.547838 0.279740 0.549028 0.283308 0.550216 0.288064 0.550810 0.294902 0.550810 0.302630 0.547838 0.306494 0.540108 0.310360 0.517812 0.315710 0.511570 0.319872 0.506220 0.321954
1 0.442898 0.333844 0.433088 0.340980 0.431008 0.340384 0.438142 0.330574 0.440224 0.305900 0.448546 0.322250 0.451222 0.326412 0.450034 0.329386 0.452114 0.333844 0.456870 0.337412 0.459248 0.340682 0.460736 0.343952 0.457762 0.345438 0.449438 0.337114
1 0.429818 0.382004 0.424764 0.375464 0.426548 0.373086 0.434278 0.379328 0.437250 0.379626 0.437844 0.375166 0.441412 0.374870 0.440520 0.379032 0.440224 0.383788 0.442602 0.388246 0.442602 0.391220 0.439332 0.392112 0.436954 0.386464 0.434278 0.387058 0.433980 0.390328 0.431602 0.391516 0.430116 0.389138
0 0.446466 0.359410 0.471438 0.353762 0.502652 0.344250 0.509192 0.345438 0.512462 0.348114 0.513652 0.350790 0.515138 0.354060 0.516030 0.360600 0.516030 0.365356 0.518408 0.367140 0.519300 0.360898 0.519300 0.353762 0.525244 0.350492 0.526732 0.347816 0.540406 0.362978 0.544270 0.364168 0.546054 0.361788 0.538028 0.351978 0.538028 0.344546 0.532676 0.344844 0.532082 0.335034 0.537730 0.333250 0.541892 0.327008 0.540704 0.320170 0.539218 0.320764 0.537434 0.327304 0.533866 0.330872 0.533272 0.321062 0.531786 0.320764 0.529110 0.325818 0.525542 0.341574 0.521084 0.345736 0.517516 0.348114 0.507408 0.338898 0.504138 0.337412 0.470546 0.346330 0.451816 0.351384 0.444682 0.353168
0 0.494030 0.468810 0.491652 0.458108 0.486004 0.447108 0.471140 0.437596 0.459248 0.435216 0.450628 0.436406 0.466384 0.442352 0.471734 0.447702 0.475302 0.454242 0.476788 0.458404 0.471438 0.465540 0.468464 0.467918 0.458654 0.472376 0.448546 0.476538 0.440520 0.480106 0.433386 0.484566 0.430116 0.489024 0.424170 0.494672 0.424170 0.497646 0.450926 0.485160 0.459248 0.483970 0.466978 0.483674 0.470546 0.481592 0.472330 0.479214 0.477978 0.482782 0.483626 0.483970 0.488976 0.481592 0.492544 0.480998 0.495814 0.476242 0.495814 0.481592 0.492842 0.487240 0.484518 0.491998 0.483924 0.494078 0.486896 0.496754 0.491950 0.493780 0.492246 0.496754 0.480950 0.513996 0.484518 0.516076 0.493436 0.500916 0.498192 0.499726 0.498490 0.490510 0.500274 0.484862 0.500274 0.477430 0.504436 0.473566 0.504436 0.470594 0.502652 0.468214 0.500274 0.468810
0 0.456870 0.632314 0.456574 0.617450 0.451222 0.605558 0.450628 0.591586 0.455088 0.585640 0.459248 0.579398 0.463708 0.576128 0.468168 0.575236 0.473518 0.575236 0.475302 0.578802 0.471734 0.580290 0.466978 0.581478 0.464302 0.583262 0.464302 0.586234 0.470248 0.585938 0.475302 0.583262 0.476788 0.583262 0.477680 0.597532 0.482436 0.601396 0.489274 0.608530 0.493734 0.612396 0.498788 0.610612 0.494030 0.602586 0.485410 0.580290 0.485706 0.576722 0.491652 0.565426 0.493734 0.558290 0.491950 0.553534 0.488976 0.553534 0.485112 0.560074 0.482734 0.569588 0.474410 0.560372 0.464006 0.554724 0.455384 0.555616 0.451816 0.555912 0.448546 0.551156 0.444088 0.551156 0.446168 0.557398 0.447656 0.559182 0.441412 0.561264 0.439628 0.565426 0.441710 0.567208 0.449438 0.561560 0.458060 0.568696 0.452708 0.572262 0.447952 0.578506 0.445574 0.588910 0.443494 0.596044 0.446466 0.607638 0.451816 0.623098
0 0.287718 0.696228 0.284746 0.690580 0.281774 0.686716 0.279394 0.679878 0.280286 0.671554 0.287124 0.684634 0.289800 0.687904 0.292178 0.687310 0.288908 0.681958 0.286232 0.679284 0.285340 0.674230 0.287422 0.673338 0.292772 0.679284 0.295150 0.686418 0.297530 0.687608 0.298420 0.679878 0.301988 0.679284 0.303178 0.681958 0.301394 0.691174 0.299610 0.693850 0.299312 0.697714 0.302582 0.699796 0.303474 0.702470 0.295448 0.703362 0.294258 0.709902 0.293664 0.717038 0.290988 0.718524 0.288314 0.712282 0.287718 0.708416 0.288610 0.701580
0 0.389092 0.776790 0.396820 0.777682 0.400982 0.775602 0.406630 0.774116 0.414658 0.774412 0.421494 0.774710 0.426250 0.772628 0.431602 0.772332 0.437250 0.772332 0.443790 0.771738 0.446466 0.771738 0.446466 0.773818 0.444088 0.775602 0.443196 0.778574 0.445276 0.780358 0.447952 0.778872 0.450628 0.776494 0.451222 0.770250 0.456870 0.766386 0.459844 0.766386 0.464302 0.769358 0.471140 0.773520 0.474410 0.777088 0.477978 0.777386 0.475600 0.770548 0.461924 0.752712 0.458060 0.748846 0.456276 0.744090 0.456870 0.741118 0.453006 0.730118 0.451520 0.729524 0.450330 0.736658 0.448250 0.747658 0.421494 0.759252 0.396226 0.768466 0.392956 0.769656 0.389686 0.771440
1 0.494626 0.816032 0.479464 0.799978 0.480058 0.796412 0.500868 0.811572 0.502652 0.813654 0.505030 0.811870 0.507706 0.811276 0.510678 0.812762 0.512462 0.815438 0.512760 0.819600 0.510380 0.820490 0.507408 0.818708 0.502652 0.819896 0.502058 0.823760 0.497598 0.828518 0.495814 0.828814 0.494626 0.824652
1 0.394144 0.805924 0.402468 0.810086 0.410198 0.810978 0.413170 0.809492 0.409604 0.804438 0.400684 0.801168 0.397118 0.800574 0.395036 0.789276 0.392956 0.785710 0.389982 0.783330 0.388200 0.782440 0.387604 0.786304 0.389982 0.795816 0.390578 0.800276 0.389388 0.803546 0.384930 0.805032 0.383740 0.807114 0.383740 0.810086 0.390280 0.812464 0.392064 0.809788
0 0.381064 0.856164 0.377498 0.859138 0.363228 0.850516 0.364120 0.848138 0.379280 0.849326 0.381362 0.846354 0.383740 0.847246 0.386118 0.849326 0.387902 0.852300 0.400684 0.848138 0.415846 0.848138 0.425360 0.850516 0.427142 0.850516 0.427738 0.844274 0.431602 0.843976 0.431602 0.849030 0.433386 0.849922 0.433980 0.857056 0.437548 0.858246 0.439034 0.862110 0.442304 0.858542 0.448546 0.855272 0.456870 0.857056 0.460140 0.859138 0.460140 0.863894 0.459248 0.868948 0.456574 0.875190 0.450330 0.882622 0.444088 0.890648 0.437844 0.899864 0.433682 0.903432 0.431304 0.904918 0.432792 0.896594 0.436954 0.891540 0.439926 0.888866 0.439332 0.883216 0.444980 0.881136 0.451520 0.875190 0.454492 0.868650 0.453600 0.863596 0.451816 0.861812 0.449142 0.860920 0.446466 0.860920 0.445574 0.865678 0.447060 0.869244 0.449142 0.870434 0.449736 0.872812 0.443790 0.875784 0.440818 0.872514 0.430412 0.870434 0.422090 0.868948 0.418224 0.867758 0.417630 0.870434 0.415252 0.872812 0.412278 0.870732 0.412576 0.866866 0.408116 0.861516 0.405144 0.854976 0.401874 0.855570 0.392064 0.855570 0.397414 0.861218 0.398010 0.865380 0.396820 0.866866 0.389982 0.861516 0.388496 0.864488 0.386416 0.866866 0.383146 0.867164 0.380768 0.865678 0.384038 0.863894 0.384930 0.860624 0.384334 0.857650
0 0.352822 0.996480 0.360254 0.986372 0.365904 0.980428 0.367686 0.975374 0.377498 0.975670 0.384038 0.972400 0.392956 0.970022 0.401874 0.970320 0.409604 0.970022 0.410496 0.973292 0.410198 0.977752 0.401874 0.977752 0.396226 0.975968 0.392064 0.975670 0.390280 0.977752 0.393550 0.980130 0.395334 0.981914 0.395928 0.993508 0.399496 0.994400 0.399794 0.982806 0.407522 0.982508 0.410792 0.983698 0.420900 0.982210 0.439332 0.972996 0.439332 0.968536 0.436954 0.966456 0.433980 0.965564 0.434872 0.960510 0.431602 0.954862 0.429522 0.952780 0.426548 0.950996 0.427142 0.955752 0.428034 0.964968 0.425954 0.966752 0.418522 0.966158 0.414360 0.960510 0.412874 0.956644 0.409604 0.953672 0.408712 0.942376 0.406334 0.941186 0.403956 0.947132 0.404252 0.955752 0.408414 0.958726 0.408414 0.962294 0.387902 0.961104 0.375714 0.962888 0.367092 0.970320 0.362930 0.972698 0.351932 0.988454 0.347472 0.995886 0.345704 0.998046 0.349610 0.998046
1 0.351466 0.389154 0.351944 0.377694 0.348602 0.373396 0.343826 0.373874 0.341438 0.377216 0.342394 0.384856 0.339052 0.386766 0.339528 0.392020 0.343826 0.398704 0.344782 0.405868 0.350990 0.404912 0.351944 0.400138 0.356242 0.398704 0.365794 0.396794 0.365316 0.391542 0.359586 0.389632
1 0.224442 0.946440 0.230650 0.941186 0.233992 0.937366 0.232082 0.932590 0.226830 0.937366 0.225398 0.931158 0.223010 0.927338 0.219666 0.934502 0.218234 0.939276 0.213936 0.943096 0.213936 0.946918 0.213458 0.952648 0.210116 0.953602 0.209162 0.959332 0.211072 0.961720 0.214414 0.955036 0.217756 0.955990 0.219666 0.961244 0.223488 0.967928 0.227784 0.971748 0.230650 0.975570 0.234470 0.977956 0.234948 0.972704 0.233038 0.966018 0.225398 0.957422 0.228262 0.955990 0.227308 0.951214
0 0.451502 0.630624 0.450776 0.641858 0.444254 0.652728 0.441356 0.657438 0.442804 0.663598 0.456212 0.665772 0.456938 0.659250 0.459112 0.644032 0.459836 0.626638 0.465272 0.626638 0.464546 0.645842 0.475056 0.655264 0.474330 0.663236 0.471070 0.661062 0.469620 0.654902 0.465272 0.651278 0.462010 0.650554 0.461648 0.665048 0.464184 0.661062 0.467808 0.661786 0.478678 0.668672 0.479404 0.672296 0.477592 0.686428 0.480128 0.689326 0.481940 0.691862 0.480490 0.694400 0.475418 0.692950 0.469258 0.702372 0.464546 0.703096 0.464546 0.699834 0.469258 0.692950 0.465996 0.688964 0.463822 0.684978 0.463460 0.680992 0.435558 0.679542 0.431572 0.676282 0.434834 0.671932 0.433384 0.662512 0.438818 0.648742 0.445704 0.636422 0.446790 0.631348
1 0.930786 0.170350 0.923666 0.166280 0.917054 0.162212 0.913492 0.155090 0.912984 0.140848 0.920104 0.127624 0.929260 0.123556 0.940450 0.120504 0.948588 0.121012 0.957234 0.129150 0.963846 0.136272 0.963846 0.144918 0.962320 0.152548 0.958252 0.160176 0.950622 0.163736 0.945536 0.164754 0.939432 0.166280
0 0.901794 0.227316 0.904338 0.219686 0.909932 0.210022 0.915528 0.205444 0.923156 0.201884 0.929768 0.201376 0.937398 0.199340 0.938924 0.205952 0.941976 0.209514 0.942994 0.216634 0.946554 0.225280 0.951132 0.231892 0.954182 0.241048 0.954182 0.256816 0.956726 0.260376 0.958760 0.249186 0.957234 0.229858 0.952148 0.214600 0.947570 0.204936 0.952148 0.204936 0.960796 0.204936 0.969442 0.206462 0.970458 0.199850 0.959778 0.195272 0.952148 0.196290 0.947062 0.198324 0.944520 0.198832 0.940450 0.188152 0.942994 0.183064 0.941468 0.178996 0.938416 0.178996 0.934856 0.180014 0.931804 0.188152 0.909424 0.187134 0.907898 0.190694 0.923156 0.194764 0.910442 0.202902 0.903320 0.210530 0.899760 0.220194
0 0.923642 0.311220 0.916028 0.305130 0.912220 0.291424 0.914884 0.281144 0.915646 0.274672 0.913362 0.272006 0.913362 0.266296 0.915266 0.265152 0.935444 0.274290 0.938870 0.270864 0.943820 0.265534 0.951054 0.261726 0.956764 0.259822 0.965140 0.258680 0.973898 0.256016 0.978466 0.256016 0.983034 0.256396 0.987604 0.257920 0.991410 0.262868 0.994076 0.267438 0.981892 0.271244 0.968948 0.273910 0.965140 0.276574 0.967426 0.283048 0.964760 0.284190 0.958288 0.276194 0.952196 0.277336 0.944962 0.283048 0.944582 0.287616 0.941916 0.291042 0.938110 0.293326 0.937728 0.290662 0.938870 0.280762 0.933540 0.281904 0.922500 0.283808 0.919454 0.285332 0.917550 0.292184 0.918692 0.299418 0.922118 0.302084 0.924022 0.303986 0.930114 0.305510 0.931636 0.299798 0.933540 0.296372 0.937348 0.297134 0.938490 0.303226 0.942678 0.302084 0.946104 0.305510 0.943440 0.321120 0.940394 0.320738 0.940394 0.310078 0.937348 0.308936
0 0.888614 0.328354 0.893564 0.357288 0.893184 0.370234 0.896230 0.370614 0.895848 0.361096 0.900036 0.361096 0.906890 0.369472 0.906128 0.373280 0.893184 0.378990 0.887472 0.382416 0.884046 0.374422 0.881380 0.370994 0.876812 0.374422 0.882588 0.385780 0.879606 0.393980 0.869916 0.397706 0.862462 0.398452 0.863048 0.403912 0.868890 0.407252 0.881828 0.405582 0.889756 0.400574 0.896434 0.394314 0.910206 0.397236 0.921892 0.392644 0.927734 0.385550 0.929822 0.385132 0.931908 0.390976 0.932326 0.399740 0.936498 0.397236 0.935246 0.382212 0.938168 0.375534 0.933994 0.368856 0.929404 0.370108 0.925230 0.373864 0.922310 0.364684 0.917302 0.356754 0.915214 0.350494 0.915214 0.345068 0.912710 0.346320 0.912294 0.355920 0.916050 0.363848 0.918970 0.369274 0.920222 0.374282 0.919388 0.378038 0.914380 0.369692 0.909788 0.359676 0.911040 0.355920 0.908120 0.351746 0.904364 0.352580 0.897686 0.337140
0 0.903528 0.454410 0.898104 0.457750 0.894764 0.463592 0.892260 0.473608 0.895600 0.483206 0.900190 0.489884 0.906450 0.496978 0.909788 0.502822 0.909372 0.509082 0.906032 0.507830 0.898520 0.498230 0.890174 0.483206 0.887252 0.467766 0.892678 0.451906 0.890592 0.450238 0.880992 0.454828 0.868056 0.453994 0.866386 0.450238 0.874732 0.448568 0.892260 0.443560 0.888088 0.431874 0.888922 0.426448 0.900190 0.437300 0.904780 0.440222 0.916466 0.425196 0.927318 0.416432 0.932742 0.415598 0.918970 0.434378 0.920222 0.437300 0.926482 0.434378 0.928986 0.437718 0.925648 0.438970 0.918970 0.439804 0.915214 0.443560 0.917302 0.447316 0.932742 0.442308 0.941924 0.438970 0.946932 0.436048 0.950688 0.433962 0.954444 0.435214 0.952774 0.442308 0.930238 0.451490 0.912710 0.454828
0 0.887252 0.539964 0.855952 0.555822 0.841764 0.557492 0.839676 0.554154 0.839260 0.546642 0.842598 0.545390 0.845936 0.549980 0.855118 0.544972 0.871812 0.537878 0.872646 0.533704 0.871812 0.528278 0.880158 0.528278 0.888504 0.533286 0.891844 0.534122 0.893512 0.529530 0.896016 0.527862 0.900190 0.527026 0.901024 0.519932 0.901442 0.514924 0.903112 0.506160 0.908536 0.509916 0.910206 0.513672 0.907284 0.514506 0.906032 0.525358 0.906032 0.529114 0.915632 0.521602 0.921058 0.516176 0.928152 0.515758 0.930238 0.519514 0.915214 0.532034 0.906032 0.536208 0.898520 0.536626 0.896852 0.540798
1 0.870676 0.607176 0.886226 0.609072 0.890776 0.606038 0.875228 0.596556 0.855886 0.591626 0.853610 0.595418 0.857782 0.599590 0.862334 0.600728 0.855506 0.607934 0.856266 0.612484 0.860436 0.614382 0.863850 0.606416 0.866884 0.603762
0 0.864988 0.687576 0.877504 0.674682 0.876366 0.668614 0.872194 0.667476 0.868780 0.669752 0.863470 0.679232 0.860436 0.683404 0.860436 0.690230 0.870298 0.695540 0.885468 0.701608 0.886604 0.705022 0.884330 0.708056 0.855886 0.697816 0.844130 0.684542 0.844888 0.675820 0.858162 0.661408 0.880916 0.653444 0.904808 0.659132 0.918462 0.675440 0.919978 0.678474 0.916944 0.677716 0.906326 0.670130 0.897982 0.667854 0.888122 0.663684 0.883192 0.666718 0.881674 0.672406 0.880538 0.679612 0.877124 0.684542 0.871436 0.687956 0.868780 0.689852
0 0.819478 0.868856 0.825926 0.862030 0.821374 0.849894 0.823650 0.844964 0.827822 0.853308 0.830856 0.857858 0.838440 0.855204 0.839958 0.851032 0.841854 0.845722 0.846404 0.842308 0.847922 0.836240 0.851714 0.829414 0.854368 0.821450 0.852094 0.819554 0.848300 0.818416 0.847164 0.813486 0.855886 0.796420 0.858920 0.793766 0.860436 0.798316 0.854368 0.807798 0.855886 0.815004 0.857782 0.826760 0.859300 0.833966 0.855128 0.846860 0.875606 0.864684 0.877882 0.879476 0.874848 0.884784 0.866504 0.885922 0.871056 0.880234 0.872572 0.873408 0.871056 0.867340 0.854368 0.851410 0.852094 0.851410 0.851334 0.855204 0.863850 0.866580 0.863470 0.871890 0.861954 0.872648 0.855128 0.868476 0.853990 0.871132 0.852094 0.870374 0.849060 0.859376 0.847164 0.859754 0.847542 0.868476 0.845266 0.873028 0.841096 0.874544 0.841096 0.871890 0.843370 0.863926 0.841854 0.863546 0.833890 0.870374 0.831234 0.874544 0.830476 0.878716 0.836544 0.879854 0.843750 0.879854 0.853610 0.878716 0.857024 0.879476 0.851334 0.884026 0.840336 0.887060 0.830856 0.887060 0.826684 0.883268 0.823270 0.877958
0 0.829718 0.832070 0.830098 0.820692 0.830476 0.799074 0.849060 0.792628 0.863470 0.793006 0.875606 0.793006 0.882812 0.800212 0.883192 0.822208 0.886604 0.849136 0.891914 0.866960 0.897604 0.873028 0.901396 0.869614 0.894570 0.858238 0.891156 0.840034 0.890776 0.811210 0.888122 0.785422 0.875606 0.786180 0.875986 0.777458 0.887742 0.763046 0.896844 0.752428 0.893052 0.750530 0.877504 0.766460 0.872572 0.775562 0.871436 0.782008 0.864230 0.789214 0.853232 0.789214 0.845646 0.789214 0.838440 0.786560 0.832752 0.783146 0.829718 0.791490 0.824408 0.799454 0.824030 0.807038 0.825926 0.822968
1 0.933632 0.929916 0.924150 0.940534 0.920358 0.937120 0.919978 0.932190 0.916186 0.929916 0.913532 0.931052 0.910876 0.928778 0.906706 0.929536 0.905946 0.936362 0.902912 0.937120 0.901396 0.929156 0.899500 0.920814 0.900258 0.916642 0.902912 0.918158 0.905568 0.923468 0.908602 0.918916 0.908602 0.913986 0.910498 0.911332 0.915808 0.911332 0.919978 0.910952 0.924530 0.904884 0.925668 0.901472 0.929840 0.899576 0.933252 0.899576 0.937804 0.899576 0.942354 0.899576 0.945768 0.901850 0.945768 0.896542 0.945388 0.893128 0.950698 0.891990 0.952974 0.895782 0.954490 0.898816 0.960180 0.901850 0.963592 0.904884 0.963972 0.909436 0.962454 0.911712 0.958662 0.915504 0.956766 0.919296 0.958282 0.922330 0.960558 0.924226 0.960558 0.928018 0.958662 0.929916 0.953732 0.930294 0.948044 0.926122 0.945010 0.928018 0.948044 0.932190 0.949180 0.934086 0.949560 0.937880 0.947284 0.941292 0.944630 0.934846 0.943112 0.931432 0.940838 0.931432
0 0.823650 0.985286 0.820616 0.972770 0.818340 0.973908 0.813790 0.980354 0.810376 0.980734 0.812652 0.973150 0.817962 0.966322 0.824788 0.957600 0.829338 0.956462 0.831234 0.962910 0.832752 0.971632 0.833890 0.978838 0.835406 0.979976 0.842992 0.972012 0.850956 0.976942 0.853448 0.980670 0.850110 0.982338 0.844268 0.980252 0.840094 0.985260 0.837590 0.990268 0.837890 0.998046 0.826322 0.997780 0.827156 0.988598
1 0.971942 0.989784 0.975022 0.985780 0.974406 0.964216 0.970710 0.962058 0.968860 0.968528 0.966704 0.974998 0.966396 0.986704 0.963624 0.987936 0.962392 0.991942 0.963316 0.996254 0.968244 0.995946 0.972656 0.998046 0.980468 0.998046
1 0.036658 0.017484 0.034952 0.027720 0.034526 0.043924 0.042202 0.059702 0.049878 0.068232 0.046040 0.070364 0.036230 0.056290 0.031114 0.041366 0.031114 0.029424 0.020878 0.027720 0.016188 0.025160 0.018320 0.021322 0.030260 0.024308 0.031966 0.014926 0.031966 0.010662 0.028554 0.009808 0.017468 0.011514 0.002542 0.017058 0.000410 0.011088 0.007232 0.008102 0.018320 0.002986 0.025996 0.000000 0.034098 0.006396 0.037510 0.010662 0.040496 0.006824 0.045186 0.011940 0.050304 0.011940 0.050304 0.006396 0.048598 0.000852 0.054142 0.004264 0.055420 0.013220 0.053716 0.016632 0.042202 0.016204
1 0.006806 0.219194 0.005954 0.229854 0.006380 0.236252 0.004248 0.236678 0.002116 0.232414 0.001262 0.236252 0.002968 0.242648 0.008086 0.244780 0.013202 0.238810 0.016188 0.239662 0.021306 0.233266 0.024716 0.217062 0.024290 0.209812 0.020878 0.208532 0.017040 0.212796 0.014908 0.219194
1 0.408242 0.584712 0.412838 0.578584 0.418198 0.578202 0.418582 0.580116 0.415900 0.584712 0.415518 0.590074 0.413602 0.592372 0.404794 0.591606 0.400966 0.590074 0.399816 0.585860 0.403262 0.583946
1 0.311630 0.841880 0.313804 0.834270 0.308732 0.824850 0.305832 0.819052 0.310544 0.817964 0.315616 0.822676 0.318516 0.827386 0.325400 0.830284 0.327936 0.831734 0.323950 0.834270 0.316704 0.834634 0.316704 0.839344 0.324676 0.838256 0.326488 0.839344 0.324312 0.842604 0.311992 0.848040 0.310544 0.850940 0.307644 0.851664 0.305832 0.846590 0.304384 0.843330 0.301484 0.840794 0.302934 0.838618 0.306920 0.839344
1 0.291126 0.851180 0.297650 0.848732 0.297242 0.845062 0.293572 0.843840 0.286640 0.843432 0.284602 0.846694 0.285418 0.863004 0.290718 0.860558
1 0.989860 0.003202 0.986658 0.008538 0.987192 0.014408 0.980788 0.015476 0.973852 0.008538 0.969582 0.005336 0.963712 0.005336 0.948236 0.004802 0.940232 0.004802 0.927424 0.003202 0.923690 0.009606 0.915152 0.011206 0.916752 0.006404
1 0.013470 0.387392 0.012628 0.379816 0.016416 0.379816 0.021468 0.381920 0.025676 0.382762 0.024834 0.377290 0.017680 0.373922 0.013890 0.375186 0.010944 0.376448 0.005472 0.373502 0.002526 0.373080 0.000000 0.374344 0.000420 0.378974 0.005472 0.379394 0.008840 0.381078
1 0.335062 0.732136 0.329168 0.722876 0.326644 0.715720 0.327486 0.705196 0.332116 0.704354 0.336746 0.706880 0.339272 0.704776 0.341796 0.700566 0.340534 0.690884 0.344322 0.690884 0.347268 0.698040 0.350636 0.701828 0.353162 0.699724 0.356108 0.692988 0.356950 0.689200 0.361580 0.693410 0.363264 0.702250 0.367474 0.707300 0.370000 0.711930 0.370420 0.716562 0.365370 0.719508 0.358214 0.716982 0.354004 0.717824 0.349794 0.720350 0.346006 0.726664 0.345164 0.731294 0.338850 0.734240
1 0.371544 0.091056 0.361448 0.086396 0.354070 0.086008 0.350964 0.083678 0.353294 0.080572 0.358730 0.079794 0.368438 0.080960 0.373098 0.083678 0.376592 0.083290 0.383582 0.083290 0.388240 0.086008 0.387852 0.089114 0.381640 0.091056 0.376592 0.092608 0.375816 0.100762 0.374650 0.106198 0.371932 0.107364 0.369602 0.099210