1 0.168834 0.282080 0.167828 0.268346 0.159788 0.263656 0.139016 0.258294 0.127292 0.263656 0.117576 0.271360 0.118582 0.296822 0.136672 0.312568 0.141698 0.314578 0.165818 0.303522 0.169168 0.298162 0.170174 0.285430
1 0.318918 0.252600 0.304514 0.257624 0.300158 0.261980 0.304178 0.267006 0.307194 0.277390 0.317914 0.299502 0.332990 0.300842 0.347394 0.299166 0.361466 0.294142 0.346390 0.284090 0.358116 0.274710 0.350410 0.269016 0.345720 0.262986 0.344380 0.258294 0.328300 0.251594
1 0.403146 0.854080 0.397462 0.843912 0.386096 0.843314 0.373834 0.846006 0.370842 0.850790 0.363364 0.849296 0.356186 0.847202 0.358878 0.852286 0.363066 0.857072 0.361272 0.862156 0.356486 0.868438 0.364262 0.870232 0.371142 0.873224 0.375928 0.872026 0.376526 0.879504 0.375030 0.884290 0.384002 0.875616 0.392976 0.877410 0.400154 0.869336 0.395668 0.862754 0.398060 0.859464
0 0.125880 0.924968 0.122888 0.930950 0.122888 0.941718 0.109728 0.955776 0.100754 0.960560 0.087894 0.963850 0.089988 0.965944 0.085500 0.973422 0.090884 0.982394 0.090884 0.985386 0.087894 0.990770 0.087894 0.997050 0.091482 0.989574 0.096268 0.980002 0.108532 0.974918 0.118102 0.969832 0.121094 0.963552 0.124084 0.953980 0.136348 0.947102 0.137246 0.944110 0.124384 0.945306 0.126776 0.942016 0.126478 0.932146
0 0.248242 0.002930 0.256640 0.034960 0.256640 0.029688 0.255664 0.010938
0 0.207226 0.052734 0.223242 0.071290 0.236718 0.076562 0.241210 0.076758 0.225390 0.064844 0.228320 0.067774 0.245312 0.066796 0.256054 0.072070 0.267774 0.087500 0.263672 0.093360 0.257032 0.109180 0.242578 0.119336 0.241406 0.124414 0.245704 0.123828 0.256640 0.115040 0.263282 0.098046 0.268164 0.083008 0.268554 0.080664 0.277148 0.088282 0.280664 0.099610 0.286328 0.109376 0.283008 0.088086 0.269922 0.070898 0.257812 0.058204 0.246484 0.058204 0.228516 0.058204 0.223828 0.058398 0.218554 0.053906 0.212500 0.050586
0 0.205664 0.144726 0.223242 0.160156 0.229102 0.171876 0.230664 0.179296 0.220508 0.181640 0.206640 0.185742 0.217578 0.186914 0.230078 0.185352 0.246094 0.177344 0.250782 0.168164 0.252930 0.152734 0.250782 0.149610 0.249414 0.152930 0.228320 0.152344 0.222852 0.154492 0.229102 0.164454 0.234376 0.178906 0.237890 0.175586 0.243946 0.166016 0.249024 0.156446 0.250390 0.149610 0.253320 0.148046 0.271290 0.147070 0.300000 0.144726 0.299414 0.141016 0.305664 0.139454 0.320898 0.138476 0.312890 0.135156 0.298242 0.137304 0.280664 0.138086 0.272656 0.136132 0.246680 0.136524 0.242382 0.142578 0.239258 0.135742 0.240234 0.127734 0.234376 0.128906 0.223438 0.136914 0.207226 0.138476
0 0.192382 0.220508 0.197460 0.227148 0.199218 0.235156 0.210546 0.245898 0.212500 0.259374 0.215820 0.262304 0.208984 0.265234 0.212696 0.269726 0.221874 0.281640 0.234376 0.292188 0.225976 0.283398 0.217188 0.274414 0.217382 0.269140 0.227148 0.266406 0.235352 0.264648 0.255860 0.271484 0.258790 0.263086 0.258204 0.258398 0.240040 0.256836 0.223242 0.253516 0.218164 0.242774 0.211718 0.237500 0.203906 0.227148 0.196094 0.217774 0.192188 0.218360
0 0.211132 0.330860 0.209570 0.352930 0.200390 0.334766 0.196874 0.339844 0.183204 0.353516 0.179492 0.350390 0.173632 0.334376 0.169922 0.330078 0.168946 0.336524 0.172852 0.355274 0.174804 0.357422 0.163868 0.360938 0.174414 0.363476 0.197070 0.361524 0.203124 0.356446 0.193554 0.355274 0.196874 0.349610 0.202148 0.351758 0.205664 0.364454 0.206250 0.376562 0.223242 0.388672 0.241210 0.396290 0.250586 0.397266 0.262110 0.394532 0.274804 0.378710 0.265430 0.387304 0.249024 0.393164 0.212110 0.375000 0.207618 0.361132 0.210546 0.357812 0.212890 0.361132 0.237890 0.360938 0.270898 0.363086 0.256446 0.357618 0.239454 0.357812 0.218360 0.354492 0.213086 0.343750 0.213476 0.333398 0.213086 0.331054
0 0.177540 0.429882 0.176758 0.441992 0.182226 0.456836 0.189844 0.458984 0.192382 0.458008 0.192968 0.467968 0.193750 0.477344 0.199414 0.497852 0.210938 0.504688 0.204102 0.500196 0.198046 0.481054 0.197266 0.469532 0.199414 0.460352 0.196094 0.455468 0.187500 0.450196 0.183594 0.440430 0.182422 0.433984
1 0.121290 0.509570 0.154102 0.496290 0.153320 0.500782 0.143750 0.508790 0.136524 0.514454 0.134180 0.519140 0.127344 0.532618 0.124218 0.533790 0.125782 0.524218 0.127540 0.514258 0.133008 0.515234 0.133594 0.510938 0.127148 0.511524
0 0.189454 0.509180 0.183984 0.523632 0.180468 0.541602 0.179492 0.556640 0.171680 0.558204 0.166602 0.557032 0.160352 0.550196 0.143164 0.539648 0.133398 0.542774 0.133790 0.549024 0.162696 0.558594 0.169140 0.560156 0.175976 0.559960 0.173438 0.565040 0.177148 0.569726 0.190430 0.581446 0.193554 0.591210 0.195704 0.626172 0.198828 0.617774 0.198046 0.593946 0.192578 0.574414 0.183008 0.565820 0.178320 0.561328 0.184766 0.550196 0.184376 0.536718 0.187696 0.520312 0.189454 0.512304 0.189844 0.511328
0 0.120312 0.669726 0.137500 0.663868 0.144532 0.668164 0.154688 0.671290 0.156054 0.676368 0.166210 0.679688 0.181446 0.679296 0.187890 0.682032 0.185742 0.683594 0.182226 0.685742 0.188282 0.688476 0.196680 0.695704 0.202540 0.697852 0.201172 0.703710 0.208398 0.716016 0.191992 0.705274 0.187696 0.702344 0.186524 0.713086 0.166602 0.719922 0.180468 0.711914 0.185156 0.705664 0.174024 0.694922 0.163868 0.690430 0.158984 0.702734 0.148828 0.707226 0.141210 0.702930 0.141992 0.699610 0.129296 0.689844 0.125196 0.685742 0.135156 0.687110 0.139062 0.690430 0.147656 0.696874 0.153516 0.695704 0.159766 0.689062 0.146094 0.685352 0.145118 0.676368 0.134960 0.675976 0.123632 0.672656
0 0.066016 0.806054 0.078320 0.805274 0.090624 0.800782 0.106640 0.791406 0.119922 0.786132 0.115430 0.784376 0.095118 0.773632 0.095704 0.768554 0.097656 0.768164 0.106640 0.772070 0.119922 0.780468 0.130078 0.777344 0.132618 0.780468 0.146876 0.769726 0.151172 0.765624 0.160742 0.767968 0.198046 0.775196 0.201562 0.780664 0.203320 0.786328 0.188282 0.778320 0.181054 0.778320 0.174024 0.779296 0.161914 0.776562 0.152540 0.782618 0.140624 0.790624 0.126954 0.795118 0.120508 0.802734 0.103710 0.808204 0.091406 0.811132 0.075976 0.808594
1 0.055078 0.804296 0.044922 0.806054 0.037500 0.808594 0.036132 0.810156 0.027148 0.814844 0.025390 0.823828 0.025976 0.826172 0.034376 0.817578 0.036328 0.818164 0.035156 0.822070 0.042188 0.819336 0.042578 0.815430 0.038672 0.816016 0.034766 0.814454 0.040234 0.811914 0.053516 0.810156 0.057422 0.808398
0 0.089454 0.858008 0.095118 0.856054 0.100782 0.854688 0.134570 0.848828 0.138282 0.847852 0.137890 0.851954 0.131446 0.856446 0.126954 0.860352 0.128906 0.868554 0.138282 0.881836 0.149610 0.891016 0.160742 0.901758 0.167774 0.906446 0.179102 0.900390 0.181054 0.900782 0.175782 0.909180 0.161524 0.910156 0.149610 0.901368 0.134570 0.883398 0.133204 0.886524 0.130274 0.897852 0.118750 0.902540 0.099024 0.908790 0.112696 0.901172 0.125390 0.893946 0.131446 0.885742 0.128710 0.875782 0.123242 0.872070 0.114454 0.875976 0.094336 0.871094 0.091016 0.860742 0.095898 0.861328 0.100000 0.862696 0.113672 0.868360 0.119336 0.868750 0.123438 0.868946 0.119922 0.859960 0.121680 0.856054 0.110352 0.857812 0.099024 0.859766 0.091992 0.859766
1 0.080860 0.904102 0.077930 0.908398 0.084960 0.915624 0.084180 0.918554 0.081054 0.923046 0.088672 0.918946 0.091992 0.923046 0.101172 0.922460 0.095898 0.918164 0.090234 0.916602 0.087696 0.913672 0.083790 0.908008
1 0.022070 0.906250 0.025976 0.919922 0.027148 0.924024 0.023438 0.928516 0.017774 0.920508 0.012110 0.915430 0.001758 0.917188 0.006250 0.921484 0.013086 0.920704 0.007618 0.924218 0.015040 0.923828 0.016210 0.922852 0.020898 0.930664 0.025196 0.934960 0.036718 0.938476 0.043164 0.931446 0.043554 0.928320 0.032812 0.934374 0.028320 0.931446 0.029296 0.924804 0.031836 0.920898 0.037500 0.915624 0.038086 0.911718 0.031446 0.913282 0.027930 0.915820 0.026562 0.908984
1 0.414804 0.158768 0.398754 0.152348 0.385420 0.155064 0.386160 0.166916 0.384926 0.178522 0.392828 0.181238 0.397272 0.179756 0.405420 0.176794 0.417272 0.166176
1 0.478014 0.154818 0.471594 0.159262 0.476040 0.166176 0.469126 0.166670 0.453570 0.166670 0.463940 0.169386 0.465668 0.178028 0.470112 0.181978 0.483940 0.185930 0.491594 0.184448 0.499744 0.179016 0.502706 0.175560 0.501966 0.169880 0.497274 0.161238 0.492336 0.152842 0.489372 0.160990 0.484682 0.158768
0 0.401222 0.175806 0.402458 0.190374 0.411100 0.200992 0.420482 0.212102 0.431346 0.219264 0.437766 0.228894 0.443446 0.236300 0.457768 0.241240 0.457768 0.245684 0.449618 0.253338 0.453570 0.254326 0.454804 0.259758 0.450854 0.279264 0.453570 0.296796 0.453076 0.278770 0.455544 0.250622 0.459742 0.248646 0.467396 0.257042 0.479496 0.278030 0.493324 0.294820 0.482952 0.277042 0.474064 0.264202 0.477026 0.255066 0.477768 0.252598 0.468384 0.250128 0.478508 0.250376 0.465174 0.243214 0.458508 0.235808 0.452582 0.226918 0.450360 0.219510 0.440730 0.216054 0.431100 0.208152 0.420482 0.201980 0.408136 0.192102 0.404926 0.181732
1 0.273318 0.722730 0.284184 0.735570 0.279986 0.741250 0.292826 0.739768 0.293814 0.742730 0.303196 0.742484 0.298752 0.737298 0.292578 0.736064 0.287394 0.734830 0.282454 0.726682
0 0.352332 0.694334 0.354062 0.718038 0.355790 0.728162 0.369370 0.739274 0.364926 0.738780 0.358752 0.742484 0.361716 0.759028 0.366160 0.770138 0.370852 0.783472 0.373814 0.795572 0.373568 0.799276 0.374556 0.784460 0.372334 0.775818 0.363692 0.749398 0.363198 0.743966 0.372828 0.742730 0.376038 0.742484 0.387890 0.753842 0.395296 0.762978 0.408878 0.778286 0.433076 0.790632 0.427644 0.784460 0.411346 0.772114 0.404186 0.753348 0.390606 0.741002 0.373814 0.735818 0.371840 0.728162 0.368630 0.718780 0.366408 0.722484 0.358752 0.714336 0.355790 0.707422 0.355296 0.696556
1 0.403198 0.687668 0.399248 0.691372 0.396532 0.698286 0.386902 0.698532 0.376778 0.691124 0.372086 0.688902 0.373074 0.695816 0.381716 0.701496 0.379988 0.706434 0.388876 0.716804 0.396284 0.724706 0.394556 0.729398 0.393074 0.741002 0.398260 0.733348 0.408136 0.725200 0.420976 0.722978 0.420976 0.717792 0.416532 0.706680 0.414804 0.688902 0.412828 0.686186 0.410358 0.691866
0 0.328628 0.803720 0.345420 0.815078 0.348630 0.814090 0.356778 0.821992 0.353074 0.829152 0.343444 0.840758 0.340974 0.845448 0.341716 0.862734 0.350358 0.881006 0.365420 0.896314 0.360976 0.887178 0.344678 0.864214 0.346160 0.852856 0.349616 0.842732 0.354308 0.844708 0.365914 0.845202 0.376284 0.841498 0.384926 0.837548 0.391100 0.838042 0.404680 0.841746 0.414062 0.841746 0.422210 0.850882 0.427890 0.864462 0.428630 0.873844 0.427396 0.854090 0.419000 0.838536 0.401222 0.829152 0.382950 0.823474 0.366408 0.828164 0.363692 0.818534 0.354062 0.808412 0.338012 0.803966
0 0.352086 0.935820 0.341716 0.953600 0.345914 0.961748 0.327888 0.949648 0.327148 0.953600 0.334554 0.963476 0.334308 0.967920 0.330358 0.978784 0.334308 0.997550 0.333984 0.998046 0.336530 0.975080 0.338012 0.970884 0.350358 0.967180 0.360976 0.968414 0.361222 0.970636 0.347888 0.982736 0.345420 0.992366 0.344926 0.995822 0.347656 0.998046 0.357024 0.998044 0.359988 0.993352 0.369124 0.996070 0.373046 0.998046 0.374062 0.991624 0.364678 0.990144 0.357272 0.992118 0.351098 0.995576 0.348876 0.991130 0.356530 0.980760 0.365172 0.969896 0.367148 0.968908 0.377518 0.984464 0.392334 0.995082 0.397518 0.997550 0.394556 0.993352 0.381716 0.980760 0.367148 0.964710 0.370604 0.955574 0.378012 0.954340 0.388382 0.957056 0.383198 0.950390 0.365666 0.941746 0.354802 0.931130 0.351346 0.927426 0.350852 0.933352
1 0.388876 0.968662 0.396038 0.970390 0.409372 0.965698 0.409864 0.969402 0.399988 0.972858 0.398754 0.977056 0.402458 0.985698 0.395790 0.981748 0.395790 0.975328 0.392580 0.972364 0.385666 0.971872 0.386408 0.969896
1 0.495052 0.623222 0.489372 0.632358 0.472582 0.634334 0.488138 0.635568 0.489620 0.641742 0.495546 0.648902 0.491348 0.638284 0.498014 0.628408
0 0.419494 0.618284 0.411346 0.619272 0.406902 0.624456 0.397766 0.631370 0.385666 0.631370 0.380976 0.635074 0.379494 0.649642 0.378260 0.662730 0.380482 0.679766 0.385914 0.688162 0.383692 0.676310 0.380728 0.663222 0.385174 0.646680 0.390852 0.640754 0.392580 0.641248 0.398506 0.646680 0.397518 0.639766 0.400482 0.636556 0.418260 0.630630 0.422458 0.627420 0.428878 0.637544 0.439248 0.650878 0.448878 0.660014 0.438754 0.642482 0.423198 0.627914 0.425174 0.620260
1 0.380976 0.594826 0.381470 0.607172 0.379988 0.617790 0.368876 0.622976 0.364926 0.630136 0.381964 0.620506 0.389618 0.620260 0.388382 0.617544 0.384432 0.615568 0.383938 0.602974
1 0.278258 0.593838 0.283196 0.603468 0.273072 0.618284 0.287888 0.606184 0.282208 0.592110
1 0.493324 0.572850 0.481718 0.576554 0.472336 0.582728 0.469126 0.589394 0.473076 0.603222 0.491348 0.601740 0.509866 0.599272 0.522460 0.592110 0.522706 0.587666 0.513076 0.595568 0.506904 0.592852 0.503200 0.584210 0.498262 0.574332
0 0.362950 0.547666 0.373814 0.538282 0.387396 0.524948 0.390852 0.520010 0.397766 0.520504 0.405668 0.528652 0.407396 0.529640 0.408878 0.526184 0.402210 0.519270 0.401470 0.516800 0.420730 0.519764 0.428136 0.520998 0.427890 0.528900 0.413322 0.529146 0.417272 0.537542 0.415544 0.543220 0.421224 0.548158 0.428384 0.555072 0.442458 0.578284 0.450112 0.586432 0.433816 0.579518 0.425420 0.560998 0.420976 0.551862 0.420482 0.562480 0.426162 0.573592 0.430852 0.590136 0.445174 0.595320 0.423692 0.588406 0.418014 0.577790 0.411840 0.570876 0.402704 0.569148 0.406902 0.562974 0.407642 0.549640 0.406408 0.538036 0.399988 0.529888 0.393322 0.527170 0.385914 0.532850 0.376284 0.541246 0.368136 0.548158 0.361222 0.551616 0.360482 0.546678
1 0.382704 0.544950 0.386160 0.551122 0.381964 0.559764 0.374802 0.565444 0.366160 0.572110 0.373074 0.572356 0.382210 0.567666 0.387396 0.565196 0.399988 0.570382 0.400728 0.565690 0.393568 0.562480 0.397766 0.556060 0.399248 0.553592 0.391840 0.559270 0.387396 0.561492 0.384926 0.555566 0.389124 0.549640 0.394062 0.546430 0.398506 0.539270 0.394310 0.541492 0.385666 0.548158
1 0.427890 0.511122 0.429866 0.529888 0.434556 0.535320 0.458014 0.536306 0.459248 0.537048 0.471348 0.534332 0.490114 0.523468 0.495298 0.521738 0.497520 0.494578 0.493324 0.489392 0.483446 0.509886 0.477768 0.510628 0.481224 0.493590 0.479248 0.485936 0.475546 0.496800 0.472830 0.494084 0.459990 0.490134 0.453570 0.491120 0.439742 0.495072 0.430360 0.503220
0 0.398506 0.404206 0.402210 0.414576 0.409864 0.425194 0.423940 0.436798 0.424434 0.438034 0.398260 0.446676 0.397518 0.453342 0.387890 0.459516 0.376778 0.465194 0.376530 0.467170 0.386160 0.464948 0.401222 0.458528 0.414062 0.445934 0.429618 0.441244 0.433816 0.443466 0.429372 0.445440 0.416284 0.452108 0.425914 0.454576 0.437026 0.457540 0.434556 0.460996 0.427644 0.468404 0.431840 0.477294 0.436286 0.478528 0.440236 0.462726 0.445422 0.454330 0.450606 0.458528 0.461718 0.467664 0.464186 0.465936 0.446408 0.447170 0.449124 0.446428 0.463940 0.448898 0.467890 0.449392 0.455544 0.442478 0.441718 0.437046 0.435298 0.429638 0.430360 0.432848 0.424186 0.427662 0.419742 0.419514 0.411346 0.412600 0.405668 0.408404
1 0.338584 0.375482 0.339412 0.385848 0.338790 0.397874 0.331534 0.388958 0.327594 0.389580 0.326142 0.396214 0.319094 0.399118 0.312874 0.400362 0.306238 0.405130 0.300640 0.407204 0.311214 0.407204 0.318264 0.404302 0.326558 0.399532 0.328216 0.396422 0.335680 0.397044 0.336096 0.399740 0.336510 0.403264 0.334230 0.405960 0.343352 0.411350 0.346462 0.414876 0.343766 0.405960 0.343144 0.398288 0.347498 0.393520 0.345840 0.385434 0.341486 0.375688 0.338376 0.372164
1 0.503716 0.432910 0.494416 0.435290 0.493766 0.438966 0.487278 0.438966 0.484682 0.440048 0.487494 0.444590 0.486628 0.447618 0.479058 0.448916 0.477760 0.451512 0.484898 0.452160 0.493766 0.455838 0.498742 0.450646 0.509340 0.442644 0.507826 0.430098
0 0.447480 0.319790 0.445966 0.328440 0.439910 0.331468 0.429744 0.329738 0.408548 0.331252 0.396218 0.340120 0.387566 0.350936 0.404222 0.339040 0.410278 0.333200 0.427364 0.332766 0.439260 0.335362 0.446830 0.341418 0.452238 0.346176 0.454184 0.345312 0.453752 0.335794 0.450076 0.325846
1 0.457646 0.350718 0.442506 0.350286 0.442072 0.356992 0.438180 0.352450 0.435368 0.344662 0.428446 0.343582 0.435152 0.352234 0.433420 0.356992 0.425202 0.359370 0.428446 0.362398 0.443154 0.360452 0.448994 0.360668 0.449858 0.356126 0.462620 0.357424
1 0.283962 0.007030 0.291966 0.024332 0.295642 0.032552 0.310134 0.033418 0.313594 0.029956 0.311648 0.021304 0.306456 0.021304 0.303644 0.016114 0.301266 0.019574 0.297372 0.022602 0.293046 0.016546 0.286990 0.011140
1 0.528806 0.125558 0.516478 0.129452 0.513882 0.133994 0.508906 0.137886 0.519506 0.140914 0.525562 0.138752 0.529454 0.136806 0.535294 0.134642 0.534430 0.132046 0.532700 0.131182 0.530320 0.128370
1 0.764280 0.689334 0.746416 0.690524 0.725276 0.699456 0.719918 0.705114 0.724978 0.718512 0.728254 0.725360 0.736292 0.733994 0.763088 0.747094 0.771128 0.767638 0.790480 0.770020 0.802390 0.758408 0.810130 0.745904 0.801198 0.726848 0.791968 0.717916 0.783334 0.713450 0.774998 0.707794 0.780356 0.700648 0.771128 0.689930
1 0.758622 0.598526 0.747904 0.604182 0.747010 0.617282 0.756538 0.629192 0.774104 0.635146 0.779762 0.632468 0.794350 0.626810 0.797924 0.621748 0.800602 0.614008 0.793754 0.605968 0.787502 0.599122 0.778272 0.591380 0.761302 0.594060
0 0.613780 0.931038 0.607172 0.937646 0.609130 0.944744 0.595424 0.951352 0.591998 0.956248 0.589794 0.957962 0.605948 0.949394 0.604236 0.955758 0.603990 0.978276 0.608886 0.994184 0.609864 0.991982 0.606682 0.963102 0.611088 0.946702 0.615250 0.953066 0.620634 0.963590 0.617208 0.974114 0.618920 0.985864 0.624550 0.996876 0.620634 0.986108 0.622346 0.968240 0.633606 0.963590 0.646088 0.957472 0.648046 0.951352 0.652452 0.947192 0.656856 0.950130 0.658570 0.954780 0.659304 0.943766 0.666648 0.937892 0.668360 0.934220 0.664200 0.933976 0.652940 0.941562 0.637522 0.949640 0.627242 0.953066 0.623570 0.958450 0.616472 0.947926 0.615494 0.942298 0.615984 0.936424
1 0.685982 0.939360 0.683046 0.941318 0.671298 0.947682 0.664200 0.947436 0.663954 0.950130 0.674234 0.951108 0.680354 0.953800 0.681088 0.956738 0.683536 0.951352 0.683536 0.947926 0.685982 0.944500
0 0.660528 0.720306 0.657102 0.726426 0.670318 0.745026 0.650738 0.747230 0.646822 0.747474 0.642906 0.739886 0.638990 0.733034 0.640948 0.746984 0.639480 0.749676 0.633360 0.751634 0.624304 0.758488 0.612068 0.764118 0.609864 0.771704 0.617208 0.774396 0.624794 0.774642 0.632626 0.772928 0.626508 0.771950 0.610354 0.769258 0.612556 0.765830 0.624304 0.760690 0.631648 0.760936 0.636298 0.764606 0.639970 0.763384 0.632626 0.756530 0.642416 0.755796 0.658080 0.759468 0.660284 0.757264 0.648780 0.752858 0.659304 0.752614 0.665424 0.755306 0.674724 0.749432 0.682066 0.749188 0.681822 0.750900 0.688920 0.756040 0.698220 0.760202 0.701402 0.764606 0.700178 0.775866 0.693814 0.783452 0.702136 0.781250 0.706542 0.783698 0.713150 0.791774 0.705562 0.801320 0.716822 0.794712 0.723430 0.795936 0.716576 0.787368 0.706786 0.776110 0.706786 0.764362 0.701158 0.756530 0.688186 0.748208 0.679130 0.744782 0.669584 0.738664 0.663954 0.728384
0 0.654164 0.821390 0.645598 0.829466 0.644864 0.839502 0.645598 0.843662 0.656122 0.845130 0.650982 0.849046 0.650494 0.860550 0.645354 0.862998 0.653430 0.862998 0.657836 0.869116 0.664444 0.875724 0.667626 0.877682 0.673500 0.889676 0.678150 0.904116 0.678640 0.895794 0.676192 0.882332 0.666402 0.868138 0.663710 0.861284 0.663954 0.853942 0.667870 0.844640 0.667136 0.843172 0.661508 0.845864 0.661996 0.836320 0.659550 0.838032 0.656122 0.840480 0.650494 0.836808 0.650004 0.832648 0.654410 0.827998 0.657592 0.824082 0.657346 0.821634
1 0.626018 0.854430 0.626018 0.876214 0.615004 0.859082 0.625040 0.876214 0.624060 0.882332 0.623816 0.891388 0.619900 0.892858 0.603012 0.897262 0.595914 0.899710 0.603746 0.903136 0.613046 0.910234 0.612068 0.919536 0.614026 0.924430 0.618186 0.921738 0.620144 0.916842 0.623326 0.920270 0.626998 0.920024 0.618676 0.913906 0.620388 0.906808 0.618186 0.906564 0.613292 0.906564 0.611578 0.900444 0.617452 0.897752 0.622592 0.893836 0.632136 0.887962 0.634830 0.892612 0.642906 0.897262 0.650494 0.898486 0.639724 0.887228 0.641438 0.886248 0.664934 0.882822 0.667136 0.878662 0.652696 0.882822 0.637522 0.885026 0.628956 0.884290 0.628956 0.868626 0.633116 0.865444 0.636054 0.868138 0.639970 0.874012 0.635564 0.866914 0.635564 0.854186 0.633606 0.859326 0.629934 0.866424 0.627486 0.862264
0 0.665920 0.494084 0.670858 0.505196 0.684438 0.517542 0.698512 0.532850 0.697524 0.540752 0.698760 0.550876 0.691598 0.555072 0.686908 0.557542 0.722216 0.558776 0.725674 0.557048 0.732834 0.551122 0.736292 0.550382 0.723204 0.540504 0.712586 0.533096 0.704438 0.522232 0.695796 0.516060 0.689376 0.512602 0.681722 0.505936 0.676784 0.500504 0.671598 0.494578
0 0.617276 0.617050 0.632092 0.618036 0.653820 0.621000 0.660488 0.627666 0.686166 0.641494 0.691106 0.644952 0.699748 0.655074 0.706414 0.662482 0.725674 0.675816 0.736292 0.677792 0.725920 0.670630 0.709624 0.657790 0.699994 0.645444 0.712094 0.645444 0.721722 0.646926 0.730612 0.646432 0.713328 0.642234 0.694314 0.639518 0.687402 0.638284 0.682462 0.632852 0.678018 0.627666 0.664190 0.619518 0.654562 0.614826 0.642956 0.614334 0.625424 0.614826
1 0.632586 0.628408 0.636042 0.635074 0.630856 0.639024 0.608882 0.640260 0.626166 0.645444 0.642216 0.652606 0.647400 0.655322 0.648142 0.660014 0.652586 0.656062 0.661228 0.663470 0.661968 0.667420 0.648388 0.671618 0.666908 0.670878 0.655302 0.679766 0.664438 0.679272 0.670364 0.671618 0.679746 0.672112 0.690858 0.671124 0.679500 0.664952 0.684932 0.657790 0.691846 0.647420 0.685426 0.651864 0.669376 0.661494 0.662710 0.659766 0.656784 0.650136 0.653326 0.645198 0.644190 0.643470 0.639252 0.641000 0.636290 0.639766 0.642216 0.638038 0.649376 0.639024 0.657278 0.640506 0.647648 0.636308 0.641474 0.634334 0.638758 0.628902 0.635054 0.627172
1 0.771192 0.851936 0.769452 0.860854 0.753794 0.872164 0.756838 0.875208 0.775978 0.864552 0.785112 0.859766 0.784460 0.855416 0.779676 0.859332 0.773802 0.861506 0.772062 0.856286
1 0.764234 0.889998 0.758796 0.899134 0.752054 0.903700 0.759884 0.906746 0.761406 0.914576 0.763364 0.918056 0.762276 0.911314 0.761840 0.901744 0.766626 0.893914
1 0.779240 0.882822 0.779676 0.893478 0.771846 0.903484 0.779892 0.899786 0.787506 0.891956 0.795552 0.891086 0.797076 0.887606 0.789898 0.888042 0.783808 0.886518 0.780546 0.879558
1 0.746616 0.935238 0.750966 0.949810 0.751836 0.960032 0.747704 0.961338 0.735958 0.960902 0.746398 0.963512 0.760100 0.966992 0.763146 0.973082 0.765972 0.969386 0.764016 0.963730 0.765972 0.960032 0.768366 0.957422 0.767060 0.951986 0.765320 0.952856 0.762276 0.958946 0.758144 0.954160 0.753794 0.947200 0.750966 0.940022 0.750314 0.931976 0.745746 0.932410
1 0.793812 0.959816 0.785330 0.972866 0.782068 0.976346 0.768582 0.975692 0.768366 0.978302 0.777282 0.980694 0.784460 0.982434 0.787070 0.992658 0.799468 0.994398 0.802734 0.998046 0.807950 0.995702 0.807732 0.992658 0.803818 0.985044 0.803818 0.978302 0.801208 0.975692 0.800120 0.984610 0.796206 0.989612 0.786418 0.985044 0.790116 0.977868 0.795118 0.971342 0.796206 0.963730
1 0.801208 0.962208 0.804036 0.971560 0.813604 0.972866 0.822958 0.971342 0.824698 0.969820 0.814910 0.970908 0.803166 0.967862
0 0.889076 0.934150 0.886248 0.952856 0.887336 0.957422 0.872330 0.965470 0.865152 0.954160 0.862976 0.955466 0.861672 0.958728 0.852972 0.959380 0.865370 0.969386 0.864064 0.971778 0.855582 0.975692 0.846012 0.968516 0.834268 0.962642 0.830788 0.962860 0.837530 0.966776 0.849492 0.973300 0.859280 0.978954 0.865804 0.978520 0.871894 0.973736 0.871676 0.993092 0.874722 0.994614 0.875156 0.985262 0.881030 0.974388 0.885162 0.971996 0.891468 0.960250 0.892338 0.955466 0.896036 0.953726 0.893862 0.952638 0.891252 0.947636 0.891686 0.940892 0.891686 0.935456 0.891468 0.934150
0 0.837312 0.901308 0.841228 0.908920 0.846664 0.913924 0.849274 0.921318 0.848622 0.931976 0.852102 0.915664 0.857540 0.911096 0.873852 0.905006 0.881246 0.904354 0.881246 0.908920 0.884726 0.906964 0.891686 0.902396 0.897776 0.901960 0.904954 0.896958 0.914524 0.878906 0.902996 0.888258 0.896472 0.898698 0.889294 0.893914 0.878854 0.880212 0.876244 0.887824 0.882116 0.895654 0.881030 0.896306 0.866456 0.899568 0.853842 0.908704 0.851014 0.911530 0.846012 0.906310 0.842750 0.902396 0.839922 0.900438
0 0.909522 0.615300 0.908652 0.628566 0.909738 0.643792 0.908652 0.648576 0.909304 0.654666 0.908216 0.675328 0.902562 0.677286 0.890164 0.677938 0.868196 0.681636 0.856452 0.683812 0.886902 0.683594 0.893208 0.682942 0.899734 0.684682 0.899082 0.690554 0.897342 0.705560 0.897124 0.717958 0.906694 0.698818 0.916264 0.682506 0.919526 0.675982 0.923224 0.671414 0.939536 0.655972 0.952150 0.649446 0.950846 0.648142 0.931924 0.655102 0.920396 0.660322 0.921048 0.647706 0.922136 0.625740 0.926704 0.617258 0.923006 0.618128 0.911914 0.631830 0.913872 0.624000 0.913654 0.618128
1 0.954326 0.921754 0.959980 0.930018 0.949324 0.932194 0.952804 0.933934 0.960634 0.933716 0.965852 0.931758 0.965636 0.935238 0.973248 0.938066 0.976510 0.939370 0.972160 0.933716 0.972160 0.928278 0.968028 0.929800 0.965418 0.930236 0.962156 0.924580 0.958240 0.922188
1 0.866892 0.792124 0.884292 0.792124 0.891252 0.792778 0.894514 0.792560 0.895384 0.797998 0.893644 0.805392 0.896036 0.812570 0.892556 0.803000 0.891034 0.796474 0.889076 0.796910 0.881030 0.798432 0.875810 0.797128
1 0.911262 0.816268 0.924528 0.818442 0.928444 0.820616 0.936274 0.818660 0.933446 0.822356 0.937578 0.834972 0.936926 0.836060 0.931706 0.830622 0.930400 0.825402 0.929314 0.823010 0.924094 0.821922 0.920614 0.821052
1 0.831222 0.732748 0.836660 0.746668 0.839704 0.753846 0.847316 0.759066 0.848622 0.759066 0.846230 0.750582 0.853624 0.750366 0.855582 0.749060 0.854060 0.747102 0.847534 0.746668 0.838182 0.746232 0.837748 0.743840 0.838182 0.739708 0.836878 0.737750 0.833614 0.734706
1 0.822304 0.744492 0.827524 0.759066 0.826872 0.764502 0.836008 0.771462 0.835138 0.766460 0.831874 0.762328 0.829264 0.759718 0.829264 0.755586 0.827960 0.751018 0.824480 0.746886
0 0.880160 0.502418 0.885814 0.490674 0.891034 0.489804 0.898864 0.490022 0.913436 0.488498 0.933446 0.486324 0.950846 0.482626 0.953674 0.481974 0.958024 0.467836 0.958676 0.465880 0.961720 0.467620 0.959764 0.481756 0.959546 0.484148 0.973466 0.485888 0.976728 0.490022 0.977380 0.492632 0.964766 0.501984 0.951280 0.510466 0.941710 0.510900 0.946278 0.507204 0.963026 0.497198 0.969332 0.491544 0.970202 0.488282 0.952368 0.488498 0.940624 0.489152 0.938448 0.496982 0.938666 0.508290 0.932576 0.500462 0.932576 0.492632 0.924964 0.492414 0.914742 0.496982 0.894732 0.495894 0.889512 0.496982 0.885378 0.507422 0.883204 0.507204 0.878420 0.506334
0 0.920396 0.545918 0.930184 0.567886 0.928226 0.571800 0.924746 0.573976 0.918004 0.575062 0.905824 0.577020 0.917568 0.578978 0.930618 0.580500 0.935404 0.581370 0.939318 0.588330 0.934750 0.603772 0.940406 0.598334 0.943016 0.598770 0.943668 0.615082 0.944538 0.618998 0.947800 0.616604 0.948888 0.605730 0.946714 0.588112 0.953890 0.591810 0.957370 0.593984 0.949758 0.581370 0.951498 0.572236 0.951064 0.562230 0.948018 0.566362 0.944104 0.578326 0.943016 0.567016 0.938448 0.564622 0.929530 0.551356 0.926050 0.542004 0.920614 0.540480 0.920178 0.542874
0 0.992594 0.074686 0.995104 0.094016 0.997112 0.104560
0 0.997364 0.166066 0.995858 0.188408 0.983556 0.174852 0.965732 0.175354 0.944394 0.182132 0.933348 0.189664 0.942888 0.182886 0.951422 0.183638 0.972762 0.181630 0.985062 0.184392 0.987574 0.190418 0.968494 0.190920 0.959456 0.190418 0.948160 0.186150 0.940376 0.180376 0.934352 0.176108 0.937866 0.183388 0.948410 0.193430 0.969498 0.199204 0.963474 0.206232 0.966234 0.208242 0.979288 0.198952 0.985314 0.197948 0.990084 0.195940 0.997112 0.201714 0.999874 0.186652
0 0.936862 0.309412 0.949666 0.300374 0.955188 0.293346 0.966736 0.281798 0.972008 0.278784 0.966988 0.274014 0.972510 0.277028 0.985816 0.277028 0.986820 0.265730 0.987072 0.260710 0.989582 0.270500 0.998368 0.265228 0.997364 0.278534 0.999122 0.281798 0.991088 0.281798 0.986318 0.284558 0.986068 0.296860 0.982050 0.296608 0.983306 0.289830 0.971004 0.298366 0.959456 0.307404 0.955942 0.306400 0.977782 0.289580 0.971506 0.290584 0.960210 0.299370 0.945146 0.310668 0.941632 0.312424
1 0.820880 0.372174 0.810084 0.390500 0.807324 0.383972 0.793768 0.384726 0.801298 0.389244 0.802804 0.391504 0.802302 0.399788 0.798788 0.407822 0.804310 0.404810 0.812344 0.394768 0.817868 0.397528 0.822638 0.402298 0.821632 0.394266 0.818370 0.392758 0.816362 0.391754 0.819876 0.384976 0.822638 0.378198
0 0.985314 0.346316 0.971506 0.353596 0.969248 0.352592 0.967992 0.349830 0.966486 0.344308 0.963976 0.338032 0.960962 0.325478 0.959958 0.335772 0.962970 0.347068 0.963474 0.357864 0.955690 0.359370 0.950168 0.355856 0.944896 0.357110 0.944644 0.360876 0.946402 0.368910 0.935356 0.370666 0.923556 0.377194 0.905984 0.382216 0.890420 0.391252 0.885900 0.396022 0.901716 0.390500 0.930336 0.381462 0.945900 0.377696 0.944896 0.381462 0.957950 0.378198 0.960962 0.380708 0.968996 0.384976 0.978034 0.388742 0.980544 0.388492 0.989080 0.385228 0.993850 0.386734 0.999874 0.377696 0.992092 0.375436 0.985062 0.371170 0.977532 0.363136 0.986318 0.363888 0.993096 0.371170 0.991590 0.364892 0.991338 0.361630 0.996610 0.357864 0.986820 0.359370 0.984310 0.360626 0.981046 0.357362 0.984560 0.351588 0.990334 0.345562 0.998368 0.340542
1 0.918286 0.399286 0.919038 0.409076 0.920042 0.414600 0.913516 0.407320 0.910252 0.402048 0.900712 0.401044 0.899958 0.402298 0.910754 0.414348 0.922302 0.419370 0.927072 0.419370 0.922804 0.424892 0.925064 0.430164 0.934100 0.440960 0.934100 0.436942 0.932092 0.428408 0.933850 0.424390 0.934854 0.412842 0.934352 0.408072 0.932344 0.415854 0.932344 0.425646 0.930084 0.418114 0.926570 0.412842 0.926068 0.406064 0.922552 0.400040
1 0.951102 0.107464 0.948892 0.117408 0.942262 0.117408 0.933974 0.116028 0.921544 0.120172 0.933422 0.123486 0.946682 0.120172 0.944472 0.132050 0.949722 0.124592 0.952208 0.128734 0.962154 0.133156 0.958010 0.125144 0.949446 0.117962 0.952484 0.114094
1 0.869140 0.080078 0.861132 0.084960 0.843164 0.085156 0.838868 0.087890 0.839258 0.088868 0.860546 0.091406 0.869336 0.089062 0.871290 0.091210 0.873828 0.097266 0.882226 0.100586 0.878516 0.091602 0.870312 0.087890 0.873046 0.082422 0.872266 0.080664
1 0.891602 0.112500 0.877148 0.117968 0.866602 0.109960 0.862500 0.108398 0.865234 0.114648 0.876172 0.122656 0.864258 0.123242 0.865234 0.124414 0.879492 0.124610 0.879296 0.126954 0.882618 0.121874 0.885156 0.120508 0.897266 0.118946 0.896094 0.117774 0.892774 0.116796 0.894336 0.114454
0 0.697656 0.367968 0.697656 0.349610 0.703906 0.340820 0.708594 0.337304 0.721290 0.330860 0.737696 0.330078 0.743750 0.335156 0.747266 0.335938 0.753126 0.327148 0.754882 0.330078 0.770898 0.342578 0.791016 0.358984 0.776758 0.358008 0.761914 0.341210 0.751954 0.336132 0.746874 0.339844 0.742188 0.341602 0.744532 0.358984 0.751562 0.368750 0.743360 0.360938 0.740234 0.350782 0.740040 0.336328 0.736328 0.338476 0.733204 0.341406 0.728320 0.340234 0.721680 0.341210 0.712304 0.345312 0.706446 0.353710 0.701758 0.363086 0.699804 0.369922
1 0.581004 0.057962 0.578538 0.060876 0.591992 0.063344 0.575622 0.068724 0.596926 0.064688 0.601186 0.060876 0.607016 0.061774 0.608138 0.066482 0.612174 0.064240 0.617780 0.060428 0.642222 0.062222 0.633028 0.058858 0.605894 0.057738 0.603428 0.047646 0.600738 0.054374 0.599392 0.058410 0.593338 0.053028 0.591992 0.054598 0.589974 0.059306
1 0.547816 0.289824 0.530102 0.297000 0.517544 0.302382 0.520012 0.302382 0.535708 0.301262 0.540642 0.296328
1 0.547816 0.294534 0.544004 0.298570 0.546022 0.300588 0.550732 0.303056 0.554320 0.302382 0.561720 0.303056 0.567102 0.304176 0.566204 0.307540 0.580556 0.307540 0.584144 0.307316 0.578090 0.303280 0.569120 0.300140 0.565308 0.301486 0.559028 0.301262 0.553198 0.299692 0.550060 0.296776
1 0.931842 0.236800 0.923492 0.243266 0.919990 0.249462 0.911368 0.258890 0.904094 0.250270 0.903826 0.254040 0.907058 0.259968 0.906250 0.263740 0.906788 0.266434 0.915140 0.266434 0.917026 0.268318 0.913524 0.274516 0.919450 0.280442 0.922414 0.281250 0.923222 0.274516 0.936422 0.274246 0.934536 0.270744 0.925916 0.269936 0.921066 0.268318 0.918642 0.259428 0.924838 0.256466 0.933728 0.261314 0.943426 0.254580 0.936154 0.250270 0.927262 0.253502 0.929956 0.242996 0.935344 0.237608
1 0.999370 0.121906 0.992112 0.133102 0.987344 0.134140 0.995638 0.139738 0.993772 0.144922
0 0.759376 0.002344 0.748242 0.014258 0.751758 0.018164 0.763086 0.007032 0.766016 0.011914 0.766992 0.027148 0.769140 0.037110 0.778906 0.043360 0.775196 0.048828 0.771484 0.062304 0.776368 0.077734 0.766210 0.076758 0.766602 0.080860 0.779102 0.082618 0.779102 0.093946 0.765430 0.094140 0.762500 0.094140 0.778516 0.099804 0.786524 0.095312 0.786132 0.087890 0.783008 0.081250 0.781836 0.068164 0.784376 0.065430 0.790234 0.071680 0.788282 0.060742 0.789258 0.048242 0.784180 0.050390 0.781446 0.064844 0.778516 0.059766 0.782226 0.050782 0.786524 0.040624 0.787890 0.037500 0.787500 0.034376 0.780468 0.036914 0.772070 0.022656 0.774218 0.015624 0.786328 0.006446 0.764062 0.002344
1 0.738476 0.023046 0.729102 0.030664 0.732032 0.038868 0.731836 0.044532 0.733790 0.044532 0.735938 0.037696 0.736718 0.032226 0.740624 0.027540 0.739648 0.025390
1 0.828854 0.014374 0.818790 0.022806 0.816340 0.027974 0.811444 0.036136 0.809812 0.036952 0.800836 0.030968 0.798116 0.028790 0.795940 0.037224 0.801380 0.039672 0.809268 0.042936 0.802740 0.047832 0.800836 0.054906 0.811988 0.045928 0.817702 0.040216 0.822326 0.043208 0.824774 0.038040 0.821782 0.035048 0.826134 0.024710 0.831574 0.017910
1 0.761914 0.061914 0.758790 0.072460 0.750782 0.078320 0.736328 0.080274 0.745898 0.081640 0.758984 0.077344 0.762696 0.077734 0.762304 0.073046 0.766992 0.066406 0.764454 0.061914
0 0.695118 0.093750 0.716796 0.094532 0.734766 0.103906 0.748046 0.121094 0.758398 0.131054 0.764062 0.134374 0.761914 0.138282 0.753320 0.134570 0.742774 0.132032 0.739844 0.133008 0.737890 0.122852 0.734376 0.118164 0.725586 0.110742 0.711132 0.101562 0.705274 0.099414 0.694922 0.098632 0.691602 0.095508
1 0.714258 0.128516 0.715624 0.152540 0.705664 0.146876 0.702344 0.131836 0.697460 0.120704 0.698046 0.129296 0.701954 0.144336 0.703710 0.154882 0.695118 0.158398 0.693554 0.160352 0.705274 0.161132 0.719140 0.153710 0.725976 0.149610 0.725782 0.154102 0.732812 0.150196 0.729102 0.146094 0.718164 0.146484 0.719726 0.142188 0.715624 0.132032
1 0.857032 0.222266 0.857032 0.230664 0.852148 0.232226 0.861914 0.235156 0.867382 0.243750 0.867188 0.239258 0.863086 0.231446 0.862696 0.226758 0.859766 0.220898
1 0.811718 0.248632 0.819726 0.264258 0.834374 0.267188 0.836328 0.261132 0.830078 0.249610 0.829688 0.254688 0.821876 0.254688
1 0.808790 0.200196 0.815626 0.214062 0.818164 0.216796 0.840624 0.212890 0.835352 0.206054 0.816602 0.197852
0 0.727930 0.197070 0.722656 0.206250 0.722070 0.226368 0.728710 0.241602 0.735352 0.246874 0.735938 0.249414 0.732032 0.253516 0.748828 0.251954 0.749024 0.251758 0.742382 0.256836 0.725586 0.266406 0.723828 0.269336 0.725976 0.270704 0.733204 0.268360 0.741796 0.262696 0.751368 0.255664 0.754102 0.257618 0.758984 0.265234 0.767188 0.270898 0.775390 0.288086 0.761914 0.305274 0.782226 0.283984 0.776172 0.273046 0.753710 0.252930 0.765624 0.239648 0.755468 0.246094 0.750586 0.249610 0.739258 0.238282 0.726172 0.224610 0.729688 0.211132
1 0.997968 0.680320 0.996614 0.684836 0.981260 0.692286 0.988032 0.692286 0.995936 0.690028 0.999096 0.695674
0 0.677340 0.447976 0.702176 0.447976 0.710080 0.442106 0.720240 0.450912 0.736272 0.448654 0.743272 0.454750 0.745304 0.461976 0.744626 0.466944 0.724756 0.481394 0.739658 0.464686 0.736272 0.459040 0.723628 0.455428 0.721144 0.456782 0.719788 0.456782 0.719338 0.478910 0.715046 0.455428 0.708498 0.457234 0.702176 0.454524 0.695854 0.451590 0.685468 0.451590 0.678468 0.450234
1 0.669436 0.428106 0.680952 0.420656 0.694500 0.431946 0.692016 0.435106 0.684114 0.426526 0.678694 0.427882 0.672824 0.428558
1 0.652954 0.399656 0.655662 0.406430 0.667630 0.404624 0.679372 0.411850 0.679146 0.404850 0.681856 0.399882 0.687048 0.397174 0.685242 0.396044 0.668082 0.398754 0.664018 0.400108 0.657470 0.399882
1 0.773456 0.644814 0.764446 0.651876 0.760306 0.654798 0.758846 0.664784 0.747156 0.664784 0.741310 0.663078 0.740824 0.665758 0.748374 0.667706 0.756410 0.668924 0.763716 0.664052 0.764202 0.657234 0.766394 0.654556 0.775406 0.657478 0.778572 0.662104 0.790992 0.664052 0.794888 0.666488 0.798784 0.666244 0.793670 0.658208 0.788800 0.653094 0.784416 0.648954 0.780276 0.643352
1 0.808282 0.581982 0.808282 0.589288 0.811204 0.603170 0.811692 0.609258 0.804386 0.616320 0.806090 0.618512 0.816562 0.614860 0.815832 0.610720 0.817536 0.605362 0.815344 0.598786 0.813396 0.591968 0.810718 0.584174
1 0.965604 0.822592 0.964872 0.827950 0.952940 0.829654 0.958054 0.831846 0.967796 0.831116 0.969500 0.830142 0.973396 0.832334 0.976806 0.831846 0.977294 0.828436 0.973154 0.827950 0.967552 0.825028
1 0.941980 0.772668 0.939302 0.778512 0.940764 0.786306 0.934918 0.791664 0.941980 0.790690 0.945878 0.788984 0.942956 0.786550 0.942956 0.782410 0.942956 0.777782
1 0.975588 0.782652 0.969744 0.787766 0.967552 0.792394 0.971692 0.798238 0.969256 0.805544 0.974614 0.801648 0.976806 0.794586 0.985574 0.793612 0.984112 0.788984 0.997262 0.788254 0.992880 0.786306 0.986060 0.786550 0.980460 0.786062
1 0.917384 0.530598 0.907886 0.545452 0.904478 0.548618 0.906912 0.556412 0.908860 0.570536 0.911296 0.569562 0.914462 0.566884 0.912514 0.556656 0.916898 0.555438 0.915192 0.553976 0.912026 0.550324 0.914462 0.546670 0.917872 0.541800 0.920306 0.533032
1 0.718418 0.176990 0.725482 0.190870 0.728160 0.197446 0.729622 0.209378 0.732788 0.218390 0.741554 0.222530 0.757628 0.222530 0.759576 0.220338 0.762742 0.226914 0.762742 0.228618 0.751782 0.232270 0.754218 0.236168 0.767856 0.235680 0.769804 0.235680 0.783928 0.237628 0.790992 0.238116 0.784902 0.229592 0.782954 0.227888 0.780032 0.227644 0.780520 0.215710 0.775648 0.205726 0.772240 0.203778 0.772482 0.210840 0.768342 0.208892 0.765420 0.205482 0.765176 0.212302 0.761036 0.210110 0.755922 0.201342 0.748374 0.192576 0.741310 0.184782 0.737902 0.186974 0.743016 0.191602 0.740824 0.195984 0.728648 0.189896 0.728648 0.185270 0.724264 0.178938 0.722072 0.176990
1 0.768342 0.130474 0.766394 0.134372 0.765664 0.140702 0.768830 0.145330 0.769804 0.149958 0.768342 0.151906 0.762498 0.147034 0.759576 0.147522 0.763228 0.153366 0.769316 0.158968 0.771508 0.164082 0.768100 0.164812 0.766394 0.174554 0.767856 0.190140 0.769316 0.199150 0.770048 0.195742 0.768830 0.183564 0.771022 0.167734 0.772726 0.164082 0.774918 0.165056 0.781494 0.177476 0.783442 0.180398 0.794644 0.181372 0.792208 0.180156 0.780520 0.171632 0.781006 0.164570 0.777354 0.159212 0.773456 0.149470 0.770534 0.136320 0.775406 0.143626 0.781980 0.153366 0.787094 0.163594 0.791478 0.170170 0.798054 0.177476 0.802438 0.184052 0.812422 0.188192 0.812910 0.183078 0.797324 0.173092 0.791234 0.159698 0.787094 0.150932 0.782954 0.144112 0.784902 0.141190 0.790018 0.142164 0.802924 0.151174 0.807308 0.154098 0.812910 0.158480 0.822650 0.155558 0.810474 0.152880 0.802924 0.148252 0.792940 0.134858 0.786364 0.136076 0.780762 0.136806 0.775162 0.135102 0.771752 0.134128
1 0.823896 0.707828 0.818152 0.711778 0.820306 0.716086 0.811688 0.715368 0.807740 0.720394 0.809894 0.726498 0.808816 0.733320 0.807022 0.743014 0.813124 0.741936 0.818870 0.736550 0.825690 0.725780 0.831436 0.722190 0.833590 0.717164 0.830718 0.712496 0.828564 0.709624
1 0.860448 0.162002 0.864956 0.169728 0.857444 0.178100 0.857658 0.182392 0.861950 0.180674 0.868390 0.171876 0.874828 0.167368 0.881696 0.161144 0.879550 0.159642 0.877190 0.160500 0.872896 0.164578 0.869248 0.166294 0.866672 0.163504 0.863882 0.160286
1 0.883982 0.612290 0.889466 0.622066 0.900436 0.619920 0.906160 0.617298 0.909976 0.610142 0.908544 0.609428 0.904014 0.612766 0.899244 0.616344 0.893044 0.615866 0.889704 0.614198
1 0.425000 0.156640 0.426368 0.165820 0.430664 0.174414 0.432812 0.176758 0.443164 0.171290 0.452540 0.169140 0.450782 0.166210 0.437500 0.166016 0.434766 0.162696 0.431446 0.158594 0.428124 0.157812