0 0.019456 0.003892 0.018200 0.006402 0.001882 0.001882 0.004394 0.005648 0.019706 0.012928 0.019706 0.017448 0.014938 0.021966 0.010168 0.065146 0.008662 0.070166 0.014436 0.076946 0.007908 0.084476 0.002384 0.113096 0.024476 0.124894 0.007154 0.114350 0.003138 0.105314 0.008158 0.100292 0.015188 0.098786 0.022720 0.088744 0.022720 0.087238 0.009414 0.094268 0.015942 0.088996 0.004896 0.096024 0.007406 0.090752 0.021464 0.082218 0.016946 0.070668 0.020460 0.043556 0.022218 0.033514 0.022468 0.007154 0.028744 0.010418 0.027490 0.014686 0.033766 0.015690 0.043306 0.023724 0.044058 0.021214 0.029246 0.010920 0.025482 0.004394
0 0.006904 0.233596 0.023472 0.245144 0.027740 0.251672 0.025230 0.258952 0.031004 0.257446 0.030000 0.246902 0.028494 0.242634 0.012426 0.235856 0.008912 0.226316 0.004644 0.205480 0.001380 0.195438 0.025732 0.190920 0.034518 0.186652 0.021464 0.184644 0.001380 0.187404 0.000126 0.174852
0 0.004896 0.261964 0.011422 0.254434 0.013180 0.258952 0.016694 0.261212 0.030250 0.262216 0.033264 0.261964 0.043556 0.270500 0.048578 0.273764 0.057866 0.278534 0.061632 0.288576 0.053598 0.282550 0.046066 0.275522 0.040544 0.272006 0.032510 0.270752 0.017448 0.267488 0.010418 0.267236 0.002134 0.274516 0.006652 0.281044 0.010670 0.285814 0.017196 0.287320 0.008662 0.290834 0.005398 0.284558
0 0.003390 0.331756 0.011924 0.393764 0.023974 0.405562 0.016444 0.393260 0.002384 0.335270
1 0.571646 0.915904 0.551004 0.908282 0.528138 0.909236 0.529408 0.925432 0.542428 0.951792 0.549416 0.964812 0.554496 0.976244 0.553226 0.982914 0.568788 0.989266 0.595704 0.998046 0.627224 0.997840 0.626588 0.991488 0.613568 0.977516 0.594830 0.971164 0.592606 0.966718 0.592924 0.945758 0.591972 0.930196 0.575140 0.924480 0.571646 0.921620
1 0.641200 0.608194 0.621820 0.600018 0.613948 0.608496 0.603350 0.622728 0.601836 0.636052 0.621214 0.646650 0.634538 0.647560 0.646046 0.646650 0.647560 0.639080 0.650588 0.620912 0.651798 0.615764 0.648164 0.607588
1 0.937348 0.731438 0.927054 0.731134 0.922208 0.734164 0.923722 0.744458 0.932200 0.750212 0.946736 0.751726 0.959454 0.752634 0.961876 0.748396 0.960060 0.742036 0.958546 0.735980 0.953700 0.732346 0.947038 0.731134
1 0.787626 0.955408 0.779512 0.964102 0.771978 0.967000 0.771398 0.977722 0.781540 0.991342 0.793420 0.991632 0.811966 0.991052 0.825296 0.997136 0.829644 0.996848 0.836308 0.994528 0.848770 0.994240 0.840366 0.989892 0.826456 0.987864 0.820950 0.982068 0.803852 0.977432 0.799216 0.976562 0.799216 0.961784 0.800956 0.958596 0.794290 0.957726 0.791392 0.951642
1 0.417246 0.749058 0.426820 0.764104 0.426274 0.772584 0.426000 0.791732 0.431472 0.799938 0.449252 0.793100 0.469768 0.782978 0.478248 0.776140 0.479888 0.769028 0.464024 0.753710 0.458006 0.757812 0.441046 0.756992 0.430104 0.755624 0.426000 0.751520
1 0.395636 0.756172 0.380044 0.756444 0.352142 0.756992 0.344756 0.758634 0.352690 0.769576 0.350228 0.777234 0.363084 0.781338 0.383054 0.784894 0.389892 0.778602 0.396458 0.766840
0 0.335938 0.206446 0.354882 0.200976 0.362110 0.200586 0.369726 0.200390 0.386524 0.201954 0.401758 0.208204 0.417578 0.208008 0.424218 0.209376 0.426172 0.213476 0.416406 0.219140 0.423828 0.230468 0.431250 0.245704 0.455468 0.251954 0.443360 0.253516 0.420704 0.252734 0.416796 0.242188 0.409180 0.235156 0.405664 0.235938 0.400196 0.247266 0.394922 0.242968 0.400390 0.233398 0.404296 0.224414 0.402734 0.213672 0.394532 0.212500 0.384180 0.214258 0.379882 0.210546 0.373828 0.216016 0.374804 0.236718 0.371484 0.239454 0.374610 0.215624 0.369726 0.208398 0.356640 0.208204 0.344140 0.207422 0.336132 0.209376
0 0.335742 0.292578 0.355468 0.273632 0.362696 0.277148 0.372852 0.274414 0.380664 0.285156 0.387890 0.286328 0.402540 0.287500 0.411132 0.289648 0.410546 0.269726 0.416016 0.265624 0.420704 0.279882 0.420704 0.290820 0.420704 0.297852 0.433204 0.302734 0.437304 0.304492 0.443750 0.295508 0.446484 0.297656 0.440040 0.311328 0.445118 0.329492 0.440234 0.332422 0.439844 0.325390 0.435938 0.320898 0.435938 0.310546 0.430860 0.308790 0.410938 0.302930 0.414258 0.307032 0.418554 0.315626 0.436524 0.320898 0.429492 0.322656 0.411524 0.312500 0.408204 0.302734 0.401562 0.301562 0.387696 0.296484 0.379688 0.292188 0.359376 0.282226 0.352344 0.282618 0.342578 0.287696
1 0.425782 0.321874 0.412110 0.318750 0.402344 0.319336 0.398632 0.335742 0.397266 0.352148 0.415430 0.355468 0.421290 0.352930 0.432812 0.346290 0.439258 0.347656 0.438868 0.334570 0.433984 0.327930
0 0.289014 0.880928 0.289014 0.890014 0.289732 0.909856 0.288298 0.910812 0.275866 0.898858 0.269412 0.893360 0.275628 0.903162 0.283038 0.923004 0.285668 0.936390 0.298578 0.949300 0.306706 0.956950 0.321766 0.961970 0.299772 0.951212 0.297142 0.940216 0.292840 0.930414 0.294034 0.922286 0.296426 0.912962 0.297382 0.899814 0.294274 0.880690 0.303358 0.884276 0.319376 0.891686 0.329176 0.896228 0.319854 0.887144 0.307900 0.884036 0.299534 0.879494 0.289254 0.877820
1 0.242158 0.899576 0.238812 0.903640 0.243354 0.922286 0.238094 0.929936 0.231402 0.940216 0.241920 0.934956 0.248136 0.929218 0.251244 0.932804 0.263914 0.938304 0.259610 0.931370 0.247180 0.923720 0.245984 0.912246 0.245506 0.902206
0 0.346150 0.634458 0.342326 0.640194 0.333240 0.651908 0.328460 0.661950 0.323678 0.671512 0.318898 0.676054 0.305270 0.680834 0.290688 0.687528 0.275150 0.698764 0.257220 0.707848 0.245984 0.706892 0.244788 0.709284 0.265586 0.711196 0.276822 0.708088 0.296426 0.695178 0.305748 0.691114 0.314834 0.691114 0.317224 0.685856 0.321526 0.680596 0.331568 0.675814 0.332284 0.671990 0.336110 0.659320 0.336588 0.655494 0.344716 0.643780
0 0.853124 0.872656 0.849024 0.881250 0.851562 0.888476 0.835352 0.891602 0.827930 0.897266 0.814062 0.906446 0.806250 0.910938 0.818360 0.909960 0.834180 0.901368 0.843164 0.893946 0.852344 0.894532 0.851172 0.898828 0.853320 0.907032 0.865820 0.914062 0.860352 0.908008 0.854688 0.900000 0.855274 0.895312 0.866796 0.893360 0.881446 0.888672 0.885938 0.883790 0.881640 0.877540 0.872266 0.872266 0.866016 0.877734 0.862304 0.886914 0.860156 0.889062 0.855078 0.885546 0.855274 0.879688 0.855664 0.873828 0.855078 0.872266
1 0.680468 0.580664 0.667382 0.582422 0.663672 0.588868 0.670704 0.602148 0.674414 0.621680 0.699610 0.637696 0.716406 0.630860 0.716406 0.616406 0.708984 0.610546 0.697070 0.595312 0.693750 0.584180 0.681054 0.586328 0.678906 0.585938
0 0.605860 0.511718 0.598046 0.506054 0.592774 0.507032 0.585938 0.515430 0.589454 0.530468 0.599024 0.535156 0.591992 0.547266 0.590820 0.553516 0.597460 0.574804 0.600976 0.582032 0.612500 0.591602 0.602734 0.581640 0.598242 0.564648 0.597460 0.550390 0.604492 0.548046 0.607618 0.551758 0.604688 0.539844 0.600586 0.532032 0.596680 0.525586 0.594336 0.515234 0.595898 0.512110 0.598632 0.511328
1 0.522070 0.568946 0.501954 0.572460 0.500586 0.589648 0.524610 0.599414 0.532032 0.595312 0.536328 0.585938 0.536328 0.581054 0.533008 0.573828 0.532812 0.567968 0.528124 0.566796
1 0.640234 0.525586 0.622070 0.528124 0.616016 0.533790 0.608790 0.540820 0.605664 0.550782 0.604296 0.571290 0.611718 0.579296 0.618164 0.583790 0.637304 0.581054 0.645312 0.576954 0.642578 0.558204 0.647070 0.547460 0.653320 0.539258 0.648046 0.532226
0 0.571246 0.208650 0.584924 0.216722 0.596360 0.220310 0.627306 0.230626 0.631118 0.236232 0.620802 0.241164 0.611832 0.248116 0.593894 0.246322 0.581336 0.244304 0.599052 0.250584 0.621250 0.246322 0.634930 0.240492 0.632238 0.251480 0.630894 0.258432 0.632462 0.267626 0.615868 0.280856 0.634706 0.268522 0.639190 0.258880 0.640760 0.242286 0.634930 0.231746 0.628650 0.220760 0.611608 0.217844 0.591652 0.214032 0.581784 0.212462
0 0.615868 0.312474 0.584924 0.330188 0.568106 0.335570 0.588960 0.333552 0.614076 0.325928 0.632462 0.316060 0.636050 0.322564 0.643898 0.324806 0.632912 0.327272 0.628426 0.328170 0.647038 0.327498 0.650626 0.323910 0.653092 0.323910 0.633136 0.315164 0.629548 0.312024 0.623494 0.314042
0 0.597032 0.397012 0.598154 0.405084 0.594342 0.408672 0.594342 0.413606 0.581560 0.407774 0.573264 0.397236 0.563846 0.387594 0.558240 0.387594 0.575058 0.410466 0.588288 0.414278 0.601518 0.417642 0.607572 0.427060 0.608244 0.432442 0.592772 0.432442 0.605330 0.435804 0.607572 0.443654 0.611832 0.440066 0.611160 0.435132 0.634032 0.438944 0.644348 0.438944 0.656680 0.435580 0.660268 0.436478 0.649730 0.425938 0.641432 0.428630 0.621924 0.424592 0.609366 0.416296 0.602414 0.408000 0.601070 0.392976 0.597482 0.393648
1 0.673632 0.382422 0.672070 0.387110 0.669726 0.397656 0.670898 0.400390 0.677344 0.396094 0.687696 0.395508 0.693554 0.395704 0.695898 0.400782 0.673046 0.408594 0.675196 0.413476 0.685546 0.409960 0.699218 0.403320 0.703710 0.407422 0.725000 0.411524 0.717968 0.405078 0.700782 0.398632 0.695312 0.393360 0.693750 0.390234 0.682422 0.390820 0.677734 0.391796 0.675390 0.385352
0 0.626562 0.163672 0.641602 0.152540 0.645118 0.148438 0.651758 0.148828 0.657226 0.150196 0.667578 0.147460 0.674610 0.150976 0.677930 0.156250 0.683008 0.158204 0.702930 0.150782 0.707032 0.153906 0.691406 0.165234 0.702540 0.172656 0.697656 0.174414 0.677734 0.163086 0.679882 0.171680 0.698046 0.186132 0.679102 0.177734 0.670118 0.161328 0.656250 0.158790 0.653710 0.158790 0.663086 0.187696 0.648828 0.162304 0.651758 0.155468
0 0.310052 0.491738 0.326548 0.496758 0.317942 0.504648 0.308618 0.509428 0.302880 0.524250 0.339696 0.503692 0.350932 0.496280 0.355474 0.495564 0.365036 0.500106 0.382248 0.498910 0.375554 0.494128 0.365036 0.491500 0.370774 0.485284 0.358104 0.482892 0.343520 0.486240 0.352844 0.491738 0.349736 0.493890 0.338262 0.491978 0.327264 0.488392 0.314834 0.487196 0.308618 0.488870
1 0.081890 0.065304 0.077536 0.070072 0.077536 0.080646 0.072146 0.074426 0.071524 0.078158 0.068206 0.087696 0.061572 0.099928 0.064060 0.100758 0.072352 0.089354 0.075878 0.084378 0.080438 0.081682 0.081060 0.080024
1 0.000406 0.137872 0.005382 0.141396 0.007456 0.161300 0.008908 0.165032 0.008078 0.142432 0.008492 0.139116 0.004138 0.134762 0.002272 0.126054
0 0.446680 0.090040 0.438672 0.088868 0.420508 0.089844 0.407618 0.095118 0.401172 0.103906 0.401562 0.116016 0.405274 0.130860 0.411524 0.127540 0.403710 0.135156 0.410938 0.133008 0.417188 0.128710 0.420118 0.144532 0.421290 0.155078 0.421484 0.155078 0.424804 0.154492 0.422460 0.132422 0.429688 0.138672 0.419336 0.113476 0.413282 0.109376 0.406446 0.116016 0.406250 0.107618 0.413672 0.098242 0.421094 0.092578 0.434570 0.092382
1 0.364844 0.937110 0.368360 0.946874 0.356446 0.945312 0.351954 0.941406 0.353320 0.946484 0.366602 0.953906 0.375782 0.956446 0.373632 0.959570 0.375976 0.966016 0.386718 0.971094 0.392188 0.971484 0.386718 0.964454 0.375000 0.949804 0.371094 0.942578 0.368750 0.936914
0 0.594922 0.599610 0.587890 0.618164 0.585156 0.627148 0.573438 0.625586 0.564454 0.613476 0.562890 0.622070 0.555274 0.617968 0.552344 0.624414 0.540820 0.624218 0.540234 0.633008 0.570118 0.644336 0.572852 0.639062 0.573242 0.644140 0.576758 0.650976 0.601758 0.671484 0.588086 0.652734 0.578320 0.639454 0.588086 0.634374 0.594140 0.623046 0.597656 0.604688
1 0.002710 0.670836 0.000452 0.693190 0.011290 0.697254 0.002710 0.691610 0.000678 0.684610 0.002936 0.674224
1 0.002620 0.826488 0.002376 0.831116 0.004082 0.835256 0.011632 0.843536 0.014310 0.844996 0.010170 0.838178 0.006274 0.832820 0.004568 0.829168
0 0.525162 0.804456 0.530686 0.821584 0.541736 0.835120 0.552510 0.842578 0.549472 0.846170 0.549472 0.859982 0.549748 0.874072 0.545052 0.882912 0.535936 0.892028 0.547262 0.883740 0.550576 0.870480 0.553616 0.853628 0.556378 0.844512 0.562456 0.847276 0.577098 0.851418 0.579032 0.847552 0.557760 0.841474 0.556102 0.839816 0.556930 0.835948 0.562180 0.826280 0.572678 0.816058 0.577650 0.812466 0.563008 0.818820 0.554996 0.830148 0.553616 0.835396 0.554168 0.843132 0.547538 0.833462 0.539802 0.825450 0.532068 0.809980
0 0.336886 0.555004 0.336660 0.564262 0.334176 0.577808 0.320628 0.575776 0.308662 0.579390 0.306178 0.580970 0.322886 0.580744 0.331466 0.578938 0.330564 0.582098 0.334854 0.591808 0.338014 0.594518 0.338240 0.595872 0.335756 0.603550 0.331016 0.614614 0.330564 0.626806 0.344112 0.651418 0.352692 0.660450 0.360368 0.659772 0.354498 0.655708 0.344338 0.647806 0.339822 0.642160 0.338240 0.635838 0.337790 0.626806 0.339144 0.620258 0.340950 0.606936 0.344338 0.600614 0.349982 0.609194 0.352240 0.606936 0.347724 0.595196 0.349982 0.589550 0.348176 0.581874 0.340950 0.576680 0.342080 0.569680 0.344112 0.562680 0.344788 0.559294 0.340272 0.554778 0.337564 0.551842
1 0.418172 0.931630 0.432398 0.951274 0.434204 0.957822 0.433300 0.970240 0.434430 0.974982 0.439622 0.961434 0.439848 0.954208 0.444590 0.963692 0.447752 0.965498 0.444364 0.953984 0.444138 0.952628 0.449784 0.946080 0.447526 0.942016 0.442332 0.946080 0.436462 0.949016 0.428784 0.941112 0.423816 0.934114 0.420430 0.929146
1 0.551264 0.064776 0.543614 0.063342 0.538116 0.067644 0.538594 0.072426 0.536682 0.072426 0.527120 0.073382 0.520186 0.073860 0.520904 0.075294 0.529270 0.080554 0.538594 0.085574 0.536204 0.089400 0.536204 0.093942 0.537638 0.098722 0.554850 0.099200 0.557002 0.098006 0.578996 0.094898 0.579952 0.085574 0.578518 0.077686 0.576604 0.063580 0.569194 0.058800 0.566324 0.059278 0.563456 0.064536 0.556046 0.064298 0.554372 0.066210
1 0.556284 0.104460 0.555806 0.109480 0.557718 0.115456 0.553176 0.114978 0.549590 0.124062 0.544332 0.128606 0.540746 0.135060 0.544332 0.137212 0.536682 0.136494 0.532856 0.141036 0.541224 0.142470 0.539312 0.150838 0.545288 0.151554 0.546004 0.143666 0.548396 0.140558 0.555806 0.129322 0.558914 0.121434 0.559632 0.119520 0.575648 0.124302 0.577322 0.122390 0.564412 0.114262 0.561066 0.109242 0.559154 0.103504
1 0.673902 0.028678 0.667448 0.040630 0.664100 0.043022 0.663862 0.048280 0.656690 0.046608 0.642824 0.043738 0.637804 0.043978 0.634696 0.046130 0.638282 0.048042 0.652626 0.051628 0.664100 0.050672 0.667448 0.046368 0.671512 0.053780 0.672946 0.058800 0.674858 0.056408 0.672946 0.049716 0.672228 0.045412 0.673424 0.042066 0.675098 0.037522 0.678444 0.030590 0.677488 0.028916
1 0.546004 0.221838 0.548156 0.228772 0.554132 0.239768 0.554612 0.242636 0.550068 0.248614 0.541702 0.255068 0.541224 0.256980 0.553416 0.252916 0.559870 0.248136 0.562740 0.251722 0.567282 0.257458 0.569910 0.268216 0.569910 0.277540 0.572062 0.287580 0.573736 0.290928 0.577082 0.282082 0.582102 0.280886 0.587840 0.288536 0.597642 0.290450 0.598120 0.283278 0.605770 0.281364 0.609834 0.278974 0.600750 0.268456 0.597880 0.264870 0.584972 0.263674 0.577322 0.260806 0.572540 0.256264 0.566086 0.249570 0.564174 0.244788 0.561544 0.241680 0.559632 0.232118 0.552938 0.228054 0.549112 0.222794
1 0.504648 0.000982 0.507048 0.014948 0.498756 0.017348 0.509230 0.021058 0.512504 0.032624 0.515996 0.029352 0.513378 0.019968 0.510322 0.014948 0.509012 0.007528 0.507704 0.002510
1 0.455766 0.006656 0.462312 0.019094 0.467986 0.023022 0.471696 0.023896 0.472788 0.013640 0.467986 0.017568 0.462530 0.012766 0.459694 0.007528 0.457512 0.004692 0.455984 0.004474
1 0.455548 0.042664 0.454674 0.050082 0.480644 0.050956 0.479552 0.045936 0.470824 0.045064 0.466676 0.045718 0.460784 0.044410 0.459258 0.043754 0.456856 0.040262
1 0.485880 0.066014 0.486098 0.074742 0.481298 0.077580 0.488282 0.085654 0.486754 0.093946 0.473442 0.091110 0.481080 0.096784 0.474752 0.103330 0.468640 0.108350 0.455984 0.108350 0.454456 0.110532 0.449436 0.120352 0.442890 0.126026 0.435470 0.132354 0.431978 0.152650 0.420412 0.153958 0.419104 0.157014 0.428488 0.161160 0.428924 0.164652 0.417140 0.169234 0.426304 0.170544 0.427614 0.173818 0.418886 0.176654 0.405574 0.184510 0.409502 0.187130 0.418886 0.183638 0.426742 0.179054 0.447692 0.183638 0.443764 0.179492 0.431542 0.173598 0.430234 0.169452 0.431978 0.165306 0.440272 0.165742 0.452274 0.165962 0.452928 0.162470 0.436126 0.161160 0.428924 0.158978 0.428488 0.155050 0.435034 0.153086 0.436562 0.150248 0.438090 0.134318 0.440708 0.131044 0.449000 0.127990 0.450092 0.125590 0.455766 0.114460 0.457512 0.112278 0.465150 0.112278 0.466022 0.115988 0.465368 0.121006 0.469078 0.118388 0.470386 0.112496 0.478024 0.107040 0.478242 0.106604 0.483916 0.096784 0.497010 0.103112 0.491554 0.095038 0.489372 0.092638 0.489372 0.085218 0.499630 0.092638 0.500938 0.089364 0.491992 0.080634 0.488936 0.075616 0.490028 0.066886 0.489808 0.064922
1 0.473828 0.175586 0.472656 0.180860 0.478710 0.189844 0.470312 0.195118 0.474610 0.198632 0.483790 0.192188 0.484180 0.197656 0.480860 0.201172 0.485156 0.205664 0.485938 0.200586 0.487500 0.193164 0.496874 0.192188 0.498242 0.188282 0.492968 0.185742 0.483204 0.184374 0.480078 0.182032 0.477148 0.178906
1 0.436524 0.230468 0.444922 0.243946 0.456250 0.253320 0.441406 0.260352 0.438868 0.271876 0.439844 0.271484 0.454296 0.265234 0.463672 0.266796 0.465820 0.267578 0.458790 0.276562 0.469726 0.275196 0.471680 0.265624 0.485156 0.260156 0.487110 0.255078 0.490234 0.258790 0.492968 0.257618 0.490430 0.250000 0.484960 0.247070 0.481640 0.240040 0.479296 0.228320 0.478906 0.229688 0.476954 0.239844 0.469922 0.246484 0.464258 0.250000 0.467188 0.253320 0.476368 0.250782 0.471680 0.257032 0.466796 0.262110 0.463282 0.258984 0.463672 0.245704 0.461328 0.241602 0.451172 0.238672 0.445704 0.235156 0.441992 0.230468
1 0.471484 0.276954 0.479688 0.287304 0.489844 0.291602 0.490820 0.292578 0.480860 0.299024 0.475000 0.303906 0.484766 0.301172 0.494140 0.294726 0.498828 0.294922 0.509766 0.297266 0.507226 0.291016 0.500196 0.287890 0.493750 0.286914 0.480468 0.280664 0.476172 0.276562 0.473242 0.274414
1 0.523438 0.268750 0.516602 0.272070 0.525390 0.278906 0.525000 0.283984 0.516992 0.286328 0.522656 0.292774 0.525196 0.294140 0.529492 0.285742 0.533398 0.285938 0.536718 0.288672 0.537110 0.283790 0.538282 0.283398 0.549610 0.284180 0.546290 0.278124 0.535938 0.268360 0.533398 0.267968
1 0.521094 0.310546 0.512110 0.318946 0.508204 0.324024 0.508008 0.325976 0.499024 0.322852 0.487890 0.322852 0.485546 0.323828 0.498438 0.326954 0.506446 0.330860 0.508398 0.333008 0.510352 0.330078 0.512304 0.334180 0.514062 0.336914 0.516602 0.332032 0.513868 0.327344 0.516016 0.322656 0.517774 0.317188
1 0.353608 0.699694 0.358124 0.721664 0.347590 0.710830 0.350298 0.721964 0.343978 0.731896 0.354210 0.740924 0.367152 0.742428 0.377384 0.740322 0.386712 0.734904 0.377986 0.728584 0.382500 0.724372 0.397546 0.721964 0.394538 0.720158 0.369258 0.718052 0.366550 0.708120 0.359928 0.701500 0.356920 0.694880
0 0.876214 0.627764 0.883754 0.644638 0.886266 0.652538 0.887702 0.666180 0.891292 0.688082 0.891652 0.699930 0.891652 0.707470 0.895960 0.717164 0.911398 0.727216 0.916784 0.731166 0.903140 0.717522 0.899192 0.708906 0.897396 0.695622 0.900628 0.687364 0.902782 0.693468 0.925042 0.697416 0.924324 0.695262 0.902064 0.687722 0.895242 0.683774 0.899192 0.683774 0.904936 0.683414 0.903140 0.675516 0.902782 0.662590 0.900986 0.663668 0.897396 0.673002 0.894166 0.664026 0.891292 0.647152 0.893446 0.642484 0.895242 0.640330 0.905294 0.636382 0.886626 0.630278
0 0.880522 0.578578 0.892010 0.598684 0.875136 0.604786 0.894524 0.607300 0.900628 0.597966 0.900628 0.592220 0.905294 0.598684 0.904218 0.607300 0.911758 0.618070 0.941198 0.633510 0.955200 0.639612 0.940120 0.627764 0.920016 0.614122 0.913194 0.602992 0.913552 0.591862 0.918938 0.594734 0.933300 0.596888 0.948738 0.585758 0.952328 0.584322 0.945506 0.579654 0.935812 0.563140 0.932222 0.566370 0.934018 0.575346 0.939044 0.587554 0.931504 0.582886 0.925042 0.577860 0.916424 0.581090 0.919656 0.586836 0.923606 0.590066 0.921810 0.583244 0.925042 0.582886 0.928990 0.588272 0.924324 0.591144 0.915706 0.590066 0.911398 0.586118 0.910322 0.575346 0.907808 0.566012 0.907808 0.569960 0.904936 0.580732 0.904576 0.587194 0.900268 0.583962 0.892728 0.573910 0.889498 0.578578 0.886984 0.578936
0 0.911368 0.805766 0.898706 0.787984 0.892510 0.776132 0.886314 0.776132 0.879040 0.780712 0.874462 0.789332 0.873114 0.794720 0.862068 0.797144 0.859376 0.799300 0.862068 0.803340 0.875538 0.801724 0.875538 0.804688 0.870960 0.814924 0.865840 0.825700 0.858836 0.843212 0.855604 0.848330 0.857758 0.855604 0.861530 0.861530 0.865572 0.863416 0.866648 0.861530 0.862878 0.852910 0.863416 0.846444 0.870150 0.856412 0.872844 0.868266 0.877964 0.872306 0.877964 0.867996 0.873654 0.853178 0.869342 0.842134 0.870420 0.833244 0.877424 0.818696 0.877424 0.815732 0.880658 0.834590 0.888470 0.844288 0.886046 0.834052 0.882812 0.823546 0.879580 0.804418 0.882004 0.799568 0.884160 0.792026 0.880388 0.787176 0.884160 0.785560 0.890624 0.783406 0.893588 0.789602 0.896552 0.797684 0.900592 0.800646 0.908136 0.807382
1 0.445222 0.334560 0.444308 0.346424 0.436778 0.349846 0.430162 0.353498 0.431988 0.357376 0.411224 0.363080 0.404608 0.354182 0.408942 0.363764 0.409398 0.370838 0.418754 0.375858 0.414646 0.378824 0.414190 0.390918 0.416928 0.388180 0.425370 0.374260 0.429706 0.364450 0.442256 0.355094 0.441570 0.361026 0.445906 0.362396 0.447960 0.364222 0.457770 0.374488 0.458684 0.370154 0.449328 0.357148 0.449100 0.355550 0.450470 0.349390 0.449100 0.347794 0.448416 0.339808 0.448188 0.336384 0.448644 0.334560
1 0.501122 0.338894 0.504774 0.355550 0.508424 0.364450 0.504088 0.365590 0.491312 0.348478 0.489486 0.350074 0.490626 0.354866 0.499754 0.365590 0.499754 0.368556 0.494734 0.375630 0.498384 0.376542 0.508880 0.370154 0.521430 0.377912 0.518920 0.371066 0.509336 0.366046 0.519604 0.364222 0.531012 0.363764 0.529416 0.360342 0.530100 0.357604 0.516182 0.357604 0.512760 0.357148 0.505686 0.344598 0.505002 0.342546 0.504774 0.340948
1 0.511618 0.400272 0.519604 0.410768 0.528046 0.411908 0.529644 0.431988 0.536032 0.421720 0.535348 0.416016 0.535348 0.410768 0.536946 0.411224 0.543106 0.412364 0.547898 0.408030 0.546528 0.405520 0.540140 0.405976 0.535804 0.409170 0.534436 0.410312 0.532610 0.406888 0.531240 0.405064 0.525080 0.404836 0.522114 0.403694 0.515726 0.400956
1 0.538542 0.356008 0.539226 0.361484 0.533750 0.370154 0.541052 0.366502 0.544246 0.361712 0.544932 0.363764 0.549266 0.363994 0.554970 0.363764 0.557480 0.360570 0.554742 0.360114 0.546756 0.360798 0.541964 0.359202 0.539684 0.358974
1 0.555884 0.301932 0.546300 0.313112 0.544932 0.316078 0.538998 0.318816 0.542422 0.325432 0.543334 0.326802 0.539912 0.329540 0.528732 0.331364 0.531698 0.334332 0.542650 0.333190 0.548810 0.336384 0.551092 0.338438 0.560674 0.343686 0.582350 0.348706 0.588740 0.350304 0.572540 0.345512 0.554970 0.334332 0.554286 0.330680 0.555198 0.322922 0.549722 0.323380 0.549038 0.324064 0.553602 0.314252 0.555198 0.305126
1 0.560674 0.313568 0.556796 0.314252 0.557480 0.318816 0.565466 0.316762 0.565922 0.321326 0.565922 0.332050 0.567976 0.327714 0.567976 0.322694 0.569116 0.320412 0.570942 0.318816 0.581210 0.318360 0.584632 0.314480 0.585546 0.310830 0.572084 0.312656 0.570486 0.318360 0.568204 0.316990 0.565238 0.314480
0 0.275980 0.788708 0.294212 0.780698 0.308854 0.783460 0.314932 0.790366 0.327362 0.782078 0.327916 0.794510 0.315760 0.805836 0.306920 0.803902 0.306368 0.827108 0.301394 0.850590 0.297526 0.866060 0.295040 0.851972 0.299184 0.832358 0.300842 0.820754 0.303604 0.803074 0.301948 0.802246 0.285372 0.806112 0.266310 0.810534 0.257470 0.808324 0.259404 0.806390 0.282886 0.800864 0.295316 0.795616 0.303328 0.791196 0.309406 0.797550 0.309406 0.792576 0.296698 0.783736 0.287306 0.785946 0.275702 0.792024 0.271836 0.791748
1 0.290896 0.867442 0.285096 0.851142 0.278190 0.856392 0.264652 0.850866 0.259128 0.852800 0.260232 0.865232 0.274598 0.868822 0.276532 0.871586 0.288134 0.870204
1 0.363552 0.882360 0.377918 0.892580 0.380128 0.897554 0.388414 0.895620 0.406648 0.903078 0.418250 0.910262 0.424604 0.899764 0.422394 0.898658 0.413278 0.893686 0.399742 0.892858 0.393388 0.891476 0.390624 0.888438 0.386204 0.888438 0.374326 0.883464 0.369078 0.882636
1 0.470838 0.387636 0.478594 0.399152 0.469662 0.402678 0.484470 0.403148 0.483998 0.411374 0.493870 0.409494 0.503036 0.407378 0.505386 0.399858 0.502332 0.399858 0.500216 0.402442 0.494340 0.405968 0.488934 0.402912 0.482118 0.398682 0.481178 0.395156 0.477654 0.389046 0.475538 0.387636
1 0.450624 0.486114 0.456266 0.492226 0.459790 0.497630 0.458616 0.502566 0.454150 0.507738 0.452034 0.508208 0.461906 0.511498 0.472718 0.519018 0.474832 0.522780 0.476948 0.531006 0.478828 0.527480 0.477418 0.519018 0.477182 0.513144 0.476712 0.511498 0.474832 0.515964 0.471542 0.511732 0.461670 0.506092 0.464256 0.503976 0.467782 0.503506 0.479768 0.507032 0.482118 0.506328 0.483998 0.504682 0.466842 0.499042 0.464726 0.497866 0.459556 0.491050 0.457676 0.488230 0.454150 0.484470 0.452504 0.484470
1 0.397322 0.415178 0.400000 0.426116 0.396876 0.430580 0.393304 0.434152 0.391294 0.443526 0.388170 0.452678 0.372992 0.456696 0.389732 0.458482 0.390178 0.462724 0.374776 0.467188 0.388840 0.468304 0.386830 0.472768 0.386160 0.480804 0.396206 0.466742 0.403124 0.466518 0.406920 0.474108 0.409822 0.475670 0.408482 0.466294 0.411608 0.463840 0.414956 0.466294 0.412946 0.472768 0.415624 0.478348 0.421652 0.464732 0.425892 0.457590 0.438840 0.455804 0.427902 0.447544 0.418080 0.437946 0.414062 0.441742 0.412724 0.442858 0.410492 0.432142 0.407590 0.425224 0.402456 0.419196
1 0.358550 0.511934 0.377300 0.517622 0.378144 0.520362 0.376880 0.511302 0.369084 0.510880
1 0.393524 0.538480 0.389942 0.545012 0.384042 0.551754 0.380462 0.550912 0.369506 0.550070 0.361920 0.549858 0.370558 0.555548 0.379198 0.557444 0.385308 0.561236 0.383200 0.567136 0.387204 0.574298 0.392260 0.579144 0.390364 0.563342 0.389732 0.558076 0.390154 0.555548 0.392682 0.550912 0.392682 0.546488
1 0.381514 0.573246 0.381304 0.588836 0.372454 0.592418 0.362342 0.594314 0.355600 0.596000 0.357074 0.599582 0.367608 0.600636 0.377300 0.599792 0.381094 0.597896 0.380462 0.602110 0.379830 0.605692 0.394788 0.606324 0.396896 0.608220 0.387204 0.616226 0.406588 0.608220 0.412908 0.608220 0.415226 0.600214 0.412486 0.594526 0.406798 0.600636 0.399424 0.605270 0.393314 0.602320 0.387204 0.593894 0.385096 0.585466 0.384254 0.574930 0.383622 0.572192
1 0.366344 0.659840 0.362130 0.660472 0.361710 0.671850 0.351596 0.668058 0.346540 0.672272 0.355388 0.676906 0.359602 0.680066 0.371822 0.676906 0.369084 0.675642 0.368030 0.672060
1 0.274218 0.453516 0.282032 0.468750 0.283008 0.474610 0.280274 0.476562 0.265820 0.472656 0.265430 0.475976 0.274804 0.484766 0.286718 0.492578 0.291796 0.498632 0.295898 0.509960 0.302148 0.511914 0.301172 0.502540 0.299024 0.494726 0.296094 0.486524 0.297266 0.484570 0.299414 0.487890 0.302930 0.489648 0.299024 0.475000 0.290234 0.477148 0.288868 0.473242 0.285742 0.457812 0.279492 0.462304
1 0.294336 0.582032 0.296876 0.593750 0.288086 0.597656 0.277930 0.603320 0.265820 0.592382 0.263476 0.592968 0.262304 0.601562 0.271680 0.613086 0.283594 0.608790 0.300782 0.603906 0.314844 0.601758 0.319532 0.603710 0.329492 0.607032 0.330078 0.605860 0.312696 0.596290 0.310546 0.590820 0.305274 0.586328 0.301172 0.583594 0.299804 0.582226 0.296290 0.586524
0 0.892778 0.429538 0.900540 0.444562 0.903296 0.449820 0.905800 0.458334 0.915564 0.474860 0.919070 0.486128 0.926332 0.480870 0.937850 0.483374 0.945864 0.490886 0.944612 0.482872 0.934094 0.478366 0.932342 0.472606 0.928586 0.466346 0.926832 0.457832 0.924580 0.462590 0.924328 0.473858 0.921074 0.470102 0.919572 0.459586 0.919070 0.453576 0.916816 0.450070 0.915816 0.445062 0.923578 0.444310 0.927834 0.436798 0.920322 0.437050 0.907302 0.437550 0.900540 0.434796
0 0.865234 0.388972 0.881760 0.403246 0.894280 0.408504 0.899038 0.416016 0.910056 0.417768 0.915314 0.420272 0.929588 0.422026 0.934846 0.425280 0.942608 0.433042 0.945612 0.435546 0.950620 0.443810 0.949118 0.445814 0.940354 0.449318 0.942608 0.453576 0.945112 0.456080 0.950872 0.454326 0.950872 0.449318 0.957632 0.440304 0.949368 0.435296 0.948116 0.424530 0.952624 0.422776 0.957882 0.418770 0.963142 0.426532 0.976162 0.426282 0.963392 0.420774 0.957632 0.418770 0.949620 0.410758 0.946864 0.411008 0.946614 0.417768 0.938852 0.420774 0.939604 0.410758 0.938852 0.409004 0.935848 0.413262 0.937100 0.422776 0.933092 0.420774 0.928836 0.415514 0.922826 0.411258 0.914312 0.409004 0.902294 0.403746 0.904548 0.400742 0.900290 0.395232 0.894532 0.389222 0.892528 0.392228 0.887020 0.391978 0.882762 0.390726 0.888522 0.396734 0.891776 0.400992 0.879256 0.396484 0.873998 0.392978 0.868740 0.389222
0 0.984926 0.205930 0.964644 0.220452 0.954378 0.216446 0.955128 0.227964 0.952124 0.236980 0.946614 0.234726 0.943610 0.224208 0.941856 0.231470 0.940604 0.237980 0.932342 0.233474 0.931590 0.236980 0.932842 0.243740 0.922076 0.248998 0.917568 0.253004 0.921074 0.256010 0.936098 0.251002 0.936348 0.253256 0.926332 0.263020 0.928084 0.265776 0.934596 0.262270 0.948868 0.250752 0.953876 0.251252 0.961138 0.252754 0.966146 0.253256 0.966146 0.258764 0.972656 0.265024 0.968150 0.252754 0.973408 0.248998 0.982172 0.243990 0.988932 0.241236 0.993690 0.240484 0.989934 0.237480 0.987180 0.234976 0.984174 0.230468 0.980168 0.234976 0.978416 0.239984 0.969150 0.243490 0.958884 0.248748 0.956130 0.238982 0.963142 0.230720 0.970904 0.221204 0.979166 0.214444
0 0.946364 0.846204 0.936098 0.862480 0.926582 0.857472 0.921074 0.850712 0.921324 0.857972 0.925080 0.867488 0.925080 0.869742 0.915064 0.878256 0.910306 0.882512 0.895282 0.883764 0.893280 0.883264 0.901542 0.888772 0.910056 0.888020 0.918570 0.889272 0.917568 0.893780 0.910306 0.902794 0.907052 0.904798 0.907802 0.908052 0.916316 0.903044 0.922326 0.902544 0.922826 0.899038 0.928336 0.896534 0.928586 0.894532 0.921074 0.888522 0.921074 0.883264 0.929838 0.868740 0.934094 0.869240 0.941106 0.875500 0.936098 0.880508 0.937100 0.888020 0.939102 0.884516 0.943360 0.875000 0.947616 0.878256 0.959636 0.886018 0.972906 0.892278 0.975912 0.898036 0.977664 0.910808 0.973408 0.915314 0.976412 0.920072 0.981420 0.915564 0.981170 0.912560 0.992938 0.917068 0.990184 0.914062 0.982672 0.904046 0.988432 0.904798 0.998046 0.902344 0.998046 0.898438 0.994942 0.899288 0.985928 0.900040 0.979668 0.892278 0.973158 0.889022 0.964644 0.883264 0.956630 0.876252 0.955128 0.874248 0.951372 0.864484 0.948368 0.864984 0.949620 0.850460
1 0.919320 0.909304 0.907802 0.909556 0.894030 0.908052 0.904296 0.912560 0.911308 0.918068 0.905048 0.922826 0.901542 0.918320 0.900540 0.926332 0.899038 0.929336 0.893530 0.937600 0.890274 0.934344 0.878506 0.934596 0.880008 0.940856 0.897536 0.947616 0.914312 0.956630 0.921824 0.958134 0.928084 0.944862 0.942108 0.949118 0.932842 0.939352 0.937100 0.920072 0.937100 0.912810 0.932342 0.911558 0.925832 0.916566 0.922326 0.912810
1 0.929336 0.967148 0.934344 0.974410 0.944110 0.971906 0.949870 0.975160 0.950872 0.982422 0.959134 0.977414 0.961138 0.975662 0.968400 0.965144 0.968650 0.959134 0.965144 0.959886 0.956630 0.965646 0.951622 0.970654 0.945864 0.969150 0.937100 0.968150 0.932092 0.967398
1 0.988432 0.929086 0.981170 0.935346 0.963392 0.940354 0.964644 0.943860 0.983674 0.942358 0.988182 0.947116 0.996444 0.951372 0.998046 0.951172 0.996194 0.946864 0.990434 0.943108 0.988182 0.933594
1 0.921574 0.002854 0.927584 0.011868 0.936598 0.016878 0.940604 0.009616 0.938100 0.006860
0 0.993440 0.101012 0.980168 0.084234 0.965394 0.080980 0.955378 0.085486 0.941606 0.086990 0.925330 0.094752 0.916066 0.101512 0.923828 0.102264 0.935096 0.098508 0.941856 0.097506 0.942858 0.110276 0.938100 0.115534 0.936598 0.120542 0.945362 0.117538 0.955128 0.115786 0.962640 0.117038 0.963142 0.114784 0.966396 0.111028 0.959636 0.111278 0.951372 0.105770 0.948368 0.094000 0.950120 0.090494 0.963392 0.102014 0.967898 0.108774 0.962640 0.097006 0.960888 0.089744 0.972156 0.091496 0.982672 0.097006 0.975410 0.099008 0.977414 0.107522 0.976914 0.114534 0.983674 0.121794 0.980670 0.108022 0.983424 0.101512 0.984676 0.097506 0.980418 0.092498 0.987930 0.095754
1 0.975662 0.126052 0.987680 0.145332 0.989684 0.161108 0.998046 0.150390 0.997946 0.145582 0.997946 0.140826 0.995944 0.139322 0.991186 0.138572 0.983924 0.133314 0.979418 0.127054
1 0.826874 0.065176 0.814272 0.065394 0.808842 0.069956 0.806018 0.073650 0.800152 0.078864 0.794938 0.084946 0.799500 0.088640 0.806234 0.082122 0.810144 0.075822 0.811014 0.073866 0.819486 0.071042 0.822746 0.069304
1 0.794938 0.027808 0.794286 0.035196 0.788854 0.036934 0.783640 0.041714 0.779946 0.046710 0.780164 0.050186 0.784726 0.048882 0.792330 0.039974 0.799934 0.035630 0.800586 0.037150 0.801454 0.041062 0.811882 0.041930 0.809494 0.038454 0.803410 0.035630 0.799716 0.034110 0.798414 0.030416
0 0.505610 0.722826 0.534512 0.724956 0.556416 0.729824 0.561892 0.733778 0.564326 0.738038 0.568888 0.745340 0.573452 0.749902 0.577408 0.762680 0.570714 0.754162 0.561588 0.746556 0.560978 0.752944 0.550940 0.759942 0.533598 0.765418 0.531470 0.767244 0.525080 0.771502 0.510478 0.769374 0.545464 0.757812 0.549114 0.754770 0.553678 0.750206 0.554286 0.743210 0.547288 0.738342 0.535120 0.731650 0.530860 0.734082 0.522342 0.734082 0.513520 0.728302
1 0.638386 0.822088 0.620348 0.826442 0.616616 0.828514 0.611432 0.829136 0.607700 0.832662 0.598370 0.828308 0.591734 0.829136 0.598992 0.834734 0.608530 0.834528 0.606042 0.841784 0.602724 0.850286 0.603968 0.853602 0.611432 0.846554 0.614128 0.849042 0.619310 0.855054 0.617444 0.861274 0.618274 0.863970 0.617860 0.872886 0.613712 0.875374 0.607492 0.876618 0.596504 0.875166 0.598992 0.877862 0.615372 0.879520 0.620762 0.873300 0.623872 0.863140 0.626568 0.850286 0.626774 0.852980 0.633410 0.855262 0.641082 0.845516 0.639008 0.841578 0.631336 0.846346 0.626152 0.849664 0.620970 0.853396 0.614128 0.844066 0.615994 0.838882 0.618482 0.834734 0.620554 0.832662 0.625324 0.832868 0.635068 0.829552
1 0.577428 0.717174 0.576598 0.720284 0.572038 0.726090 0.568720 0.730236 0.567684 0.735006 0.575976 0.744750 0.581368 0.745994 0.579916 0.753252 0.577428 0.759886 0.572038 0.768386 0.565402 0.757812 0.562914 0.755532 0.558768 0.761130 0.558768 0.767558 0.552962 0.762374 0.549024 0.761960 0.545498 0.764448 0.536582 0.766314 0.536998 0.767558 0.540522 0.771082 0.551718 0.781450 0.562292 0.781034 0.572038 0.779584 0.578258 0.781034 0.574526 0.776472 0.583856 0.775850 0.587796 0.774192 0.581368 0.772118 0.579916 0.771496 0.583856 0.762166 0.584270 0.752214 0.585308 0.746202 0.590698 0.748068 0.594430 0.748482 0.591320 0.743298 0.586552 0.740604 0.580332 0.736456 0.578672 0.731274 0.576392 0.728164 0.580538 0.722358
1 0.458624 0.790780 0.461526 0.801976 0.457172 0.806952 0.450330 0.809440 0.449708 0.799072 0.448672 0.796584 0.446806 0.799072 0.444110 0.806952 0.441622 0.814830 0.434158 0.819806 0.435610 0.824368 0.441622 0.822294 0.447634 0.814416 0.450538 0.814002 0.449500 0.820014 0.454892 0.815868 0.463186 0.811928 0.466296 0.813172 0.470442 0.813172 0.471686 0.809440 0.471478 0.800316 0.467124 0.794718 0.462564 0.791608
1 0.476454 0.807158 0.484748 0.807158 0.488480 0.809854 0.493664 0.814002 0.505274 0.813380 0.511910 0.817526 0.507348 0.817940 0.497396 0.816490 0.492212 0.816074 0.485370 0.817318 0.479980 0.822088 0.475418 0.817940 0.480602 0.816282 0.483712 0.813380 0.483712 0.812342 0.480602 0.811306 0.473966 0.811098 0.474588 0.808818
1 0.432716 0.845282 0.441778 0.851004 0.444640 0.856012 0.447740 0.863882 0.448932 0.858874 0.446548 0.850766 0.450840 0.843612 0.450124 0.839558 0.448932 0.839558 0.446070 0.843850 0.444164 0.846950 0.440586 0.846474 0.437724 0.844328 0.434862 0.843612
1 0.264828 0.955218 0.257198 0.955934 0.257436 0.965234 0.255290 0.971196 0.249090 0.983360 0.247658 0.987652 0.250042 0.988606 0.255290 0.986220 0.261728 0.989560 0.262444 0.987414 0.258866 0.982644 0.257674 0.979782 0.259582 0.975012 0.263398 0.977398 0.266736 0.987174 0.262682 0.989798 0.263636 0.995998 0.269598 0.997906 0.285814 0.990514 0.291060 0.985266 0.286768 0.984074 0.284146 0.983360 0.286292 0.977158 0.287246 0.969288 0.284622 0.969050 0.278422 0.985744 0.276990 0.986220 0.272460 0.979782 0.267452 0.970720 0.267452 0.964280
1 0.292014 0.967382 0.304178 0.977158 0.307038 0.980258 0.317294 0.988128 0.325164 0.985744 0.329456 0.978352 0.320870 0.970004 0.320870 0.973344 0.318486 0.977158 0.307992 0.972628 0.303224 0.969288 0.296546 0.967620
1 0.365466 0.975966 0.362366 0.976444 0.354496 0.984312 0.351158 0.989560 0.348056 0.989798 0.341856 0.993852 0.342094 0.988128 0.342094 0.980258 0.339472 0.975012 0.337086 0.982166 0.335180 0.989322 0.334226 0.997190 0.335938 0.998046 0.353516 0.998046 0.356880 0.997190 0.356642 0.991944 0.361888 0.985744
1 0.527152 0.924694 0.524292 0.933278 0.521906 0.938048 0.518090 0.944010 0.511890 0.949496 0.503782 0.954026 0.496150 0.959034 0.494958 0.962374 0.494004 0.965712 0.501398 0.971436 0.506406 0.971674 0.501158 0.963804 0.509028 0.963088 0.510936 0.966428 0.519760 0.971912 0.517136 0.966428 0.512368 0.963088 0.512128 0.960704 0.519044 0.954504 0.524530 0.950450 0.530968 0.943534 0.530968 0.939002 0.532400 0.933518 0.530254 0.929702
1 0.500682 0.718412 0.499728 0.701718 0.489474 0.703864 0.464672 0.700764 0.454180 0.701002 0.453940 0.703864 0.457280 0.708396 0.464672 0.714118 0.470634 0.718888 0.494958 0.719126
1 0.445594 0.684070 0.442016 0.687886 0.440108 0.700526 0.439394 0.706726 0.437486 0.708396 0.431046 0.711018 0.423416 0.715312 0.420792 0.713164 0.410060 0.706726 0.405768 0.703148 0.400760 0.703388 0.408154 0.709826 0.419838 0.718172 0.423178 0.720320 0.429616 0.724612 0.436294 0.737252 0.443210 0.735344 0.438916 0.722466 0.438678 0.719126 0.433194 0.721512 0.432954 0.725804 0.430570 0.717696 0.432954 0.715550 0.439156 0.712688 0.451556 0.715072 0.450840 0.702672 0.451078 0.692656 0.449648 0.686216 0.448456 0.683116
1 0.626360 0.926124 0.640906 0.942342 0.646868 0.926124 0.638760 0.925886
1 0.674054 0.882722 0.687886 0.902276 0.692894 0.893692 0.690748 0.885106 0.684548 0.884392
1 0.755852 0.885106 0.756806 0.890354 0.760622 0.897984 0.765152 0.901324 0.761814 0.903470 0.758236 0.909670 0.770400 0.908954 0.773500 0.907524 0.772068 0.900846 0.773262 0.894408 0.768492 0.892738 0.758476 0.889160
1 0.780416 0.798302 0.787570 0.803070 0.796154 0.806648 0.803786 0.814040 0.798778 0.815472 0.789238 0.817140 0.782800 0.822388 0.773500 0.826680 0.770638 0.828826 0.781608 0.831688 0.775408 0.835026 0.769446 0.836696 0.775884 0.838604 0.785900 0.834312 0.791386 0.832880 0.794246 0.838366 0.802594 0.834072 0.806170 0.829064 0.810224 0.829064 0.817140 0.835264 0.814518 0.825964 0.812372 0.823580 0.820002 0.821672 0.820240 0.818572 0.817380 0.814280 0.810464 0.811894 0.805932 0.808794 0.802116 0.803786 0.794486 0.800924 0.786854 0.799016
1 0.813564 0.915632 0.807364 0.924932 0.798778 0.921356 0.786854 0.916824 0.781846 0.916824 0.799254 0.927556 0.800686 0.929940 0.781846 0.931132 0.780176 0.933278 0.784708 0.938048 0.797348 0.938764 0.809272 0.931132 0.817856 0.940672 0.827634 0.950210 0.835026 0.955934 0.841226 0.957126 0.844088 0.959034 0.853628 0.966666 0.851720 0.959034 0.854820 0.957842 0.881530 0.967142 0.866028 0.957366 0.848142 0.953550 0.829780 0.943772 0.821194 0.938764 0.813086 0.927318 0.817140 0.917062
1 0.551418 0.168182 0.550956 0.177878 0.544724 0.189420 0.545646 0.190806 0.550726 0.186420 0.552342 0.185958 0.555804 0.198194 0.559268 0.196808 0.562270 0.194500 0.558344 0.192884 0.557190 0.189190 0.556036 0.182034 0.560654 0.183188 0.564578 0.184804 0.563654 0.180418 0.559960 0.179262 0.553958 0.177878 0.552342 0.175568
1 0.987754 0.822224 0.985678 0.829380 0.983600 0.834922 0.981984 0.839770 0.981984 0.850852 0.983138 0.854546 0.987294 0.855930 0.990526 0.857084 0.995604 0.863780 0.998046 0.861328 0.998046 0.853516 0.991218 0.853852 0.988216 0.846926 0.984522 0.837462 0.988910 0.835614 0.991218 0.833768 0.990756 0.826610 0.992142 0.823148 0.990986 0.822224
1 0.959820 0.791058 0.948276 0.795906 0.948046 0.802370 0.944814 0.812066 0.942044 0.816914 0.945276 0.822454 0.947354 0.818530 0.952664 0.808834 0.955202 0.803524 0.956818 0.802370 0.963514 0.798906 0.963284 0.802832 0.966054 0.807448 0.978290 0.813220 0.976442 0.806986 0.968824 0.800292 0.965130 0.797752 0.962590 0.794520
1 0.996066 0.677240 0.991218 0.679548 0.989832 0.684858 0.986832 0.687630 0.980828 0.689246 0.967670 0.690630 0.967900 0.695016 0.979444 0.693632 0.980598 0.694556 0.982214 0.703098 0.989602 0.696864 0.990986 0.693632 0.988448 0.688322 0.994220 0.687398 0.995604 0.683242 0.998046 0.679688 0.998046 0.675782
1 0.802370 0.710946 0.811836 0.721566 0.801908 0.726414 0.803754 0.731724 0.814606 0.725954 0.831228 0.725954 0.830996 0.720412 0.815528 0.719258 0.809064 0.711408
1 0.832844 0.739574 0.832382 0.745576 0.820146 0.743268 0.822454 0.746962 0.832152 0.750656 0.840000 0.760582 0.842078 0.758966 0.834922 0.747886 0.836306 0.738882
1 0.840924 0.663158 0.846696 0.671238 0.835614 0.671238 0.835614 0.674470 0.847158 0.677472 0.861010 0.686014 0.867012 0.695478 0.863780 0.680242 0.857546 0.675624 0.852698 0.672162 0.847620 0.665928 0.846004 0.664542
1 0.842540 0.613752 0.835152 0.613752 0.831690 0.618370 0.825918 0.617676 0.822686 0.615600 0.824764 0.619754 0.833768 0.625064 0.833998 0.627604 0.832844 0.631298 0.820378 0.631068 0.806294 0.632914 0.809988 0.637994 0.808142 0.641918 0.808834 0.646996 0.820608 0.642380 0.830074 0.638916 0.837692 0.639610 0.839078 0.634762 0.839770 0.627142 0.840924 0.622064
1 0.834230 0.533872 0.831690 0.543108 0.828920 0.552804 0.834460 0.554188 0.839078 0.553958 0.836076 0.558806 0.833536 0.560884 0.833306 0.565040 0.839540 0.566886 0.846464 0.571042 0.851082 0.580508 0.852698 0.587664 0.861932 0.592744 0.868398 0.592050 0.867474 0.587434 0.856624 0.580508 0.855700 0.577044 0.859394 0.573120 0.858240 0.568502 0.857546 0.562270 0.853852 0.559498 0.847620 0.559268 0.849466 0.551188 0.857546 0.556498 0.858932 0.547032 0.858240 0.541952 0.851544 0.548878 0.846004 0.548186 0.843926 0.548186 0.842078 0.544492 0.839770 0.537566 0.839078 0.531334 0.837462 0.529948
1 0.818300 0.568272 0.804678 0.573120 0.804678 0.577506 0.805832 0.590666 0.811836 0.600132 0.818068 0.607980 0.821300 0.609366 0.830074 0.607288 0.833306 0.606134 0.833536 0.599208 0.832152 0.592050 0.839078 0.587202 0.838846 0.579354 0.836538 0.577276 0.830074 0.578430 0.826842 0.584432 0.821532 0.573812
1 0.482226 0.633008 0.474610 0.641016 0.465820 0.649804 0.464258 0.653710 0.453710 0.645704 0.451562 0.648438 0.450782 0.651758 0.454296 0.656054 0.465430 0.659376 0.466016 0.661914 0.465820 0.665624 0.457422 0.664844 0.460742 0.671094 0.472460 0.683790 0.478320 0.691406 0.484960 0.697656 0.491602 0.698242 0.503126 0.697656 0.506640 0.700390 0.517774 0.706250 0.520704 0.710156 0.527734 0.716602 0.532032 0.713282 0.531054 0.709960 0.511132 0.701368 0.507226 0.695898 0.497656 0.692382 0.495704 0.691016 0.493164 0.688086 0.494532 0.684766 0.502930 0.683594 0.510546 0.680078 0.514648 0.679296 0.519336 0.679102 0.527734 0.680274 0.528516 0.678516 0.521290 0.671680 0.511132 0.675000 0.507422 0.676562 0.502540 0.670118 0.495508 0.666210 0.481446 0.662500 0.477930 0.658594 0.476954 0.652540 0.477734 0.647460 0.483204 0.638868
1 0.245118 0.662110 0.242578 0.665820 0.250976 0.669532 0.250586 0.673632 0.252344 0.676758 0.253906 0.681054 0.251172 0.692774 0.252734 0.693360 0.256054 0.689258 0.258398 0.678516 0.256054 0.671876 0.261718 0.672656 0.263476 0.679492 0.265820 0.683204 0.268554 0.677734 0.268554 0.672656 0.277734 0.674610 0.282226 0.672852 0.280468 0.671484 0.265040 0.667774 0.257032 0.665820 0.246484 0.664062
1 0.477120 0.551526 0.472702 0.555014 0.471540 0.563616 0.468052 0.561290 0.462472 0.563152 0.464798 0.567802 0.470146 0.571290 0.462240 0.574080 0.458752 0.566872 0.456892 0.567802 0.458520 0.573150 0.453404 0.573150 0.449452 0.570824 0.449218 0.575474 0.452008 0.583844 0.450382 0.587332 0.440384 0.588728 0.432710 0.588960 0.431548 0.590356 0.445034 0.593378 0.458984 0.591982 0.458752 0.594308 0.461078 0.597564 0.466890 0.594076 0.475260 0.594308 0.476656 0.593610 0.480608 0.598028 0.484794 0.594774 0.478748 0.588262 0.481770 0.586170 0.482468 0.582914 0.478748 0.577566 0.478980 0.573614 0.478980 0.569662 0.486188 0.568498 0.495954 0.556640 0.490374 0.557106 0.476888 0.562918 0.478748 0.566872 0.477120 0.558500
1 0.611818 0.646006 0.628352 0.658334 0.629192 0.654412 0.642082 0.657774 0.645724 0.667862 0.652450 0.679912 0.665620 0.684956 0.653572 0.675708 0.651050 0.662818 0.646006 0.654132 0.629752 0.652730 0.622748 0.651050 0.617422 0.646566
1 0.623028 0.670664 0.619104 0.670384 0.619104 0.679912 0.619104 0.684956 0.621626 0.694764 0.623308 0.684396 0.621906 0.681032 0.628632 0.685236 0.626390 0.681312 0.624428 0.677670
1 0.635356 0.701488 0.629192 0.703170 0.630594 0.709334 0.624148 0.715220 0.616302 0.723346 0.614620 0.727830 0.628352 0.718302 0.634516 0.725868 0.629472 0.715500 0.634516 0.710176 0.634796 0.704290
1 0.892602 0.809714 0.903082 0.819240 0.913324 0.818288 0.919756 0.818050 0.925472 0.811856 0.919994 0.811380 0.910466 0.814954 0.904988 0.815430 0.898080 0.813286 0.895936 0.812096
1 0.377734 0.381446 0.379296 0.384960 0.399414 0.384960 0.403124 0.387890 0.402930 0.390820 0.406836 0.395312 0.415624 0.399218 0.408204 0.386914 0.404102 0.383984 0.402930 0.381446 0.398632 0.380274 0.389648 0.380664
1 0.538282 0.738528 0.538282 0.748170 0.516306 0.751758 0.517204 0.756916 0.540748 0.757812 0.546580 0.750188
1 0.476392 0.938100 0.467422 0.936980 0.464508 0.941914 0.471010 0.944156 0.470786 0.949762 0.474598 0.946398 0.480652 0.938550 0.489622 0.925096 0.496574 0.914780 0.493658 0.916574 0.487604 0.923302 0.481998 0.930702
1 0.990348 0.759606 0.989228 0.769922 0.988106 0.776648 0.983622 0.781582 0.982276 0.784946 0.991246 0.781806 0.993264 0.786066 0.995954 0.786516 0.991246 0.777546 0.996628 0.776200 0.998046 0.775390 0.994610 0.770146 0.994610 0.763642 0.993712 0.757812
1 0.969494 0.579542 0.965010 0.588064 0.953798 0.583354 0.954022 0.588736 0.964562 0.594790 0.963216 0.595912 0.970840 0.590306 0.972186 0.584476 0.972634 0.580440
1 0.982724 0.587390 0.979586 0.596136 0.981380 0.603536 0.978240 0.605778 0.975548 0.602864 0.969494 0.603536 0.965234 0.608020 0.973980 0.610936 0.982724 0.613402 0.983398 0.611384 0.983846 0.604432 0.985640 0.595688 0.986312 0.591652 0.985192 0.587840
1 0.941464 0.467198 0.955368 0.474150 0.962318 0.473476 0.964562 0.479308 0.969046 0.487380 0.973530 0.491864 0.975998 0.477064 0.972410 0.470562 0.974652 0.467422 0.978464 0.462714 0.977792 0.459574 0.973756 0.462938 0.969494 0.469440 0.962992 0.464058 0.959180 0.464956 0.950434 0.466302 0.945052 0.466526
1 0.968150 0.503526 0.980034 0.517204 0.975100 0.525276 0.983398 0.522362 0.987882 0.516530 0.996178 0.517876 0.995282 0.514064 0.993488 0.511598 0.989452 0.512046 0.984070 0.509804 0.979586 0.506888 0.977118 0.506440
1 0.989228 0.530210 0.994386 0.534246 0.995282 0.540076 0.998046 0.541016 0.997524 0.545682 0.991694 0.538506 0.990124 0.535816 0.986536 0.536712 0.975998 0.537610 0.962318 0.533798 0.961870 0.532676 0.977568 0.533348 0.981380 0.533124 0.989676 0.533124
1 0.854908 0.486034 0.860962 0.499264 0.869260 0.507562 0.871502 0.514738 0.873968 0.506888 0.878902 0.511598 0.872624 0.505094 0.870604 0.501058 0.869708 0.496798 0.866120 0.495004 0.861860 0.489174 0.859842 0.487604
1 0.876210 0.441860 0.877108 0.445448 0.884956 0.449484 0.886526 0.467870 0.890562 0.466750 0.889890 0.452846 0.896616 0.455538 0.896392 0.451502 0.890562 0.447914 0.892132 0.443878 0.890562 0.437822 0.889442 0.438944 0.887198 0.444102 0.882714 0.443428
1 0.680450 0.437822 0.698164 0.437374 0.710722 0.430648 0.714310 0.433562 0.704444 0.442084 0.694802 0.442532 0.683140 0.443428
1 0.852890 0.392976 0.854460 0.408224 0.853562 0.414278 0.843696 0.403738 0.833382 0.401496 0.848180 0.411138 0.850648 0.414726 0.854684 0.424144 0.859392 0.437150 0.861186 0.434010 0.861412 0.422126 0.859842 0.415624 0.860514 0.411586 0.858496 0.406206 0.857374 0.401048 0.856926 0.392526
1 0.263868 0.630078 0.274218 0.639844 0.274804 0.643360 0.273632 0.649414 0.289844 0.647070 0.301562 0.644140 0.298632 0.641210 0.296876 0.640234 0.302930 0.631446 0.306250 0.625196 0.303320 0.625196 0.297266 0.631836 0.290234 0.636914 0.284180 0.639062 0.278516 0.634180 0.275586 0.633008 0.269532 0.631446 0.266406 0.629688
1 0.677540 0.450782 0.686524 0.460156 0.683594 0.465040 0.681054 0.473046 0.676562 0.476562 0.673242 0.480274 0.674610 0.483984 0.685546 0.480078 0.690040 0.480468 0.700976 0.486132 0.707618 0.487304 0.717968 0.487890 0.720118 0.489454 0.716796 0.480468 0.724804 0.481836 0.726172 0.484960 0.727930 0.489844 0.729296 0.502344 0.728906 0.505078 0.733594 0.498242 0.732812 0.489062 0.726562 0.482618 0.723046 0.477344 0.727734 0.473438 0.728516 0.468750 0.722266 0.471290 0.717188 0.477148 0.708790 0.478710 0.700000 0.478320 0.690234 0.479492 0.685546 0.474024 0.685938 0.470704 0.690430 0.459766 0.691992 0.455860 0.687500 0.451368 0.682618 0.448438
1 0.654688 0.195704 0.655078 0.211524 0.655274 0.218554 0.658984 0.225976 0.647266 0.221290 0.642968 0.219140 0.640040 0.222266 0.641210 0.224610 0.662110 0.230078 0.659766 0.233984 0.663476 0.244140 0.669336 0.246484 0.668554 0.233398 0.673438 0.230274 0.683790 0.227540 0.687890 0.233594 0.697852 0.233984 0.697266 0.229102 0.685742 0.223632 0.682032 0.220898 0.682422 0.215234 0.678516 0.219336 0.675586 0.226562 0.672656 0.218750 0.670704 0.224610 0.666992 0.229882 0.664454 0.224414 0.663086 0.216796 0.659570 0.210352 0.657812 0.199804 0.658204 0.195312
1 0.724414 0.233790 0.722852 0.240820 0.717382 0.252148 0.718360 0.262304 0.726172 0.242382 0.729688 0.241406 0.731640 0.241210 0.731836 0.238086 0.729102 0.237110 0.726758 0.236524
1 0.674218 0.265234 0.672266 0.270312 0.671094 0.276172 0.671484 0.280664 0.675000 0.286914 0.682618 0.293750 0.696874 0.297070 0.698632 0.291406 0.695704 0.288672 0.687500 0.286524 0.680860 0.284766 0.676562 0.278710 0.676758 0.273046 0.696874 0.281250 0.701172 0.286328 0.703710 0.279492 0.713672 0.280078 0.713476 0.276954 0.704882 0.274414 0.695508 0.275586 0.689258 0.274804 0.681836 0.268946 0.678320 0.267382
1 0.644336 0.294532 0.642188 0.299024 0.642968 0.302930 0.636524 0.308594 0.639062 0.313868 0.650586 0.308594 0.658790 0.323046 0.663476 0.316406 0.662304 0.307422 0.665234 0.301954 0.663672 0.297070 0.655274 0.301758 0.653710 0.305468 0.659766 0.311718 0.652540 0.310742 0.649218 0.303710 0.647460 0.300586
1 0.737696 0.283790 0.743946 0.294140 0.742578 0.304102 0.736328 0.306250 0.732422 0.299218 0.731250 0.308594 0.717188 0.307618 0.717578 0.310352 0.733398 0.311524 0.733204 0.322070 0.739648 0.335546 0.743360 0.325976 0.738282 0.310156 0.746094 0.307812 0.755468 0.319336 0.749218 0.308008 0.747656 0.301562 0.747852 0.294532 0.745312 0.289062 0.741796 0.283790
1 0.652930 0.497070 0.650196 0.506446 0.650196 0.508204 0.651368 0.517578 0.648242 0.523632 0.652734 0.525586 0.654688 0.529102 0.660742 0.537500 0.660352 0.525976 0.656250 0.516796 0.665234 0.510352 0.664648 0.508398 0.662110 0.507226 0.657618 0.507226 0.655274 0.501758 0.656250 0.497460
1 0.790776 0.682692 0.802212 0.690990 0.809388 0.696820 0.814096 0.701080 0.820152 0.696146 0.824412 0.685384 0.827326 0.675966 0.824188 0.676862 0.819702 0.682692 0.814770 0.692334 0.810508 0.686504 0.801540 0.678656 0.797502 0.678656 0.799970 0.684038 0.797054 0.683590
1 0.849526 0.428630 0.846162 0.430872 0.849302 0.440738 0.853562 0.452846 0.844368 0.453072 0.836072 0.442532 0.840332 0.450156 0.842800 0.455314 0.836296 0.459798 0.847732 0.457332 0.858272 0.459126 0.856702 0.454866 0.858496 0.453296 0.862980 0.451950 0.863430 0.453520 0.870604 0.452622 0.869036 0.450156 0.863430 0.449034 0.857824 0.448362 0.851994 0.441860 0.851096 0.435580
1 0.912986 0.363152 0.912986 0.373466 0.913884 0.383108 0.906258 0.381314 0.902446 0.384230 0.901998 0.389836 0.916574 0.384678 0.914780 0.389836 0.918592 0.391630 0.919938 0.388938 0.918592 0.377502 0.917920 0.371448 0.917246 0.365842 0.916798 0.364048
1 0.949762 0.376158 0.957610 0.391630 0.943258 0.396114 0.932494 0.400374 0.936980 0.403290 0.956264 0.397012 0.965458 0.392750 0.972186 0.394096 0.973980 0.387370 0.960974 0.389388 0.953574 0.376382 0.950658 0.373242
1 0.843024 0.328618 0.838538 0.340728 0.841006 0.346334 0.842800 0.354182 0.844144 0.358442 0.845490 0.364272 0.852890 0.372346 0.845714 0.359788 0.847732 0.353060 0.854684 0.347006 0.859618 0.342296 0.852218 0.344316 0.850648 0.344540 0.848854 0.327946 0.847284 0.327722
0 0.919264 0.292964 0.919264 0.298794 0.940120 0.307092 0.927338 0.315388 0.931822 0.315836 0.945276 0.310904 0.952452 0.320322 0.959404 0.331534 0.968598 0.339382 0.978240 0.347230 0.966804 0.335570 0.960300 0.327048 0.953350 0.317182 0.949538 0.306868 0.944828 0.293862 0.943258 0.294758 0.941240 0.297000 0.941688 0.307316 0.937204 0.297450 0.932494 0.294758 0.921956 0.293188
1 0.956712 0.295880 0.958058 0.300812 0.957834 0.310904 0.962094 0.313818 0.964112 0.314940 0.957386 0.321666 0.961422 0.325478 0.964786 0.325254 0.968150 0.320770 0.967252 0.310904 0.969046 0.313146 0.970840 0.318976 0.973530 0.320546 0.980034 0.319424 0.971736 0.309110 0.966356 0.301934 0.959180 0.295880
1 0.879798 0.173444 0.878902 0.179274 0.878678 0.185330 0.878230 0.189366 0.877108 0.192730 0.876660 0.202596 0.880022 0.203942 0.881144 0.202148 0.886750 0.212686 0.891460 0.214704 0.893254 0.220086 0.883836 0.214928 0.877556 0.214480 0.885628 0.219414 0.889666 0.223898 0.898860 0.231074 0.895944 0.232868 0.895048 0.243184 0.894598 0.245202 0.880696 0.246996 0.878902 0.249014 0.897066 0.256190 0.901774 0.260674 0.899084 0.249686 0.897738 0.244752 0.904690 0.240940 0.904016 0.235784 0.900878 0.229280 0.904466 0.227262 0.909398 0.224348 0.905810 0.220310 0.899980 0.217620 0.894598 0.212686 0.886750 0.204838 0.881144 0.197214 0.880248 0.193850 0.883836 0.187572 0.885628 0.180620 0.881816 0.176584
1 0.878902 0.254844 0.875762 0.260226 0.875986 0.266728 0.866792 0.268522 0.866344 0.275250 0.892132 0.276146 0.893702 0.286686 0.904466 0.277044 0.920162 0.277044 0.918144 0.272782 0.911640 0.271886 0.909174 0.265608 0.908502 0.273232 0.893702 0.271662 0.895048 0.257534 0.892804 0.257310 0.888992 0.269868 0.878230 0.267626 0.882042 0.259104 0.877780 0.251704
1 0.910742 0.478516 0.905664 0.482226 0.904882 0.485938 0.897266 0.483984 0.895508 0.489062 0.908594 0.489258 0.912304 0.483204