0 0.291016 0.009766 0.298828 0.020834 0.300782 0.060546 0.314454 0.057292 0.326172 0.058594 0.349610 0.039062 0.330078 0.039062 0.320964 0.048828 0.309244 0.051432 0.311198 0.041016 0.328776 0.027344 0.341146 0.012370 0.331380 0.014322 0.314454 0.031250 0.313802 0.014974 0.325520 0.009766 0.343750 0.010416 0.366536 0.019532 0.354818 0.008464 0.328776 0.003906 0.314454 0.008464 0.314454 0.001302 0.303386 0.013672
0 0.245442 0.188802 0.252604 0.214844 0.261718 0.241536 0.272136 0.280598 0.277994 0.260416 0.292968 0.252604 0.322266 0.235026 0.295572 0.240234 0.295572 0.225260 0.292318 0.215494 0.288412 0.215494 0.289714 0.227214 0.281250 0.242838 0.283854 0.231120 0.276042 0.227864 0.275390 0.220052 0.268880 0.204428 0.287110 0.212240 0.292968 0.210286 0.312500 0.189454 0.307292 0.188152 0.289714 0.197266 0.287110 0.193360 0.302084 0.187500 0.309896 0.180990 0.314454 0.174480 0.313802 0.159506 0.303386 0.143230 0.298178 0.141928 0.306640 0.157552 0.305990 0.171876 0.290364 0.177734 0.279296 0.172526 0.267578 0.177734 0.248046 0.175130
0 0.218098 0.335938 0.230468 0.341146 0.248046 0.360026 0.250652 0.370442 0.268880 0.373046 0.284506 0.375652 0.298178 0.373046 0.319010 0.375652 0.347006 0.360678 0.313802 0.366536 0.303386 0.361980 0.280598 0.362630 0.277994 0.358072 0.279948 0.351562 0.288412 0.348308 0.308594 0.313152 0.304688 0.300782 0.303386 0.313802 0.293620 0.322266 0.286458 0.338542 0.273438 0.346354 0.268230 0.355468 0.259114 0.350912 0.252604 0.336588 0.220052 0.328124
0 0.186848 0.552084 0.204428 0.559896 0.207032 0.550782 0.195964 0.545572 0.199218 0.541016 0.212890 0.538412 0.248046 0.558594 0.259766 0.557942 0.276042 0.543620 0.268880 0.539714 0.257812 0.546224 0.254558 0.537760 0.264322 0.536458 0.268880 0.529948 0.262370 0.524088 0.266276 0.521484 0.281250 0.519532 0.283204 0.514322 0.247396 0.514322 0.242188 0.525390 0.231120 0.522136 0.239584 0.500000 0.248698 0.499348 0.243490 0.487630 0.252604 0.476562 0.258464 0.481770 0.275390 0.481770 0.296224 0.486980 0.296224 0.479818 0.287110 0.477214 0.287110 0.470052 0.276692 0.468750 0.278646 0.457032 0.288412 0.441406 0.281902 0.443360 0.274740 0.451822 0.271484 0.440104 0.277994 0.438802 0.268230 0.429036 0.249348 0.426432 0.265624 0.442058 0.268230 0.451172 0.273438 0.466146 0.264322 0.471354 0.251302 0.456380 0.246094 0.426432 0.241536 0.425130 0.239584 0.444662 0.242838 0.455730 0.232422 0.451172 0.244140 0.460938 0.236980 0.483724 0.227864 0.498698 0.214844 0.488932 0.224610 0.513020 0.222006 0.518880 0.205078 0.500000 0.193360 0.503256 0.214192 0.529296 0.203776 0.531902 0.193360 0.519532 0.177084 0.503906 0.181640 0.528646 0.191406 0.534506
0 0.204428 0.679688 0.224610 0.673178 0.242188 0.700520 0.259114 0.714844 0.256510 0.724610 0.270834 0.720704 0.267578 0.704428 0.257812 0.691406 0.238932 0.677084 0.255860 0.674480 0.254558 0.645182 0.266276 0.647136 0.284506 0.626954 0.262370 0.636068 0.254558 0.636068 0.238932 0.644532 0.238932 0.660808 0.233724 0.651692 0.232422 0.636718 0.236980 0.614584 0.226562 0.626302 0.221354 0.636068 0.221354 0.649740 0.208984 0.656902 0.222006 0.660156 0.223308 0.668620 0.202474 0.668620
0 0.180338 0.716796 0.202474 0.717448 0.221354 0.728516 0.227864 0.746744 0.244792 0.735678 0.268880 0.729166 0.297526 0.728516 0.315756 0.750652 0.296224 0.739584 0.269532 0.733724 0.251302 0.744140 0.240886 0.759114 0.270182 0.759114 0.292318 0.763020 0.296224 0.767578 0.268880 0.772136 0.239584 0.766276 0.233724 0.770182 0.248698 0.790364 0.238932 0.786458 0.228516 0.779948 0.219402 0.783854 0.217448 0.774088 0.205730 0.756510 0.227214 0.757812 0.218098 0.747396 0.205730 0.727214
0 0.265624 0.775390 0.268230 0.802084 0.246094 0.808594 0.243490 0.822266 0.233724 0.825520 0.223308 0.842448 0.227864 0.862630 0.250652 0.875652 0.280598 0.888020 0.295572 0.908854 0.278646 0.895182 0.260416 0.890624 0.240886 0.878256 0.240234 0.889974 0.230468 0.899740 0.228516 0.889322 0.230468 0.878256 0.220704 0.865886 0.195312 0.858072 0.169922 0.857422 0.196614 0.845704 0.203124 0.849610 0.197916 0.826822 0.210286 0.826172 0.197916 0.809244 0.223958 0.816406 0.235678 0.805338 0.247396 0.798178 0.257812 0.794270
0 0.213542 0.911458 0.218098 0.952474 0.243490 0.955078 0.263672 0.967448 0.264322 0.978516 0.246744 0.964192 0.213542 0.962240 0.213542 0.968098 0.225912 0.973308 0.227214 0.994792 0.216796 0.984376 0.169922 0.960286 0.190104 0.951172 0.195964 0.951172 0.204428 0.925130 0.207032 0.904948
0 0.497396 0.061198 0.500000 0.080078 0.507162 0.087890 0.524088 0.080078 0.527344 0.090494 0.541666 0.092448 0.545572 0.116536 0.534506 0.123046 0.522786 0.125652 0.518230 0.134766 0.529296 0.144532 0.518230 0.145182 0.519532 0.154296 0.524088 0.162110 0.524740 0.169270 0.514974 0.161458 0.512370 0.150390 0.513672 0.133464 0.502604 0.132162 0.512370 0.122396 0.525390 0.117838 0.536458 0.112630 0.536458 0.105468 0.530598 0.104818 0.513020 0.102864 0.501954 0.097656 0.493490 0.088542 0.490886 0.078124
0 0.511068 0.240234 0.531902 0.207682 0.534506 0.218098 0.541666 0.225260 0.545572 0.217448 0.536458 0.203124 0.559896 0.178386 0.547526 0.182942 0.537110 0.195964 0.531902 0.191406 0.542318 0.183594 0.537760 0.182942 0.530598 0.177734 0.529948 0.173828 0.542318 0.167318 0.565104 0.165364 0.558594 0.175782 0.580078 0.167318 0.567708 0.158854 0.548178 0.157552 0.532552 0.160808 0.525390 0.171876 0.520834 0.180990 0.519532 0.171224 0.516928 0.175782 0.512370 0.166016 0.495442 0.148438 0.506510 0.152344 0.509114 0.140624 0.502604 0.135416 0.492838 0.132812 0.486980 0.119792 0.478516 0.097656 0.475260 0.121744 0.477214 0.139974 0.487630 0.142578 0.473308 0.152344 0.487630 0.150390 0.500000 0.167318 0.514974 0.182942 0.519532 0.195964 0.524740 0.210938 0.515624 0.222006
0 0.503906 0.287110 0.509766 0.300782 0.524088 0.293620 0.546224 0.296224 0.565756 0.326172 0.565756 0.338542 0.557942 0.322266 0.546876 0.309244 0.527994 0.305338 0.514974 0.315756 0.528646 0.327474 0.538412 0.332682 0.533204 0.333334 0.536458 0.343098 0.542318 0.340494 0.534506 0.362630 0.517578 0.349610 0.527994 0.348308 0.522136 0.338542 0.506510 0.329428 0.495442 0.337240 0.491536 0.333984 0.496744 0.326822 0.486980 0.315756 0.507162 0.310546 0.500000 0.298828
0 0.447916 0.522136 0.471354 0.514974 0.481120 0.507812 0.500000 0.527994 0.503256 0.548828 0.528646 0.543620 0.522786 0.539714 0.514322 0.539062 0.508464 0.521484 0.511718 0.520834 0.524088 0.528646 0.537110 0.541016 0.534506 0.529948 0.527994 0.519532 0.511718 0.512370 0.504558 0.516928 0.489584 0.496744 0.474610 0.494792 0.464844 0.506510
0 0.431640 0.591146 0.445312 0.598958 0.455078 0.609376 0.445964 0.615234 0.445312 0.626954 0.460286 0.625000 0.482422 0.634766 0.521484 0.630860 0.503256 0.626302 0.483724 0.625652 0.513672 0.622396 0.509766 0.618490 0.494792 0.617838 0.511718 0.614584 0.528646 0.623698 0.530598 0.611980 0.526042 0.602864 0.536458 0.588542 0.516276 0.604166 0.520182 0.588542 0.511718 0.602214 0.483072 0.597656 0.487630 0.602864 0.479818 0.609376 0.473308 0.607422 0.466146 0.599610 0.438152 0.587890
0 0.421876 0.723308 0.458984 0.718750 0.475912 0.719402 0.485678 0.742188 0.493490 0.742838 0.488932 0.724610 0.503256 0.735678 0.515624 0.733724 0.501302 0.723958 0.492188 0.714844 0.481120 0.711588 0.466796 0.694662 0.446614 0.679688 0.431640 0.675130 0.450520 0.689454 0.465494 0.708334 0.453776 0.708984 0.429036 0.710938
0 0.453124 0.846354 0.460286 0.832682 0.473958 0.831380 0.466146 0.820312 0.469402 0.815756 0.481770 0.830078 0.483072 0.855468 0.477864 0.884766 0.482422 0.910156 0.487630 0.895834 0.483072 0.888020 0.486980 0.863932 0.494792 0.875000 0.490886 0.858072 0.492188 0.838542 0.485026 0.815756 0.468750 0.803386 0.457682 0.798828 0.452474 0.803386 0.443360 0.800130 0.437500 0.798828 0.440104 0.780598 0.432292 0.782552 0.428386 0.795572 0.432292 0.805338 0.447916 0.807942 0.459636 0.822266 0.445964 0.830730 0.440104 0.841796
0 0.389974 0.936848 0.400390 0.931640 0.412760 0.936848 0.434244 0.936848 0.458334 0.939454 0.436848 0.957682 0.457032 0.951172 0.468750 0.938802 0.491536 0.938802 0.492838 0.930990 0.474610 0.928386 0.466146 0.925782 0.451822 0.930990 0.442058 0.923178 0.436198 0.916016 0.429036 0.916666 0.429036 0.925130 0.412110 0.921876 0.399088 0.923178 0.389322 0.927734
1 0.281250 0.638672 0.289714 0.662760 0.300130 0.660808 0.306640 0.676432 0.330730 0.678386 0.346354 0.664714 0.340494 0.653646 0.333984 0.645834 0.341796 0.639974 0.337240 0.632162 0.317708 0.626954 0.289714 0.623698 0.298178 0.634114 0.298178 0.645182 0.291666 0.645834
1 0.417318 0.882162 0.427734 0.900390 0.441406 0.901692 0.442708 0.895834 0.432292 0.885416
0 0.759766 0.007812 0.776692 0.012370 0.798178 0.016928 0.815756 0.029948 0.826172 0.026692 0.805338 0.000652 0.798828 0.005860 0.776042 0.004558
0 0.761068 0.101562 0.778646 0.111328 0.795572 0.113932 0.810546 0.131510 0.825520 0.127604 0.819010 0.123046 0.821614 0.106770 0.814454 0.113932 0.814454 0.102864 0.816406 0.080078 0.811198 0.093750 0.806640 0.115886 0.794922 0.107422 0.781250 0.100260
0 0.804688 0.321614 0.794922 0.347656 0.791666 0.357422 0.794270 0.369792 0.809896 0.354166 0.804688 0.369140 0.802734 0.381510 0.824218 0.379558 0.852214 0.374348 0.839844 0.386068 0.808594 0.384766 0.819662 0.399740 0.817708 0.406250 0.808594 0.397136 0.800130 0.381510 0.787760 0.369140 0.780598 0.362630 0.773438 0.349610 0.761068 0.337890 0.779948 0.327474 0.785156 0.333334
0 0.784506 0.413412 0.788412 0.426432 0.795572 0.419270 0.793620 0.431640 0.800130 0.435546 0.793620 0.451172 0.780598 0.454428 0.781902 0.460938 0.799480 0.466146 0.798828 0.473308 0.781250 0.470052 0.770834 0.477214 0.766276 0.466146 0.755860 0.455730 0.753906 0.448568 0.742838 0.428386 0.760416 0.438802 0.774088 0.437500 0.782552 0.433594
0 0.727864 0.650390 0.746094 0.656250 0.751954 0.660156 0.762370 0.662110 0.768880 0.670572 0.787110 0.675130 0.802734 0.677084 0.806640 0.652344 0.800130 0.662760 0.780598 0.663412 0.772136 0.663412 0.766928 0.653646 0.743490 0.644532 0.725260 0.643230
0 0.974610 0.209636 0.982422 0.229166 0.994140 0.235678 0.994140 0.279296 0.987630 0.218750
0 0.997396 0.645834 0.992838 0.634114 0.998698 0.613932
0 0.945964 0.978516 0.961588 0.980468 0.965494 0.987630 0.960938 0.996094 0.981120 0.986980 0.986328 0.986980 0.994140 0.979166 0.986980 0.978516 0.983072 0.973308 0.983724 0.960938 0.974610 0.968750 0.971354 0.971354 0.966796 0.977214 0.957032 0.974610
1 0.177084 0.133464 0.197266 0.147136 0.200520 0.165364 0.210286 0.147136 0.206380 0.138020 0.185546 0.132162
1 0.188802 0.590494 0.207032 0.591146 0.225260 0.600260 0.225260 0.617188 0.216146 0.641928 0.190756 0.632812 0.185546 0.623046 0.188802 0.608072
1 0.148438 0.634766 0.166016 0.632162 0.182292 0.639974 0.190756 0.636718 0.198568 0.639974 0.203124 0.659506 0.200520 0.677084 0.197916 0.690104 0.167968 0.686848 0.167968 0.680990 0.182942 0.679688 0.185546 0.675782 0.158204 0.660156 0.171876 0.654296 0.148438 0.644532
1 0.309896 0.735026 0.321614 0.733072 0.320312 0.748698 0.334636 0.715494 0.325520 0.718750 0.322916 0.727214 0.307292 0.728516
1 0.117188 0.861980 0.123046 0.878906 0.155598 0.879558 0.152344 0.867188 0.138672 0.858724 0.125000 0.860026
1 0.111328 0.970052 0.109376 0.986980 0.125652 0.993490 0.145834 0.998698 0.170572 0.990234 0.158854 0.983072 0.151042 0.977864 0.143880 0.964844 0.125652 0.964192
1 0.365886 0.955078 0.375652 0.958984 0.370442 0.970052 0.375652 0.973958 0.398438 0.946614 0.386718 0.946614 0.382812 0.951822 0.371094 0.949218
1 0.837240 0.926432 0.856770 0.944010 0.867188 0.947266 0.869792 0.938802 0.863932 0.937500 0.860026 0.912760 0.858724 0.929688 0.846354 0.923828
1 0.792318 0.912110 0.816406 0.914062 0.819662 0.917318 0.835938 0.918620 0.834636 0.912110 0.828124 0.902994 0.824870 0.896484 0.810546 0.893230 0.811848 0.904296 0.799480 0.903646
1 0.762370 0.749348 0.752604 0.761718 0.752604 0.770834 0.759766 0.781902 0.767578 0.785808 0.768230 0.791666 0.757162 0.792968 0.745442 0.785808 0.742188 0.786458 0.742188 0.776692 0.742188 0.764322 0.735678 0.755860 0.740234 0.755860 0.748046 0.755860 0.753256 0.749348
1 0.692708 0.807942 0.692708 0.819662 0.704428 0.851562 0.718098 0.865886 0.727214 0.855468 0.725912 0.831380 0.718098 0.813802 0.705730 0.805338
1 0.843098 0.794270 0.849610 0.801432 0.849610 0.815756 0.869140 0.813802 0.876954 0.809896 0.873698 0.789714 0.867188 0.781902 0.852864 0.779296 0.848308 0.782552
1 0.895834 0.716796 0.914714 0.736980 0.922526 0.751302 0.923828 0.735026 0.937500 0.720052 0.933594 0.714844 0.923828 0.723958 0.912110 0.717448
1 0.852864 0.819662 0.850260 0.833984 0.855468 0.851562 0.869140 0.855468 0.885416 0.850912 0.888020 0.839192 0.879558 0.824870 0.867838 0.816406
1 0.748698 0.520834 0.775390 0.524740 0.782552 0.527344 0.775390 0.504558 0.772136 0.514974 0.760416 0.514974
1 0.770182 0.563802 0.787760 0.573568 0.797526 0.583984 0.804036 0.577474 0.798178 0.556640 0.789714 0.557292 0.783204 0.561198
1 0.958984 0.576822 0.989584 0.581380 0.994792 0.591796 0.996744 0.584636 0.990234 0.569010 0.986980 0.553386 0.981120 0.569010
1 0.824218 0.313802 0.843750 0.322916 0.848308 0.326172 0.860678 0.325520 0.862630 0.330730 0.846354 0.341146 0.827474 0.338542 0.837890 0.332032
1 0.882162 0.294270 0.882812 0.282552 0.893880 0.270182 0.896484 0.276692 0.912760 0.283204 0.919922 0.272786 0.918620 0.259766 0.904948 0.253906 0.897786 0.253256 0.882812 0.248046 0.880860 0.264974 0.870442 0.253906 0.876302 0.274088 0.875000 0.282552
1 0.890624 0.169922 0.908204 0.179036 0.919270 0.177084 0.910808 0.188802 0.914062 0.199870 0.899740 0.182942
1 0.453776 0.405598 0.464844 0.408854 0.469402 0.424480 0.479818 0.414714 0.504558 0.412110 0.523438 0.423178 0.519532 0.406902 0.524088 0.398438 0.542318 0.383464 0.524740 0.385416 0.522136 0.378256 0.533854 0.371744 0.533204 0.366536 0.514322 0.373046 0.499348 0.376302 0.484376 0.384766 0.473958 0.395834 0.449218 0.399088
1 0.529948 0.230468 0.541016 0.257162 0.522136 0.266276 0.518880 0.261068 0.531902 0.252604 0.527344 0.239584
1 0.494140 0.048828 0.529296 0.061848 0.530598 0.076822 0.507812 0.077474 0.501954 0.072266 0.508464 0.069662 0.498046 0.057292
1 0.487630 0.016928 0.506510 0.009114 0.522136 0.010416 0.529296 0.018230 0.527344 0.031902 0.537760 0.024088 0.550130 0.029296 0.552734 0.020182 0.546224 0.009114 0.528646 0.000652 0.486328 0.002604
1 0.513672 0.568360 0.512370 0.585286 0.524088 0.592448 0.539714 0.583984 0.545572 0.580730 0.535808 0.570964 0.525390 0.564454
1 0.393880 0.772136 0.413412 0.783204 0.423178 0.789714 0.425130 0.802734 0.412110 0.808594 0.396484 0.792968 0.393880 0.783204 0.393230 0.778646
1 0.464192 0.682942 0.468750 0.677734 0.484376 0.687500 0.486980 0.704428 0.481120 0.705078
1 0.465494 0.744792 0.470052 0.761068 0.481120 0.761718 0.488282 0.753906 0.479818 0.747396
1 0.410808 0.824870 0.402994 0.836588 0.427084 0.850260 0.436198 0.848958 0.442058 0.834636 0.428386 0.831380 0.417968 0.824870