0 0.027994 0.039062 0.046876 0.051432 0.053386 0.061848 0.057292 0.073568 0.053386 0.094402 0.068360 0.080078 0.067708 0.063802 0.067708 0.057292 0.075520 0.040364 0.090494 0.038412 0.125652 0.050782 0.121094 0.043620 0.100260 0.033854 0.078124 0.029296 0.061848 0.038412 0.057942 0.051432 0.045572 0.042318
0 0.021484 0.194662 0.046224 0.187500 0.055990 0.182292 0.076172 0.196614 0.104166 0.206380 0.095052 0.192708 0.082032 0.187500 0.069662 0.184244 0.057292 0.175130 0.075520 0.167968 0.070964 0.162760 0.055990 0.168620 0.054036 0.156250 0.059244 0.138672 0.061848 0.127604 0.073568 0.111980 0.063802 0.114584 0.053386 0.099610 0.051432 0.108072 0.041016 0.101562 0.036458 0.104818 0.044270 0.116536 0.050782 0.119140 0.055990 0.128256 0.049480 0.132162 0.039714 0.133464 0.041016 0.151692 0.031902 0.139974 0.031902 0.156902 0.031250 0.166666 0.038412 0.171876 0.031250 0.176432 0.028646 0.186198 0.024088 0.186848
0 0.005208 0.246744 0.020182 0.260416 0.007162 0.268880 0.000000 0.279948 0.027344 0.268230 0.044922 0.270834 0.059896 0.274088 0.069662 0.263672 0.093750 0.259114 0.104166 0.251954 0.095704 0.248698 0.079428 0.254558 0.044270 0.255860 0.041666 0.242188 0.038412 0.254558 0.027994 0.244792 0.032552 0.235678 0.027994 0.235678 0.024740 0.243490 0.002604 0.228516
0 0.009114 0.375652 0.018880 0.388020 0.040364 0.395834 0.041016 0.390624 0.057292 0.396484 0.070964 0.412110 0.073568 0.423178 0.076822 0.408204 0.067708 0.395834 0.059244 0.381510 0.045572 0.376302 0.030598 0.373698 0.037110 0.366536 0.049480 0.346354 0.032552 0.358724 0.022786 0.367838 0.018880 0.371094
0 0.001302 0.418620 0.005860 0.410156 0.032552 0.408204 0.038412 0.410808 0.024088 0.413412 0.011068 0.419922 0.012370 0.432292 0.017578 0.435546 0.023438 0.452474 0.039062 0.443360 0.029948 0.460938 0.043620 0.458984 0.046224 0.440104 0.053386 0.451172 0.093750 0.458984 0.091146 0.462240 0.054688 0.460286 0.044922 0.464844 0.031902 0.464844 0.029296 0.473958 0.015624 0.492188 0.010416 0.473958 0.020182 0.457682 0.005860 0.452474 0.001954 0.438802
0 0.014974 0.598308 0.013672 0.615886 0.024740 0.619792 0.018880 0.631510 0.017578 0.639322 0.046224 0.625000 0.029296 0.620442 0.055990 0.613282 0.076822 0.610026 0.057942 0.625652 0.040364 0.641928 0.018880 0.651692 0.004558 0.657552 0.003906 0.606120
0 0.443360 0.067708 0.443360 0.077474 0.441406 0.086588 0.453776 0.093098 0.477214 0.098958 0.454428 0.104166 0.466796 0.107422 0.481120 0.100260 0.493490 0.081380 0.494792 0.087890 0.486328 0.104166 0.466796 0.115234 0.460938 0.115234 0.460286 0.132812 0.451822 0.132812 0.450520 0.115886 0.429688 0.098958 0.432292 0.091146
0 0.399088 0.189454 0.414062 0.217448 0.433594 0.230468 0.434896 0.245442 0.441406 0.259766 0.451822 0.247396 0.451822 0.242838 0.470704 0.245442 0.494140 0.246094 0.508464 0.239584 0.494140 0.240234 0.485026 0.241536 0.479818 0.235026 0.475260 0.239584 0.457032 0.235026 0.444010 0.236328 0.442708 0.231120 0.456380 0.210286 0.442058 0.222006 0.427084 0.205730 0.406250 0.192058
0 0.368490 0.410156 0.376302 0.410808 0.386068 0.421876 0.400390 0.428386 0.416666 0.446614 0.425130 0.432942 0.436198 0.434244 0.444010 0.423828 0.449218 0.405598 0.452474 0.419270 0.449218 0.431640 0.440756 0.451822 0.439454 0.457032 0.426432 0.460938 0.433594 0.471354 0.423828 0.480468 0.423178 0.488282 0.410808 0.494140 0.406250 0.485026 0.417968 0.469402 0.414062 0.458984 0.410808 0.447916 0.391276 0.432942 0.376954 0.437500 0.359376 0.438152 0.375000 0.432292 0.383464 0.429688 0.373046 0.422526
0 0.445312 0.750000 0.434244 0.763672 0.426432 0.781250 0.423178 0.792968 0.410156 0.796876 0.382812 0.789714 0.376954 0.788412 0.373046 0.774740 0.374348 0.767578 0.362630 0.758464 0.366536 0.751302 0.371744 0.753906 0.378256 0.749348 0.386068 0.763672 0.406902 0.764974 0.424480 0.764322 0.432292 0.751302
0 0.338542 0.984376 0.361328 0.986980 0.374348 0.996094 0.394532 0.982422 0.406250 0.991536 0.402344 0.979166 0.391928 0.976562 0.378906 0.969402 0.366536 0.976562 0.363282 0.982422 0.347006 0.982422
0 0.688802 0.002604 0.694662 0.024740 0.682942 0.020182 0.699870 0.037760 0.703124 0.052734 0.714192 0.061848 0.727214 0.080078 0.732422 0.074870 0.746744 0.080078 0.751954 0.072916 0.738932 0.061848 0.718098 0.057942 0.714192 0.042968 0.726562 0.046876 0.733724 0.026042 0.733724 0.007812 0.726562 0.007162 0.715494 0.003256
0 0.699218 0.140624 0.699218 0.165364 0.701822 0.177084 0.704428 0.189454 0.713542 0.187500 0.733724 0.196614 0.744140 0.198568 0.744140 0.189454 0.752604 0.198568 0.766928 0.197266 0.756510 0.208984 0.750000 0.211588 0.740234 0.207032 0.719402 0.208334 0.719402 0.214844 0.707682 0.212240 0.704428 0.203124 0.693360 0.180338 0.691406 0.162110
0 0.662760 0.485678 0.677084 0.481120 0.694662 0.483072 0.706380 0.478516 0.713542 0.475260 0.701822 0.473308 0.688802 0.473958 0.687500 0.470052 0.716796 0.445964 0.744792 0.447266 0.746094 0.443360 0.722006 0.432942 0.738932 0.434244 0.743490 0.419922 0.727864 0.416016 0.721354 0.405598 0.716146 0.412110 0.697266 0.419270 0.719402 0.421876 0.706380 0.436848 0.674480 0.457032 0.677084 0.467448 0.661458 0.470052
0 0.654948 0.533204 0.677084 0.538412 0.680338 0.548828 0.681640 0.584636 0.674480 0.583984 0.672526 0.593098 0.681640 0.606120 0.686848 0.632162 0.680338 0.630860 0.665364 0.604818 0.662760 0.582032 0.649088 0.569662 0.645182 0.548178 0.648438 0.538412 0.652344 0.551432 0.664714 0.571614 0.670572 0.573568 0.666666 0.563802 0.673828 0.549480 0.662760 0.542968
0 0.655598 0.372396 0.673178 0.375000 0.672526 0.385416 0.664062 0.388020 0.667968 0.394532 0.655598 0.404296 0.671876 0.402994 0.675782 0.419270 0.684896 0.406250 0.701822 0.386068 0.697916 0.383464 0.690756 0.385416 0.690104 0.370442 0.707032 0.358072 0.718098 0.352214 0.706380 0.350912 0.687500 0.363932 0.689454 0.354818 0.707032 0.339844 0.700520 0.338542 0.685546 0.346354 0.680990 0.347656 0.682292 0.357422 0.679036 0.369140 0.658204 0.364584
0 0.597006 0.776042 0.619792 0.770834 0.614584 0.779948 0.629558 0.784506 0.646484 0.794922 0.654296 0.791016 0.652994 0.785156 0.667318 0.764322 0.686848 0.753256 0.699218 0.763672 0.706380 0.755208 0.721354 0.750652 0.698568 0.745442 0.687500 0.740886 0.682292 0.746094 0.669922 0.753906 0.655598 0.764974 0.647786 0.779948 0.633464 0.770834 0.630860 0.761068 0.638672 0.742188 0.625000 0.756510 0.621744 0.764322 0.602864 0.766276
0 0.669922 0.949218 0.657552 0.960286 0.645182 0.975260 0.641276 0.994792 0.580078 0.996744 0.586588 0.992838 0.587890 0.982422 0.600260 0.972006 0.603516 0.981770 0.615234 0.977864 0.605468 0.990234 0.598958 0.994140 0.613282 0.998046 0.630860 0.997396 0.623698 0.992838 0.615886 0.988282 0.625000 0.984376 0.625000 0.972656 0.638020 0.968098 0.631510 0.980468 0.635416 0.989584 0.636718 0.973308 0.651692 0.955078
0 0.979166 0.356120 0.982422 0.368490 0.995442 0.389322 0.994792 0.401042 0.987630 0.415364 0.996094 0.426432 0.986980 0.451822 0.986328 0.431640 0.974610 0.412110 0.981120 0.391276 0.976562 0.373698
0 0.993490 0.552084 0.990234 0.566406 0.990886 0.585938 0.997396 0.589844 0.996094 0.610026 0.998046 0.652344 0.986328 0.651692 0.972006 0.639322 0.978516 0.634766 0.992838 0.635416 0.992838 0.630860 0.981770 0.623698 0.987630 0.623046 0.981770 0.608724 0.981120 0.596354 0.960938 0.593098 0.959636 0.585938 0.976562 0.583334 0.977864 0.578776 0.971354 0.560546 0.979818 0.568360 0.985678 0.555338
0 0.917318 0.884766 0.934244 0.903646 0.953124 0.916666 0.973958 0.937500 0.977864 0.931640 0.990886 0.929688 0.998046 0.921876 0.996744 0.917318 0.991536 0.921876 0.978516 0.922526 0.969402 0.914714 0.979166 0.914062 0.991536 0.901692 0.984376 0.894532 0.981770 0.906902 0.964192 0.909506 0.960938 0.908204 0.951172 0.896484 0.953124 0.889322 0.960938 0.880208 0.954428 0.880860 0.948568 0.886718 0.944662 0.891928 0.931640 0.886718
0 0.984376 0.998698 0.984376 0.992838 0.968750 0.998698
1 0.001954 0.573568 0.026692 0.569010 0.019532 0.559244 0.031902 0.561848 0.031902 0.550782 0.036458 0.547526 0.041666 0.548828 0.061848 0.561848 0.048178 0.544270 0.041666 0.541666 0.027994 0.542968 0.022136 0.553386 0.018230 0.549480 0.018880 0.542318 0.032552 0.539714 0.030598 0.534506 0.021484 0.533854 0.007812 0.537760 0.007812 0.546876 0.009766 0.555990 0.006510 0.557942 0.000000 0.553386 0.001954 0.563152
1 0.008464 0.090494 0.018880 0.108072 0.018230 0.113932 0.000652 0.115234 0.008464 0.106120
1 0.022786 0.070964 0.032552 0.078124 0.037110 0.097656 0.016928 0.099610 0.026692 0.091796 0.025390 0.082032
1 0.389974 0.102864 0.404948 0.093750 0.414062 0.097656 0.427734 0.090494 0.416666 0.083984 0.404296 0.070964 0.401692 0.088542 0.393230 0.093098
1 0.424480 0.005208 0.438152 0.022136 0.455078 0.024088 0.449870 0.011068 0.441406 0.008464
1 0.530598 0.014322 0.543620 0.024740 0.554688 0.022136 0.557942 0.007162 0.548178 0.004558 0.542968 0.000652
1 0.555990 0.001954 0.569010 0.018880 0.571614 0.026042 0.575520 0.022786 0.579428 0.019532 0.575520 0.010416 0.565756 0.004558 0.562500 0.003256
1 0.600912 0.071614 0.634766 0.085938 0.632812 0.072266 0.623698 0.069010 0.610026 0.057292 0.610678 0.070964
1 0.436848 0.164062 0.472656 0.197266 0.457682 0.202474 0.449218 0.197266 0.442058 0.182942 0.439454 0.171876
1 0.485678 0.148438 0.525390 0.160808 0.527994 0.156250 0.515624 0.145834 0.503906 0.129558 0.495442 0.117188 0.496094 0.141928
1 0.539062 0.139322 0.546224 0.169922 0.537760 0.167318 0.526692 0.164062 0.535156 0.160156
1 0.537110 0.191406 0.556640 0.177084 0.561848 0.159506 0.551432 0.166016 0.548828 0.173178 0.541666 0.182292
1 0.624348 0.011068 0.635416 0.009114 0.645182 0.000652 0.650390 0.027344 0.650390 0.037760 0.630860 0.037760 0.625652 0.027994
1 0.610026 0.113282 0.623698 0.132162 0.632812 0.140624 0.647136 0.143230 0.647136 0.133464 0.638020 0.124348 0.627604 0.115886
1 0.505208 0.332032 0.518230 0.348308 0.532552 0.354166 0.529296 0.345052 0.526692 0.333334 0.513020 0.315104 0.516276 0.336588
1 0.371094 0.356770 0.397136 0.360678 0.388020 0.339192 0.384114 0.350912
1 0.411458 0.370442 0.409506 0.384114 0.419922 0.388672 0.418620 0.406250 0.432942 0.389974 0.458984 0.388020 0.458334 0.375000 0.434896 0.372396
1 0.346354 0.490886 0.352864 0.502604 0.370442 0.513672 0.377604 0.513672 0.375000 0.499348 0.362630 0.494792
1 0.578776 0.457032 0.590494 0.467448 0.582682 0.490886 0.600912 0.472656 0.604166 0.457682 0.593750 0.461588
1 0.544270 0.406902 0.531250 0.414714 0.533204 0.431640 0.529948 0.431640 0.526692 0.410156 0.533854 0.401692
1 0.615886 0.290364 0.628906 0.305338 0.631510 0.313802 0.645182 0.327474 0.656250 0.340494 0.654948 0.348308 0.641928 0.341146 0.632162 0.348308 0.628906 0.356120 0.624348 0.345704 0.630860 0.338542 0.630860 0.326822 0.618490 0.310546
1 0.566406 0.535156 0.578124 0.559244 0.595052 0.569662 0.590494 0.572266 0.551432 0.574218 0.563802 0.565756 0.560546 0.545572
1 0.389974 0.682292 0.412760 0.704428 0.423178 0.702474 0.437500 0.706380 0.446614 0.698568 0.435546 0.697916 0.423828 0.694662 0.418620 0.686848 0.425782 0.678386 0.423828 0.667318 0.432292 0.652344 0.423178 0.640624 0.411458 0.640624 0.425130 0.652994 0.420572 0.658204 0.410156 0.667968 0.400390 0.668620 0.405598 0.660808 0.403646 0.651692 0.398438 0.658854 0.388672 0.668620 0.389974 0.675130
1 0.488282 0.627604 0.492188 0.645182 0.494140 0.657552 0.509114 0.657552 0.520182 0.651042 0.525390 0.639322 0.523438 0.620442 0.496094 0.603516 0.498046 0.619792
1 0.347656 0.837240 0.354166 0.858724 0.364584 0.855468 0.367188 0.840494 0.363932 0.833984 0.360026 0.841796
1 0.599610 0.613932 0.625000 0.624348 0.634766 0.622396 0.637370 0.605468 0.632162 0.604818 0.626302 0.613282 0.611328 0.610026
1 0.672526 0.641276 0.688152 0.647136 0.710286 0.662110 0.708334 0.653646 0.699870 0.642578 0.693360 0.628256 0.687500 0.628906 0.689454 0.639322
1 0.634114 0.668620 0.638672 0.677734 0.638672 0.695312 0.649740 0.700520 0.662110 0.695964 0.652344 0.707682 0.663412 0.708334 0.673178 0.700520 0.669270 0.694010 0.671876 0.685546 0.674480 0.667318 0.666666 0.675130 0.662110 0.686198 0.661458 0.673178 0.664714 0.660808 0.662760 0.655598 0.656250 0.667968 0.656250 0.684896 0.647136 0.690104 0.646484 0.679036 0.641276 0.669922
1 0.595052 0.699870 0.603516 0.712240 0.596354 0.720052 0.584636 0.718098 0.593098 0.713542 0.589192 0.703124
1 0.681640 0.765624 0.691406 0.776692 0.710286 0.776692 0.722656 0.775390 0.712240 0.782552 0.698568 0.784506 0.676432 0.794922 0.673178 0.789714 0.654296 0.787760 0.669270 0.781902 0.682292 0.781902
1 0.703124 0.818360 0.708334 0.842448 0.723958 0.847006 0.720704 0.856120 0.715494 0.850912 0.703776 0.850912 0.684244 0.867188 0.693360 0.849610 0.680990 0.845704 0.697266 0.835938 0.695964 0.820312
1 0.610678 0.876302 0.639974 0.897786 0.634114 0.908204 0.642578 0.912760 0.642578 0.920572 0.637370 0.925782 0.653646 0.927734 0.664714 0.936848 0.667318 0.930338 0.686198 0.932942 0.686848 0.925782 0.669270 0.922526 0.669270 0.911458 0.663412 0.910156 0.656902 0.900390 0.662110 0.883464 0.674480 0.886068 0.673178 0.880860 0.659506 0.876302 0.654948 0.864584 0.654296 0.875000 0.636718 0.867838 0.637370 0.874348 0.639974 0.885416 0.622396 0.873698 0.610678 0.867838
1 0.534506 0.999348 0.561198 0.997396 0.584636 0.994792 0.576172 0.992188 0.583984 0.979166 0.578776 0.968098 0.574218 0.984376 0.567058 0.986328 0.554688 0.972656 0.556640 0.987630 0.541666 0.992188
1 0.537110 0.888672 0.531902 0.905598 0.534506 0.918620 0.513672 0.904296 0.514974 0.893880 0.525390 0.895834 0.526692 0.890624
1 0.707682 0.148438 0.707032 0.169270 0.720052 0.185546 0.736328 0.194662 0.747396 0.188152 0.756510 0.188152 0.751954 0.173178 0.740234 0.158204 0.727864 0.147786 0.722006 0.154948
1 0.662110 0.158854 0.675130 0.173178 0.686848 0.173178 0.682942 0.162760 0.690104 0.144532 0.675782 0.151692 0.675130 0.160808
1 0.781902 0.341796 0.787760 0.353516 0.811198 0.351562 0.814454 0.341796 0.803386 0.331380 0.788412 0.333984
1 0.932292 0.000000 0.936198 0.022136 0.953776 0.032552 0.983724 0.037760 0.996094 0.035808 0.997396 0.000652
1 0.983724 0.058594 0.998046 0.053386 0.998046 0.089844 0.986328 0.083334
1 0.973958 0.094402 0.996094 0.095704 0.994140 0.136068 0.981770 0.128256 0.971354 0.108072
1 0.909506 0.078776 0.923178 0.095052 0.936198 0.111980 0.945964 0.118490 0.950520 0.141928 0.956380 0.160156 0.968750 0.179688 0.977214 0.217448 0.956380 0.220052 0.939454 0.220052 0.922526 0.203776 0.907552 0.195312 0.902994 0.177734 0.895182 0.157552 0.890624 0.128906 0.892578 0.113282 0.879558 0.087240 0.884766 0.076172 0.896484 0.081380
1 0.957682 0.154948 0.967448 0.156902 0.976562 0.173828 0.985026 0.184896 0.996744 0.177734 0.990234 0.162110 0.975912 0.151042 0.960938 0.141928 0.957032 0.147136
1 0.991536 0.218750 0.998046 0.217448 0.997396 0.189454 0.991536 0.205730
1 0.955078 0.222656 0.983724 0.229818 0.994792 0.229818 0.996094 0.309244 0.975912 0.300130 0.966796 0.292968 0.960938 0.264974 0.953124 0.250652 0.959636 0.236980
1 0.947266 0.444010 0.962240 0.445312 0.966796 0.436198 0.985678 0.432292 0.977864 0.440756 0.979818 0.453776 0.998046 0.455730 0.996744 0.500000 0.992838 0.522786 0.985678 0.535156 0.970052 0.545572 0.972006 0.524740 0.958334 0.514322 0.971354 0.511718 0.991536 0.492838 0.978516 0.491536 0.955730 0.486980 0.977864 0.481120 0.987630 0.480468 0.970052 0.473308 0.953124 0.455730
1 0.904296 0.421876 0.922526 0.436848 0.929036 0.453776 0.911458 0.466796 0.897786 0.473958 0.875652 0.456380 0.874348 0.442058 0.881510 0.424480 0.889974 0.419270
1 0.894532 0.483072 0.900390 0.502604 0.919270 0.518230 0.938802 0.518230 0.955078 0.513020 0.949870 0.502604 0.953124 0.489584 0.947916 0.470052 0.933594 0.459636 0.918620 0.467448 0.908204 0.472006
1 0.940104 0.647136 0.953776 0.634766 0.952474 0.656250 0.960286 0.641928 0.972006 0.636718 0.977214 0.625000 0.972006 0.623046 0.976562 0.598958 0.965494 0.608724 0.946614 0.600260 0.949218 0.616536 0.950520 0.630860
1 0.951172 0.692708 0.970704 0.707682 0.970052 0.722006 0.978516 0.724610 0.985026 0.740234 0.995442 0.747396 0.996744 0.740886 0.994140 0.730468 0.990234 0.709636 0.983724 0.709636 0.979166 0.697916 0.978516 0.686198 0.988282 0.680990 0.993490 0.692708 0.995442 0.675130 0.998046 0.664062 0.996744 0.656902 0.990234 0.656250 0.983724 0.662110 0.973958 0.660156 0.977864 0.664714 0.958984 0.667318 0.950520 0.677734
1 0.915364 0.773438 0.923178 0.759114 0.945964 0.751954 0.930990 0.746744 0.917318 0.729818 0.919270 0.750000 0.911458 0.751302 0.899740 0.748698 0.910808 0.757162 0.911458 0.782552
1 0.945964 0.836588 0.960286 0.834636 0.970052 0.841146 0.979166 0.838542 0.996744 0.841146 0.998046 0.828124 0.998046 0.817708 0.992188 0.822266 0.977864 0.823568 0.986980 0.814454 0.997396 0.800782 0.995442 0.793620 0.986980 0.792968 0.973308 0.810546 0.969402 0.818360 0.959636 0.800782 0.958334 0.817708 0.947266 0.820964
1 0.874348 0.717448 0.898438 0.727214 0.902344 0.749348 0.899088 0.774088 0.896484 0.789714 0.880208 0.790364 0.874348 0.798178 0.861328 0.779948 0.852864 0.762370 0.849610 0.747396 0.855468 0.735026 0.860678 0.720052
1 0.884766 0.688802 0.899740 0.708984 0.899740 0.723958 0.908204 0.716796 0.922526 0.727864 0.927734 0.734376 0.925782 0.717448 0.909506 0.711588 0.917318 0.695964 0.906250 0.701822
1 0.875652 0.811848 0.889322 0.819010 0.903646 0.831380 0.905598 0.820312 0.891276 0.807292 0.891928 0.791666 0.884114 0.795572 0.883464 0.807292
1 0.761718 0.906902 0.775390 0.932942 0.786458 0.934896 0.779948 0.957682 0.772136 0.944010 0.760416 0.924480
1 0.894532 0.889322 0.910808 0.902344 0.908204 0.914714 0.899740 0.914062 0.894532 0.916666 0.899740 0.921876 0.899740 0.932942 0.895182 0.932292 0.889974 0.942708 0.875000 0.936198 0.863282 0.929688 0.864584 0.917968 0.872396 0.904948 0.886068 0.906902 0.891276 0.899740
1 0.913412 0.938152 0.928386 0.954428 0.922526 0.961588 0.910156 0.962890 0.910156 0.973958 0.908854 0.979818 0.925130 0.987630 0.920572 0.992188 0.901042 0.990234 0.893230 0.992838 0.883464 0.994140 0.884766 0.986980 0.891928 0.986980 0.883464 0.970052 0.901692 0.977214 0.902994 0.970052 0.902994 0.962890 0.893230 0.952474 0.882812 0.947266 0.880208 0.943360 0.893230 0.944662 0.908204 0.955078 0.917318 0.956380
1 0.682292 0.912110 0.686848 0.921876 0.685546 0.934896 0.684244 0.947916 0.687500 0.962890 0.702474 0.957682 0.709636 0.939454 0.696614 0.941406 0.690756 0.935546 0.691406 0.919270 0.698568 0.912110 0.707682 0.906902 0.714844 0.899740 0.704428 0.895834 0.689454 0.895182 0.691406 0.906902