0 0.072266 0.035808 0.065104 0.044270 0.065756 0.067058 0.076822 0.080730 0.069010 0.089844 0.081380 0.100912 0.111328 0.100912 0.101562 0.106120 0.072916 0.105468 0.055338 0.090494 0.063152 0.079428 0.055338 0.074218 0.054688 0.041016
0 0.047526 0.503256 0.046876 0.520182 0.063802 0.530598 0.075520 0.537110 0.072266 0.552734 0.060546 0.542318 0.041666 0.544922 0.037760 0.535808 0.042968 0.530598 0.038412 0.515624
0 0.276042 0.335286 0.289062 0.331380 0.296876 0.334636 0.304036 0.326822 0.319662 0.336588 0.322916 0.329428 0.341146 0.339844 0.327474 0.322916 0.335286 0.311848 0.342448 0.311198 0.347656 0.335938 0.354818 0.309244 0.389322 0.304036 0.357422 0.297526 0.326172 0.305338 0.317058 0.312500 0.317708 0.322916 0.303386 0.313802 0.305990 0.294922 0.294922 0.299480 0.292968 0.317708 0.282552 0.324218
0 0.477214 0.360678 0.494140 0.408854 0.526042 0.427734 0.541666 0.422526 0.550782 0.401692 0.544270 0.397786 0.537110 0.416666 0.526042 0.415364 0.511718 0.409506 0.511068 0.404948 0.527994 0.389974 0.523438 0.386718 0.505860 0.397136 0.498698 0.378256 0.484376 0.364584
0 0.465494 0.342448 0.484376 0.352214 0.508464 0.350260 0.518880 0.350260 0.521484 0.332682 0.502604 0.322266 0.497396 0.317058 0.491536 0.324870 0.466796 0.330078 0.466796 0.334636 0.476562 0.335286 0.481770 0.342448
0 0.475260 0.714192 0.502604 0.694662 0.499348 0.688152 0.512370 0.688152 0.513672 0.682292 0.500000 0.680338 0.501954 0.675130 0.511718 0.660156 0.517578 0.637370 0.499348 0.656902 0.491536 0.672526 0.485026 0.664714 0.466796 0.667318 0.479818 0.673828 0.483724 0.686848 0.472656 0.691406 0.473958 0.699218 0.488932 0.693360 0.472656 0.707032
0 0.445964 0.847006 0.459636 0.858724 0.475260 0.856770 0.489584 0.863932 0.489584 0.878256 0.498046 0.863932 0.520182 0.868490 0.514322 0.857422 0.496744 0.849610 0.481120 0.848308 0.477864 0.841796 0.464192 0.845704
0 0.438152 0.932292 0.460938 0.923828 0.467448 0.920572 0.485026 0.928386 0.485026 0.942058 0.505860 0.958334 0.505860 0.944010 0.497396 0.932942 0.507812 0.930338 0.515624 0.893880 0.505208 0.904948 0.498046 0.924480 0.491536 0.923178 0.490886 0.910808 0.493490 0.903646 0.511718 0.895182 0.498698 0.893230 0.485026 0.904948 0.483724 0.910156 0.464844 0.900390 0.468098 0.909506 0.445964 0.917318
0 0.507812 0.980468 0.499348 0.994792 0.475260 0.996744
0 0.837240 0.520182 0.843098 0.534506 0.850912 0.542318 0.856120 0.560546 0.854166 0.574870 0.868490 0.574870 0.891276 0.572916 0.888672 0.583334 0.869140 0.589192 0.847656 0.584636 0.820964 0.608072 0.825520 0.588542 0.832682 0.577474 0.832682 0.570312 0.824870 0.555338 0.835938 0.550782 0.832682 0.529948
0 0.804688 0.712240 0.842448 0.733724 0.861980 0.736328 0.897136 0.726562 0.899088 0.719402 0.878906 0.716146 0.846354 0.716146 0.848958 0.711588 0.887370 0.706380 0.863282 0.692708 0.865234 0.703776 0.848308 0.701822 0.830730 0.682942 0.836588 0.701172 0.820964 0.688152 0.815104 0.690104 0.830078 0.702474 0.828124 0.708984 0.820964 0.712890 0.811848 0.701172
0 0.809244 0.891276 0.821614 0.894532 0.810546 0.900390 0.807942 0.913412 0.818360 0.922526 0.820964 0.916016 0.834636 0.910156 0.826822 0.918620 0.826822 0.930990 0.835286 0.933594 0.840494 0.912110 0.856120 0.911458 0.875000 0.921876 0.863932 0.906250 0.841796 0.904296 0.856120 0.891928 0.868490 0.868490 0.859376 0.858724 0.859376 0.873046 0.850260 0.875652 0.841146 0.890624 0.835286 0.893880 0.828776 0.890624 0.830730 0.878256 0.822916 0.873698 0.823568 0.884766
1 0.000000 0.024088 0.019532 0.019532 0.045572 0.019532 0.065104 0.012370 0.078124 0.001302
1 0.056640 0.168620 0.085938 0.167318 0.101562 0.156250 0.112630 0.130860 0.094402 0.119792 0.078124 0.127604 0.068360 0.141276 0.049480 0.156250
1 0.039714 0.219402 0.037110 0.238282 0.044270 0.238932 0.056640 0.263672 0.054036 0.273438 0.076822 0.272136 0.091796 0.261718 0.076822 0.251954 0.059244 0.244792 0.068360 0.234376 0.049480 0.223308
1 0.074870 0.361328 0.080078 0.388672 0.101562 0.404296 0.115886 0.391928 0.136068 0.396484 0.161458 0.404948 0.188152 0.408854 0.196614 0.388672 0.179036 0.368490 0.163412 0.358724 0.138672 0.358724 0.128256 0.346354 0.098308 0.344402 0.086588 0.351562
1 0.021484 0.684244 0.035156 0.707682 0.063152 0.711588 0.094402 0.712890 0.105468 0.698568 0.096354 0.677734 0.073568 0.672526 0.039062 0.671876
1 0.014322 0.744140 0.006510 0.755860 0.020834 0.776042 0.034506 0.777994 0.053386 0.793620 0.074218 0.800782 0.091796 0.791016 0.087240 0.764322 0.072266 0.753256 0.048828 0.739584 0.031902 0.740886
1 0.014322 0.893880 0.042318 0.897136 0.045572 0.917318 0.055338 0.928386 0.080730 0.928386 0.087890 0.898438 0.070964 0.880860 0.052084 0.866536 0.035156 0.881510
1 0.278646 0.258464 0.293620 0.281250 0.321614 0.287760 0.332682 0.288412 0.333334 0.298828 0.362630 0.294270 0.367838 0.277994 0.368490 0.261718 0.364584 0.236328 0.341796 0.229818 0.319010 0.216146 0.305990 0.234376 0.295572 0.244792
1 0.326172 0.434244 0.336588 0.444662 0.357422 0.439454 0.374348 0.430990 0.367188 0.424480 0.356120 0.410156 0.337890 0.408854 0.329428 0.421876
1 0.494792 0.008464 0.515624 0.020182 0.519532 0.001954
1 0.535156 0.053386 0.520182 0.060546 0.520182 0.087240 0.512370 0.086588 0.516276 0.103516 0.525390 0.114584 0.512370 0.111328 0.505208 0.119140 0.502604 0.132162 0.499348 0.123046 0.501302 0.098308 0.496094 0.086588 0.497396 0.076172 0.493490 0.058594 0.503906 0.065104 0.506510 0.076172 0.513020 0.078124 0.510416 0.069010 0.502604 0.058594 0.513672 0.052734
1 0.569010 0.173828 0.585938 0.180338 0.576822 0.188802 0.573568 0.220052 0.583984 0.225260 0.583984 0.211588 0.601562 0.195312 0.589844 0.172526 0.569662 0.167318
1 0.496094 0.132162 0.509114 0.141276 0.511068 0.149740 0.521484 0.155598 0.516928 0.140624 0.529948 0.156902 0.524088 0.175782 0.515624 0.175782 0.513020 0.162760 0.500652 0.154948 0.496094 0.147786
1 0.526042 0.223308 0.516276 0.226562 0.511068 0.231120 0.513672 0.238282 0.520182 0.237630 0.520182 0.259766 0.511718 0.266928 0.507812 0.264322 0.511718 0.244792 0.495442 0.254558 0.487630 0.249348 0.505208 0.241536 0.495442 0.232422 0.492838 0.218098 0.505208 0.219402
1 0.446614 0.277344 0.453776 0.268230 0.451822 0.249348 0.439454 0.238282 0.432942 0.233724 0.424480 0.248046 0.424480 0.267578 0.437500 0.276042
1 0.500652 0.456380 0.509766 0.466146 0.509766 0.475260 0.517578 0.483724 0.526042 0.496094 0.525390 0.509114 0.513672 0.506510 0.509114 0.523438 0.504558 0.518880 0.502604 0.506510 0.495442 0.496094 0.497396 0.483724 0.494792 0.474610 0.496744 0.462240
1 0.482422 0.589844 0.498046 0.596354 0.511718 0.589844 0.522136 0.576172 0.506510 0.573568 0.500652 0.563152 0.485678 0.570964 0.475912 0.583984
1 0.522136 0.614584 0.534506 0.621094 0.546224 0.617838 0.569010 0.622396 0.572916 0.605468 0.563802 0.595704 0.542968 0.595704 0.534506 0.604166
1 0.191406 0.645834 0.204428 0.669922 0.230468 0.687500 0.256510 0.685546 0.266928 0.660808 0.250652 0.641276 0.220704 0.638672 0.205078 0.639322
1 0.341146 0.665364 0.336588 0.679688 0.338542 0.707682 0.348308 0.726562 0.370442 0.731770 0.397136 0.746094 0.408854 0.742188 0.408204 0.724610 0.401042 0.714844 0.425782 0.704428 0.428386 0.693360 0.395182 0.697916 0.397786 0.687500 0.393880 0.673828 0.380860 0.671224 0.367838 0.667968
1 0.212890 0.755208 0.208334 0.776042 0.222656 0.798828 0.240886 0.809244 0.277994 0.806640 0.307942 0.800130 0.307942 0.772786 0.292968 0.757812 0.277994 0.753906 0.253906 0.750000 0.222656 0.751302
1 0.277344 0.930990 0.309896 0.941406 0.324870 0.932292 0.329428 0.925782 0.317708 0.921876 0.298828 0.904948 0.285808 0.908204 0.277344 0.916016
1 0.440104 0.833334 0.474610 0.837890 0.483072 0.828124 0.485026 0.815104 0.482422 0.807942 0.473308 0.812500 0.453776 0.808594 0.440104 0.813152 0.445312 0.820312
1 0.477864 0.764974 0.507812 0.768880 0.504558 0.757162 0.512370 0.754558 0.505860 0.740234 0.498046 0.740234 0.487630 0.731120 0.485678 0.737630 0.477214 0.746744
1 0.188152 0.973958 0.203776 0.989584 0.239584 0.986980 0.230468 0.969402 0.208984 0.969402
0 0.833334 0.046224 0.846354 0.079428 0.854818 0.098958 0.856770 0.093750 0.876954 0.103516 0.884766 0.099610 0.884766 0.109376 0.897786 0.124348 0.901042 0.143880 0.889974 0.130208 0.878256 0.112630 0.862630 0.106770 0.873698 0.149088 0.866536 0.145834 0.855468 0.130208 0.854818 0.135416 0.847006 0.119792 0.844402 0.111328 0.850260 0.108072 0.845052 0.099610 0.835286 0.092448 0.819662 0.086588 0.830078 0.082032 0.827474 0.062500
0 0.846354 0.251302 0.862630 0.282552 0.874348 0.300130 0.876302 0.317708 0.874348 0.360678 0.861328 0.374348 0.856120 0.367838 0.863932 0.358072 0.870442 0.337890 0.869140 0.321614 0.863282 0.328124 0.849610 0.325520 0.856120 0.316406 0.857422 0.311198 0.854818 0.303386 0.842448 0.295572 0.850260 0.289062 0.844402 0.273438
1 0.832032 0.039714 0.851562 0.039714 0.857422 0.050130 0.849610 0.056640 0.854166 0.063802 0.859376 0.072916 0.878906 0.076172 0.876954 0.061848 0.872396 0.051432 0.889322 0.070964 0.891276 0.063152 0.880860 0.049480 0.892578 0.041666 0.892578 0.033204 0.867838 0.044922 0.867838 0.041666 0.888672 0.029296 0.882162 0.020182 0.879558 0.033204 0.860678 0.035808 0.850260 0.031250
1 0.913412 0.087890 0.925130 0.091146 0.921876 0.097656 0.947266 0.105468 0.938802 0.093750 0.930990 0.087240 0.951822 0.089844 0.940756 0.083334 0.940104 0.073568 0.933594 0.070964 0.933594 0.079428 0.925130 0.078776 0.934896 0.059896 0.925130 0.059896
1 0.847656 0.235678 0.854166 0.247396 0.876954 0.251954 0.858072 0.269532 0.884114 0.264974 0.889322 0.260416 0.904296 0.272786 0.901042 0.256510 0.910156 0.253906 0.904948 0.232422 0.892578 0.223958 0.878256 0.227864 0.876302 0.234376 0.850260 0.227864
1 0.843098 0.323568 0.837240 0.328776 0.848958 0.347006 0.848958 0.332682 0.853516 0.330078 0.861328 0.335938 0.861328 0.358724 0.852214 0.361980 0.855468 0.371094 0.846354 0.369140 0.835938 0.355468 0.836588 0.350260 0.824218 0.343098 0.830078 0.335938 0.829428 0.322916 0.835938 0.320312
1 0.789714 0.385416 0.813802 0.409506 0.798178 0.412760 0.797526 0.420572 0.828776 0.422526 0.832682 0.410808 0.830078 0.393230 0.819662 0.388672 0.810546 0.388020
1 0.901042 0.353516 0.913412 0.375000 0.932942 0.366536 0.930338 0.359376 0.912760 0.349610
1 0.861980 0.422526 0.882162 0.442708 0.898438 0.433594 0.918620 0.434896 0.930338 0.423828 0.912110 0.406250 0.904948 0.416666 0.889974 0.416666 0.897786 0.427734 0.885416 0.426432
1 0.928386 0.472006 0.953124 0.485026 0.953124 0.477864 0.962240 0.467448 0.959636 0.453124 0.955078 0.455730 0.952474 0.468098 0.947916 0.472656
1 0.769532 0.545572 0.792968 0.549480 0.807292 0.542968 0.805338 0.525390 0.791016 0.527344
1 0.785808 0.512370 0.799480 0.516276 0.817058 0.532552 0.814454 0.544922 0.830730 0.546876 0.833334 0.533204 0.826822 0.517578 0.828124 0.505208 0.825520 0.497396 0.811198 0.491536 0.785156 0.479166 0.807292 0.504558 0.783854 0.503256
1 0.919270 0.643230 0.922526 0.660808 0.946614 0.674480 0.969402 0.677084 0.983072 0.663412 0.989584 0.651042 0.982422 0.645834 0.970052 0.628906 0.964844 0.623698 0.969402 0.605468 0.960938 0.595704 0.950520 0.613282 0.945964 0.625000 0.937500 0.621094 0.928386 0.630860
1 0.802734 0.672526 0.835938 0.679688 0.856120 0.690756 0.868490 0.686848 0.869792 0.677084 0.877604 0.669270 0.880208 0.645182 0.871744 0.634766 0.863282 0.621744 0.875652 0.621744 0.871744 0.595052 0.863282 0.595052 0.861328 0.615886 0.847656 0.615886 0.836588 0.606770 0.830078 0.614584 0.833334 0.646484 0.828776 0.660808 0.818360 0.654948 0.813802 0.666016
1 0.805338 0.749348 0.832032 0.759114 0.852214 0.757812 0.871094 0.750000 0.865886 0.740886 0.841796 0.734376 0.835938 0.741536 0.819010 0.742188
1 0.796876 0.983072 0.811848 0.987630 0.853516 0.995442 0.845704 0.990886 0.836588 0.978516 0.824218 0.970704 0.821614 0.981120 0.809896 0.975260
1 0.034376 0.954688 0.029688 0.987500 0.046876 0.995312 0.057812 0.959376
1 0.278126 0.675000 0.281250 0.700000 0.292188 0.710938 0.301562 0.704688 0.328124 0.704688 0.328124 0.682812 0.303126 0.682812