0 0.037760 0.094402 0.041016 0.091146 0.045572 0.095052 0.055338 0.108724 0.054688 0.125000 0.055990 0.145182 0.061198 0.133464 0.061198 0.113282 0.080730 0.110026 0.095704 0.097656 0.107422 0.076172 0.091146 0.091796 0.079428 0.097656 0.071614 0.088542 0.076172 0.102214 0.068360 0.101562 0.067708 0.087240 0.070964 0.076172 0.078776 0.065756 0.080730 0.057942 0.071614 0.064454 0.068360 0.076822 0.065756 0.063152 0.055338 0.065104 0.057942 0.077474 0.046876 0.067708 0.036458 0.087890
0 0.003256 0.189454 0.016928 0.222656 0.024740 0.237630 0.028646 0.214192 0.023438 0.204428 0.024088 0.189454 0.040364 0.186848 0.066406 0.197916 0.063152 0.185546 0.072266 0.177734 0.100260 0.178386 0.085938 0.166666 0.052084 0.167318 0.044922 0.172526 0.034506 0.171876 0.022136 0.159506 0.026042 0.143230 0.014322 0.152344 0.005860 0.141928 0.003256 0.154948 0.004558 0.171876
0 0.003256 0.297526 0.015624 0.298828 0.023438 0.311848 0.015624 0.320964 0.037760 0.332032 0.048828 0.328776 0.037110 0.317058 0.035156 0.301432 0.035808 0.293620 0.044922 0.292318 0.037110 0.285808 0.044270 0.278646 0.069662 0.255860 0.066406 0.251954 0.052734 0.261068 0.032552 0.255860 0.021484 0.260416 0.022136 0.279296 0.001954 0.279296
0 0.017578 0.447916 0.015624 0.434896 0.000652 0.410156 0.003256 0.401692 0.013672 0.397786 0.028646 0.406902 0.053386 0.419270 0.044270 0.401692 0.016928 0.388020 0.018880 0.357422 0.016276 0.349610 0.032552 0.347656 0.039062 0.334636 0.016276 0.332032 0.019532 0.339844 0.010416 0.342448 0.003256 0.342448 0.000652 0.388672
0 0.001954 0.591796 0.013672 0.621094 0.007812 0.646484 0.004558 0.625652
0 0.299480 0.101562 0.296876 0.083984 0.303386 0.062500 0.316406 0.069662 0.308594 0.049480 0.301432 0.035156 0.323568 0.035156 0.310546 0.026692 0.296224 0.024088 0.289062 0.029948 0.289062 0.056640 0.298178 0.050130 0.294270 0.065756 0.288412 0.076172 0.289714 0.097656
0 0.220052 0.290364 0.217448 0.272786 0.223308 0.261718 0.248046 0.262370 0.233724 0.270182 0.231770 0.277344 0.248046 0.273438 0.253906 0.294922 0.274088 0.338542 0.274088 0.314454 0.264322 0.288412 0.266276 0.271484 0.275390 0.272786 0.268880 0.281250 0.280598 0.283854 0.283204 0.296224 0.294270 0.277994 0.315756 0.285808 0.305990 0.268230 0.298828 0.248046 0.291666 0.265624 0.277344 0.267578 0.270834 0.259114 0.273438 0.236980 0.291666 0.234376 0.282552 0.242838 0.308594 0.238282 0.308594 0.230468 0.279296 0.227864 0.271484 0.222656 0.265624 0.230468 0.263672 0.253256 0.251302 0.255208 0.223958 0.250652 0.208984 0.270834
0 0.143230 0.482422 0.178386 0.460938 0.187500 0.479818 0.188802 0.462240 0.184244 0.458334 0.195312 0.457032 0.189454 0.467448 0.198568 0.481120 0.211588 0.487630 0.216146 0.494792 0.230468 0.466796 0.216146 0.460286 0.189454 0.447266 0.168620 0.456380 0.145834 0.468750 0.146484 0.476562
0 0.169270 0.548828 0.190756 0.558594 0.210938 0.553386 0.223308 0.563802 0.212890 0.587240 0.223958 0.576822 0.212890 0.606120 0.238932 0.574218 0.244792 0.550782 0.226562 0.539062 0.217448 0.539714 0.197916 0.524088 0.192058 0.524740 0.197266 0.537110 0.186848 0.547526 0.174480 0.544270
0 0.210938 0.603516 0.199870 0.613282 0.195312 0.654948 0.214844 0.635416 0.229166 0.629558 0.229818 0.636068 0.212890 0.647786 0.200520 0.665364 0.205730 0.683594 0.192708 0.675782 0.176432 0.686198 0.167968 0.671876 0.180338 0.665364 0.182942 0.651692 0.182292 0.636068 0.189454 0.613932
0 0.130208 0.777994 0.139322 0.764974 0.152344 0.758464 0.167968 0.761718 0.157552 0.779296 0.157552 0.789714 0.186848 0.811198 0.192708 0.805990 0.180338 0.796876 0.167968 0.788412 0.167968 0.773438 0.173178 0.768880 0.181640 0.789714 0.190756 0.798828 0.191406 0.783854 0.183594 0.768230 0.194662 0.759114 0.179036 0.759766 0.175782 0.753906 0.177084 0.731770 0.179036 0.721354 0.160808 0.729818 0.160808 0.748698 0.145834 0.748698 0.135416 0.758464
0 0.101562 0.865886 0.138672 0.876954 0.149088 0.870442 0.177084 0.888020 0.183594 0.882812 0.167318 0.871094 0.168620 0.857422 0.165364 0.840494 0.159506 0.851562 0.149088 0.845704 0.147786 0.863282 0.132812 0.869140 0.107422 0.860678
0 0.107422 0.892578 0.119792 0.891276 0.121744 0.907552 0.117838 0.927084 0.113282 0.938152 0.108072 0.949218 0.151692 0.940756 0.154948 0.930990 0.188802 0.925130 0.179688 0.914062 0.155598 0.910808 0.140624 0.887370 0.130208 0.878256 0.119792 0.885416
0 0.604818 0.037760 0.617838 0.029296 0.614584 0.024088 0.607422 0.024088 0.604166 0.014322 0.611328 0.007162 0.621744 0.004558 0.624348 0.009114 0.630208 0.003906 0.693360 0.007812 0.603516 0.002604 0.596354 0.010416 0.597006 0.022786
0 0.563802 0.085286 0.581380 0.093750 0.578776 0.101562 0.593750 0.102214 0.594402 0.114584 0.606120 0.133464 0.630860 0.148438 0.642578 0.147786 0.649088 0.139322 0.638020 0.138672 0.628906 0.141276 0.614584 0.130860 0.606770 0.115234 0.623046 0.109376 0.643880 0.100912 0.643880 0.094402 0.616536 0.102214 0.604166 0.103516 0.597006 0.091796 0.586588 0.085938 0.584636 0.070964 0.572266 0.074870 0.575520 0.082032 0.565104 0.076822
0 0.546876 0.232422 0.541016 0.223958 0.549480 0.219402 0.578776 0.212890 0.578776 0.217448 0.585938 0.212890 0.591796 0.210286 0.603516 0.217448 0.606770 0.212890 0.626954 0.229818 0.626954 0.221354 0.616536 0.210938 0.603516 0.207682 0.579428 0.192708 0.574218 0.195964 0.561848 0.190756 0.562500 0.202474 0.535156 0.215494 0.534506 0.230468
0 0.535808 0.313152 0.548828 0.344402 0.548178 0.329428 0.548828 0.307292 0.557292 0.300782 0.559896 0.304688 0.571614 0.302734 0.570964 0.299480 0.593750 0.270182 0.586588 0.266928 0.567708 0.287760 0.564454 0.276692 0.560546 0.261718 0.539714 0.260416 0.541666 0.273438 0.552084 0.289062 0.522786 0.279296 0.535156 0.296876 0.549480 0.295572
0 0.504558 0.341796 0.522786 0.363932 0.548828 0.386068 0.563802 0.401692 0.584636 0.399740 0.567058 0.408854 0.556640 0.419270 0.547526 0.414714 0.555990 0.409506 0.549480 0.402994 0.548828 0.394532 0.540364 0.386718 0.520834 0.391928 0.528646 0.380860 0.508464 0.360678 0.503256 0.352864
0 0.492188 0.576172 0.515624 0.595704 0.528646 0.610678 0.543620 0.628906 0.516928 0.614584 0.481120 0.613932 0.466796 0.611328 0.447916 0.618490 0.460938 0.604818 0.472656 0.604818 0.505860 0.606770 0.488282 0.601562 0.485678 0.597006 0.499348 0.595052 0.491536 0.584636
0 0.468750 0.736980 0.468750 0.729818 0.483724 0.720704 0.500652 0.720052 0.508464 0.716796 0.505860 0.731120 0.489584 0.740234 0.502604 0.741536 0.514322 0.729818 0.513672 0.714192 0.504558 0.703776 0.503906 0.690756 0.531250 0.680990 0.559244 0.683594 0.561848 0.678386 0.547526 0.671876 0.546876 0.667968 0.533204 0.672526 0.517578 0.673828 0.503906 0.683594 0.501302 0.661458 0.497396 0.661458 0.494140 0.688802 0.481770 0.680990 0.466146 0.695312 0.476562 0.694662 0.483724 0.689454 0.489584 0.694662 0.492188 0.698568 0.483072 0.700520 0.486328 0.705730 0.495442 0.705730 0.478516 0.710938 0.466146 0.720704 0.462890 0.730468
0 0.426432 0.830078 0.429036 0.818360 0.437500 0.811848 0.453124 0.809244 0.466146 0.808594 0.474610 0.813152 0.481770 0.808594 0.483724 0.819010 0.478516 0.824218 0.457032 0.824870 0.442058 0.829428 0.455730 0.841146 0.471354 0.847006 0.486328 0.843750 0.496094 0.837240 0.517578 0.820964 0.507162 0.810546 0.502604 0.811198 0.502604 0.819010 0.499348 0.819010 0.498698 0.807942 0.509114 0.792968 0.500000 0.791666 0.492188 0.802734 0.479166 0.798178 0.493490 0.790364 0.486980 0.763020 0.483724 0.772786 0.486328 0.782552 0.472006 0.789714 0.459636 0.794922 0.437500 0.800130 0.423178 0.810546
0 0.411458 0.902994 0.432292 0.891276 0.462890 0.893230 0.435546 0.909506 0.460286 0.906250 0.472006 0.895834 0.473958 0.916666 0.469402 0.929036 0.440756 0.945312 0.421224 0.936848 0.421224 0.945964 0.439454 0.953124 0.462240 0.943360 0.484376 0.927084 0.486980 0.897136 0.495442 0.881510 0.493490 0.868490 0.485026 0.873698 0.480468 0.884766 0.462890 0.884114 0.440756 0.881510 0.423178 0.886718
0 0.427084 0.973308 0.440756 0.987630 0.449218 0.981120 0.456380 0.962890 0.457032 0.978516 0.464192 0.953776 0.482422 0.953776 0.498698 0.966796 0.482422 0.981120 0.488282 0.968750 0.481770 0.960938 0.472006 0.962890 0.481120 0.963542 0.476562 0.975912 0.473308 0.990886 0.464192 0.991536 0.457032 0.996744 0.431640 0.996094 0.423828 0.979818
0 0.860026 0.006510 0.858724 0.018230 0.849610 0.044922 0.869792 0.046876 0.891276 0.067058 0.891276 0.072266 0.867838 0.057942 0.849610 0.057942 0.836588 0.056640 0.822266 0.072916 0.819010 0.061198 0.809244 0.054036 0.811198 0.048178 0.839192 0.045572 0.844402 0.020182
0 0.781250 0.180990 0.795572 0.167968 0.806640 0.169270 0.833334 0.164714 0.856120 0.182292 0.880860 0.194662 0.888672 0.188152 0.871094 0.185546 0.843098 0.164714 0.841146 0.141928 0.854166 0.123698 0.848308 0.118490 0.833984 0.137370 0.823568 0.125000 0.829428 0.146484 0.821614 0.147786 0.800782 0.150390 0.786458 0.161458
0 0.783854 0.232422 0.801432 0.236980 0.811198 0.234376 0.816406 0.260416 0.839192 0.261718 0.842448 0.270834 0.833984 0.274740 0.846354 0.279948 0.858724 0.307292 0.867838 0.328776 0.866536 0.333984 0.854166 0.317708 0.848308 0.296224 0.832032 0.279948 0.811848 0.284506 0.802084 0.277344 0.786458 0.302084 0.768230 0.294270 0.783854 0.291666 0.794270 0.274088 0.774088 0.278646 0.748698 0.294270 0.756510 0.277344 0.772786 0.268880 0.783854 0.263672 0.774740 0.257812 0.791016 0.255208
0 0.740234 0.386718 0.763020 0.401692 0.777994 0.401692 0.787110 0.411458 0.828124 0.440756 0.842448 0.447266 0.818360 0.415364 0.805338 0.410156 0.815756 0.397136 0.800130 0.394532 0.797526 0.389974 0.822916 0.357422 0.815104 0.358724 0.795572 0.378256 0.791016 0.363932 0.787110 0.359376 0.783854 0.372396 0.766276 0.367838 0.763672 0.378906 0.779948 0.390624 0.765624 0.389322
0 0.759114 0.488932 0.751954 0.500000 0.755208 0.509766 0.768230 0.509766 0.775390 0.526692 0.778646 0.535808 0.799480 0.559896 0.817058 0.562500 0.808594 0.565756 0.794270 0.568360 0.763020 0.554036 0.759766 0.531250 0.748046 0.525390 0.734376 0.533204 0.718098 0.529296 0.727214 0.525390 0.742188 0.515624 0.742188 0.502604 0.758464 0.481120
0 0.724610 0.593750 0.717448 0.601562 0.730468 0.622396 0.737630 0.648438 0.740886 0.628906 0.746744 0.617188 0.753906 0.594402 0.755860 0.613282 0.754558 0.636718 0.746744 0.650390 0.746744 0.663412 0.761718 0.666016 0.777994 0.686198 0.774740 0.694010 0.766276 0.686848 0.738932 0.686848 0.740886 0.666016 0.721354 0.654296 0.709636 0.608724 0.708984 0.598958
0 0.682292 0.811848 0.701172 0.809896 0.710286 0.842448 0.715494 0.811848 0.722006 0.812500 0.746744 0.848958 0.759114 0.858072 0.751954 0.879558 0.766276 0.864584 0.766276 0.850260 0.753256 0.837240 0.738932 0.809244 0.745442 0.792318 0.748046 0.774088 0.736328 0.759114 0.723958 0.748698 0.723958 0.760416 0.740234 0.776042 0.735678 0.798178 0.723308 0.798828 0.710938 0.794922 0.691406 0.804688
0 0.638020 0.873698 0.671224 0.867838 0.693360 0.878906 0.706380 0.888020 0.707032 0.896484 0.726562 0.901692 0.729818 0.924480 0.717448 0.928386 0.732422 0.940104 0.746094 0.932942 0.745442 0.918620 0.741536 0.910156 0.735678 0.905598 0.736980 0.893230 0.724610 0.883464 0.723958 0.870442 0.718098 0.860678 0.714844 0.876954 0.712240 0.864584 0.723308 0.835938 0.716796 0.837240 0.705078 0.855468 0.705730 0.875000 0.690104 0.862630 0.658854 0.858724 0.639322 0.864584
0 0.636718 0.955078 0.667968 0.972006 0.654948 0.978516 0.649088 0.995442 0.664062 0.987630 0.684896 0.988282 0.694662 0.988282 0.695312 0.998046 0.709636 0.997396 0.708334 0.991536 0.712890 0.983072 0.706380 0.975260 0.709636 0.947916 0.714844 0.933594 0.707682 0.935546 0.701172 0.951822 0.702474 0.972656 0.692708 0.962890 0.679688 0.964844 0.651042 0.951172 0.640624 0.948568
1 0.292318 0.143230 0.282552 0.160156 0.268880 0.170572 0.264974 0.176432 0.276042 0.186198 0.259766 0.181640 0.259114 0.161458 0.268230 0.153646 0.277344 0.141928
1 0.231770 0.108072 0.253256 0.118490 0.254558 0.141928 0.245442 0.129558 0.238282 0.128256 0.235026 0.137370 0.230468 0.132812 0.232422 0.124348
1 0.250652 0.092448 0.263672 0.077474 0.277344 0.078124 0.279296 0.069662 0.267578 0.069662 0.253256 0.063802 0.253256 0.071614
1 0.273438 0.198568 0.292968 0.216796 0.295572 0.221354 0.310546 0.216796 0.313802 0.204428 0.300782 0.207682 0.285156 0.199218
1 0.247396 0.320312 0.247396 0.333984 0.263672 0.341796 0.251954 0.348308 0.237630 0.369140 0.233072 0.350260 0.235026 0.344402 0.235678 0.327474 0.238932 0.317708
1 0.048178 0.513672 0.059896 0.541016 0.082682 0.531902 0.070312 0.527344
1 0.009766 0.544270 0.021484 0.555338 0.027344 0.553386 0.022136 0.536458 0.007812 0.531250 0.003906 0.538412
1 0.029948 0.514974 0.031902 0.529296 0.042318 0.534506 0.043620 0.555990 0.052084 0.574218 0.041666 0.574870 0.039062 0.567708 0.033854 0.569010 0.034506 0.555338 0.031250 0.542968 0.015624 0.531250 0.020182 0.524088 0.025390 0.528646
1 0.041016 0.586588 0.051432 0.606770 0.056640 0.615234 0.085286 0.582682 0.067058 0.589844 0.051432 0.587240
1 0.113282 0.489584 0.111980 0.514322 0.113932 0.527994 0.103516 0.516276 0.089844 0.514322 0.099610 0.509766 0.101562 0.499348
1 0.055338 0.649088 0.069662 0.649740 0.084636 0.655598 0.085938 0.645182 0.091796 0.631510 0.076172 0.635416 0.065756 0.633464 0.063152 0.639974 0.055338 0.642578
1 0.000652 0.686848 0.009114 0.717448 0.033854 0.731770 0.048828 0.731770 0.062500 0.712890 0.056640 0.692058 0.042968 0.679036 0.019532 0.669922
1 0.128256 0.664714 0.128256 0.680990 0.115234 0.691406 0.090494 0.709636 0.089192 0.703776 0.107422 0.685546 0.100260 0.672526 0.115886 0.672526
1 0.138020 0.608724 0.160808 0.608724 0.169922 0.597006 0.154948 0.598958
1 0.167318 0.683594 0.201822 0.688802 0.206380 0.704428 0.194010 0.705078 0.195312 0.716146 0.207032 0.722656 0.214844 0.738932 0.194662 0.731770 0.182292 0.729166 0.176432 0.722006 0.166016 0.716146 0.164714 0.702474 0.171876 0.697266
1 0.148438 0.821614 0.177734 0.831380 0.179036 0.843098 0.206380 0.848308 0.201172 0.824218 0.186198 0.812500 0.176432 0.817058 0.162110 0.812500 0.160156 0.817058
1 0.047526 0.903646 0.051432 0.924480 0.056640 0.934244 0.056640 0.940756 0.047526 0.932292 0.043620 0.926432 0.025390 0.930990 0.024740 0.924480 0.039714 0.917318
1 0.018880 0.943360 0.031902 0.952474 0.037110 0.964192 0.044922 0.942708 0.037110 0.943360
1 0.039062 0.978516 0.052084 0.981770 0.061198 0.975912 0.056640 0.996744 0.046224 0.997396 0.046876 0.990886
1 0.006510 0.137370 0.014322 0.147786 0.016928 0.132162 0.031250 0.131510 0.036458 0.123698 0.015624 0.122396 0.009766 0.114584 0.005208 0.128256
1 0.092448 0.236980 0.104818 0.223958 0.118490 0.211588 0.099610 0.209636 0.098958 0.218750 0.091796 0.227214
1 0.345704 0.035156 0.362630 0.028646 0.366536 0.020834 0.353516 0.007812 0.353516 0.022786 0.345052 0.027344
1 0.356770 0.873046 0.354166 0.889974 0.373698 0.883464 0.369140 0.875652
1 0.593750 0.678386 0.606770 0.673828 0.611328 0.677084 0.628906 0.668620 0.619792 0.660156 0.617838 0.647786 0.611980 0.653646 0.611980 0.658204 0.598958 0.667968 0.587890 0.673178
1 0.621744 0.693360 0.635416 0.708984 0.642578 0.731770 0.647786 0.716146 0.648438 0.708334 0.652994 0.701172 0.667318 0.703124 0.657552 0.710286 0.668620 0.723308 0.699870 0.705078 0.680990 0.701822 0.680338 0.697266 0.667968 0.694662 0.646484 0.695964 0.645182 0.703776
1 0.656250 0.634766 0.680338 0.627604 0.682942 0.616536 0.675782 0.611980 0.666666 0.604166 0.667968 0.617838
1 0.735678 0.100260 0.744140 0.133464 0.771484 0.138020 0.808594 0.136718 0.826822 0.125000 0.844402 0.116536 0.841146 0.086588 0.821614 0.079428 0.819010 0.068360 0.804688 0.059244 0.787110 0.066406 0.774740 0.069010 0.772786 0.091796 0.755860 0.089844 0.732422 0.093098
1 0.624348 0.014974 0.640624 0.025390 0.648438 0.024740 0.658854 0.033854 0.664062 0.033854 0.659506 0.023438 0.672526 0.013020 0.659506 0.011068 0.650390 0.011068 0.646484 0.016276
1 0.781250 0.302734 0.786458 0.317058 0.777344 0.322916 0.792318 0.328776 0.802084 0.338542 0.822266 0.339192 0.822916 0.322266 0.835286 0.315104 0.835286 0.302084 0.825520 0.292318 0.809896 0.289714 0.798828 0.290364 0.794922 0.299480
1 0.828124 0.331380 0.834636 0.327474 0.856120 0.334636 0.859376 0.333334 0.857422 0.326172 0.850912 0.319010 0.845052 0.300782 0.840494 0.316406 0.828124 0.322916
1 0.858072 0.277994 0.857422 0.271484 0.878906 0.274740 0.875000 0.281250 0.888020 0.287110 0.876302 0.294270 0.895182 0.302734 0.876302 0.298828 0.865886 0.316406 0.859376 0.301432 0.850912 0.283854
1 0.876302 0.317708 0.884766 0.325520 0.871094 0.328124 0.875000 0.334636 0.899740 0.335286 0.906250 0.328124 0.902994 0.318360 0.895834 0.313802
1 0.815756 0.479166 0.836588 0.488282 0.839844 0.495442 0.850260 0.477214 0.833984 0.480468 0.826172 0.476562
1 0.785808 0.597006 0.791016 0.613932 0.805338 0.626302 0.823568 0.630860 0.831380 0.613282 0.831380 0.596354 0.822916 0.589844 0.810546 0.591796 0.796224 0.589192
1 0.805338 0.774088 0.816406 0.782552 0.829428 0.785156 0.828776 0.776042 0.825520 0.773438 0.822266 0.753256 0.817708 0.767578
1 0.511068 0.496744 0.521484 0.493490 0.528646 0.498046 0.527344 0.505208 0.535808 0.507162 0.540364 0.515624 0.560546 0.533204 0.558594 0.525390 0.546876 0.512370 0.543620 0.501302 0.529296 0.492188 0.525390 0.479818 0.513672 0.484376 0.506510 0.490234
1 0.081380 0.848958 0.093750 0.848958 0.110678 0.839192 0.098958 0.856120 0.096354 0.869140 0.090494 0.855468