0 0.203124 0.023438 0.240886 0.042968 0.243490 0.051432 0.259766 0.051432 0.246744 0.056640 0.238282 0.076172 0.257162 0.070312 0.262370 0.056640 0.274740 0.052084 0.274740 0.044922 0.298178 0.042318 0.298178 0.029948 0.289714 0.002604 0.277344 0.002604 0.284506 0.019532 0.264322 0.030598 0.229818 0.022136
0 0.183594 0.264974 0.198568 0.258464 0.213542 0.257162 0.225260 0.286458 0.236328 0.294270 0.236980 0.281902 0.228516 0.259114 0.240886 0.263020 0.249348 0.294270 0.256510 0.295572 0.252604 0.268880 0.253906 0.250000 0.253906 0.233724 0.265624 0.217448 0.279948 0.211588 0.259766 0.211588 0.248698 0.222656 0.246744 0.238932 0.238932 0.233724 0.219402 0.244140 0.201822 0.244792
0 0.177084 0.383464 0.200520 0.385416 0.210938 0.378906 0.227864 0.378256 0.236328 0.387370 0.264322 0.401042 0.262370 0.414714 0.229818 0.447916 0.251302 0.440756 0.264322 0.421876 0.276692 0.398438 0.244140 0.375652 0.229818 0.362630 0.214192 0.362630 0.187500 0.371094
0 0.126954 0.595704 0.143880 0.599610 0.175130 0.591146 0.184896 0.601562 0.214192 0.600912 0.225260 0.616536 0.229166 0.632162 0.229818 0.664714 0.235678 0.647786 0.235678 0.626954 0.249348 0.649088 0.262370 0.654296 0.277344 0.670572 0.279948 0.640624 0.274740 0.640624 0.272136 0.652994 0.253256 0.638020 0.240234 0.617188 0.252604 0.617838 0.250000 0.608724 0.233724 0.602864 0.203776 0.585938 0.199870 0.576822 0.218750 0.567708 0.202474 0.567708 0.190104 0.572266 0.191406 0.584636 0.164714 0.583334
0 0.208984 0.544270 0.227214 0.538412 0.238932 0.519532 0.225912 0.484376 0.219402 0.483072 0.192708 0.469402 0.179688 0.470704 0.180338 0.479818 0.186198 0.477864 0.199870 0.481120 0.213542 0.493490 0.212890 0.527344 0.222006 0.520182 0.226562 0.509766 0.224610 0.521484 0.210286 0.535808
0 0.196614 0.684896 0.204428 0.701822 0.197266 0.716796 0.203776 0.717448 0.203776 0.740234 0.206380 0.775390 0.212240 0.771484 0.212240 0.753906 0.218750 0.766928 0.253906 0.789714 0.246744 0.775390 0.229818 0.766276 0.220052 0.744792 0.220052 0.722656 0.225912 0.715494 0.223958 0.699218 0.224610 0.675782 0.217448 0.677084 0.214192 0.697916 0.209636 0.687500
0 0.124348 0.798828 0.138672 0.811198 0.166016 0.842448 0.179688 0.853516 0.188152 0.851562 0.202474 0.853516 0.205730 0.860026 0.179688 0.902994 0.199218 0.891276 0.219402 0.860026 0.201822 0.838542 0.199870 0.827474 0.212240 0.804036 0.207032 0.798828 0.196614 0.813802 0.191406 0.828124 0.197266 0.837890 0.184244 0.836588 0.179036 0.826172 0.167318 0.826172 0.153646 0.807292
0 0.188152 0.919270 0.205078 0.958984 0.185546 0.961588 0.179036 0.958984 0.160808 0.961588 0.134114 0.979166 0.140624 0.966796 0.155598 0.955078 0.178386 0.951172 0.160808 0.937500 0.175130 0.940104 0.158854 0.926432 0.146484 0.920572 0.130860 0.922526 0.121094 0.931640 0.121094 0.919922 0.141928 0.910156 0.159506 0.913412 0.178386 0.930990 0.182942 0.933594
0 0.565756 0.022136 0.590494 0.028646 0.602214 0.028646 0.635416 0.039714 0.662760 0.056640 0.663412 0.064454 0.634114 0.054036 0.623698 0.069662 0.624348 0.087240 0.610026 0.112630 0.613282 0.083984 0.615234 0.067708 0.620442 0.056640 0.605468 0.068360 0.582682 0.108724 0.583334 0.091146 0.600260 0.062500 0.609376 0.054036 0.608724 0.049480 0.593750 0.046876 0.590494 0.059244 0.587890 0.079428 0.580078 0.092448 0.580078 0.067708 0.582032 0.054036 0.585938 0.042318 0.563802 0.031902
0 0.593750 0.217448 0.593750 0.201172 0.596354 0.187500 0.604818 0.181640 0.604818 0.196614 0.614584 0.186848 0.650390 0.190756 0.635416 0.173178 0.634766 0.159506 0.618490 0.156902 0.619140 0.163412 0.625000 0.163412 0.615234 0.173828 0.602214 0.164714 0.598308 0.155598 0.593750 0.165364 0.601562 0.172526 0.589844 0.180990 0.583334 0.205730
0 0.585938 0.341796 0.594402 0.326172 0.600260 0.311848 0.605468 0.317058 0.619792 0.317058 0.623046 0.326822 0.628256 0.311848 0.639974 0.308594 0.616536 0.306640 0.625000 0.297526 0.625652 0.279948 0.617838 0.283854 0.615234 0.299480 0.610026 0.301432 0.610678 0.292318 0.617188 0.276042 0.611328 0.257162 0.608072 0.276042 0.601562 0.288412 0.587240 0.278646 0.572266 0.274088 0.580078 0.287760 0.591796 0.287110 0.599610 0.303386 0.590494 0.311848 0.585938 0.326172
0 0.555338 0.410808 0.562500 0.393230 0.570312 0.390624 0.590494 0.390624 0.591146 0.410156 0.602214 0.416016 0.580078 0.440104 0.599610 0.430990 0.615234 0.417968 0.610678 0.402344 0.616536 0.391276 0.637370 0.388020 0.654296 0.395182 0.652994 0.387370 0.640624 0.382162 0.635416 0.358072 0.629558 0.359376 0.629558 0.375652 0.621094 0.377604 0.617838 0.372396 0.614584 0.380860 0.597656 0.380208 0.590494 0.365886 0.595052 0.350912 0.613932 0.347006 0.613282 0.326172 0.602214 0.343098 0.591796 0.343098 0.582032 0.354818 0.580078 0.372396 0.589844 0.382162 0.574218 0.373046 0.550782 0.360026 0.563802 0.379558 0.560546 0.385416 0.549480 0.389974 0.554036 0.397786 0.548828 0.405598
0 0.569662 0.666666 0.565756 0.651042 0.571614 0.644532 0.592448 0.644532 0.606120 0.647136 0.606120 0.662760 0.606770 0.673828 0.615234 0.666666 0.613932 0.642578 0.593098 0.636068 0.597656 0.624348 0.582682 0.631510 0.555338 0.630208 0.547526 0.638672 0.549480 0.664062 0.529296 0.669922 0.556640 0.674480 0.559244 0.664714 0.552734 0.645182 0.557292 0.643880 0.561198 0.665364
0 0.606770 0.936848 0.591146 0.908204 0.564454 0.889322 0.531250 0.894532 0.537760 0.898438 0.537110 0.916016 0.541016 0.947266 0.531250 0.953776 0.503906 0.981120 0.505860 0.990886 0.523438 0.968750 0.540364 0.957032 0.543620 0.960286 0.518230 0.979818 0.553386 0.975912 0.563152 0.969402 0.574218 0.971354 0.587240 0.976562 0.608724 0.992838 0.616536 0.978516 0.595704 0.961588 0.567058 0.953124 0.557292 0.944010 0.569662 0.927084 0.574218 0.913412 0.587890 0.919922
0 0.871744 0.097656 0.872396 0.080078 0.877604 0.067058 0.891928 0.065104 0.904948 0.076822 0.895834 0.090494 0.913412 0.076172 0.913412 0.065756 0.902344 0.058594 0.912760 0.041016 0.914714 0.034506 0.934244 0.030598 0.936198 0.026042 0.922526 0.027994 0.897136 0.030598 0.889974 0.042968 0.891928 0.057942 0.885416 0.048178 0.861328 0.046876 0.865234 0.055990 0.880208 0.059896 0.867838 0.069662 0.867838 0.091146
0 0.826172 0.227214 0.845052 0.207032 0.855468 0.206380 0.857422 0.236980 0.871744 0.256510 0.871744 0.229166 0.869792 0.214192 0.871744 0.208984 0.890624 0.213542 0.895834 0.209636 0.882812 0.188802 0.888020 0.180990 0.891928 0.169270 0.889974 0.160156 0.892578 0.137370 0.871094 0.153646 0.873046 0.173828 0.860026 0.166666 0.863282 0.179036 0.857422 0.190104 0.837890 0.201822
0 0.811198 0.303386 0.819010 0.291666 0.830078 0.291016 0.853516 0.292968 0.869140 0.314454 0.880860 0.318360 0.895834 0.316406 0.895182 0.305338 0.891276 0.291666 0.860678 0.279296 0.835286 0.278646 0.813802 0.270834 0.820312 0.287110 0.807942 0.288412
0 0.858724 0.382812 0.870442 0.394532 0.870442 0.413412 0.891928 0.425130 0.902344 0.438152 0.899088 0.457682 0.888672 0.462890 0.869140 0.464844 0.850912 0.470704 0.861980 0.456380 0.893230 0.446614 0.885416 0.436198 0.873046 0.429036 0.861328 0.434896 0.832682 0.435546 0.815104 0.428386 0.791016 0.436848 0.799480 0.423828 0.822916 0.408204 0.818360 0.405598 0.795572 0.409506 0.799480 0.400390 0.817708 0.392578 0.848308 0.394532 0.860678 0.402994 0.855468 0.390624
0 0.820312 0.566406 0.826822 0.546876 0.833334 0.531250 0.836588 0.528646 0.848308 0.543620 0.849610 0.561198 0.853516 0.566406 0.834636 0.595704 0.847006 0.591796 0.856770 0.579428 0.858724 0.601562 0.853516 0.638672 0.863282 0.625000 0.865234 0.582682 0.873046 0.596354 0.891928 0.602864 0.901692 0.598958 0.884114 0.591146 0.877604 0.582032 0.870442 0.561848 0.880860 0.567058 0.878906 0.550130 0.866536 0.531902 0.842448 0.518880 0.826172 0.521484 0.816406 0.541016
0 0.821614 0.642578 0.841146 0.636718 0.858072 0.651042 0.891276 0.659506 0.891276 0.686848 0.861980 0.709636 0.875652 0.692058 0.880860 0.679688 0.881510 0.667968 0.865234 0.666666 0.856770 0.666666 0.858724 0.694662 0.851562 0.694662 0.847656 0.684896 0.849610 0.667318 0.835286 0.673828 0.832032 0.681640 0.839192 0.701822 0.849610 0.731120 0.836588 0.727214 0.838542 0.720704 0.832682 0.707682 0.821614 0.697916 0.830730 0.699218 0.824870 0.686848 0.822916 0.667968 0.837240 0.662110 0.826822 0.658204 0.805338 0.657552
0 0.777994 0.869140 0.794922 0.877604 0.804688 0.885416 0.811198 0.895182 0.823568 0.889322 0.830078 0.897786 0.831380 0.916016 0.825520 0.923828 0.793620 0.932292 0.795572 0.936198 0.828776 0.935546 0.842448 0.923178 0.841146 0.895834 0.854818 0.906250 0.840494 0.884114 0.899740 0.900390 0.871744 0.880860 0.839844 0.874348 0.815756 0.843098 0.810546 0.858072 0.806640 0.866536
1 0.056640 0.533854 0.059244 0.567058 0.080078 0.575520 0.098958 0.586588 0.120442 0.599610 0.135416 0.576822 0.125000 0.557292 0.111980 0.539714 0.079428 0.533854
1 0.054688 0.615234 0.069010 0.633464 0.082682 0.639974 0.087240 0.625000 0.094402 0.615234 0.080078 0.617838
1 0.075520 0.840494 0.096354 0.841796 0.119140 0.837240 0.121744 0.824870 0.122396 0.810546 0.102864 0.793620 0.082812 0.796876 0.076822 0.815104 0.064454 0.826822
1 0.049480 0.944662 0.067058 0.953776 0.080078 0.957682 0.099610 0.977864 0.095052 0.953124 0.091146 0.925782 0.083984 0.943360
1 0.113282 0.327474 0.139322 0.337240 0.145182 0.346354 0.160808 0.337240 0.158204 0.327474 0.162760 0.315756 0.154948 0.315104 0.145182 0.325520 0.128256 0.325520
1 0.188152 0.439454 0.211588 0.445964 0.233724 0.458334 0.222006 0.472656 0.199870 0.470052 0.192058 0.460938 0.198568 0.456380 0.188152 0.445964
1 0.248046 0.542318 0.271484 0.568360 0.284506 0.567708 0.287760 0.547526 0.276042 0.552084
1 0.227214 0.331380 0.229818 0.348958 0.243490 0.352864 0.243490 0.346354 0.248698 0.353516 0.255860 0.378906 0.243490 0.361980 0.224610 0.360678 0.217448 0.353516
1 0.208334 0.079428 0.234376 0.084636 0.248698 0.100260 0.246744 0.113932 0.225912 0.106120
1 0.222006 0.141928 0.243490 0.154296 0.253906 0.172526 0.240234 0.173828 0.227864 0.160156
1 0.251954 0.132162 0.269532 0.133464 0.289714 0.139974 0.284506 0.130208 0.269532 0.121744 0.255208 0.108724 0.261068 0.122396
1 0.287760 0.199218 0.300782 0.201822 0.327474 0.215494 0.333984 0.225260 0.330730 0.240234 0.304688 0.232422 0.292318 0.214844
1 0.320312 0.253256 0.341796 0.259766 0.350260 0.272136 0.359376 0.284506 0.352864 0.297526 0.330078 0.279948 0.326172 0.265624
1 0.286458 0.076822 0.293620 0.097656 0.324218 0.112630 0.316406 0.090494 0.304688 0.079428 0.304036 0.092448
1 0.225260 0.730468 0.233072 0.739584 0.233724 0.750652 0.253256 0.748698 0.244140 0.735678 0.233724 0.729166
1 0.351562 0.680338 0.363932 0.698568 0.375000 0.702474 0.388672 0.684896 0.375652 0.678386 0.359376 0.677734
1 0.143230 0.869792 0.164062 0.878256 0.170572 0.901692 0.173178 0.912110 0.186848 0.909506 0.182292 0.916016 0.169922 0.915364 0.150390 0.906902 0.145182 0.897786 0.149740 0.884766
1 0.205730 0.821614 0.217448 0.818360 0.232422 0.822916 0.241536 0.814454 0.235678 0.804688 0.235678 0.789062 0.248046 0.796224 0.263020 0.815104 0.283204 0.811848 0.292968 0.811198 0.304036 0.833334 0.298178 0.854166 0.282552 0.859376 0.283854 0.884114 0.270834 0.886068 0.257812 0.884766 0.247396 0.895834 0.237630 0.887370 0.241536 0.878906 0.232422 0.875652 0.225912 0.881510 0.215494 0.881510 0.224610 0.864584 0.222006 0.856770 0.210938 0.843098
1 0.259114 0.944662 0.285156 0.959636 0.305990 0.954428 0.317708 0.940756 0.309244 0.929688 0.300782 0.921224 0.285156 0.925130 0.276692 0.935546
1 0.295572 0.888672 0.283854 0.919922 0.297526 0.914714 0.324218 0.921224 0.315756 0.909506 0.305990 0.905598 0.305990 0.895834
1 0.292968 0.977214 0.260416 0.968098 0.243490 0.973308 0.232422 0.994140
1 0.601562 0.127604 0.611980 0.147786 0.621094 0.154948 0.641928 0.158204 0.662760 0.158854 0.668620 0.145834 0.647786 0.115886 0.631510 0.110678 0.615886 0.111328
1 0.654948 0.248046 0.670572 0.255208 0.686848 0.255208 0.694010 0.281902 0.703124 0.257812 0.701172 0.232422 0.694662 0.227864 0.688152 0.241536
1 0.559896 0.246744 0.567058 0.265624 0.589844 0.274088 0.604818 0.274088 0.611328 0.256510 0.620442 0.273438 0.625000 0.264974 0.623698 0.235026 0.608072 0.223958 0.598308 0.221354 0.576172 0.217448 0.565104 0.227214
1 0.444010 0.436848 0.452474 0.453776 0.468098 0.461588 0.481770 0.461588 0.481120 0.434896 0.457032 0.421224
1 0.496094 0.589844 0.503256 0.608724 0.522136 0.620442 0.537110 0.611980 0.530598 0.588542 0.508464 0.586588
1 0.526042 0.428386 0.532552 0.456380 0.550130 0.469402 0.577474 0.475912 0.589844 0.451172 0.575520 0.437500 0.552734 0.432292
1 0.480468 0.126302 0.504558 0.123698 0.517578 0.130860 0.514974 0.116536 0.501954 0.110678
1 0.631510 0.597656 0.657552 0.598958 0.664714 0.585286 0.679036 0.600912 0.686848 0.598958 0.690104 0.581380 0.662760 0.576172 0.645182 0.582032 0.653646 0.589844 0.639322 0.589844 0.629558 0.586588
1 0.456380 0.668620 0.473308 0.656902 0.481770 0.669922 0.475912 0.678386 0.467448 0.671876
1 0.433594 0.839192 0.445964 0.875652 0.472656 0.889974 0.479818 0.879558 0.496094 0.861980 0.488282 0.826822 0.458334 0.808594 0.448568 0.823568
1 0.550130 0.884766 0.567708 0.888672 0.587890 0.899088 0.592448 0.871744 0.578776 0.865886 0.561198 0.865234
1 0.633464 0.839192 0.652994 0.855468 0.662760 0.852864 0.660808 0.836588
1 0.688802 0.824870 0.697916 0.843750 0.712240 0.845704 0.716796 0.829428
1 0.638020 0.923178 0.651692 0.941406 0.664714 0.947916 0.669922 0.930990 0.666016 0.914714 0.645834 0.913412
1 0.435546 0.971354 0.445312 0.983724 0.452474 0.998046 0.497396 0.998698 0.497396 0.970704 0.486980 0.964192 0.478516 0.951172 0.460938 0.944662 0.443360 0.944662
1 0.391276 0.200520 0.404948 0.221354 0.419922 0.214844 0.419922 0.204428
1 0.639974 0.458334 0.662110 0.460938 0.679036 0.464844 0.676432 0.482422 0.666666 0.487630 0.647786 0.479818
1 0.698568 0.481770 0.714844 0.518880 0.741536 0.534506 0.754558 0.524740 0.757812 0.514974 0.774740 0.492838 0.767578 0.473958 0.749348 0.471354 0.724610 0.476562
1 0.699870 0.565756 0.712240 0.582682 0.731120 0.579428 0.735026 0.565756 0.706380 0.564454
1 0.765624 0.250000 0.767578 0.273438 0.805338 0.285808 0.816406 0.283854 0.812500 0.267578 0.831380 0.272786 0.825520 0.251302 0.804036 0.243490 0.791016 0.233072 0.779296 0.233072
1 0.770834 0.583984 0.783204 0.582032 0.796876 0.585286 0.802084 0.595052 0.809896 0.576822 0.802734 0.571614 0.802734 0.558594 0.796876 0.555338 0.792318 0.568360
1 0.800782 0.604166 0.809244 0.625000 0.822266 0.625652 0.827474 0.611328
1 0.771484 0.810546 0.794922 0.831380 0.811848 0.833334 0.815104 0.815756
1 0.728516 0.944662 0.739584 0.925782 0.745442 0.955730 0.735678 0.962890
1 0.676432 0.902994 0.695964 0.912110 0.695964 0.917968 0.721354 0.910156 0.723958 0.900390 0.705730 0.906902 0.686198 0.898438
1 0.950520 0.427084 0.970052 0.436848 0.973958 0.449218 0.968750 0.466796 0.962890 0.473308 0.941406 0.468098 0.940104 0.459636 0.954428 0.459636 0.962890 0.462240 0.962890 0.450520 0.958334 0.442708
1 0.975260 0.460286 0.990886 0.479818 0.992838 0.461588 0.996094 0.460286 0.995442 0.448568 0.982422 0.450520
1 0.736980 0.000652 0.748698 0.013672 0.766276 0.022786 0.792968 0.022786 0.808594 0.003256
1 0.839844 0.041666 0.843098 0.068360 0.867838 0.062500 0.860678 0.050782 0.864584 0.041016
1 0.636718 0.345704 0.639974 0.366536 0.654296 0.365234 0.669270 0.350260 0.660156 0.341796
1 0.913412 0.783854 0.920572 0.798178 0.953124 0.795572 0.954428 0.783854 0.940756 0.776692 0.911458 0.759114
1 0.935546 0.878256 0.955078 0.885416 0.968750 0.891928 0.966796 0.878906 0.961588 0.866536 0.954428 0.871094
1 0.254688 0.689062 0.275000 0.710938 0.296876 0.709376 0.285938 0.693750 0.285938 0.681250 0.275000 0.690626
1 0.438802 0.724610 0.468750 0.737630 0.454428 0.715494
1 0.072928 0.492012 0.067154 0.488498 0.062384 0.484982 0.059624 0.480464 0.057364 0.476448 0.049330 0.472682 0.052594 0.469418 0.064142 0.471928 0.072426 0.475442 0.075690 0.475442 0.069916 0.468162 0.069162 0.462388 0.074434 0.465402 0.079706 0.470422 0.085230 0.471678 0.091254 0.475192 0.093012 0.479962 0.086736 0.483728 0.075940 0.481970 0.072678 0.482724 0.074686 0.486740
1 0.699284 0.079044 0.694766 0.076784 0.696522 0.073270 0.696522 0.066742 0.693008 0.062224 0.697024 0.061220 0.699284 0.063228 0.703552 0.067746 0.706314 0.067998 0.709074 0.065738 0.713092 0.065488 0.714346 0.067998 0.710078 0.070258 0.706062 0.070508 0.703050 0.071512 0.701292 0.074526