0 0.880702 0.114602 0.883188 0.125100 0.890094 0.128968 0.887608 0.134492 0.893686 0.131178 0.906670 0.140018 0.926836 0.137254 0.915786 0.134768 0.927666 0.127310 0.944794 0.128690 0.959710 0.135320 0.943688 0.123718 0.916892 0.125928 0.908328 0.131730 0.897278 0.125652 0.888714 0.120956
0 0.911366 0.172062 0.898934 0.190020 0.892580 0.184770 0.889266 0.188638 0.895620 0.193610 0.896172 0.207148 0.886228 0.205214 0.870480 0.211292 0.896448 0.210462 0.907498 0.217368 0.908328 0.201346 0.901974 0.191676 0.916616 0.174826
1 0.945070 0.213224 0.934572 0.225932 0.929322 0.236706 0.935952 0.255216 0.935952 0.259636 0.963026 0.267370 0.966618 0.261294 0.967446 0.248862 0.964408 0.241402 0.963026 0.231182 0.959710 0.226208 0.953634 0.220132
1 0.942030 0.537272 0.938164 0.550256 0.931532 0.549152 0.925732 0.570146 0.926284 0.582302 0.933742 0.596668 0.940374 0.605784 0.952804 0.601088 0.959158 0.593628 0.967998 0.590590 0.982088 0.583408 0.984574 0.577330 0.981258 0.562412 0.976010 0.549980 0.969380 0.564622 0.960264 0.554124 0.958606 0.550256 0.956396 0.546112 0.948936 0.545008 0.945898 0.539206
1 0.969104 0.553572 0.972694 0.544732 0.983468 0.538930 0.990928 0.535614 0.991204 0.531194 0.978772 0.533958 0.972142 0.536168 0.964132 0.531472 0.961644 0.533682 0.964684 0.538654 0.967446 0.542522
0 0.860260 0.469314 0.880426 0.486718 0.883188 0.492796 0.885950 0.496940 0.907222 0.496386 0.917444 0.489756 0.890924 0.494452 0.897554 0.488928 0.915510 0.481468 0.917720 0.474286 0.920758 0.457988 0.915234 0.447490 0.913024 0.443898 0.911918 0.421246 0.907774 0.423732 0.907774 0.441412 0.909984 0.448594 0.915234 0.456054 0.915786 0.473182 0.907774 0.479536 0.906394 0.475392 0.902526 0.477048 0.892580 0.488098 0.885674 0.491138 0.886228 0.482574 0.878216 0.480364 0.868270 0.473734
0 0.851418 0.987568 0.854458 0.998342 0.857772 0.994198
0 0.883644 0.715598 0.878994 0.729002 0.875712 0.744048 0.877352 0.773044 0.878446 0.783438 0.873796 0.793012 0.878446 0.792466 0.882002 0.785900 0.895954 0.782892 0.913734 0.793012 0.901698 0.780430 0.900878 0.761008 0.889936 0.742132 0.889116 0.747056 0.892124 0.756358 0.897048 0.769762 0.896500 0.777968 0.880088 0.780430 0.882824 0.773318 0.882824 0.767300 0.881182 0.750886 0.882276 0.732558 0.884192 0.723806
1 0.233818 0.445300 0.229078 0.456362 0.212012 0.469950 0.217068 0.481960 0.224338 0.497446 0.245196 0.505980 0.251200 0.509456 0.263210 0.504716 0.266686 0.498394 0.263526 0.493338 0.263526 0.485752 0.267002 0.478800 0.264474 0.473112 0.259734 0.476588 0.259734 0.473112 0.262262 0.466790 0.244880 0.476588 0.247724 0.469634 0.254362 0.456994 0.244880 0.466474 0.236032 0.471848 0.245828 0.456362 0.247724 0.453200 0.236032 0.464262 0.229710 0.469002 0.229078 0.465210 0.230342 0.461418 0.235716 0.456678 0.235398 0.451304
1 0.288494 0.472480 0.284070 0.480696 0.275536 0.484488 0.268584 0.487018 0.268900 0.494918 0.270796 0.506296 0.284702 0.500606 0.292286 0.500606 0.298290 0.494286 0.297026 0.481012 0.293866 0.477536
0 0.325470 0.526522 0.316306 0.534106 0.314724 0.544220 0.314408 0.555914 0.316622 0.569820 0.320730 0.584358 0.329894 0.585938 0.324838 0.590362 0.313776 0.600792 0.310616 0.609324 0.301452 0.624810 0.301768 0.624810 0.324206 0.598264 0.327998 0.593206 0.330210 0.593206 0.352334 0.612800 0.364976 0.619754 0.377616 0.621334 0.387098 0.614382 0.379514 0.614382 0.366872 0.611852 0.353598 0.603004 0.333372 0.584674 0.330842 0.580880 0.333688 0.570768 0.330842 0.561602 0.330842 0.554966 0.333056 0.544220 0.332740 0.534424 0.326734 0.543272 0.323258 0.550858 0.318834 0.541692 0.320730 0.536636
1 0.065718 0.181038 0.070140 0.188164 0.064982 0.195042 0.064490 0.200938 0.069894 0.213960 0.070140 0.219856 0.083898 0.226980 0.090778 0.227718 0.096428 0.222804 0.102570 0.214450 0.099868 0.200692 0.099376 0.188410 0.096182 0.185952 0.088566 0.188900 0.084390 0.187672 0.078984 0.183496 0.072598 0.185706
1 0.028622 0.242704 0.030340 0.255232 0.034518 0.266042 0.038694 0.279310 0.047292 0.274886 0.052944 0.269482 0.071368 0.268500 0.085864 0.260638 0.091268 0.251548 0.095200 0.244914 0.093726 0.238036 0.090040 0.230420 0.083408 0.226734 0.074808 0.224524 0.071860 0.227226 0.070386 0.233122 0.067192 0.234104 0.055400 0.233860 0.053680 0.235824 0.053188 0.242950 0.051960 0.245160 0.049258 0.235824 0.046310 0.240000 0.044836 0.249828 0.039186 0.244178 0.036728 0.240492 0.033044 0.240492
1 0.113134 0.259164 0.103798 0.260638 0.100850 0.276606 0.103798 0.282994 0.107484 0.294786 0.115836 0.301174 0.127384 0.302402 0.138438 0.304122 0.141140 0.301912 0.147038 0.296752 0.141140 0.291348 0.140650 0.286926 0.141632 0.277590 0.139912 0.276116 0.136228 0.271694 0.133280 0.270710 0.129102 0.267026 0.123944 0.262358
1 0.813802 0.550290 0.812574 0.552256 0.817488 0.559134 0.819698 0.569206 0.819698 0.571910 0.823630 0.568470 0.825104 0.569452 0.830754 0.573384 0.842054 0.573630 0.840090 0.569944 0.829280 0.567242 0.823874 0.566258 0.823630 0.561100 0.828788 0.560362 0.832228 0.560608 0.832964 0.563802 0.839106 0.564294 0.839844 0.560854 0.838862 0.553238 0.835422 0.556924 0.833702 0.558888 0.829526 0.557660 0.826822 0.555450 0.823138 0.553976 0.818962 0.552010
1 0.776704 0.993736 0.799308 0.999140 0.779898 0.999632
0 0.871874 0.801368 0.871874 0.804102 0.873438 0.806836 0.870898 0.821680 0.871484 0.829492 0.881250 0.831640 0.877540 0.848242 0.882032 0.844532 0.884374 0.842188 0.886524 0.844922 0.888672 0.861328 0.899218 0.872266 0.895312 0.868946 0.894532 0.854882 0.892578 0.840820 0.892968 0.833008 0.883594 0.824024 0.882032 0.815430 0.881836 0.807032 0.878516 0.807812 0.878126 0.818164 0.875000 0.818164 0.875390 0.805274 0.879688 0.802540
0 0.349506 0.161184 0.326274 0.184004 0.326892 0.197368 0.318050 0.204770 0.338610 0.220394 0.345806 0.213610 0.344984 0.209088 0.369654 0.206004 0.339226 0.203536 0.335526 0.195930 0.330180 0.190378 0.331004 0.186060 0.348068 0.165090 0.351356 0.160156
0 0.307226 0.796876 0.302734 0.818360 0.309180 0.832422 0.301368 0.827930 0.311132 0.837304 0.305664 0.844726 0.293164 0.863672 0.312304 0.841210 0.320312 0.851954 0.348438 0.864648 0.327734 0.850196 0.322266 0.839062 0.316016 0.833594 0.314454 0.832422 0.312500 0.824414 0.306640 0.815430 0.306640 0.810156 0.310546 0.803516
1 0.092576 0.298682 0.090770 0.319002 0.086254 0.326906 0.082190 0.331422 0.079254 0.335712 0.062094 0.323068 0.062546 0.332776 0.060514 0.341582 0.069544 0.341808 0.076770 0.345196 0.083770 0.340680 0.089866 0.334356 0.089188 0.343388 0.093028 0.347454 0.108156 0.342712 0.115832 0.340228 0.111768 0.334808 0.114478 0.326002 0.110866 0.310874 0.107704 0.307036 0.113574 0.302068 0.103188 0.304552 0.100252 0.298004 0.100252 0.306584
0 0.015580 0.739208 0.011290 0.743272 0.016258 0.762012 0.022580 0.772850 0.028676 0.782560 0.029128 0.786850 0.021676 0.805140 0.026870 0.804236 0.032288 0.794978 0.037708 0.798366 0.041320 0.791140 0.040868 0.780302 0.037482 0.769690 0.044934 0.755464 0.052384 0.741916 0.031838 0.772624 0.030934 0.761334 0.019870 0.750270 0.018516 0.742368 0.016032 0.736950
0 0.010838 0.941744 0.019418 0.944002 0.018740 0.947390 0.051482 0.951680 0.047868 0.942874 0.025740 0.942874 0.027546 0.927520 0.019870 0.936100 0.001128 0.919842
1 0.026644 0.950776 0.017386 0.952358 0.003838 0.952132 0.009032 0.987808 0.030708 0.985098 0.039062 0.987130 0.046062 0.991420 0.049900 0.984420 0.049674 0.970196 0.042224 0.960260 0.037934 0.954164 0.031386 0.950326
1 0.005420 0.989388 0.053062 0.989614 0.052158 0.985324 0.046740 0.990066 0.040192 0.988484 0.031838 0.987582 0.023708 0.988032 0.011742 0.990066
0 0.825000 0.634180 0.822070 0.635938 0.834766 0.643554 0.848438 0.656054 0.846094 0.660546 0.840430 0.664648 0.859960 0.666210 0.862110 0.663672 0.869922 0.667578 0.877734 0.676954 0.880078 0.676562 0.876172 0.666016 0.864844 0.657032 0.861914 0.657812 0.858204 0.656250 0.850586 0.648242 0.841796 0.641796 0.834570 0.638672
1 0.891796 0.628516 0.884374 0.630274 0.875586 0.638282 0.867578 0.643360 0.861524 0.645704 0.860938 0.655664 0.866016 0.656446 0.876954 0.665234 0.881054 0.678710 0.883594 0.684180 0.898046 0.685352 0.906054 0.682226 0.910352 0.672266 0.903710 0.673828 0.905078 0.668946 0.915624 0.662696 0.916992 0.658790 0.912890 0.651758 0.909376 0.645118 0.905078 0.637696 0.901368 0.631446
0 0.921876 0.887500 0.899610 0.888282 0.888868 0.900196 0.883398 0.909376 0.879102 0.926758 0.880860 0.939648 0.879102 0.943750 0.909376 0.951954 0.913672 0.949218 0.883594 0.939258 0.888672 0.939844 0.886132 0.931250 0.886328 0.916210 0.890040 0.902734 0.893360 0.894726 0.908790 0.890820
0 0.901758 0.532226 0.886914 0.537500 0.877540 0.545312 0.875196 0.550976 0.875586 0.556250 0.870704 0.557618 0.872070 0.565234 0.885938 0.566796 0.897070 0.579102 0.888086 0.563476 0.897266 0.552148 0.896484 0.540820 0.884766 0.562110 0.877734 0.555078 0.883984 0.543946 0.897460 0.534960
1 0.972852 0.600196 0.968360 0.607032 0.974610 0.614062 0.972070 0.619336 0.956446 0.623438 0.962110 0.630468 0.970898 0.637890 0.985546 0.635742 0.995508 0.635938 0.996484 0.626172 0.997070 0.617578 0.993360 0.616796 0.982422 0.616602 0.981446 0.612304 0.978906 0.606054 0.974024 0.602344
1 0.812696 0.656250 0.809766 0.658984 0.807812 0.668946 0.798438 0.668164 0.797266 0.671094 0.814648 0.674610 0.811914 0.671094 0.812304 0.662696
1 0.793360 0.817188 0.792188 0.821290 0.796876 0.825390 0.786914 0.832812 0.795508 0.830860 0.802930 0.826562 0.806836 0.827148 0.807618 0.823046 0.812696 0.815626 0.811524 0.813672 0.801758 0.824024 0.796484 0.819140
1 0.980860 0.859570 0.983594 0.876368 0.989844 0.877930 0.988282 0.890820 0.977540 0.892382 0.979102 0.896094 0.991602 0.896680 0.992968 0.878516 0.998046 0.884766 0.998046 0.879492 0.992578 0.875000 0.986718 0.873242 0.986718 0.864062 0.983594 0.860938
0 0.529102 0.172460 0.528320 0.186132 0.508008 0.189454 0.496874 0.189062 0.489258 0.191016 0.490626 0.193946 0.531836 0.193554 0.532226 0.200976 0.538282 0.204492 0.536718 0.220508 0.534180 0.235742 0.529492 0.238086 0.546484 0.249024 0.536914 0.236328 0.543554 0.213086 0.549414 0.198828 0.552734 0.185352 0.549804 0.179296 0.546290 0.188282 0.540624 0.187890 0.541210 0.175586 0.540430 0.177734 0.538282 0.185742 0.532422 0.183984 0.532812 0.174414
0 0.514258 0.339454 0.517774 0.358204 0.517578 0.365820 0.513282 0.361132 0.515820 0.368554 0.521680 0.381836 0.535938 0.388282 0.550196 0.398438 0.548828 0.428320 0.549414 0.443164 0.565820 0.446876 0.569726 0.436328 0.561914 0.442774 0.552734 0.433984 0.552344 0.403516 0.551954 0.392578 0.540040 0.386914 0.538672 0.377540 0.533984 0.370508 0.525782 0.362696 0.521290 0.356054 0.517382 0.346484
0 0.278658 0.627920 0.301780 0.651650 0.307864 0.661994 0.316078 0.669600 0.312426 0.672034 0.306646 0.672946 0.312122 0.689374 0.317294 0.689374 0.314556 0.677510 0.316990 0.679030 0.318208 0.696980 0.318816 0.699718 0.322466 0.686636 0.318512 0.670208 0.326422 0.667774 0.339198 0.665340 0.350760 0.647696 0.349238 0.630962 0.345284 0.631572 0.346500 0.648304 0.328550 0.657430 0.319728 0.665644 0.313340 0.650738 0.306038 0.644044 0.291740 0.634006 0.285656 0.628224
0 0.305734 0.917238 0.303908 0.930624 0.308776 0.951008 0.313340 0.960134 0.312732 0.977780 0.319120 0.991774 0.318816 0.999684 0.352888 0.993294 0.321858 0.991166 0.325204 0.972608 0.321250 0.956484 0.313036 0.939142 0.310298 0.924236
0 0.546756 0.560610 0.537858 0.563120 0.537174 0.559242 0.534664 0.564034 0.529872 0.570422 0.518920 0.588220 0.518236 0.594380 0.507512 0.588904 0.504316 0.589132 0.509564 0.593468 0.512074 0.595292 0.511618 0.600996 0.506598 0.601682 0.500666 0.602366 0.504088 0.606016 0.510022 0.605560 0.507740 0.610808 0.509336 0.617652 0.511390 0.615144 0.515040 0.609210 0.515040 0.598030 0.518236 0.602366 0.523484 0.614458 0.520974 0.614686 0.499982 0.627920 0.505914 0.619706 0.501578 0.620162 0.497700 0.625410 0.493364 0.629290 0.491540 0.627008 0.489258 0.626096 0.485836 0.629746 0.482412 0.625182 0.479674 0.628148 0.486976 0.634082 0.487432 0.637732 0.486976 0.651422 0.493364 0.642752 0.498612 0.635222 0.513672 0.630430 0.522798 0.618338 0.525992 0.640926 0.524624 0.651878 0.526678 0.661006 0.527134 0.670588 0.524852 0.677206 0.521430 0.684050 0.518236 0.689070 0.534436 0.691580 0.537630 0.689298 0.543334 0.679486 0.545844 0.671958 0.536032 0.683594 0.532154 0.688386 0.527818 0.684962 0.531926 0.672870 0.532382 0.663286 0.533978 0.655758 0.541280 0.650282 0.554286 0.647314 0.554970 0.645946 0.547440 0.658496 0.556796 0.655986 0.558850 0.650052 0.560674 0.643436 0.565010 0.641154 0.570486 0.637048 0.570030 0.628376 0.573908 0.630430 0.576646 0.634538 0.577788 0.636590 0.568888 0.644576 0.567292 0.646630 0.579612 0.649140 0.578244 0.646402 0.583264 0.636590 0.584176 0.632940 0.597638 0.632940 0.605624 0.631800 0.594672 0.629518 0.579384 0.630202 0.575278 0.628376 0.573680 0.625638 0.576874 0.617424 0.580068 0.610352 0.577560 0.608298 0.571170 0.619934 0.568888 0.624498 0.569116 0.625638 0.566378 0.614686 0.559990 0.610124 0.558164 0.615828 0.561816 0.619022 0.562728 0.626552 0.561360 0.633396 0.555654 0.641382 0.544474 0.647086 0.531470 0.651422 0.531240 0.647086 0.530100 0.633624 0.530328 0.625410 0.530328 0.618110 0.530100 0.613774 0.534664 0.612634 0.544932 0.609668 0.561360 0.607158 0.572996 0.604192 0.575962 0.602594 0.573908 0.598944 0.571626 0.595976 0.567292 0.598714 0.559990 0.604192 0.548810 0.605560 0.537858 0.607386 0.540368 0.588448 0.538998 0.574986 0.536716 0.580006 0.536488 0.592098 0.532610 0.606700 0.532154 0.610580 0.527590 0.609210 0.528274 0.597574 0.529644 0.586394 0.530328 0.579092 0.533066 0.571334 0.538770 0.566086
0 0.542774 0.931250 0.533398 0.934570 0.528320 0.938476 0.519140 0.947656 0.517968 0.948438 0.511328 0.941210 0.511132 0.943554 0.511914 0.948438 0.516992 0.956054 0.518164 0.955274 0.517382 0.963868 0.504492 0.961914 0.496290 0.959570 0.492382 0.955664 0.491992 0.958008 0.493164 0.962500 0.497460 0.968554 0.504296 0.971680 0.504492 0.974218 0.505274 0.978516 0.511328 0.979688 0.512110 0.987696 0.514454 0.989844 0.516210 0.987110 0.516406 0.978126 0.515624 0.974610 0.509766 0.969726 0.511524 0.967578 0.514648 0.966796 0.520898 0.966796 0.522852 0.965234 0.525390 0.966406 0.526172 0.968164 0.517382 0.972266 0.519922 0.975000 0.526562 0.972460 0.528320 0.971094 0.535938 0.978516 0.537110 0.980078 0.534180 0.984376 0.542382 0.981640 0.562110 0.988282 0.568554 0.988282 0.566796 0.985742 0.547852 0.982422 0.533398 0.973046 0.528320 0.968750 0.522266 0.962890 0.523632 0.960938 0.532422 0.960938 0.548046 0.959374 0.554688 0.958594 0.559180 0.957422 0.563672 0.950782 0.563672 0.959766 0.564258 0.975782 0.566210 0.964648 0.564844 0.954296 0.566016 0.940040 0.565626 0.937696 0.564648 0.937304 0.560546 0.944532 0.556054 0.952148 0.551758 0.954688 0.526758 0.953320 0.525976 0.947070 0.528124 0.941602 0.532226 0.939258 0.538476 0.938476 0.541602 0.935938 0.543360 0.933594 0.550976 0.933398 0.555468 0.933398 0.554688 0.931836 0.546094 0.923828 0.545312 0.922852 0.546290 0.928906 0.547852 0.930664
1 0.370528 0.361696 0.376754 0.377548 0.378454 0.389436 0.384114 0.375850 0.378454 0.372452
1 0.408066 0.702058 0.404118 0.707194 0.399970 0.712722 0.397600 0.719438 0.391084 0.718252 0.381998 0.716080 0.379036 0.717068 0.386146 0.720424 0.395822 0.723980 0.402340 0.728916 0.409054 0.730102 0.410832 0.729312 0.407276 0.726546 0.398982 0.723190 0.399576 0.721610 0.403130 0.716672 0.404908 0.712130 0.406882 0.705218
0 0.544168 0.821234 0.537920 0.826788 0.532134 0.821002 0.528894 0.804804 0.527968 0.811746 0.531672 0.827482 0.533986 0.827714 0.529358 0.834192 0.516630 0.843450 0.512696 0.848540 0.511538 0.862426 0.511538 0.866128 0.505058 0.868904 0.499042 0.869368 0.502976 0.874458 0.510844 0.878856 0.512002 0.885334 0.512464 0.897600 0.513158 0.901766 0.506216 0.902228 0.494182 0.906624 0.484000 0.909402 0.476364 0.916112 0.468496 0.921436 0.459470 0.928378 0.457850 0.930924 0.482148 0.915188 0.494646 0.910096 0.506216 0.908940 0.511770 0.907550 0.514316 0.910558 0.512002 0.917732 0.509456 0.921204 0.507604 0.913336 0.504828 0.912410 0.505290 0.917038 0.507604 0.924444 0.505752 0.928146 0.512926 0.923286 0.517092 0.913336 0.516860 0.906394 0.520100 0.905236 0.519174 0.898294 0.518944 0.893898 0.524728 0.893434 0.520564 0.889500 0.521720 0.886724 0.534910 0.879780 0.556664 0.876310 0.577260 0.877466 0.574482 0.873996 0.551342 0.875152 0.540928 0.879086 0.524728 0.880938 0.521258 0.879550 0.518944 0.874458 0.514084 0.864970 0.514316 0.849466 0.519174 0.846920 0.526348 0.842754 0.539540 0.830722 0.547176 0.833730 0.550416 0.835812 0.552036 0.829332 0.549258 0.829796 0.540234 0.826324
1 0.343360 0.886328 0.342774 0.893750 0.344922 0.900000 0.346094 0.904688 0.345508 0.913086 0.346484 0.924804 0.350782 0.914648 0.349024 0.907812 0.349610 0.903124 0.354492 0.896680 0.357618 0.892382 0.355078 0.893554 0.349610 0.897070 0.348438 0.896094 0.346680 0.892578
1 0.838086 0.058008 0.835546 0.062890 0.836914 0.080664 0.830274 0.081640 0.831054 0.083790 0.840430 0.084376 0.851562 0.093164 0.847070 0.085156 0.840430 0.082618 0.840040 0.076368 0.838476 0.069532 0.839648 0.065430 0.839062 0.059960
1 0.887110 0.326954 0.890820 0.334766 0.893554 0.347656 0.891992 0.348046 0.885742 0.345898 0.890040 0.351172 0.894140 0.354102 0.905274 0.360546 0.899414 0.366210 0.894922 0.370312 0.896484 0.363868 0.893360 0.361914 0.893164 0.365624 0.891796 0.371876 0.891016 0.375196 0.896290 0.381446 0.899218 0.384376 0.901954 0.386132 0.903320 0.379492 0.904882 0.372656 0.902930 0.368946 0.908204 0.371290 0.910938 0.374804 0.917188 0.374804 0.920704 0.373438 0.921484 0.367968 0.922070 0.365430 0.915624 0.360742 0.918164 0.352344 0.916992 0.344726 0.913086 0.355468 0.910742 0.341992 0.912890 0.336524 0.907812 0.339258 0.903516 0.349024 0.901172 0.338086 0.901758 0.335352 0.895118 0.332812 0.891796 0.326954 0.887696 0.323242 0.886524 0.324414
0 0.053000 0.454284 0.047980 0.465008 0.045242 0.472994 0.043644 0.479610 0.037256 0.471168 0.034974 0.463182 0.031324 0.465920 0.028584 0.465236 0.037256 0.479382 0.044100 0.481892 0.044784 0.488966 0.041590 0.493530 0.047752 0.496952 0.052542 0.509500 0.054596 0.517716 0.058932 0.516118 0.054368 0.503796 0.050946 0.491704 0.048436 0.475960 0.050032 0.468886 0.052770 0.457250
0 0.035886 0.067766 0.038168 0.081000 0.038852 0.089442 0.038396 0.099254 0.045014 0.105870 0.033832 0.108836 0.030410 0.111346 0.031324 0.114084 0.038396 0.115454 0.044784 0.112716 0.050490 0.110890 0.056422 0.109750 0.057790 0.107012 0.053684 0.098798 0.059160 0.090354 0.063266 0.087160 0.078782 0.080544 0.081748 0.077806 0.088822 0.077578 0.097036 0.077578 0.102056 0.076436 0.105022 0.070048 0.100686 0.061834 0.100458 0.066626 0.094754 0.074154 0.087908 0.074612 0.079010 0.075524 0.073078 0.077578 0.059160 0.087388 0.047752 0.094006 0.047066 0.088758 0.041818 0.081456 0.040450 0.073926 0.038852 0.068222
0 0.027672 0.000000 0.030866 0.005476 0.033148 0.015288 0.033832 0.020536 0.031552 0.025326 0.038624 0.029206 0.050718 0.030118 0.075360 0.026924 0.091332 0.021676 0.100914 0.026468 0.111866 0.040158 0.131718 0.048372 0.140388 0.048372 0.142442 0.046546 0.141528 0.044722 0.134456 0.045406 0.117798 0.040614 0.101600 0.026012 0.097948 0.019622 0.100458 0.018026 0.109584 0.012322 0.106618 0.010268 0.089962 0.018938 0.068058 0.023046 0.060984 0.023046 0.063952 0.018482 0.068970 0.011636 0.077870 0.006616 0.088366 0.005932 0.097720 0.005248 0.095210 0.000456 0.079466 0.001370 0.073534 0.002054 0.069884 0.004336 0.055966 0.017112 0.054140 0.012092 0.057562 0.005020 0.055508 0.000456 0.048892 0.001370 0.046610 0.003194 0.047066 0.008898 0.051174 0.018254 0.040450 0.020536 0.039080 0.015288 0.033832 0.003878
1 0.086996 0.029206 0.083346 0.032856 0.069428 0.034226 0.069884 0.037420 0.082890 0.036964 0.091788 0.042212 0.100230 0.047002 0.101142 0.041984 0.089050 0.037420 0.088366 0.035138 0.088822 0.031260
1 0.131946 0.062518 0.125328 0.071646 0.113008 0.058640 0.113920 0.063660 0.118028 0.069136 0.128980 0.079402 0.130348 0.077806 0.134912 0.063888
1 0.125132 0.483580 0.120166 0.495498 0.120166 0.502780 0.109242 0.506092 0.108580 0.510394 0.119504 0.506092 0.124470 0.505098 0.126456 0.502118 0.126126 0.493180 0.127118 0.488546
0 0.045242 0.819810 0.037028 0.824374 0.041818 0.829394 0.043644 0.832132 0.037028 0.836924 0.029042 0.844680 0.027216 0.840574 0.023338 0.828252 0.020828 0.823004 0.021056 0.829850 0.022424 0.838976 0.022424 0.843996 0.019230 0.846734 0.008278 0.849700 0.002346 0.857914 0.012842 0.852666 0.023108 0.852438 0.032920 0.856318 0.039766 0.849928 0.043188 0.841942 0.044328 0.834414 0.045470 0.830534 0.050032 0.832588 0.054368 0.833956 0.058246 0.838064 0.061442 0.852896 0.063494 0.854492 0.063494 0.845138 0.061442 0.828938 0.055280 0.831676 0.053684 0.830306 0.060300 0.828480 0.066004 0.828480 0.074904 0.828938 0.070340 0.827340 0.067374 0.824374 0.055280 0.826656 0.045242 0.828252 0.046610 0.824146
1 0.101828 0.807946 0.099774 0.813878 0.094298 0.818214 0.090190 0.824374 0.092016 0.828480 0.094298 0.833044 0.083574 0.831676 0.094754 0.838520 0.083802 0.841258 0.094982 0.844224 0.104108 0.846278 0.112094 0.849472 0.110270 0.852896 0.101600 0.855404 0.107076 0.862934 0.108444 0.867498 0.109356 0.874572 0.110270 0.881416 0.117342 0.882100 0.118256 0.890772 0.123276 0.890314 0.130576 0.887120 0.134912 0.890542 0.136508 0.889402 0.138106 0.877766 0.138334 0.866586 0.138334 0.843768 0.139476 0.825742 0.135368 0.827796 0.128522 0.840346 0.125100 0.836466 0.123960 0.828480 0.120080 0.812280 0.118712 0.812280 0.110042 0.814334 0.105934 0.812052
0 0.324610 0.705078 0.316796 0.709960 0.307226 0.713086 0.308008 0.721094 0.309180 0.739062 0.319726 0.749218 0.316406 0.749804 0.297852 0.752540 0.283984 0.755664 0.293750 0.756446 0.308008 0.756250 0.318164 0.755468 0.321874 0.758398 0.326758 0.762500 0.327930 0.761524 0.322852 0.754102 0.321094 0.756054 0.320312 0.753516 0.324804 0.750976 0.336132 0.756054 0.344922 0.761328 0.338282 0.759376 0.333790 0.751954 0.330860 0.741210 0.333398 0.727344 0.332032 0.733204 0.325782 0.742578 0.316210 0.743164 0.315234 0.735742 0.312304 0.724610 0.310938 0.720118 0.315820 0.713868 0.322852 0.713672 0.326954 0.716210 0.328710 0.714062 0.329688 0.711328 0.326758 0.705664
0 0.382884 0.005216 0.375738 0.009980 0.360970 0.015220 0.346918 0.016888 0.342392 0.020936 0.341440 0.025462 0.340010 0.031178 0.335962 0.029034 0.330960 0.025938 0.329530 0.027844 0.330722 0.032608 0.337628 0.039038 0.346204 0.047138 0.355492 0.042136 0.356922 0.039516 0.369784 0.034514 0.375976 0.029750 0.376214 0.027844 0.365020 0.031416 0.352396 0.037848 0.346442 0.032846 0.344536 0.030940 0.346680 0.024748 0.347632 0.023080 0.361924 0.020222 0.370022 0.017126 0.377644 0.012600 0.381932 0.010218
1 0.270222 0.029750 0.277844 0.044994 0.279512 0.047376 0.293802 0.049996 0.290706 0.039038 0.294756 0.031654 0.292374 0.031178 0.287372 0.034274 0.281894 0.030940
1 0.271652 0.094060 0.269984 0.097156 0.285942 0.113114 0.283084 0.121928 0.284752 0.132170 0.289754 0.114782 0.291896 0.110970 0.285942 0.107636 0.279034 0.099776
1 0.259960 0.735352 0.250196 0.740820 0.234376 0.744922 0.227344 0.746094 0.222656 0.745508 0.217774 0.753126 0.218554 0.757032 0.232812 0.760742 0.240626 0.762696 0.245118 0.768554 0.255860 0.802148 0.273828 0.834766 0.281054 0.846094 0.293554 0.854492 0.301562 0.841992 0.299804 0.833008 0.295704 0.814062 0.287500 0.787110 0.284376 0.782812 0.271094 0.784766 0.275782 0.775000 0.276368 0.764454 0.270508 0.746680 0.275586 0.726954 0.272460 0.728516
0 0.494726 0.748242 0.501562 0.755664 0.503320 0.761524 0.506054 0.769726 0.496094 0.774024 0.491602 0.776172 0.485156 0.777148 0.468946 0.762696 0.470508 0.771680 0.477540 0.780468 0.482226 0.783398 0.503320 0.781250 0.519726 0.777344 0.519336 0.774804 0.527540 0.780664 0.537500 0.768750 0.533984 0.765040 0.539844 0.756054 0.545118 0.742188 0.543750 0.737304 0.541016 0.750000 0.532032 0.761718 0.524024 0.769336 0.521290 0.770704 0.515040 0.759766 0.508398 0.750390 0.509960 0.738476 0.506836 0.743164 0.505274 0.749024 0.495118 0.744336 0.492968 0.746484
1 0.516406 0.781054 0.497460 0.791992 0.485546 0.788672 0.485352 0.792188 0.496484 0.797460 0.496484 0.807812 0.499414 0.806250 0.500390 0.794140 0.510742 0.788672
1 0.446814 0.074870 0.444562 0.084636 0.438802 0.091898 0.438802 0.096906 0.446814 0.110678 0.457332 0.123448 0.485878 0.118190 0.486628 0.116686 0.481870 0.104668 0.486628 0.092648 0.477114 0.103166 0.473358 0.097656 0.472856 0.087640 0.466346 0.080378 0.469100 0.080880 0.477614 0.085136 0.483874 0.085386 0.473858 0.077874 0.464844 0.077374 0.459836 0.078376 0.457082 0.072866 0.456330 0.071364 0.454326 0.064854 0.453074 0.070612 0.451322 0.074368
1 0.023834 0.687832 0.011918 0.692466 0.008606 0.692466 0.009270 0.675582 0.006620 0.667968 0.002980 0.669954 0.003310 0.684852 0.005296 0.700080 0.000662 0.706038 0.011918 0.706370 0.011918 0.715970 0.027808 0.708686 0.030456 0.706700 0.031448 0.697762 0.027808 0.688824
1 0.006954 0.407108 0.006954 0.414352 0.013040 0.420438 0.024052 0.429420 0.016518 0.419568 0.015648 0.416090 0.022602 0.411454 0.020284 0.410006 0.010142 0.415802 0.011592 0.406238 0.008694 0.404210
0 0.037290 0.578278 0.035648 0.597426 0.034280 0.603992 0.031272 0.599342 0.031272 0.608368 0.030178 0.619310 0.025528 0.629158 0.024434 0.623960 0.020878 0.624782 0.026896 0.635176 0.030452 0.646118 0.013764 0.648580 0.013492 0.644750 0.013764 0.638732 0.021698 0.635724 0.017048 0.631894 0.011850 0.635176 0.006926 0.628064 0.003918 0.617942 0.007746 0.632166 0.009388 0.652956 0.023612 0.652136 0.034554 0.653778 0.038384 0.652682 0.045496 0.645024 0.052334 0.635724 0.057258 0.639006 0.055892 0.645024 0.066560 0.651042 0.066560 0.648032 0.061636 0.639280 0.059174 0.632166 0.050694 0.629158 0.041940 0.645024 0.034554 0.644750 0.035376 0.632166 0.038384 0.617396 0.036470 0.609188 0.038384 0.601530 0.038110 0.594964 0.037290 0.587032 0.038384 0.581560
1 0.052062 0.518372 0.044128 0.518644 0.044950 0.522474 0.026896 0.526304 0.030178 0.528492 0.050968 0.532870 0.050694 0.542444 0.046044 0.543538 0.041120 0.552838 0.041394 0.555026 0.032092 0.563780 0.029904 0.570892 0.027990 0.576910 0.023612 0.589220 0.041940 0.587032 0.041666 0.579372 0.044676 0.571986 0.048506 0.561044 0.058080 0.558036 0.070390 0.567336 0.071484 0.562960 0.066832 0.555026 0.075040 0.551470 0.077228 0.549556 0.077774 0.542170 0.076954 0.527946 0.072852 0.528492 0.066012 0.528766 0.066560 0.517550 0.064918 0.511532 0.059174 0.512900
1 0.120584 0.332412 0.124260 0.339550 0.125126 0.341280 0.110850 0.348202 0.108254 0.352310 0.097440 0.351878 0.101982 0.356854 0.114094 0.360962 0.111498 0.366370 0.116258 0.368966 0.116042 0.355772 0.123612 0.361396 0.120150 0.366802 0.120584 0.372426 0.116258 0.374806 0.121232 0.381294 0.120368 0.398164 0.124044 0.386052 0.126206 0.369614 0.126206 0.365072 0.123828 0.360962 0.120150 0.353608 0.127720 0.343660 0.130966 0.348634 0.132912 0.350796 0.135508 0.342578 0.132696 0.343442 0.133994 0.340632 0.136372 0.336954 0.133128 0.337602 0.128802 0.338684 0.126424 0.338252 0.124044 0.333710
1 0.086192 0.354042 0.082948 0.367018 0.080352 0.359882 0.076892 0.355556 0.070188 0.360962 0.075594 0.378482 0.076676 0.382808 0.081866 0.381726 0.085328 0.371128 0.089004 0.364424
1 0.116906 0.417632 0.112148 0.423904 0.101550 0.415900 0.101550 0.418712 0.113878 0.431258 0.119502 0.433204 0.128154 0.436016 0.125774 0.438612 0.120368 0.466730 0.123612 0.474516 0.124260 0.462404 0.126856 0.445750 0.127720 0.439476 0.127504 0.429744 0.124260 0.430392 0.113014 0.427798 0.113014 0.423472
1 0.072266 0.043554 0.067774 0.048828 0.060742 0.053320 0.061328 0.056446 0.063476 0.061718 0.072852 0.071484 0.076758 0.069922 0.075976 0.060546 0.077734 0.054882 0.071290 0.063476 0.069726 0.063086 0.067188 0.055274 0.070898 0.051954 0.074804 0.050586 0.085938 0.050196 0.083790 0.047852 0.079102 0.047460 0.075000 0.045508
1 0.058008 0.068946 0.051172 0.073632 0.052540 0.081250 0.056640 0.085546 0.057618 0.076562 0.060352 0.074024 0.063282 0.072656 0.061132 0.069336
1 0.091796 0.084570 0.088868 0.086524 0.073828 0.093554 0.066796 0.097852 0.065626 0.104102 0.067188 0.108790 0.075196 0.111132 0.088282 0.107812 0.095508 0.101172 0.099024 0.106250 0.104882 0.110546 0.122460 0.112110 0.111524 0.107032 0.104102 0.104296 0.105274 0.097656 0.112304 0.092578 0.111524 0.086914 0.103124 0.092774 0.101954 0.093946 0.107422 0.085546 0.099218 0.089258 0.095312 0.096290 0.093946 0.090430 0.094726 0.084960
1 0.127930 0.142774 0.124414 0.148828 0.102148 0.164454 0.102344 0.167188 0.104102 0.172852 0.087110 0.175782 0.081836 0.167578 0.084376 0.156446 0.085546 0.145898 0.083984 0.149414 0.080468 0.158984 0.084180 0.169140 0.089062 0.177540 0.108204 0.178906 0.110546 0.177148 0.115430 0.173046 0.113086 0.169726 0.109960 0.167188 0.116602 0.160938 0.121290 0.155860 0.124414 0.151562 0.128710 0.144726
1 0.096876 0.712890 0.097656 0.719140 0.101954 0.729492 0.101562 0.732618 0.098242 0.737110 0.097460 0.741210 0.094922 0.743750 0.097460 0.744532 0.104296 0.745704 0.104296 0.748632 0.104296 0.755274 0.105664 0.755468 0.109180 0.746290 0.108008 0.739844 0.099804 0.740820 0.103710 0.736718 0.105664 0.726758 0.104492 0.723242 0.101562 0.716992 0.101172 0.714062
1 0.078124 0.989844 0.081054 0.999414 0.092578 0.998242 0.089258 0.996094 0.078124 0.997852
1 0.108008 0.519140 0.099610 0.527344 0.088476 0.543554 0.085352 0.558398 0.086132 0.564258 0.092188 0.575976 0.100586 0.590430 0.098438 0.583790 0.091796 0.569140 0.088476 0.555468 0.090624 0.547656 0.094140 0.540040 0.105664 0.524804
1 0.081640 0.585156 0.081250 0.595508 0.075000 0.598438 0.085938 0.600000 0.084376 0.598046 0.083204 0.594922
1 0.325586 0.031836 0.323242 0.038868 0.326758 0.045898 0.326172 0.053710 0.332618 0.047852 0.331640 0.045118 0.328516 0.041406 0.327540 0.037890
1 0.392774 0.007032 0.403906 0.002344 0.416406 0.001758 0.423438 0.001758 0.425390 0.003320 0.406054 0.008594 0.404688 0.010352 0.411132 0.012304 0.408008 0.015040 0.403906 0.010742 0.399610 0.009960 0.392968 0.012110
1 0.389258 0.044336 0.392774 0.039062 0.395704 0.040820 0.415430 0.044532 0.412500 0.050196 0.406836 0.059766 0.408984 0.052930 0.410742 0.047266 0.402540 0.047070 0.394336 0.044532 0.387500 0.047070 0.387110 0.044922
1 0.425782 0.064454 0.425196 0.072070 0.426758 0.077930 0.427734 0.091406 0.429882 0.090234 0.432422 0.088476 0.431250 0.082032 0.430860 0.074218 0.430468 0.069336
1 0.500976 0.057812 0.489454 0.079492 0.495898 0.076368 0.495704 0.082812 0.497852 0.088282 0.489648 0.088282 0.488086 0.089454 0.490626 0.091992 0.503906 0.093164 0.514454 0.094532 0.513086 0.090430 0.503126 0.088282 0.502344 0.082032 0.499610 0.075976 0.498242 0.073046 0.502930 0.065430
1 0.413282 0.132032 0.414258 0.137696 0.411524 0.145508 0.415234 0.144726 0.420312 0.136914 0.421680 0.133204 0.417774 0.135352
1 0.270704 0.142382 0.263672 0.144140 0.255860 0.149414 0.266210 0.148632 0.279882 0.148632 0.282812 0.145898 0.279102 0.145312 0.272460 0.144140
1 0.304882 0.146094 0.300196 0.150000 0.298242 0.157032 0.298242 0.160352 0.293360 0.161524 0.284376 0.163672 0.301368 0.163086 0.303126 0.157812 0.304102 0.151172
1 0.365626 0.168554 0.363086 0.171290 0.359960 0.185546 0.349024 0.186132 0.349804 0.188672 0.363672 0.188282 0.364648 0.179492
1 0.389062 0.163476 0.387696 0.175000 0.387696 0.180860 0.398046 0.186718 0.397460 0.181640 0.389844 0.177734 0.392382 0.173828
1 0.450782 0.160938 0.452930 0.166602 0.457422 0.168946 0.449804 0.172656 0.450586 0.175196 0.459570 0.170508 0.460546 0.170508 0.464844 0.173828 0.462304 0.183008 0.460938 0.186132 0.466796 0.180860 0.470508 0.172266 0.460546 0.167578 0.460156 0.163476 0.460742 0.161524
1 0.223046 0.202930 0.227734 0.210156 0.221094 0.224218 0.228906 0.213086 0.241602 0.211914 0.241992 0.205078 0.233594 0.206836 0.230664 0.210546 0.228124 0.207618 0.227148 0.203516
1 0.281250 0.199024 0.277344 0.208594 0.272460 0.214844 0.268750 0.221680 0.267188 0.228516 0.270312 0.228906 0.281640 0.212110 0.284180 0.209960
1 0.235352 0.244922 0.232422 0.248828 0.238868 0.256446 0.247656 0.263086 0.241602 0.265430 0.246094 0.268946 0.250000 0.266016 0.250196 0.260546 0.253126 0.258008 0.259766 0.254688 0.260546 0.251368 0.255860 0.252344 0.250000 0.258008 0.247656 0.259570 0.242188 0.252344 0.237890 0.249414
1 0.247656 0.274804 0.240820 0.281446 0.236132 0.285938 0.230860 0.281836 0.222070 0.281446 0.216992 0.281054 0.222266 0.286524 0.242578 0.290430 0.243360 0.287110 0.246290 0.281054
1 0.264062 0.290040 0.264258 0.301758 0.244532 0.303320 0.246484 0.303906 0.269726 0.305664 0.266796 0.300586 0.267578 0.291406
1 0.375196 0.243750 0.369532 0.259766 0.373828 0.265430 0.383790 0.265234 0.384960 0.259960 0.375000 0.258398 0.374024 0.256446 0.375586 0.251562 0.376954 0.248046
1 0.398242 0.230860 0.401172 0.241016 0.396484 0.245704 0.390820 0.251954 0.388868 0.253124 0.386524 0.253710 0.391602 0.261524 0.397460 0.268946 0.399414 0.264062 0.402344 0.253710 0.411914 0.249218 0.432618 0.249610 0.434180 0.251172 0.429102 0.263282 0.435352 0.256836 0.437890 0.250390 0.439454 0.250782 0.450782 0.258594 0.446680 0.249804 0.445704 0.241406 0.446484 0.236914 0.441992 0.243750 0.431836 0.244922 0.425782 0.237304 0.420898 0.235546 0.413086 0.235546 0.409376 0.239844 0.406836 0.245118 0.403710 0.236132
1 0.285938 0.297656 0.293360 0.308984 0.291210 0.317774 0.287696 0.322852 0.295118 0.319726 0.296876 0.310742 0.292968 0.297852 0.287696 0.296484
1 0.320312 0.304296 0.316796 0.307422 0.324610 0.314844 0.327930 0.322266 0.326562 0.330078 0.325196 0.331054 0.321874 0.330078 0.311328 0.331640 0.315234 0.339648 0.316602 0.342968 0.329102 0.348046 0.318946 0.339844 0.316210 0.334960 0.318750 0.332618 0.323828 0.333398 0.327930 0.338476 0.348046 0.359960 0.349414 0.358790 0.336328 0.347656 0.335156 0.337890 0.336718 0.335742 0.351562 0.336132 0.349804 0.330860 0.345704 0.330078 0.335352 0.333790 0.332618 0.330078 0.333008 0.320704 0.335156 0.316210 0.338086 0.313282 0.338476 0.311328 0.331250 0.315430 0.326562 0.317188 0.325000 0.312890
1 0.564274 0.099654 0.564274 0.111328 0.564722 0.117390 0.564722 0.119410 0.575274 0.121206 0.584702 0.124124 0.580886 0.119860 0.580438 0.114022 0.578192 0.100776 0.576846 0.105716 0.576846 0.114920 0.572356 0.116940 0.569436 0.116492 0.568764 0.111778 0.568090 0.098980
1 0.536328 0.124804 0.535938 0.135546 0.526172 0.137890 0.526562 0.140430 0.541210 0.141210 0.560546 0.139648 0.543750 0.136718 0.541992 0.133008 0.540820 0.123438 0.538476 0.124218
1 0.496094 0.162500 0.496680 0.170704 0.499610 0.168360 0.502344 0.166406 0.510546 0.165430 0.513086 0.162110 0.512696 0.158398 0.506446 0.159766 0.502930 0.163476
1 0.558008 0.048438 0.548438 0.058984 0.535938 0.055078 0.528906 0.057032 0.546876 0.060938 0.546094 0.064844 0.549218 0.065626 0.551954 0.063672 0.558594 0.070508 0.561718 0.070898 0.556836 0.062110 0.557032 0.057812
1 0.511914 0.242382 0.506836 0.250976 0.502344 0.256250 0.491796 0.252734 0.493750 0.255274 0.508984 0.263476 0.516992 0.270508 0.520704 0.266602 0.527344 0.259960 0.524610 0.254296 0.521290 0.265040 0.516016 0.266602 0.510156 0.259376 0.508984 0.257032 0.508204 0.253906 0.511718 0.244336
1 0.408984 0.341992 0.410156 0.348242 0.413672 0.356250 0.419922 0.356836 0.428516 0.359180 0.434180 0.355664 0.431836 0.355468 0.424610 0.355468 0.416796 0.353710 0.414062 0.350390
1 0.308984 0.350196 0.293554 0.365040 0.275976 0.375000 0.266992 0.379102 0.256446 0.375196 0.260546 0.379296 0.261718 0.385742 0.260156 0.393360 0.267188 0.388086 0.268554 0.382812 0.271290 0.381446 0.278124 0.380860 0.295508 0.366796 0.306836 0.359180
1 0.302930 0.398632 0.308594 0.395704 0.317774 0.394532 0.337500 0.398438 0.340624 0.401954 0.342968 0.399218 0.345312 0.395312 0.344726 0.400782 0.343946 0.404882 0.359960 0.403516 0.359766 0.404688 0.352540 0.406446 0.341796 0.408398 0.339258 0.411914 0.322656 0.417774 0.316210 0.417578 0.305468 0.408984 0.302148 0.406054 0.296680 0.392578 0.297266 0.391406 0.300976 0.395898 0.306250 0.403516 0.312304 0.408398 0.320312 0.410546 0.331836 0.407812 0.334960 0.405468 0.326954 0.399610 0.312500 0.398242 0.306640 0.400586
1 0.397266 0.519140 0.392188 0.523632 0.384570 0.517774 0.382618 0.521484 0.394922 0.537304 0.400390 0.541796 0.406250 0.558398 0.402930 0.551368 0.400000 0.536328 0.406250 0.529492 0.410742 0.522460 0.419140 0.516016 0.411718 0.519336 0.401758 0.525000 0.399610 0.524024 0.398828 0.520704 0.400000 0.522070
1 0.376368 0.549024 0.375000 0.557812 0.375390 0.566406 0.378516 0.569726 0.388476 0.572656 0.399804 0.581054 0.403906 0.580078 0.407226 0.575000 0.409960 0.573046 0.418946 0.575000 0.425000 0.575782 0.429102 0.572460 0.431250 0.573438 0.432226 0.578516 0.433204 0.572266 0.433594 0.567188 0.436718 0.566406 0.435938 0.564258 0.433984 0.562110 0.434960 0.556446 0.435156 0.544336 0.429882 0.535352 0.429296 0.536914 0.430860 0.549610 0.429882 0.560742 0.429882 0.567382 0.406446 0.570704 0.402734 0.569726 0.397656 0.569140 0.397656 0.565430 0.398828 0.556250 0.393750 0.552344 0.387500 0.552344 0.382812 0.549610 0.380274 0.547266
1 0.406640 0.656640 0.406054 0.664258 0.416992 0.675000 0.417188 0.682618 0.421094 0.673632 0.422266 0.672656 0.425976 0.673632 0.426758 0.675196 0.426368 0.712304 0.428516 0.710938 0.429296 0.700976 0.432226 0.687890 0.436718 0.685546 0.433398 0.682032 0.431836 0.674414 0.430274 0.663086 0.434180 0.644336 0.434180 0.630664 0.432032 0.624024 0.432226 0.607422 0.428126 0.609570 0.428320 0.614648 0.429492 0.622656 0.430664 0.634180 0.431054 0.640040 0.428710 0.656640 0.427734 0.671094 0.424414 0.668946 0.418750 0.667968 0.415040 0.666210 0.412304 0.661328
1 0.482422 0.704296 0.488086 0.712110 0.482812 0.718554 0.488672 0.718750 0.503906 0.713476 0.508984 0.708984 0.507032 0.707422 0.498632 0.710546 0.490430 0.711328 0.488672 0.705274 0.486132 0.701368 0.483204 0.702344
1 0.380274 0.733984 0.383398 0.740040 0.376758 0.749218 0.388086 0.741210 0.391406 0.741016 0.393946 0.732032 0.391016 0.733204 0.387110 0.738868 0.384180 0.735352
1 0.455468 0.866796 0.465820 0.879492 0.467188 0.881836 0.465234 0.885156 0.475196 0.889648 0.473242 0.883790 0.468164 0.880664 0.470118 0.876758 0.468164 0.873438 0.462696 0.868360 0.457032 0.862500
1 0.506250 0.886132 0.498632 0.896290 0.482032 0.896680 0.486328 0.900782 0.487500 0.901172 0.498632 0.900390 0.504296 0.899414 0.506836 0.891602 0.507422 0.888672
1 0.735602 0.980436 0.709516 0.967720 0.701038 0.962502 0.697778 0.963480 0.708212 0.972936 0.693538 0.974566 0.679518 0.976524 0.669084 0.980762 0.659954 0.982392 0.661584 0.984348 0.699408 0.991848 0.711146 0.995762 0.732340 0.994130 0.736906 0.990544 0.738862 0.985980
1 0.816064 0.939604 0.817620 0.947612 0.808278 0.974752 0.820736 0.951616 0.836306 0.950060 0.832302 0.948280 0.818956 0.948724 0.818510 0.940272
1 0.671124 0.031706 0.664036 0.034332 0.670600 0.039582 0.676112 0.042732 0.672436 0.045358 0.680312 0.046932 0.683726 0.049296 0.702626 0.068196 0.701576 0.066622 0.690812 0.055070 0.679262 0.040894
1 0.568742 0.002042 0.567168 0.003880 0.576618 0.005718 0.581080 0.008342 0.589482 0.013856 0.587118 0.008342 0.580556 0.004668 0.578980 0.001780 0.577406 0.000992 0.573730 0.002568
1 0.968286 0.132112 0.971042 0.145106 0.975176 0.155934 0.976160 0.159872 0.966710 0.164598 0.966908 0.169718 0.973404 0.165386 0.983840 0.157904 0.992896 0.152588 0.990928 0.152982 0.977342 0.154754 0.976160 0.150226 0.973404 0.143532 0.972616 0.138608
1 0.922608 0.269932 0.918866 0.282534 0.911384 0.285880 0.910794 0.288440 0.917488 0.286668 0.926546 0.289228 0.936192 0.296316 0.932648 0.291590 0.923592 0.283716 0.922214 0.278792 0.922804 0.274462
1 0.384374 0.441016 0.374024 0.452148 0.379102 0.455468 0.380468 0.460938 0.380860 0.463868 0.389062 0.460938 0.388672 0.459180 0.384960 0.454296 0.385742 0.448046
1 0.805448 0.843206 0.818534 0.849874 0.821992 0.856046 0.821498 0.846910 0.817054 0.846910 0.811620 0.844442
1 0.838288 0.848638 0.832362 0.852836 0.828658 0.853330 0.831622 0.857528 0.832362 0.858516 0.834584 0.853330 0.837548 0.852096
1 0.965010 0.781250 0.965682 0.787304 0.971512 0.795826 0.972634 0.803002 0.973756 0.791566 0.972410 0.790220 0.968150 0.787080 0.966580 0.783940
1 0.678402 0.664422 0.666290 0.667666 0.658936 0.672640 0.648986 0.683888 0.647256 0.691242 0.645310 0.700110 0.645958 0.699028 0.651582 0.684536 0.662614 0.673074 0.664128 0.673722 0.659152 0.686050 0.651150 0.693404 0.648122 0.699028 0.657206 0.700758 0.658720 0.697082 0.661316 0.686916 0.664128 0.682158 0.665642 0.673506 0.668886 0.671342 0.677104 0.667882