0 0.067058 0.000000 0.053386 0.018230 0.065756 0.016276 0.075520 0.011718 0.106120 0.032552 0.095052 0.055990 0.116536 0.043620 0.121744 0.058594 0.121744 0.035808 0.130208 0.017578 0.132812 0.001954
0 0.074870 0.078124 0.083334 0.097006 0.074870 0.101562 0.057292 0.104818 0.061848 0.112630 0.078776 0.112630 0.083984 0.102864 0.095052 0.123698 0.111980 0.138020 0.131510 0.151692 0.149740 0.149740 0.147786 0.143880 0.132162 0.142578 0.145182 0.133464 0.125000 0.137370 0.102214 0.123046 0.097006 0.104818 0.111328 0.100260 0.134766 0.102214 0.130208 0.093750 0.123046 0.084636 0.110026 0.087890 0.085286 0.072266 0.093750 0.089192
0 0.024740 0.182292 0.052084 0.190756 0.055990 0.212890 0.067708 0.202474 0.074218 0.190104 0.092448 0.191406 0.098308 0.206380 0.106770 0.211588 0.097006 0.238282 0.113932 0.219402 0.136718 0.235678 0.131510 0.219402 0.110678 0.203776 0.106770 0.192058 0.125000 0.179688 0.117188 0.174480 0.099610 0.182942 0.085286 0.177734 0.105468 0.164714 0.081380 0.168620 0.078124 0.173828 0.047526 0.169270 0.059244 0.179688 0.058594 0.187500 0.041666 0.181640
0 0.029296 0.292318 0.050130 0.307292 0.059896 0.306640 0.079428 0.323568 0.084636 0.316406 0.124348 0.338542 0.109376 0.315104 0.080730 0.302734 0.082032 0.296876 0.108724 0.277344 0.145182 0.285808 0.127604 0.264974 0.108072 0.259766 0.091796 0.252604 0.104818 0.269532 0.078124 0.291016 0.065756 0.290364 0.050782 0.277344 0.039062 0.285156 0.046224 0.293620
0 0.054036 0.351562 0.049480 0.360678 0.062500 0.379558 0.061848 0.386718 0.080730 0.400390 0.096354 0.406902 0.117188 0.423178 0.099610 0.422526 0.063802 0.404296 0.048828 0.387370 0.040364 0.376954 0.026692 0.366536 0.029296 0.356770
0 0.003256 0.428386 0.018880 0.435546 0.052084 0.435546 0.089192 0.458334 0.091796 0.468750 0.075520 0.457682 0.064454 0.460286 0.044922 0.449218 0.036458 0.451172 0.030598 0.464844 0.003256 0.481120 0.002604 0.475912 0.022786 0.460938 0.027994 0.451822 0.015624 0.445964 0.013020 0.453776 0.000652 0.447916
0 0.022786 0.554688 0.022136 0.583984 0.059244 0.593750 0.049480 0.596354 0.016276 0.595704 0.012370 0.591146 0.001302 0.595052 0.001954 0.580730 0.007162 0.579428 0.005208 0.569662 0.017578 0.572916
0 0.003906 0.686848 0.027994 0.727214 0.016928 0.722006 0.001954 0.725260
0 0.003906 0.755208 0.033204 0.757162 0.058594 0.775390 0.054688 0.777994 0.032552 0.766276 0.014322 0.766276 0.001954 0.772136
0 0.307942 0.046224 0.330078 0.056640 0.345052 0.076822 0.341146 0.088542 0.362630 0.115234 0.343750 0.105468 0.330730 0.085938 0.313152 0.093098 0.311198 0.088542 0.327474 0.080078 0.317708 0.078776 0.306640 0.081380 0.304036 0.089192 0.330078 0.124348 0.316406 0.118490 0.302734 0.100912 0.288412 0.110026 0.287760 0.098958 0.292968 0.091796 0.294270 0.077474 0.285156 0.072266 0.294922 0.060546 0.321614 0.063802
0 0.287760 0.133464 0.302734 0.143230 0.319010 0.139322 0.341146 0.158854 0.333984 0.163412 0.334636 0.179036 0.313152 0.175782 0.320312 0.183594 0.298178 0.170572 0.289714 0.164714 0.298178 0.152994
0 0.310546 0.250000 0.312500 0.259766 0.321614 0.258464 0.335286 0.256510 0.320312 0.272786 0.328124 0.286458 0.307292 0.279296 0.303386 0.298828 0.315104 0.322266 0.322266 0.339844 0.296876 0.317708 0.289062 0.283204 0.297526 0.279296 0.266928 0.268230 0.266928 0.263020 0.294922 0.266276 0.306640 0.272786 0.302084 0.249348
0 0.318360 0.407552 0.291666 0.419922 0.286458 0.430338 0.285808 0.442058 0.293620 0.453124 0.319662 0.468750 0.286458 0.458334 0.279296 0.463542 0.272136 0.441406 0.265624 0.438802 0.266276 0.431640 0.246094 0.430990 0.218098 0.436198 0.218750 0.426432 0.248698 0.418620 0.250652 0.406250 0.259766 0.421224 0.280598 0.419270 0.300130 0.407552
0 0.193360 0.654948 0.222656 0.649088 0.223958 0.658204 0.246094 0.645834 0.253906 0.636068 0.278646 0.641276 0.270834 0.632162 0.250652 0.628906 0.242188 0.621744 0.234376 0.621744 0.248046 0.613282 0.259766 0.604166 0.283854 0.603516 0.259114 0.598958 0.236980 0.610026 0.223958 0.616536 0.220704 0.624348 0.214192 0.628256 0.190756 0.625652 0.205078 0.633464 0.210938 0.635416 0.199218 0.643880
0 0.233724 0.701822 0.240886 0.726562 0.268880 0.742188 0.255860 0.742188 0.239584 0.736328 0.235026 0.738932 0.236980 0.761068 0.260416 0.763672 0.276692 0.773438 0.275390 0.794270 0.262370 0.782552 0.261068 0.774088 0.238932 0.768230 0.238932 0.780598 0.261068 0.791666 0.253256 0.798828 0.231770 0.788412 0.228516 0.797526 0.220704 0.778646 0.222656 0.758464 0.211588 0.746744 0.223308 0.746744 0.225260 0.736328 0.210938 0.740234 0.216146 0.724610 0.229818 0.728516 0.222006 0.709636 0.223958 0.703776
0 0.667968 0.076172 0.653646 0.076172 0.647786 0.083984 0.651692 0.090494 0.665364 0.093750 0.669922 0.111980 0.684244 0.128256 0.677734 0.143880 0.696614 0.180990 0.690104 0.179036 0.670572 0.146484 0.672526 0.133464 0.667968 0.122396 0.662760 0.147786 0.649740 0.179688 0.647136 0.156902 0.655598 0.147136 0.663412 0.121094 0.653646 0.126302 0.653646 0.114584 0.647786 0.106770 0.647136 0.101562 0.641276 0.092448 0.641276 0.078776 0.650390 0.072266
0 0.591146 0.279948 0.615234 0.294922 0.630208 0.292318 0.639974 0.299480 0.630208 0.300130 0.617838 0.306640 0.625000 0.320964 0.617838 0.326172 0.617838 0.335286 0.625000 0.342448 0.629558 0.375000 0.614584 0.392578 0.639974 0.408854 0.615234 0.408854 0.605468 0.426432 0.602214 0.401042 0.583334 0.407552 0.575520 0.397136 0.592448 0.394532 0.583334 0.382162 0.584636 0.368490 0.590494 0.372396 0.591146 0.385416 0.601562 0.387370 0.621744 0.367188 0.610678 0.349610 0.604166 0.315756 0.595052 0.315104 0.572916 0.290364 0.602214 0.306640
0 0.551432 0.455078 0.574870 0.466796 0.574870 0.483072 0.590494 0.505208 0.578124 0.544270 0.576172 0.531250 0.583334 0.507812 0.573568 0.516928 0.553386 0.546876 0.567058 0.505208 0.563152 0.489584 0.568360 0.472656
0 0.511068 0.636068 0.518880 0.641276 0.519532 0.651692 0.533854 0.670572 0.535156 0.653646 0.548828 0.646484 0.541666 0.669270 0.552734 0.666666 0.554036 0.684244 0.558594 0.697266 0.564454 0.707032 0.593750 0.711588 0.611328 0.699870 0.602214 0.717448 0.581380 0.721354 0.555990 0.712890 0.545572 0.690104 0.531250 0.684896 0.518880 0.673828 0.509114 0.649740
0 0.438802 0.912110 0.462890 0.921876 0.455078 0.911458 0.472656 0.908204 0.497396 0.907552 0.527344 0.891276 0.544922 0.889974 0.541016 0.884766 0.547526 0.876954 0.549480 0.865234 0.535808 0.875000 0.533204 0.882162 0.505860 0.878906 0.488932 0.874348 0.478516 0.880860 0.466146 0.903646 0.457682 0.889974 0.451172 0.895182 0.457032 0.903646 0.440756 0.904296
0 0.495442 0.992838 0.513672 0.990234 0.515624 0.977214 0.527994 0.975912 0.546876 0.983072 0.557292 0.982422 0.542968 0.970704 0.518230 0.970052 0.519532 0.951172 0.508464 0.957682 0.492188 0.952474 0.498046 0.964844 0.495442 0.977214 0.473308 0.972006 0.479818 0.986980
0 0.799480 0.530598 0.804036 0.561848 0.788412 0.576172 0.805338 0.598308 0.783854 0.591146 0.766928 0.608072 0.777994 0.581380 0.757162 0.588542 0.775390 0.573568 0.755860 0.568360 0.740886 0.546224 0.763020 0.562500 0.776042 0.565756 0.781250 0.559896 0.766928 0.548178 0.771484 0.546224 0.787760 0.550782 0.789062 0.535808 0.794922 0.551432
0 0.725260 0.864584 0.735026 0.878906 0.755860 0.909506 0.755208 0.883464 0.766928 0.863282 0.757812 0.858072 0.760416 0.850912 0.787110 0.844402 0.787760 0.835286 0.770834 0.837240 0.757812 0.841796 0.746094 0.841796 0.736328 0.809896 0.732422 0.839192 0.740886 0.846354 0.723958 0.854166
1 0.200520 0.106770 0.212240 0.123046 0.228516 0.124348 0.227214 0.129558 0.219402 0.129558 0.222656 0.136068 0.244140 0.141276 0.260416 0.140624 0.270834 0.128906 0.261718 0.125652 0.258464 0.118490 0.263672 0.112630 0.258464 0.089192 0.253906 0.098958 0.238932 0.085938 0.242838 0.106120 0.224610 0.091796 0.218098 0.096354 0.223958 0.107422
1 0.253906 0.181640 0.270182 0.194662 0.282552 0.201822 0.261718 0.203124 0.264974 0.208334 0.295572 0.210286 0.304036 0.203776 0.315756 0.203776 0.313152 0.199218 0.305990 0.194010 0.302734 0.185546 0.294270 0.182942 0.283204 0.186198
1 0.189454 0.241536 0.205078 0.234376 0.207032 0.253256 0.212240 0.253906 0.214844 0.232422 0.204428 0.226562
1 0.016276 0.521484 0.035156 0.520834 0.039062 0.528646 0.047526 0.535808 0.048178 0.524740 0.042968 0.518880 0.042968 0.497396 0.034506 0.510416 0.020834 0.511068
1 0.104818 0.690756 0.143880 0.703124 0.151692 0.685546 0.158854 0.658854 0.142578 0.640624 0.132812 0.650390 0.123046 0.647786 0.128256 0.659506 0.117188 0.656902 0.112630 0.669270 0.106770 0.677734
1 0.093098 0.824870 0.115234 0.837240 0.130208 0.837890 0.130860 0.843098 0.117838 0.850912 0.112630 0.862630 0.108072 0.852864 0.105468 0.843098
1 0.003256 0.785156 0.007812 0.787760 0.009766 0.795572 0.015624 0.792968 0.018880 0.769532 0.013672 0.770834 0.011068 0.776042 0.002604 0.777344
1 0.068360 0.948568 0.094402 0.951172 0.103516 0.958984 0.102864 0.944662 0.114584 0.938152 0.110678 0.926432 0.099610 0.937500 0.091796 0.923828 0.089192 0.930990 0.093098 0.944010 0.074870 0.945312
1 0.149088 0.736980 0.169922 0.734376 0.175782 0.728516 0.186198 0.738282 0.191406 0.730468 0.182292 0.708334 0.179688 0.720052 0.169922 0.718750 0.169922 0.725260
1 0.151042 0.917318 0.173828 0.916016 0.186198 0.909506 0.191406 0.919270 0.199218 0.921224 0.213542 0.936198 0.211588 0.948568 0.207032 0.948568 0.209636 0.962240 0.202474 0.960286 0.197266 0.952474 0.180990 0.948568 0.194010 0.945964 0.194010 0.937500 0.180990 0.942058 0.190104 0.929688 0.178386 0.927734 0.162110 0.932292 0.164062 0.925130 0.167968 0.924480
1 0.229166 0.840494 0.244140 0.845052 0.251954 0.850912 0.270834 0.856770 0.259114 0.858724 0.251954 0.875000 0.248698 0.869140 0.238932 0.873698 0.223958 0.868490 0.226562 0.852864 0.236328 0.850260
1 0.257812 0.902344 0.261068 0.891928 0.272786 0.891276 0.275390 0.884114 0.251302 0.885416
1 0.356770 0.150390 0.375652 0.150390 0.375000 0.158204 0.384766 0.157552 0.402994 0.159506 0.397786 0.149088 0.382162 0.141928 0.375000 0.137370 0.361980 0.138672
1 0.372396 0.169270 0.382812 0.170572 0.400390 0.179036 0.402344 0.174480 0.386068 0.159506
1 0.267578 0.386068 0.277344 0.368490 0.279296 0.356120 0.286458 0.349610 0.295572 0.361980 0.302084 0.364584 0.298828 0.353516 0.298178 0.346354 0.304688 0.341796 0.307292 0.371744 0.300782 0.384114 0.288412 0.393880 0.309896 0.394532 0.322266 0.400390 0.329428 0.397136 0.320312 0.391928 0.322916 0.369792 0.315104 0.373046 0.313152 0.367188 0.334636 0.367188 0.344402 0.360026 0.343098 0.339192 0.333334 0.350912 0.332682 0.360678 0.317058 0.360678 0.307292 0.331380 0.295572 0.317058 0.294270 0.339192 0.273438 0.351562 0.262370 0.360678 0.264974 0.376954
1 0.222006 0.520182 0.226562 0.532552 0.234376 0.531250 0.224610 0.546876 0.220704 0.561198 0.219402 0.549480 0.218098 0.535156
1 0.159506 0.522136 0.174480 0.532552 0.185546 0.534506 0.188152 0.544922 0.196614 0.546876 0.197266 0.537760 0.189454 0.522136
1 0.178386 0.582682 0.194010 0.567058 0.186198 0.548828 0.174480 0.550782 0.182942 0.565104
1 0.163412 0.630860 0.177084 0.625652 0.185546 0.622396 0.191406 0.629558 0.191406 0.615234 0.184896 0.611980 0.182942 0.595052 0.177734 0.597006 0.176432 0.615886
1 0.497396 0.141928 0.504558 0.162110 0.522786 0.166666 0.529948 0.160156 0.531250 0.147136 0.522786 0.136718 0.515624 0.138672
1 0.485026 0.173828 0.488932 0.203124 0.497396 0.223308 0.519532 0.213542 0.520834 0.193360 0.515624 0.184244
1 0.440104 0.293620 0.444662 0.314454 0.453124 0.338542 0.481120 0.348958 0.500652 0.344402 0.506510 0.316406 0.503906 0.289714 0.489584 0.284506 0.462890 0.281250
1 0.508464 0.322266 0.518230 0.337890 0.517578 0.347656 0.561198 0.346354 0.568360 0.334636 0.561198 0.326172 0.533854 0.324870
1 0.561848 0.378256 0.555990 0.384766 0.561198 0.399740 0.544270 0.386068 0.544270 0.372396
1 0.500000 0.537760 0.518880 0.536458 0.526692 0.541666 0.541666 0.542318 0.533204 0.530598 0.527344 0.516276 0.520182 0.514322 0.517578 0.527344
1 0.436198 0.591796 0.441406 0.611980 0.463542 0.624348 0.484376 0.620442 0.491536 0.604818 0.498046 0.595052 0.526042 0.595052 0.496744 0.577474 0.477214 0.572916 0.453776 0.574218 0.445312 0.583334
1 0.496744 0.548828 0.514322 0.579428 0.532552 0.593750 0.560546 0.595052 0.587240 0.576822 0.563802 0.572266 0.532552 0.567058 0.522786 0.557292
1 0.557292 0.595704 0.559244 0.600260 0.565104 0.619792 0.568360 0.641276 0.584636 0.649088 0.579428 0.652994 0.561848 0.651042 0.556640 0.636718 0.545572 0.631510 0.554036 0.626302 0.549480 0.615234 0.554036 0.610678 0.549480 0.597006
1 0.576822 0.587240 0.580078 0.602214 0.573568 0.615886 0.586588 0.620442 0.586588 0.624348 0.575520 0.626302 0.567058 0.613282 0.569010 0.605468
1 0.479166 0.749348 0.496744 0.767578 0.497396 0.774740 0.505860 0.774740 0.508464 0.789714 0.502604 0.796876 0.496744 0.787760 0.475260 0.779296 0.475260 0.769532 0.484376 0.769532 0.477214 0.756510
1 0.622396 0.835286 0.643880 0.843750 0.647136 0.835938 0.641276 0.819010 0.639322 0.828776
1 0.419270 0.946614 0.431640 0.968098 0.466796 0.978516 0.468750 0.970704 0.479166 0.962890 0.476562 0.953776 0.486980 0.938152 0.479166 0.932942 0.466146 0.940104 0.451172 0.936198 0.444010 0.944010 0.436198 0.947916
1 0.257162 0.916016 0.277344 0.932292 0.298828 0.941406 0.287110 0.942708 0.293620 0.947916 0.284506 0.968098 0.281902 0.958334 0.265624 0.953776 0.257162 0.966796 0.242838 0.953124 0.257162 0.950520 0.258464 0.934896 0.264322 0.934896 0.253906 0.929688
1 0.643230 0.257812 0.664062 0.269532 0.662760 0.277344 0.669922 0.277344 0.676432 0.260416 0.693360 0.266928 0.699870 0.253256 0.691406 0.253256 0.690104 0.257812 0.673178 0.251954 0.666666 0.264974
1 0.621094 0.435546 0.617838 0.457682 0.632162 0.473958 0.655598 0.478516 0.683594 0.470052 0.694662 0.447266 0.671224 0.427734 0.643880 0.430338
1 0.627604 0.195312 0.638672 0.184244 0.645182 0.194010 0.647136 0.212240 0.636718 0.222006 0.626954 0.219402 0.623046 0.212240 0.632162 0.202474 0.624348 0.201822
1 0.744140 0.141928 0.755208 0.164062 0.751302 0.175130 0.768230 0.178386 0.772786 0.156902 0.779296 0.144532 0.768230 0.145182
1 0.761068 0.204428 0.768230 0.219402 0.787760 0.229166 0.796224 0.236328 0.812500 0.227214 0.819662 0.210938 0.807292 0.194662 0.775390 0.195312
1 0.750652 0.662760 0.769532 0.652344 0.776042 0.651692 0.782552 0.663412 0.780598 0.684244 0.787110 0.667318 0.788412 0.645182 0.792968 0.619140 0.772786 0.616536 0.764974 0.613282 0.760416 0.621094 0.752604 0.626302 0.762370 0.645834 0.750652 0.652994
1 0.746094 0.700520 0.760416 0.686848 0.769532 0.683594 0.774740 0.671876 0.763020 0.674480 0.749348 0.663412 0.746744 0.671876 0.754558 0.677084 0.746744 0.692058
1 0.706380 0.705078 0.716796 0.724610 0.728516 0.736328 0.726562 0.742188 0.713542 0.735026 0.700520 0.740234 0.703776 0.728516 0.701822 0.716796
1 0.772136 0.697266 0.770834 0.705078 0.779296 0.710286 0.787760 0.725260 0.795572 0.722006 0.794270 0.705078 0.793620 0.684244 0.785156 0.685546 0.787760 0.700520
1 0.673828 0.828776 0.679036 0.846354 0.716796 0.863932 0.737630 0.844402 0.730468 0.830730 0.722006 0.813152 0.701822 0.811198 0.684896 0.815756 0.679688 0.823568
1 0.812500 0.870442 0.829428 0.856770 0.834636 0.858724 0.858724 0.845704 0.815756 0.837890 0.823568 0.847656
1 0.755208 0.994140 0.771484 0.989584 0.764322 0.980468 0.755208 0.979166 0.750000 0.972656 0.759766 0.957682 0.746094 0.961588 0.742838 0.976562 0.746094 0.986980
1 0.718750 0.967448 0.722656 0.953776 0.731770 0.972656 0.748698 0.940104 0.739584 0.932942 0.725260 0.935546 0.717448 0.947266
1 0.861328 0.049480 0.871094 0.068360 0.893230 0.085938 0.929036 0.076172 0.928386 0.061848 0.910808 0.046224 0.899088 0.037110 0.879558 0.040364
1 0.829428 0.053386 0.845052 0.078124 0.867188 0.068360 0.861980 0.063152 0.852214 0.062500
1 0.925130 0.173828 0.938802 0.199870 0.955078 0.221354 0.983724 0.220704 0.980468 0.197266 0.958334 0.177734 0.945964 0.169270
1 0.603516 0.061848 0.582032 0.093750 0.582032 0.079428 0.572916 0.066406 0.588542 0.069010 0.589192 0.063802
1 0.333334 0.010416 0.353516 0.005860 0.369140 0.012370 0.364584 0.000652 0.348308 0.001954
1 0.632162 0.005208 0.673828 0.009114 0.673178 0.001954