0 0.174408 0.015530 0.157684 0.023892 0.143946 0.031058 0.140960 0.035838 0.144544 0.038226 0.154698 0.028670 0.164254 0.026280 0.165448 0.032850 0.171422 0.034046 0.164850 0.046588 0.163656 0.053158 0.161864 0.059728 0.155892 0.069882 0.154698 0.077648 0.153502 0.091384 0.159476 0.088398 0.159476 0.075258 0.163656 0.069882 0.170226 0.059132 0.170824 0.055548 0.183964 0.040616 0.188742 0.031656 0.195910 0.027476 0.206064 0.023892 0.210244 0.020308 0.208452 0.013140 0.204870 0.005972 0.203674 0.000000 0.198896 0.001792 0.201882 0.011946 0.197702 0.011348 0.190534 0.000000 0.187548 0.001792 0.194716 0.016126 0.198298 0.017918 0.197702 0.025086 0.195312 0.023892 0.194118 0.018516 0.184562 0.016126 0.180978 0.006570 0.176796 0.001792 0.174408 0.001792 0.176200 0.008362
0 0.130806 0.337466 0.117666 0.337466 0.114678 0.332090 0.117666 0.327910 0.120054 0.326118 0.115276 0.319548 0.115276 0.313576 0.116470 0.307602 0.122444 0.307602 0.122444 0.309992 0.120054 0.313576 0.128416 0.323132 0.130806 0.321340 0.133792 0.318950 0.124832 0.299240 0.126624 0.298642 0.140960 0.321340 0.154100 0.326118 0.169630 0.333286 0.185158 0.345828 0.188742 0.331494 0.193520 0.330896 0.189936 0.345828 0.200090 0.355386 0.197104 0.357176 0.186354 0.350606 0.183366 0.352398 0.190534 0.365538 0.191132 0.372110 0.188146 0.372706 0.179186 0.352996 0.170226 0.343440 0.149322 0.337466 0.140960 0.338662
1 0.075856 0.460508 0.073466 0.437214 0.075856 0.436616 0.083620 0.449756 0.084814 0.461104 0.096760 0.471258 0.098552 0.474842 0.102136 0.479620 0.099150 0.481412 0.084218 0.474246 0.085412 0.468272 0.083022 0.465286 0.077648 0.473648 0.074064 0.477232
0 0.086606 0.446172 0.104526 0.439602 0.106316 0.446172 0.109900 0.446172 0.114082 0.440798 0.111692 0.437810 0.123638 0.433032 0.126624 0.433630 0.129014 0.440200 0.136182 0.443186 0.142752 0.439602 0.142752 0.434824 0.151710 0.430046 0.149322 0.423476 0.146932 0.414516 0.142154 0.412128 0.136778 0.415712 0.133792 0.416906 0.119458 0.419294 0.108706 0.402570 0.105720 0.405558 0.111692 0.420490 0.089592 0.430644 0.086010 0.439006
0 0.101538 0.591910 0.128416 0.563240 0.132000 0.565032 0.109304 0.596092 0.106316 0.600272 0.105122 0.605648 0.105720 0.611620 0.102136 0.614010 0.098552 0.609232 0.090788 0.608634 0.083620 0.608634 0.080036 0.600870 0.062118 0.611024 0.052562 0.618788 0.044200 0.622970 0.040018 0.617594 0.044796 0.615204 0.047782 0.610426 0.043602 0.611024 0.041810 0.605050 0.073466 0.597884 0.070480 0.573992 0.075258 0.572798 0.081230 0.586534 0.089592 0.585938
0 0.051964 0.738246 0.061520 0.727494 0.074064 0.720326 0.078842 0.718534 0.085412 0.726896 0.086606 0.737050 0.095566 0.747204 0.097954 0.752580 0.109304 0.765124 0.112888 0.760344 0.102734 0.750788 0.102136 0.747204 0.097954 0.742426 0.097954 0.734064 0.096760 0.728688 0.094968 0.722118 0.096760 0.714952 0.094372 0.714354 0.086606 0.715548 0.086010 0.710172 0.102136 0.694046 0.099150 0.692852 0.083022 0.697032 0.076452 0.694644 0.071078 0.686878 0.066896 0.688670 0.075258 0.703006 0.071078 0.703006 0.063910 0.697630 0.057936 0.700616 0.068090 0.710172 0.074660 0.714354 0.062716 0.719730 0.056742 0.726896
0 0.032850 0.816490 0.030462 0.824254 0.036434 0.825450 0.047782 0.821866 0.050770 0.819476 0.056144 0.820670 0.050172 0.815296 0.052562 0.812906 0.057936 0.812308 0.063312 0.815296 0.064506 0.808128 0.066896 0.805142 0.071674 0.800960 0.075258 0.787820 0.077648 0.783042 0.080036 0.791404 0.077050 0.808726 0.069882 0.820074 0.069882 0.824852 0.063910 0.835006 0.054354 0.840382 0.051964 0.848146 0.045394 0.857106 0.041810 0.857106 0.042408 0.848146 0.045992 0.843368 0.050172 0.838590 0.057340 0.832616 0.057340 0.828436 0.039420 0.831422 0.030462 0.833812 0.025086 0.831422 0.025086 0.822462 0.024488 0.815296
0 0.008960 0.962824 0.038226 0.939530 0.040616 0.936544 0.042408 0.945504 0.044796 0.946698 0.043602 0.992690 0.047186 0.992690 0.047782 0.947892 0.047186 0.941322 0.045992 0.931168 0.051366 0.934156 0.051366 0.929974 0.050172 0.922210 0.057936 0.931766 0.062118 0.937738 0.064506 0.932960 0.060326 0.916236 0.064506 0.915640 0.075856 0.911458 0.075258 0.902500 0.068090 0.900708 0.057340 0.907278 0.047186 0.910264 0.041810 0.908472 0.039420 0.913848 0.035838 0.918626 0.034046 0.929974 0.015530 0.947892 0.009556 0.953268
1 0.069286 0.993884 0.071674 0.986120 0.077648 0.984328 0.076452 0.975368 0.084218 0.974174 0.085412 0.978952 0.086010 0.971186 0.090190 0.974174 0.091982 0.984328 0.099150 0.986120 0.104526 0.975966 0.108108 0.977758 0.107512 0.984924 0.106914 0.996870
1 0.154698 0.582354 0.149322 0.576978 0.142752 0.576380 0.135584 0.573992 0.133792 0.567422 0.133194 0.559060 0.137974 0.557268 0.141556 0.559060 0.140362 0.551294 0.147530 0.550100 0.146932 0.530988 0.150516 0.531584 0.153502 0.542336 0.156488 0.538752 0.159476 0.539350 0.160072 0.542932 0.167240 0.533376 0.170226 0.533974 0.165448 0.544128 0.170226 0.545322 0.175004 0.537558 0.176796 0.532780 0.182770 0.535168 0.181574 0.542932 0.169630 0.556670 0.170824 0.566228 0.172616 0.574590 0.171422 0.586534 0.169630 0.594300 0.166046 0.588924 0.164850 0.582952 0.162462 0.582952 0.160670 0.581756
1 0.152408 0.617316 0.163934 0.630764 0.165856 0.625000 0.158172 0.612192 0.158172 0.599386 0.154970 0.597464 0.151128 0.610912 0.144082 0.614114 0.144082 0.621158
0 0.415910 0.171506 0.420660 0.172034 0.426468 0.162532 0.430162 0.154086 0.433330 0.146696 0.440192 0.147224 0.446526 0.144056 0.452862 0.138250 0.454972 0.134026 0.459724 0.136138 0.463418 0.138778 0.465530 0.136138 0.462890 0.130860 0.470280 0.131388 0.482422 0.130332 0.485062 0.134554 0.487700 0.140888 0.492980 0.140362 0.491396 0.131916 0.484534 0.121358 0.468698 0.115552 0.451278 0.119246 0.440192 0.128748 0.430690 0.140362 0.426468 0.150918 0.420134 0.163060
1 0.565826 0.077544 0.556852 0.067514 0.553684 0.068570 0.562130 0.081768 0.560546 0.091270 0.559492 0.098660 0.565826 0.093908 0.568992 0.085462 0.574272 0.089158 0.576384 0.085990 0.573744 0.079656 0.584828 0.068042 0.585356 0.062236 0.582718 0.061708
1 0.413410 0.280376 0.417650 0.271898 0.422214 0.271898 0.422866 0.275486 0.416018 0.284614 0.416344 0.299614 0.413410 0.300918 0.410802 0.298310 0.409824 0.286246 0.402976 0.274834 0.404606 0.272224
0 0.419606 0.224294 0.407868 0.221358 0.406236 0.216142 0.406564 0.206034 0.413410 0.207664 0.415040 0.200164 0.417976 0.200490 0.420584 0.207990 0.426780 0.192664 0.431018 0.191686 0.431670 0.198208 0.428736 0.207990 0.434278 0.210272 0.439822 0.213860 0.442104 0.217772 0.447648 0.219402 0.452212 0.212554 0.457430 0.212228 0.463624 0.211576 0.466884 0.212880 0.468516 0.214512 0.467864 0.217120 0.463950 0.218424 0.460364 0.219728 0.457756 0.221032 0.456776 0.222988 0.460690 0.225272 0.463624 0.229836 0.463298 0.234728 0.458734 0.237988 0.453516 0.238640 0.450908 0.238640 0.435256 0.239618 0.427758 0.239292 0.427432 0.246792 0.425800 0.248422 0.422866 0.249074 0.423192 0.235054 0.432322 0.235054 0.451560 0.234402 0.457430 0.234402 0.459386 0.230814 0.456450 0.227554 0.445364 0.225598 0.440800 0.223314 0.432648 0.223968 0.428410 0.225924 0.423518 0.229510 0.419932 0.235706 0.417976 0.242878 0.418628 0.251356 0.418628 0.255596 0.415366 0.255596 0.413410 0.247770 0.414388 0.236684 0.417976 0.228532
0 0.467864 0.027350 0.460364 0.027024 0.460038 0.032242 0.458734 0.037132 0.454820 0.037784 0.447974 0.034198 0.442756 0.031590 0.444060 0.028980 0.452864 0.021156 0.457102 0.019850 0.465254 0.020828 0.464928 0.011700 0.462972 0.009090 0.458734 0.008764 0.454820 0.007786 0.455472 0.004852 0.464928 0.004200 0.469494 0.005504 0.471124 0.007460 0.472428 0.000286 0.482862 0.000286 0.477972 0.011048 0.482210 0.012678 0.486122 0.014960 0.487754 0.014634 0.490688 0.006156 0.492970 0.002244 0.495578 0.001266 0.497862 0.002896 0.499492 0.005830 0.499818 0.008112 0.502100 0.007134 0.504708 0.006482 0.506990 0.009742 0.505686 0.014308 0.502752 0.017568 0.499492 0.018546 0.499166 0.013004 0.497862 0.011374 0.495904 0.010394 0.494274 0.012352 0.493296 0.017568 0.495904 0.020502 0.498514 0.020828 0.498188 0.022786 0.496556 0.023764 0.491014 0.022134 0.488732 0.022460 0.487426 0.024090 0.487426 0.028654 0.484492 0.029306 0.482210 0.028002 0.483514 0.017894 0.475036 0.016264 0.473080 0.017242 0.472754 0.020502 0.477972 0.021156 0.478950 0.025720 0.480580 0.030610 0.480580 0.034850 0.479602 0.036480 0.476340 0.036806 0.476340 0.029958 0.475036 0.027676 0.473080 0.026698
0 0.404280 0.361892 0.394638 0.356058 0.394102 0.345878 0.394102 0.332482 0.399460 0.329534 0.405890 0.329802 0.410178 0.331410 0.413124 0.329266 0.416072 0.329266 0.417948 0.331410 0.417680 0.339448 0.422154 0.343946 0.422562 0.332072 0.424610 0.329206 0.427886 0.330844 0.430342 0.333300 0.429524 0.346812 0.423792 0.350498 0.423382 0.354184 0.420106 0.358688 0.418878 0.366466 0.415192 0.368924 0.400042 0.369334 0.381208 0.364830 0.369742 0.355820 0.370970 0.350498 0.389396 0.361962 0.397176 0.364010
0 0.391854 0.414784 0.392672 0.412326 0.390216 0.407412 0.387350 0.404956 0.387350 0.401270 0.391034 0.400862 0.403728 0.413964 0.406594 0.411916 0.406594 0.401680 0.407822 0.398404 0.410688 0.396358 0.413146 0.421334 0.414784 0.426248 0.416830 0.430342 0.423382 0.432800 0.426658 0.437304 0.428296 0.443036 0.429524 0.447540 0.431162 0.452454 0.443446 0.470470 0.441398 0.472518 0.425838 0.455320 0.404956 0.432390 0.401680 0.425430 0.401680 0.422562 0.400042 0.417650 0.397586 0.418878 0.394310 0.420106 0.391034 0.421334 0.387758 0.420106
0 0.395538 0.483162 0.397996 0.480706 0.398404 0.475384 0.401270 0.469242 0.405366 0.467604 0.408232 0.469242 0.402908 0.492990 0.397996 0.500770 0.396766 0.529022 0.394310 0.533936 0.392262 0.540078 0.393900 0.543354 0.395130 0.548268 0.392672 0.553590 0.394720 0.562188 0.395130 0.564646 0.389806 0.563826 0.386940 0.544582 0.385302 0.540078 0.380798 0.527794 0.381208 0.508140 0.384074 0.503636 0.387758 0.501588 0.381208 0.499950 0.375474 0.500770 0.375066 0.494218 0.381208 0.491762 0.384892 0.491762 0.381616 0.481934 0.384892 0.479068 0.389396 0.488486 0.393900 0.490124
0 0.379166 0.543586 0.376674 0.549566 0.371194 0.558036 0.367208 0.566008 0.365712 0.574976 0.367706 0.584942 0.374182 0.593910 0.380660 0.603874 0.385642 0.605868 0.403580 0.604870 0.406568 0.608856 0.406568 0.612344 0.387636 0.611846 0.393614 0.619320 0.400590 0.626296 0.408064 0.630282 0.419524 0.631278 0.425004 0.631278 0.426000 0.635264 0.414042 0.636260 0.400590 0.632772 0.389130 0.624302 0.383650 0.615832 0.382654 0.626296 0.382134 0.635296 0.384786 0.635296 0.382664 0.643788 0.381072 0.650688 0.386910 0.664488 0.391686 0.671918 0.396994 0.677224 0.395932 0.689432 0.392748 0.687840 0.392218 0.679348 0.383194 0.666610 0.377356 0.659180 0.374702 0.653342 0.358250 0.656526 0.351350 0.656526 0.348166 0.650688 0.344450 0.629458 0.348166 0.628928 0.351880 0.649096 0.372050 0.646972 0.373642 0.633174 0.377356 0.619904 0.376826 0.610352 0.373110 0.607698 0.367272 0.608760 0.361966 0.610882 0.359312 0.612474 0.358250 0.618844 0.352942 0.619904 0.354534 0.609290 0.360372 0.605044 0.366742 0.603982 0.361434 0.590714 0.360372 0.576384 0.364088 0.553562 0.370456 0.546662
0 0.339674 0.725522 0.349758 0.720214 0.351880 0.709070 0.359312 0.708008 0.364618 0.705354 0.368864 0.704292 0.374172 0.704292 0.384786 0.713846 0.385848 0.721808 0.381072 0.727646 0.374172 0.732952 0.373642 0.738260 0.379480 0.735606 0.382664 0.735076 0.376826 0.754712 0.381072 0.755774 0.389032 0.731360 0.391156 0.726584 0.395402 0.719684 0.394870 0.712784 0.397524 0.703232 0.394870 0.700046 0.390624 0.710130 0.385848 0.701638 0.376826 0.696332 0.372580 0.693148 0.365680 0.692086 0.358250 0.692086 0.352942 0.693148 0.344982 0.712254 0.341796 0.717030
0 0.321098 0.824770 0.328528 0.824240 0.344982 0.815748 0.355596 0.810972 0.358780 0.810972 0.361966 0.819994 0.366210 0.827424 0.356658 0.836448 0.355596 0.840162 0.378948 0.833262 0.377888 0.815748 0.370988 0.814156 0.364088 0.809910 0.361434 0.803542 0.356658 0.800356 0.315790 0.804602 0.317382 0.808318 0.329060 0.809910 0.336490 0.812564 0.326406 0.817340
0 0.338082 0.902258 0.339674 0.881560 0.343390 0.874660 0.348166 0.874660 0.344982 0.898012 0.350820 0.909690 0.354534 0.913404 0.343390 0.931980 0.349228 0.936226 0.361434 0.938350 0.375234 0.936756 0.382664 0.931980 0.389032 0.926672 0.395402 0.921896 0.398056 0.923488 0.394340 0.933042 0.383726 0.940472 0.361434 0.944718 0.342328 0.939942 0.337550 0.936226 0.334366 0.936226 0.329060 0.921896 0.325344 0.927204 0.322160 0.927734 0.321098 0.922958 0.329060 0.903320
0 0.286752 0.992330 0.282150 0.994888 0.326632 0.998466 0.307714 0.986196 0.301068 0.985172 0.293910 0.987218 0.295954 0.989262 0.301068 0.993864 0.296466 0.995910
0 0.699402 0.017564 0.686756 0.021428 0.680080 0.027400 0.677974 0.032670 0.674812 0.035480 0.669542 0.038992 0.648466 0.056206 0.644602 0.064284 0.644250 0.077282 0.640034 0.079390 0.634766 0.080092 0.629848 0.081848 0.631956 0.085010 0.643196 0.084658 0.650222 0.081146 0.649520 0.064284 0.665328 0.050584 0.672704 0.043558 0.676568 0.043558 0.683946 0.036534 0.692728 0.033020 0.700456 0.030210 0.706076 0.029508 0.709940 0.030210 0.710292 0.031966 0.704320 0.033724 0.700104 0.035128 0.700104 0.043208 0.705022 0.043208 0.716966 0.039694 0.723288 0.032670 0.721180 0.016862 0.722938 0.014052 0.728206 0.013700 0.733476 0.015808 0.741556 0.024940 0.742960 0.026346 0.746824 0.023184 0.729612 0.008080 0.730666 0.004566 0.734178 0.001054 0.704320 0.000352 0.702914 0.004566 0.700456 0.005270 0.693780 0.000352 0.686404 0.001054 0.699402 0.013348
1 0.601394 0.037236 0.610176 0.037588 0.614742 0.034426 0.617202 0.031264 0.618958 0.031264 0.620364 0.035128 0.621066 0.042856 0.624578 0.043208 0.624930 0.041452 0.629146 0.042154 0.632306 0.040046 0.627038 0.031264 0.629146 0.021780 0.627740 0.016510 0.625282 0.016158 0.624578 0.028102 0.618606 0.024940 0.614742 0.025994 0.612986 0.030912 0.609474 0.031264 0.605258 0.030912 0.600340 0.031616
0 0.681486 0.093792 0.690970 0.094494 0.694132 0.097656 0.694484 0.103980 0.679028 0.113816 0.675866 0.124002 0.673758 0.137702 0.674812 0.150348 0.675514 0.159482 0.676216 0.167912 0.678324 0.167912 0.680080 0.136298 0.683594 0.127516 0.692024 0.114870 0.699050 0.108546 0.706076 0.092036 0.717668 0.072364 0.721884 0.073066 0.725748 0.075174 0.723992 0.069906 0.717668 0.066392 0.709588 0.070256 0.700456 0.082552 0.699402 0.093090 0.693780 0.084658 0.688160 0.085010 0.683946 0.085712 0.680784 0.087118 0.680432 0.089226
1 0.611582 0.176344 0.602800 0.168264 0.599286 0.168966 0.602096 0.175992 0.609474 0.184072 0.611582 0.186882 0.613338 0.196016 0.615446 0.196718 0.615796 0.204798 0.619310 0.205148 0.619660 0.186180 0.622470 0.181262 0.622822 0.175640 0.623876 0.170372 0.621768 0.169318 0.620012 0.169668 0.619310 0.173182 0.618958 0.175992 0.616850 0.177046
0 0.668138 0.209716 0.667786 0.204094 0.666380 0.203040 0.666380 0.186882 0.669192 0.186530 0.671650 0.187234 0.673056 0.205850 0.686052 0.212876 0.693078 0.216390 0.695888 0.218498 0.693780 0.220254 0.687810 0.218848 0.683242 0.218146 0.679730 0.217794 0.677974 0.218146 0.678324 0.239926 0.681838 0.248708 0.682188 0.252220 0.677270 0.256084 0.675162 0.236412 0.674460 0.213228 0.672352 0.213580 0.672704 0.219550 0.663570 0.233954 0.660760 0.242032 0.662516 0.251166 0.668840 0.261704 0.674460 0.268730 0.676568 0.272244 0.675866 0.275756 0.664274 0.265920 0.656896 0.249762 0.656896 0.232198 0.664976 0.215336
1 0.616148 0.273296 0.608420 0.260300 0.605960 0.260650 0.607366 0.269082 0.608420 0.274702 0.607366 0.278566 0.609122 0.281026 0.611582 0.284186 0.614392 0.285592 0.616850 0.282080 0.620364 0.282080 0.623876 0.283132 0.628092 0.284538 0.630902 0.282430 0.627038 0.280674 0.627388 0.276108 0.622822 0.274702 0.620012 0.274702
0 0.650222 0.282430 0.656896 0.288402 0.660410 0.283484 0.666030 0.280674 0.672704 0.280674 0.678676 0.280322 0.683946 0.277162 0.686052 0.278566 0.685702 0.285240 0.689566 0.295428 0.693078 0.297184 0.700806 0.298590 0.713804 0.299644 0.716966 0.301400 0.719776 0.304210 0.719424 0.308776 0.717316 0.312640 0.714858 0.316154 0.715912 0.321072 0.716966 0.326340 0.716966 0.329150 0.713452 0.330908 0.711696 0.327394 0.710292 0.322126 0.708184 0.317910 0.710292 0.312992 0.710642 0.310532 0.702212 0.309478 0.702212 0.312992 0.701510 0.318262 0.698698 0.318262 0.697294 0.308426 0.694484 0.307020 0.692376 0.306668 0.692024 0.317558 0.688160 0.327044 0.683946 0.330204 0.682188 0.329854 0.686756 0.318964 0.688160 0.308776 0.683946 0.308074 0.672704 0.304562 0.673406 0.301400 0.680784 0.301048 0.686052 0.300346 0.682892 0.288050 0.680784 0.288050 0.671650 0.295428 0.663922 0.296832 0.659004 0.296130 0.653734 0.294022 0.648114 0.286646
1 0.602800 0.340744 0.594720 0.339690 0.583478 0.338284 0.578912 0.338284 0.580316 0.333718 0.587342 0.331610 0.591910 0.331610 0.596476 0.333014 0.599988 0.333014 0.602800 0.323530 0.605610 0.319666 0.608068 0.318612 0.612986 0.318612 0.615446 0.318612 0.617202 0.320720 0.614040 0.323530 0.610528 0.327044 0.609122 0.330908 0.608420 0.336528 0.609824 0.343554 0.612284 0.346364 0.614392 0.350578 0.615094 0.352686 0.612284 0.353740 0.608068 0.351984 0.606312 0.346364
1 0.503738 0.274702 0.511466 0.262758 0.516384 0.262758 0.518492 0.265218 0.509006 0.277864 0.509710 0.282080 0.509710 0.286996 0.506548 0.283484 0.503386 0.282080 0.500576 0.284538 0.498118 0.282080 0.496360 0.278214 0.489686 0.272244 0.492146 0.270486 0.494604 0.270136
1 0.537110 0.324936 0.540622 0.317558 0.542028 0.310532 0.545540 0.308426 0.547648 0.310182 0.546594 0.319314 0.544838 0.323882 0.544838 0.327044 0.546946 0.330556 0.543784 0.333718 0.542028 0.336878 0.541324 0.345660 0.539568 0.348120 0.539920 0.360766 0.537460 0.364630 0.535352 0.356200 0.533246 0.355496 0.529382 0.352336 0.530084 0.348472 0.535352 0.349174 0.536406 0.334772 0.537110 0.330908 0.533948 0.330204 0.529382 0.330908 0.527624 0.326692 0.529382 0.322476
1 0.504792 0.380438 0.502684 0.371656 0.499874 0.366738 0.496010 0.360766 0.494604 0.367090 0.495658 0.376574 0.495306 0.383248 0.494604 0.390624 0.493550 0.393084 0.500224 0.391678 0.504088 0.389220 0.507250 0.390624 0.512870 0.392732 0.513924 0.390624 0.513924 0.386760 0.510060 0.383950
0 0.581020 0.380438 0.614040 0.396246 0.620012 0.397650 0.627038 0.396948 0.632306 0.390976 0.654788 0.389922 0.657248 0.392732 0.657950 0.394840 0.655492 0.402568 0.654086 0.411000 0.655492 0.416268 0.659004 0.417322 0.658652 0.405730 0.661112 0.399408 0.661112 0.390976 0.660058 0.386410 0.663220 0.385708 0.664976 0.387112 0.666380 0.380086 0.663570 0.379736 0.660410 0.379736 0.655140 0.384654 0.653032 0.384302 0.655140 0.377978 0.662166 0.374114 0.666732 0.374114 0.670596 0.374818 0.674110 0.376574 0.677974 0.380086 0.679730 0.383248 0.681486 0.387112 0.685350 0.387814 0.687458 0.377276 0.686052 0.373412 0.679028 0.368846 0.671298 0.365684 0.666380 0.363226 0.656896 0.362172 0.654438 0.364630 0.652680 0.370954 0.652330 0.373060 0.650222 0.364630 0.644602 0.359010 0.640738 0.357956 0.637224 0.356902 0.636170 0.357604 0.641440 0.362522 0.646006 0.367792 0.647764 0.371304 0.648466 0.374818 0.645656 0.376574 0.642142 0.376222 0.622470 0.388166 0.611582 0.389220 0.598934 0.382546 0.591558 0.381140 0.587694 0.380790
1 0.585586 0.438750 0.590856 0.431022 0.592964 0.421186 0.592964 0.412404 0.590856 0.412404 0.585586 0.424348 0.580668 0.429618 0.576804 0.433130 0.576452 0.436642 0.576452 0.439804 0.579966 0.440858 0.582074 0.452450 0.585586 0.456666 0.587342 0.451046
1 0.601042 0.505142 0.586288 0.498820 0.587342 0.494254 0.592964 0.493902 0.601394 0.499170 0.603150 0.494604 0.607014 0.489336 0.610176 0.488632 0.612634 0.489686 0.610528 0.500224 0.607366 0.504792 0.610878 0.521652 0.609824 0.526922 0.606664 0.521652
1 0.530436 0.548000 0.535002 0.546242 0.538866 0.538514 0.539568 0.532894 0.537110 0.531138 0.527976 0.539568 0.524464 0.539218 0.520248 0.537460 0.517438 0.536758 0.517788 0.548702 0.525518 0.549052 0.525518 0.559942 0.529382 0.560294 0.531138 0.555024
0 0.608068 0.575750 0.592260 0.580316 0.578912 0.589100 0.574346 0.590856 0.567670 0.592612 0.560996 0.592964 0.557132 0.593314 0.553970 0.590856 0.550458 0.591206 0.550458 0.596828 0.562752 0.604906 0.578210 0.601394 0.597178 0.590152 0.605610 0.585586 0.610528 0.583478 0.618958 0.589802 0.624228 0.589450 0.624228 0.583830 0.623524 0.579264 0.620714 0.571886 0.623876 0.566618 0.622822 0.561700 0.617904 0.564510 0.616498 0.572940 0.616148 0.576452 0.610878 0.567670 0.608068 0.566968 0.607014 0.570130
0 0.573350 0.716146 0.582032 0.710504 0.588108 0.706164 0.595052 0.704862 0.598524 0.705296 0.600694 0.709202 0.604166 0.707032 0.602430 0.702256 0.602430 0.698784 0.606770 0.697482 0.607638 0.700086 0.608072 0.702690 0.613716 0.705296 0.618490 0.707900 0.623698 0.708768 0.627170 0.707900 0.629340 0.708768 0.634548 0.720920 0.648004 0.730034 0.653212 0.728298 0.646702 0.723524 0.638020 0.714844 0.634114 0.706598 0.624566 0.702690 0.609376 0.693142 0.594618 0.679688 0.588542 0.679254 0.584202 0.679254 0.579428 0.678820 0.577256 0.679688 0.580296 0.683160 0.589410 0.688368 0.593316 0.692708 0.588542 0.694878 0.580730 0.700520 0.576822 0.706598 0.574652 0.710070
1 0.707900 0.671440 0.702256 0.672744 0.694878 0.672310 0.688802 0.669704 0.686632 0.667534 0.695312 0.656684 0.695746 0.650174 0.697916 0.649306 0.707900 0.650608 0.715278 0.649306 0.719618 0.646702 0.724826 0.644966 0.730034 0.644098 0.735678 0.645834 0.737414 0.648438 0.737414 0.657552 0.733940 0.663628 0.730902 0.668836 0.726562 0.670572 0.720920 0.673178 0.714410 0.671876
1 0.632812 0.704428 0.615452 0.696614 0.613716 0.688368 0.616754 0.676650 0.624566 0.665364 0.633680 0.660156 0.644966 0.659288 0.653212 0.661892 0.662326 0.667968 0.666232 0.675348 0.668402 0.687500 0.667100 0.696614 0.662760 0.706164 0.654948 0.709636 0.648004 0.710070 0.641060 0.708768 0.638454 0.706164
1 0.588976 0.782986 0.586806 0.785156 0.585938 0.791232 0.582900 0.795138 0.578560 0.795138 0.572048 0.792100 0.564670 0.778646 0.563802 0.766060 0.566840 0.756076 0.571614 0.750868 0.578994 0.748264 0.586806 0.748264 0.592014 0.750000 0.594618 0.752604 0.597656 0.754340 0.600260 0.753038 0.606336 0.751302 0.609376 0.749566 0.614150 0.750868 0.612848 0.759548 0.608940 0.766494 0.607638 0.770834 0.602430 0.774306 0.597656 0.775608 0.588976 0.778646
1 0.700086 0.759982 0.693576 0.759548 0.687500 0.760850 0.680556 0.763454 0.677084 0.768664 0.674480 0.775608 0.677518 0.781250 0.684028 0.782986 0.687934 0.784288 0.690104 0.786024 0.693576 0.790364 0.694444 0.793836 0.697048 0.794704 0.698350 0.790364 0.700954 0.785590 0.700954 0.781684 0.703994 0.777778 0.712674 0.776476 0.720052 0.771268 0.721354 0.767796 0.717448 0.766928 0.712240 0.766494 0.705296 0.764756
0 0.598524 0.826388 0.598958 0.807292 0.607204 0.799480 0.613716 0.800782 0.621528 0.801216 0.628472 0.804688 0.631944 0.808160 0.636284 0.809462 0.636284 0.805990 0.617622 0.784722 0.611546 0.785156 0.613282 0.773438 0.613282 0.767796 0.609810 0.767796 0.605468 0.772136 0.604166 0.777778 0.604166 0.784722 0.603298 0.789930 0.600694 0.792534 0.596788 0.782552 0.595486 0.778646 0.592014 0.779080 0.594184 0.788628 0.595486 0.795138 0.592448 0.802084 0.591580 0.806424 0.584202 0.806858 0.578560 0.809462 0.576388 0.811198 0.575520 0.814670 0.586806 0.813368 0.586372 0.824652 0.591146 0.831598 0.601562 0.835938 0.610678 0.834636 0.623698 0.830296 0.628038 0.825520 0.613282 0.827256 0.607204 0.827256
0 0.533420 0.899740 0.537760 0.893230 0.549046 0.887152 0.557726 0.884982 0.571180 0.884114 0.576388 0.883680 0.583334 0.889322 0.586806 0.891928 0.588108 0.901476 0.586806 0.911024 0.586372 0.917100 0.589844 0.917968 0.591580 0.889756 0.582032 0.876736 0.576822 0.876736 0.571180 0.871094 0.567274 0.870226 0.562934 0.870226 0.565104 0.875868 0.569010 0.875868 0.552084 0.877170 0.537326 0.884548 0.532118 0.890190 0.530382 0.893230
1 0.680702 0.966970 0.665862 0.969842 0.658204 0.982288 0.661076 0.991862 0.666342 0.998086 0.704638 0.992820 0.706074 0.983246 0.704638 0.978936 0.699372 0.974150 0.695542 0.970798 0.689320 0.967448
0 0.559264 0.989604 0.545630 0.983972 0.537332 0.972710 0.536442 0.964114 0.540888 0.967672 0.550076 0.979822 0.559560 0.981008 0.564302 0.981304 0.564302 0.976266 0.562524 0.973006 0.563710 0.970338 0.569934 0.974192 0.574676 0.981304 0.587716 0.993160 0.601646 0.998790 0.603720 0.999680 0.580602 0.994048 0.575564 0.990196 0.574676 0.996716 0.572008 0.997606 0.571118 0.988418 0.569340 0.988714 0.565784 0.998198 0.559856 0.999976 0.559560 0.994938
0 0.984056 0.749868 0.993892 0.740502 0.993424 0.731134 0.998108 0.728324 0.999512 0.723172 0.998576 0.711930 0.992488 0.720362 0.987804 0.732538
0 0.989208 0.784528 0.989208 0.777034 0.982652 0.774224 0.981714 0.769072 0.984994 0.763452 0.995298 0.765326
0 0.986866 0.889914 0.987804 0.881482 0.998108 0.851974 0.996234 0.851974 0.993424 0.841202 0.995298 0.838392 0.985462 0.825746 0.981246 0.824340 0.980778 0.828088 0.987336 0.836050 0.988272 0.853848 0.989678 0.858532 0.986866 0.867432 0.983588 0.878204 0.976562 0.865558 0.973284 0.863684 0.971410 0.863684 0.977500 0.876798 0.977500 0.881482 0.967194 0.863216 0.964854 0.868368 0.953612 0.882888 0.953612 0.891318 0.955486 0.898344 0.959232 0.893192 0.967194 0.890850 0.977968 0.891318 0.985462 0.908180 0.998576 0.924572 0.989678 0.897408
1 0.931294 0.910442 0.922140 0.914510 0.918580 0.921630 0.916544 0.930786 0.922648 0.934856 0.930786 0.934346 0.940958 0.930278 0.944520 0.923156 0.943502 0.914510 0.939942 0.909932
1 0.135584 0.179784 0.136290 0.166234 0.140312 0.168022 0.141206 0.160424 0.146570 0.159084 0.149250 0.151038 0.151932 0.152380 0.158190 0.151038 0.164446 0.145676 0.165340 0.142546 0.168916 0.137630 0.172044 0.134054 0.176068 0.134502 0.174280 0.142546 0.174726 0.147910 0.177856 0.150592 0.179196 0.146122 0.184560 0.146122 0.185454 0.136290 0.189028 0.137630 0.191710 0.141206 0.194392 0.142546 0.199308 0.144782 0.205566 0.145676 0.205566 0.150592 0.203330 0.164000 0.206906 0.169364 0.206460 0.173386 0.197520 0.172938 0.189028 0.177856 0.191264 0.179642 0.195286 0.180090 0.195286 0.183666 0.173832 0.185006 0.163230 0.185182 0.158726 0.185744 0.146906 0.185744 0.139590 0.186306 0.134524 0.191372 0.132836 0.186306
1 0.110682 0.649978 0.122760 0.645814 0.124008 0.642066 0.109434 0.640400 0.106102 0.638734 0.102354 0.636652 0.101104 0.639984 0.098190 0.643316 0.098606 0.649146 0.098606 0.654976 0.103186 0.656642
1 0.029228 0.659868 0.033698 0.656428 0.031978 0.652990 0.028540 0.652990 0.026134 0.654022 0.024758 0.648864 0.020976 0.649896 0.021664 0.654710 0.019256 0.656428 0.018224 0.659524 0.023726 0.661242 0.023726 0.666056 0.027164 0.668464 0.030604 0.665714
1 0.045186 0.735176 0.054568 0.720252 0.052862 0.703194 0.050304 0.705326 0.049450 0.715986 0.044334 0.723236 0.042202 0.731338 0.037936 0.732192 0.034952 0.727928 0.032820 0.725368 0.029408 0.726222 0.030688 0.730486 0.033246 0.733470 0.033672 0.737736 0.034952 0.740294 0.040068 0.741146 0.042202 0.743280 0.041774 0.749250 0.042202 0.754366 0.046892 0.753514 0.048172 0.741574 0.052010 0.745838 0.057554 0.749250 0.060964 0.745838 0.060538 0.742000 0.057980 0.739442 0.052436 0.739442
1 0.032392 0.999574 0.040922 0.998720 0.044760 0.999148 0.049878 0.997868 0.052436 0.999574
1 0.932228 0.956242 0.932762 0.951438 0.939698 0.941300 0.942900 0.936496 0.946102 0.933828 0.954106 0.937564 0.957842 0.933828 0.962112 0.934362 0.969582 0.941300 0.978120 0.945036 0.982390 0.951972 0.986658 0.951438 0.986658 0.947170 0.987192 0.941300 0.991462 0.938098 0.997332 0.938098 0.998932 0.960510 0.997866 0.969048 0.998932 0.978120 0.998932 0.985058 0.995730 0.987726 0.989328 0.985592 0.986658 0.988794 0.991996 0.992530 0.923690 0.999466 0.926358 0.979188 0.937030 0.970650 0.937564 0.962646
1 0.428930 0.173844 0.427668 0.164584 0.431034 0.162058 0.433140 0.166268 0.434402 0.173844 0.441978 0.174686 0.446608 0.175950 0.446608 0.179738 0.439454 0.178896 0.434822 0.178896 0.432718 0.183948 0.431456 0.188998 0.426826 0.190262 0.426404 0.186472
1 0.000420 0.570784 0.003368 0.570784 0.007576 0.580044 0.010944 0.586780 0.014732 0.585096 0.010944 0.572888 0.013890 0.567838 0.015574 0.563628 0.015154 0.560260 0.011786 0.559418 0.008840 0.561944 0.009260 0.568680 0.005894 0.564050 0.000842 0.565312
1 0.501116 0.688616 0.492188 0.691406 0.488282 0.695870 0.485492 0.695870 0.482142 0.691406 0.477120 0.692522 0.479910 0.699218 0.484376 0.701450 0.489398 0.705358 0.491072 0.711496 0.500558 0.714844 0.508370 0.714844 0.512276 0.710938 0.506138 0.702566 0.513392 0.702566 0.514508 0.698660 0.508370 0.697544 0.508928 0.692522 0.506696 0.688616
1 0.541360 0.628216 0.541360 0.620404 0.542280 0.617648 0.546416 0.618566 0.547334 0.622702 0.549632 0.625000 0.556986 0.625000 0.558824 0.628216 0.554688 0.631434 0.549632 0.632352 0.546416 0.633272 0.545496 0.639246 0.540900 0.641544 0.538144 0.642922 0.537684 0.637868
2 0.599724 0.650276 0.588236 0.647518 0.588236 0.642464 0.593750 0.641544 0.597426 0.638786 0.595128 0.631894 0.596508 0.627758 0.605238 0.627758 0.608916 0.627758 0.609834 0.621324 0.613052 0.622702 0.614890 0.627758 0.619026 0.621784 0.620404 0.611672 0.623162 0.609376 0.626378 0.611214 0.624540 0.624080 0.624080 0.628676 0.627758 0.630056 0.627758 0.630056 0.629596 0.632352 0.629596 0.638328 0.621784 0.638328 0.621784 0.642464 0.623162 0.648898 0.623622 0.653952 0.619944 0.654872 0.615350 0.647518 0.612592 0.650276 0.613512 0.653952 0.613512 0.657628 0.611672 0.659926 0.609376 0.661764 0.609376 0.665900 0.604320 0.662224 0.602482 0.655330
1 0.614430 0.592372 0.614430 0.602482 0.607996 0.610754 0.603400 0.616728 0.602482 0.624080 0.606158 0.624540 0.606158 0.618566 0.618566 0.605698 0.626378 0.598346 0.630056 0.593750 0.632812 0.601562 0.635110 0.606158 0.640166 0.605698 0.638786 0.597886 0.636488 0.593290 0.643382 0.588236 0.647518 0.582720 0.648438 0.576746 0.645680 0.570772 0.640624 0.571232 0.631894 0.574448 0.627298 0.576746 0.626838 0.583640 0.628216 0.587316 0.626838 0.590534 0.620864 0.591912