0 0.128906 0.142578 0.155598 0.167318 0.173178 0.179036 0.168620 0.184244 0.167318 0.207682 0.158854 0.204428 0.153646 0.186848 0.125652 0.169270 0.155598 0.178386 0.124348 0.150390 0.111980 0.153646 0.110026 0.150390
0 0.089192 0.304036 0.104818 0.309244 0.139322 0.304688 0.149088 0.299480 0.133464 0.331380 0.138672 0.333334 0.150390 0.310546 0.170572 0.302084 0.170572 0.293620 0.175782 0.284506 0.158204 0.280598 0.125652 0.287760 0.121744 0.295572 0.112630 0.295572 0.109376 0.302734
0 0.104818 0.339192 0.118490 0.347006 0.128906 0.343750 0.151692 0.360678 0.151692 0.371094 0.140624 0.372396 0.133464 0.365234 0.121744 0.365234 0.098958 0.378906 0.088542 0.401692 0.087890 0.386718 0.102214 0.362630 0.094402 0.351562 0.116536 0.354166 0.104818 0.345704
0 0.098958 0.443360 0.131510 0.453776 0.139974 0.464192 0.138672 0.474610 0.132812 0.473958 0.126302 0.483724 0.121094 0.501954 0.109376 0.505208 0.113282 0.486980 0.114584 0.473308 0.116536 0.464844 0.094402 0.467448 0.085938 0.448568
0 0.082032 0.580078 0.099610 0.572266 0.102864 0.568360 0.119140 0.567058 0.123698 0.587890 0.098958 0.591146 0.110678 0.595704 0.122396 0.597006 0.131510 0.604818 0.136068 0.597656 0.141276 0.597656 0.141928 0.580730 0.132812 0.572266 0.121094 0.539714 0.112630 0.539062 0.117838 0.561198 0.097006 0.559896 0.074870 0.559896
0 0.077474 0.641276 0.085286 0.640624 0.097006 0.652344 0.103516 0.658204 0.086588 0.660156 0.087890 0.666666 0.108072 0.669270 0.113282 0.662110 0.119140 0.652994 0.115886 0.646484 0.115886 0.639322 0.123046 0.636068 0.141276 0.632812 0.115886 0.628256 0.104818 0.636718 0.097656 0.638020 0.085938 0.634766
0 0.067058 0.839844 0.069662 0.852214 0.072916 0.852864 0.083334 0.860026 0.087890 0.857422 0.095704 0.865886 0.112630 0.862630 0.109376 0.873698 0.097006 0.872396 0.098308 0.885416 0.097656 0.891928 0.087240 0.900390 0.081380 0.894532 0.087890 0.888672 0.087240 0.873046 0.075520 0.876954 0.063152 0.875000 0.030598 0.889322 0.008464 0.885416 0.002604 0.880860 0.029296 0.884114 0.055338 0.873046 0.058594 0.867838 0.069010 0.863932 0.063152 0.852864
0 0.042968 0.970704 0.061198 0.970704 0.055338 0.993490 0.067708 0.990234 0.074218 0.979818 0.093098 0.983072 0.090494 0.977864 0.085286 0.972656 0.093098 0.960286 0.096354 0.950520 0.091796 0.947266 0.082032 0.960938 0.081380 0.953124 0.069662 0.946614 0.063802 0.953776 0.063802 0.965494 0.039714 0.964844
0 0.456380 0.205730 0.483724 0.212890 0.487630 0.208984 0.499348 0.208334 0.498046 0.201822 0.498698 0.174480 0.507812 0.139974 0.503256 0.135416 0.494792 0.166016 0.490234 0.174480 0.491536 0.198568 0.481120 0.182942 0.478516 0.183594 0.480468 0.197266 0.460286 0.194010 0.449218 0.198568
0 0.443360 0.299480 0.460938 0.302084 0.453776 0.311198 0.471354 0.311848 0.472006 0.305338 0.485026 0.305338 0.492188 0.304688 0.490886 0.297526 0.485678 0.290364 0.477214 0.291016 0.477214 0.285156 0.486980 0.270834 0.486980 0.264974 0.479818 0.270834 0.473308 0.281250 0.471354 0.286458 0.452474 0.285808 0.453124 0.293620
0 0.445312 0.420572 0.466796 0.424480 0.475912 0.428386 0.510416 0.426432 0.514974 0.420572 0.498046 0.410156 0.471354 0.410808 0.462240 0.397786 0.450520 0.400390 0.456380 0.414714
0 0.434244 0.506510 0.445312 0.520182 0.450520 0.522786 0.451172 0.530598 0.462240 0.527344 0.478516 0.517578 0.480468 0.522786 0.466146 0.533204 0.469402 0.542318 0.464192 0.553386 0.441406 0.554036 0.442708 0.548178 0.455078 0.548178 0.461588 0.547526 0.464192 0.541666 0.460286 0.535156 0.441406 0.539062 0.435546 0.537110 0.433594 0.529948 0.439454 0.527344 0.421876 0.517578 0.434896 0.518880
0 0.396484 0.875652 0.395182 0.858724 0.405598 0.846354 0.414062 0.836588 0.421224 0.815104 0.416666 0.815104 0.410808 0.821614 0.405598 0.808594 0.410808 0.807292 0.421224 0.804036 0.421224 0.794922 0.409506 0.774740 0.401692 0.771484 0.400390 0.779948 0.412110 0.787760 0.413412 0.798178 0.401042 0.802734 0.404296 0.820964 0.386068 0.802734 0.391928 0.820312 0.396484 0.823568 0.385416 0.830730 0.388672 0.843750 0.387370 0.858724 0.388672 0.872396
0 0.718098 0.013020 0.726562 0.014974 0.723958 0.020182 0.735026 0.043620 0.738932 0.052734 0.750000 0.055338 0.746094 0.068360 0.734376 0.067058 0.719402 0.072916 0.709636 0.088542 0.699870 0.091146 0.689454 0.089844 0.690104 0.084636 0.702474 0.083984 0.710938 0.072266 0.716146 0.069010 0.730468 0.063152 0.737630 0.058594 0.719402 0.050130 0.721354 0.044922 0.727214 0.048178 0.720704 0.031902
0 0.706380 0.155598 0.717448 0.154948 0.724610 0.160808 0.720052 0.166016 0.712240 0.167968 0.697266 0.167968 0.683594 0.162110 0.683594 0.168620 0.693360 0.174480 0.711588 0.175130 0.729166 0.169922 0.729166 0.185546 0.728516 0.195964 0.735026 0.206380 0.737630 0.177734 0.739584 0.170572 0.739584 0.163412 0.747396 0.162760 0.755208 0.152994 0.755208 0.146484 0.748046 0.149088 0.741536 0.155598 0.739584 0.147136 0.733724 0.144532 0.720052 0.140624 0.725260 0.147136 0.734376 0.150390 0.738932 0.156250 0.738282 0.160808 0.729818 0.159506 0.723958 0.151042 0.720052 0.149088
0 0.662760 0.244140 0.683594 0.246094 0.695964 0.248046 0.712240 0.252604 0.717448 0.266928 0.731770 0.284506 0.735026 0.280598 0.723308 0.263672 0.722006 0.254558 0.725260 0.245442 0.722656 0.232422 0.718098 0.224610 0.729166 0.215494 0.731770 0.207682 0.726562 0.194010 0.723308 0.195312 0.726562 0.206380 0.720052 0.217448 0.713542 0.208984 0.708984 0.208984 0.709636 0.218098 0.700520 0.216796 0.694662 0.220052 0.701172 0.222656 0.711588 0.227864 0.715494 0.244140 0.695312 0.240234 0.683594 0.238282 0.667318 0.235678
0 0.675130 0.315756 0.675130 0.325520 0.688802 0.342448 0.703776 0.345052 0.703776 0.358724 0.695312 0.363932 0.695312 0.370442 0.712240 0.374348 0.707682 0.378256 0.690104 0.377604 0.686848 0.361980 0.665364 0.361328 0.662110 0.349610 0.666016 0.338542 0.676432 0.338542 0.669270 0.325520
0 0.697266 0.383464 0.695312 0.399088 0.701172 0.419922 0.697266 0.438802 0.703776 0.450520 0.715494 0.457032 0.710938 0.466146 0.695312 0.473308 0.680990 0.479818 0.673828 0.472006 0.674480 0.462240 0.692708 0.458334 0.689454 0.453124 0.668620 0.448568 0.673178 0.444662 0.690104 0.445312 0.690104 0.434244 0.693360 0.421876 0.690756 0.402344
0 0.633464 0.675782 0.648438 0.687500 0.666666 0.688152 0.668620 0.696614 0.660156 0.703776 0.666666 0.705730 0.677084 0.699218 0.686198 0.709636 0.690104 0.724610 0.681640 0.727864 0.664714 0.731770 0.674480 0.735026 0.688152 0.733072 0.694662 0.729818 0.695964 0.718750 0.686848 0.695312 0.688152 0.683594 0.682292 0.666016 0.677084 0.674480 0.667318 0.661458 0.656902 0.652994 0.651692 0.661458 0.658204 0.663412 0.671876 0.678386 0.652994 0.678386
0 0.642578 0.709636 0.643230 0.742188 0.649088 0.736980 0.653646 0.754558 0.669270 0.770182 0.682292 0.796876 0.691406 0.811198 0.682292 0.809244 0.665364 0.793620 0.662110 0.780598 0.655598 0.789714 0.645182 0.808594 0.641928 0.819010 0.638020 0.817708 0.639974 0.803386 0.649740 0.779296 0.658204 0.774740 0.634114 0.752604 0.635416 0.735678 0.637370 0.716796
0 0.617838 0.831380 0.635416 0.849610 0.647786 0.851562 0.664062 0.855468 0.675782 0.876302 0.683594 0.891276 0.666666 0.899088 0.642578 0.909506 0.623046 0.906902 0.643230 0.902344 0.662110 0.894532 0.675782 0.889974 0.665364 0.872396 0.658204 0.876302 0.656902 0.869140 0.641276 0.866536 0.634766 0.876302 0.617838 0.886068 0.625000 0.875652 0.624348 0.864584 0.631510 0.865886 0.638672 0.860678 0.630208 0.854818 0.620442 0.848958 0.615234 0.839844
0 0.626954 0.972656 0.634114 0.977214 0.649088 0.975260 0.656902 0.985678 0.649088 0.995442 0.643230 0.990234 0.645182 0.981120 0.630208 0.982422 0.627604 0.998698 0.621744 0.985678
1 0.145834 0.206380 0.157552 0.215494 0.146484 0.231770 0.158204 0.225260 0.160808 0.242188 0.179688 0.240234 0.193360 0.222656 0.199218 0.208334 0.192058 0.181640 0.185546 0.194010 0.170572 0.186198 0.166016 0.209636 0.156250 0.201172
1 0.002604 0.128906 0.011068 0.141928 0.007162 0.157552 0.016276 0.151042 0.019532 0.163412 0.026692 0.162110 0.031250 0.190756 0.035808 0.187500 0.032552 0.158204 0.038412 0.151042 0.036458 0.146484 0.032552 0.134766 0.027994 0.149740 0.020182 0.146484 0.017578 0.133464
1 0.096354 0.593098 0.107422 0.615886 0.117188 0.621094 0.114584 0.626302 0.102864 0.622396 0.095052 0.626954 0.077474 0.629558 0.077474 0.625000 0.095052 0.621744 0.097006 0.611980 0.094402 0.604818
1 0.088542 0.773438 0.074218 0.780598 0.072916 0.800782 0.082032 0.811198 0.078776 0.837890 0.100260 0.811198 0.108072 0.816406 0.115234 0.811198 0.121744 0.835938 0.125652 0.826172 0.122396 0.805990 0.117838 0.794270 0.098958 0.777344
1 0.231120 0.149740 0.234376 0.168620 0.247396 0.175130 0.260416 0.173828 0.281902 0.175782 0.297526 0.168620 0.291016 0.151042 0.279296 0.130208 0.257162 0.129558 0.231770 0.141276
1 0.496094 0.334636 0.510416 0.337240 0.520182 0.336588 0.520834 0.322916 0.513020 0.316406 0.499348 0.324218
1 0.382812 0.376302 0.402344 0.376954 0.382162 0.400390 0.406902 0.408854 0.395182 0.419922 0.378256 0.408854 0.362630 0.403646 0.369792 0.387370
1 0.290364 0.600912 0.281250 0.621094 0.295572 0.629558 0.310546 0.643230 0.345052 0.658854 0.369792 0.660156 0.375652 0.646484 0.360678 0.639322 0.348958 0.620442 0.322266 0.596354 0.298828 0.593098
1 0.422526 0.627604 0.442708 0.628256 0.445312 0.639322 0.438802 0.646484 0.430338 0.646484 0.436198 0.639322 0.423828 0.634766
1 0.335286 0.877604 0.356770 0.880860 0.376954 0.915364 0.358724 0.914062 0.335938 0.891276
1 0.378256 0.966796 0.398438 0.964192 0.408204 0.949870 0.412760 0.941406 0.412110 0.934896 0.416016 0.926432 0.395834 0.927084 0.397786 0.934896 0.400390 0.942708 0.394532 0.955078 0.390624 0.960938 0.376302 0.960286
1 0.388020 0.973958 0.386068 0.994140 0.458984 0.983072 0.453124 0.964192 0.424480 0.960938 0.402994 0.962890
1 0.427084 0.945964 0.443360 0.953124 0.459636 0.949218 0.458984 0.940104 0.449870 0.934244 0.432942 0.936198
1 0.433594 0.186848 0.444010 0.191406 0.457032 0.188802 0.453124 0.181640 0.445964 0.179688
1 0.438802 0.260416 0.444010 0.268880 0.449870 0.272136 0.446614 0.278646 0.451172 0.287110 0.449870 0.291666 0.441406 0.283204 0.431640 0.279296
1 0.624348 0.184244 0.630208 0.190756 0.630208 0.205078 0.638672 0.216146 0.639322 0.220704 0.625652 0.210286 0.616536 0.207682 0.623698 0.203124 0.623698 0.193360
1 0.740886 0.199870 0.749348 0.213542 0.758464 0.232422 0.746094 0.225260 0.738282 0.217448 0.742838 0.214192
1 0.804688 0.352864 0.813802 0.348308 0.817058 0.362630 0.800782 0.373698 0.798828 0.361328
1 0.687500 0.584636 0.701822 0.591146 0.718098 0.593750 0.714192 0.583984 0.719402 0.583334 0.723308 0.595052 0.731770 0.598308 0.740886 0.590494 0.733724 0.589192 0.746744 0.581380 0.740886 0.578124 0.743490 0.567708 0.733072 0.563152 0.726562 0.573568 0.710938 0.570312 0.699218 0.570312
1 0.486980 0.130208 0.500652 0.134766 0.509114 0.132162 0.507162 0.115234 0.520182 0.117188 0.507812 0.102214 0.498046 0.111328
1 0.873046 0.919270 0.875652 0.930338 0.891276 0.936848 0.896484 0.928386 0.895182 0.919270
1 0.945312 0.988282 0.964844 0.978516 0.981120 0.975260 0.982422 0.964844 0.962890 0.959636 0.951822 0.968750
1 0.016526 0.972956 0.028546 0.948918 0.067608 0.948918 0.064604 0.936900 0.025540 0.927884
0 0.149740 0.024740 0.149740 0.037760 0.155598 0.051432 0.167968 0.064454 0.187500 0.069662 0.194662 0.080078 0.191406 0.102214 0.177084 0.115234 0.175130 0.111980 0.181640 0.100912 0.186848 0.087890 0.184244 0.078776 0.171876 0.093098 0.166666 0.107422 0.169270 0.121094 0.166016 0.126954 0.161458 0.113932 0.161458 0.096354 0.166016 0.088542 0.180990 0.074218 0.169270 0.070312 0.154948 0.067708 0.149088 0.048828 0.143880 0.036458
1 0.374348 0.956380 0.378256 0.949870 0.397136 0.946614 0.395834 0.938152 0.380860 0.928386 0.375652 0.941406
1 0.712240 0.533854 0.736980 0.537110 0.736980 0.511068 0.726562 0.527994 0.722656 0.527994 0.720704 0.522786