0 0.305338 0.000652 0.291016 0.014974 0.291666 0.006510
0 0.336588 0.166666 0.332032 0.192058 0.320964 0.207032 0.305990 0.214192 0.301432 0.231770 0.312500 0.225260 0.305990 0.236980 0.313802 0.254558 0.296876 0.272136 0.296876 0.266276 0.304036 0.253906 0.304036 0.245442 0.298178 0.246094 0.293620 0.266276 0.289062 0.274088 0.288412 0.279296 0.268230 0.283854 0.261068 0.271484 0.261068 0.260416 0.267578 0.244792 0.268230 0.232422 0.275390 0.246094 0.280598 0.234376 0.281250 0.214192 0.281250 0.206380 0.266276 0.201822 0.261068 0.216146 0.256510 0.199218 0.254558 0.197266 0.236980 0.214192 0.238282 0.201822 0.248698 0.186198 0.255860 0.186848 0.255860 0.174480 0.264974 0.174480 0.263672 0.190104 0.272786 0.188152 0.281250 0.189454 0.283204 0.200520 0.294270 0.204428 0.306640 0.203124 0.319010 0.197916 0.326822 0.182942 0.328124 0.166016 0.309244 0.157552
0 0.229818 0.669270 0.251302 0.707032 0.261718 0.712890 0.247396 0.716146 0.250000 0.725260 0.267578 0.719402 0.279296 0.719402 0.279296 0.714192 0.294922 0.713542 0.307942 0.714192 0.339192 0.737630 0.311848 0.710286 0.293620 0.707682 0.311198 0.696614 0.292318 0.697916 0.277344 0.710286 0.258464 0.704428 0.256510 0.691406
0 0.498046 0.002604 0.500652 0.018230 0.489584 0.048178 0.492188 0.057292 0.486980 0.062500 0.503256 0.069010 0.522136 0.066406 0.511068 0.076172 0.485678 0.076172 0.480468 0.071614 0.472006 0.123698 0.466146 0.124348 0.469402 0.093750 0.471354 0.066406 0.463542 0.059244 0.464844 0.034506 0.454428 0.020834 0.475260 0.026042 0.474610 0.044270 0.480468 0.048178 0.490234 0.026692 0.490234 0.006510
0 0.470052 0.139974 0.477214 0.146484 0.487630 0.125000 0.502604 0.119140 0.519532 0.119140 0.527994 0.131510 0.513672 0.126302 0.500652 0.129558 0.490886 0.146484 0.503906 0.149740 0.513020 0.164714 0.506510 0.169270 0.491536 0.154948 0.488282 0.166016 0.488932 0.181640 0.480468 0.174480 0.481770 0.162760 0.473958 0.164714 0.464844 0.158854 0.472656 0.154296 0.465494 0.147136
0 0.479166 0.175782 0.471354 0.195964 0.486980 0.208334 0.492838 0.215494 0.500000 0.212890 0.500000 0.222656 0.516276 0.242188 0.513672 0.254558 0.492188 0.229166 0.490886 0.242188 0.469402 0.242838 0.464844 0.235678 0.431640 0.247396 0.430338 0.235678 0.440104 0.233724 0.465494 0.227864 0.460286 0.211588 0.443360 0.205078 0.460286 0.200520 0.467448 0.180338
0 0.438152 0.550782 0.448568 0.554688 0.471354 0.594402 0.502604 0.621744 0.492188 0.597656 0.480468 0.582032 0.475260 0.565104 0.461588 0.548828 0.460286 0.531250 0.448568 0.516928 0.453124 0.541666 0.440104 0.529948 0.446614 0.545572
0 0.794270 0.268880 0.809896 0.274740 0.829428 0.263020 0.837890 0.300130 0.844402 0.283854 0.841796 0.263672 0.859376 0.257162 0.864584 0.243490 0.853516 0.217448 0.844402 0.217448 0.852864 0.240886 0.844402 0.254558 0.830078 0.231120 0.824870 0.219402 0.860678 0.184896 0.848958 0.184896 0.821614 0.205078 0.809244 0.213542 0.813802 0.224610 0.802734 0.222006 0.813802 0.231770 0.828124 0.253256 0.811848 0.264974 0.794270 0.259766
0 0.815756 0.453124 0.837240 0.435546 0.833334 0.420572 0.844402 0.408854 0.845052 0.388020 0.824870 0.361328 0.815756 0.335938 0.802734 0.325520 0.796224 0.326172 0.800130 0.341146 0.787110 0.347006 0.787760 0.361328 0.794922 0.355468 0.805338 0.351562 0.815756 0.358072 0.824870 0.375652 0.798828 0.381510 0.807942 0.391276 0.827474 0.389322 0.823568 0.414062 0.813152 0.399088 0.812500 0.417968 0.826172 0.429036 0.815756 0.436848
0 0.798178 0.481120 0.802734 0.496744 0.808594 0.496744 0.811198 0.486980 0.825520 0.482422 0.817708 0.502604 0.837240 0.526692 0.826172 0.533204 0.840494 0.533854 0.856770 0.527994 0.848958 0.541016 0.834636 0.542318 0.835286 0.550782 0.814454 0.533854 0.812500 0.528646 0.797526 0.527344 0.787110 0.513672 0.793620 0.498698
0 0.740886 0.844402 0.763672 0.847656 0.783854 0.848308 0.808594 0.861328 0.805338 0.873046 0.809896 0.893880 0.827474 0.884114 0.828776 0.863932 0.826172 0.860678 0.828124 0.848958 0.850912 0.825520 0.837890 0.823568 0.816406 0.843750 0.813802 0.854818 0.795572 0.845704 0.783854 0.840494 0.757812 0.839844
0 0.771484 0.691406 0.789062 0.692708 0.800130 0.701172 0.795572 0.707032 0.826822 0.722656 0.819662 0.705730 0.841796 0.692708 0.832032 0.688802 0.811198 0.697266 0.815756 0.688152 0.807292 0.661458 0.804036 0.674480 0.792968 0.673828 0.789062 0.666016 0.790364 0.651042 0.772786 0.659506 0.775390 0.670572
0 0.825520 0.010416 0.852214 0.011718 0.860026 0.026042 0.862630 0.003256
0 0.792968 0.119140 0.776692 0.107422 0.785808 0.121744 0.794922 0.126302 0.819662 0.115886 0.839192 0.114584 0.848958 0.104166 0.840494 0.100912 0.841146 0.086588 0.841796 0.070964 0.833984 0.085286 0.833984 0.106120 0.824218 0.103516 0.819662 0.095704 0.824870 0.088542 0.837890 0.073568 0.819010 0.080078 0.813152 0.093750 0.796876 0.095052 0.809244 0.104166 0.809896 0.110678
1 0.231770 0.110678 0.249348 0.126302 0.264322 0.138672 0.280598 0.121744 0.274740 0.096354 0.257812 0.100912
1 0.419922 0.016276 0.436198 0.033854 0.443360 0.033854 0.451172 0.016276 0.442708 0.016276 0.438802 0.022786
1 0.278646 0.012370 0.277344 0.026692 0.283204 0.030598 0.274088 0.037110 0.280598 0.043620 0.301432 0.039062 0.314454 0.022136 0.307292 0.018880 0.297526 0.030598 0.292318 0.026692 0.298178 0.019532 0.308594 0.016276 0.308594 0.012370
1 0.350912 0.236980 0.378906 0.208984 0.360678 0.210938 0.346354 0.207032 0.354166 0.216796
1 0.369792 0.186198 0.375652 0.204428 0.395834 0.201822 0.395834 0.195964 0.383464 0.195312
1 0.295572 0.313802 0.311848 0.323568 0.337890 0.328124 0.356120 0.328124 0.377604 0.319662 0.376954 0.297526 0.355468 0.287760 0.331380 0.296876 0.316406 0.304688
1 0.050782 0.266928 0.070312 0.293620 0.105468 0.291666 0.124348 0.284506 0.122396 0.264974 0.111328 0.253906 0.096354 0.229818 0.080730 0.224610 0.086588 0.246094 0.065104 0.253256 0.077474 0.265624 0.072266 0.273438 0.057292 0.264322
1 0.150390 0.203776 0.157552 0.232422 0.178386 0.240886 0.202474 0.238282 0.210938 0.225912 0.216146 0.209636 0.201822 0.190756 0.185546 0.188152 0.162760 0.192058
1 0.156250 0.295572 0.173828 0.291666 0.198568 0.296876 0.202474 0.311848 0.182942 0.317708 0.162760 0.318360 0.154296 0.302084
1 0.050130 0.490886 0.078124 0.497396 0.085286 0.465494 0.063802 0.466796 0.057942 0.476562 0.063152 0.484376
1 0.104818 0.453776 0.113282 0.469402 0.131510 0.480468 0.162110 0.477864 0.167318 0.465494 0.200520 0.448568 0.197266 0.436198 0.219402 0.432292 0.224610 0.410156 0.205078 0.382162 0.188152 0.352864 0.162110 0.364584 0.141928 0.360678 0.135416 0.377604 0.142578 0.401692 0.137370 0.410156 0.152344 0.418620 0.154948 0.425130 0.144532 0.428386 0.125000 0.416016 0.134114 0.435546 0.126954 0.442708
0 0.256510 0.439454 0.270834 0.451822 0.283204 0.471354 0.293620 0.465494 0.284506 0.453124 0.305990 0.463542 0.296224 0.448568 0.313802 0.455730 0.304688 0.440104 0.293620 0.436848 0.280598 0.428386 0.279948 0.419270 0.284506 0.404948 0.279948 0.392578 0.261068 0.390624 0.251954 0.375000 0.265624 0.376954 0.276692 0.382162 0.298828 0.389974 0.324218 0.389974 0.317058 0.380860 0.298828 0.378256 0.287110 0.367188 0.277344 0.369792 0.257162 0.365234 0.240234 0.363282 0.223958 0.367188 0.240886 0.370442 0.249348 0.384766 0.228516 0.379558 0.211588 0.380208 0.223308 0.404948 0.219402 0.433594 0.240886 0.427084 0.254558 0.432942 0.257162 0.445964
1 0.222006 0.482422 0.211588 0.513020 0.238282 0.524740 0.276042 0.525390 0.306640 0.510416 0.308594 0.485026 0.316406 0.470052 0.331380 0.452474 0.311848 0.460286 0.296224 0.466146 0.285156 0.470052 0.274740 0.466146 0.244792 0.470052
1 0.139974 0.510416 0.141276 0.542318 0.149088 0.562500 0.182942 0.572266 0.203124 0.567708 0.231770 0.565104 0.239584 0.561848 0.231770 0.544922 0.219402 0.544922 0.209636 0.532552 0.197266 0.520182 0.177734 0.514974 0.164714 0.509766
0 0.226562 0.629558 0.241536 0.639322 0.251954 0.643230 0.230468 0.649088 0.237630 0.658854 0.236328 0.669922 0.249348 0.664062 0.273438 0.664714 0.282552 0.649088 0.299480 0.631510 0.294922 0.627604 0.285808 0.636718 0.283204 0.627604 0.288412 0.624348 0.309244 0.619792 0.305338 0.615234 0.276042 0.617188 0.264974 0.628256 0.268880 0.634114 0.253906 0.634114 0.246094 0.628906 0.235026 0.623698
1 0.003906 0.633464 0.013020 0.633464 0.022136 0.625652 0.020182 0.639974 0.019532 0.660156 0.005208 0.647786 0.001954 0.643230
1 0.003906 0.687500 0.017578 0.688152 0.024740 0.699870 0.012370 0.712890 0.001954 0.707682
1 0.444010 0.300782 0.472006 0.303386 0.472006 0.317058 0.455730 0.313152 0.458984 0.324870 0.466796 0.328776 0.467448 0.337240 0.479818 0.342448 0.485026 0.334636 0.485026 0.305990 0.480468 0.285156 0.470052 0.292318
1 0.494792 0.251954 0.499348 0.277994 0.521484 0.289062 0.541666 0.284506 0.541016 0.266928 0.535156 0.231120 0.514322 0.229166 0.514974 0.253906 0.503256 0.245442
0 0.458984 0.367188 0.477864 0.384766 0.496744 0.389322 0.484376 0.406902 0.472656 0.402994 0.466796 0.407552 0.451822 0.403646 0.451822 0.391276 0.437500 0.383464 0.449870 0.380208
0 0.462890 0.601562 0.467448 0.618490 0.457682 0.628906 0.453776 0.639322 0.458984 0.641276 0.459636 0.631510 0.472656 0.617188 0.471354 0.638672 0.468750 0.641928 0.472006 0.651692 0.478516 0.658204 0.510416 0.636718 0.512370 0.644532 0.493490 0.663412 0.476562 0.666666 0.478516 0.673178 0.470052 0.673828 0.465494 0.658854 0.448568 0.651042 0.435546 0.639974 0.432292 0.618490 0.436848 0.617188 0.441406 0.638020 0.445964 0.640624 0.445964 0.627604 0.455078 0.622396 0.458334 0.616536
0 0.417968 0.750652 0.420572 0.743490 0.438802 0.754558 0.458334 0.757812 0.464192 0.750652 0.486328 0.740886 0.479166 0.730468 0.464844 0.740234 0.447266 0.735026 0.432292 0.735026 0.414714 0.735678
0 0.417318 0.910808 0.447916 0.912760 0.463542 0.916666 0.473308 0.912110 0.499348 0.913412 0.489584 0.905598 0.476562 0.904948 0.478516 0.885416 0.472006 0.884766 0.468750 0.902994 0.462240 0.907552 0.444662 0.900390 0.440104 0.890624 0.440104 0.871094 0.425130 0.884766 0.412110 0.894532
1 0.425782 0.830730 0.457032 0.847656 0.483072 0.839844 0.483072 0.828776 0.500652 0.807942 0.473308 0.810546 0.457032 0.810546 0.444010 0.815104 0.438152 0.801432 0.427084 0.807292 0.430338 0.821614
1 0.320312 0.688152 0.312500 0.704428 0.331380 0.714844 0.345052 0.730468 0.361980 0.730468 0.346354 0.715494 0.345704 0.705078 0.350260 0.687500 0.332682 0.675130 0.332032 0.690104 0.327474 0.694010
1 0.274088 0.734376 0.292318 0.748046 0.304036 0.745442 0.319010 0.750000 0.335938 0.740886 0.328776 0.736328 0.313152 0.740234 0.309244 0.733724 0.309244 0.723958 0.294270 0.720704 0.300130 0.728516 0.301432 0.737630 0.288412 0.735678
1 0.315756 0.762370 0.329428 0.782552 0.336588 0.780598 0.359376 0.785156 0.378256 0.788412 0.375652 0.762370 0.367838 0.772136 0.349610 0.756510 0.357422 0.774740 0.335286 0.774088
1 0.298828 0.798828 0.296224 0.830730 0.313152 0.839192 0.318360 0.811848
1 0.343750 0.864584 0.367838 0.848958 0.377604 0.835938 0.370442 0.813152 0.353516 0.819010 0.341146 0.835938 0.339192 0.850260
0 0.213542 0.877604 0.233724 0.891928 0.257812 0.894532 0.284506 0.899740 0.278646 0.891276 0.288412 0.876302 0.287760 0.858072 0.281902 0.867838 0.273438 0.877604 0.263672 0.888020 0.250000 0.880860 0.244140 0.873698 0.257812 0.865234 0.240886 0.862630 0.234376 0.869792 0.231120 0.879558 0.220052 0.873698
0 0.252604 0.801432 0.255860 0.779296 0.263020 0.768230 0.276692 0.764974 0.277344 0.770834 0.266276 0.775390 0.270834 0.792968 0.280598 0.790364 0.272136 0.804036 0.276042 0.813802 0.270182 0.816406 0.278646 0.841146 0.266276 0.844402 0.262370 0.833984 0.264322 0.818360 0.256510 0.813802 0.252604 0.808594
1 0.249348 0.755208 0.268880 0.764322 0.274088 0.738282 0.261718 0.748698
1 0.158204 0.829428 0.173828 0.851562 0.196614 0.861980 0.225260 0.864584 0.220704 0.845052 0.216796 0.827474 0.186848 0.829428 0.171876 0.828124
1 0.084636 0.911458 0.123698 0.923178 0.151692 0.930338 0.167968 0.918620 0.171876 0.907552 0.152344 0.906250 0.126302 0.907552 0.094402 0.907552
1 0.128256 0.984376 0.131510 0.964844 0.156250 0.970704 0.177084 0.979166 0.172526 0.995442 0.127604 0.995442
1 0.223308 0.990886 0.235026 0.998046 0.268880 0.994140 0.274740 0.988282 0.268230 0.969402 0.257812 0.980468 0.240234 0.980468
1 0.283854 0.938802 0.316406 0.936848 0.320964 0.923178 0.338542 0.918620 0.351562 0.923828 0.351562 0.913412 0.341796 0.905598 0.328124 0.908854 0.328124 0.893230 0.319662 0.896484 0.316406 0.891276 0.308594 0.892578 0.295572 0.886068 0.292968 0.895834 0.308594 0.903646 0.288412 0.903646 0.298828 0.911458 0.281250 0.914062 0.276042 0.923178 0.297526 0.921876 0.304688 0.927734 0.283854 0.929036
1 0.013672 0.930338 0.018230 0.949218 0.030598 0.949870 0.030598 0.967448 0.014322 0.961588 0.001302 0.962890 0.003906 0.955078 0.010416 0.955078 0.006510 0.943360
1 0.035808 0.600260 0.044922 0.617188 0.035808 0.638672 0.030598 0.632162 0.033204 0.617188 0.033204 0.607422
1 0.436198 0.559244 0.434244 0.570964 0.453124 0.581380 0.450520 0.585286 0.433594 0.581380 0.423828 0.575520 0.423828 0.569010 0.413412 0.565756 0.401692 0.560546 0.410156 0.555990 0.423178 0.557942 0.430338 0.562500
1 0.386068 0.413412 0.414714 0.420572 0.407552 0.402994
1 0.922526 0.119140 0.945312 0.118490 0.956380 0.119792 0.950520 0.158854 0.939454 0.178386 0.917318 0.180990 0.897786 0.174480 0.895834 0.156902 0.914062 0.143230
1 0.761718 0.287760 0.757812 0.305990 0.772786 0.324870 0.790364 0.316406 0.797526 0.295572 0.793620 0.283854 0.778646 0.285156
1 0.815756 0.326172 0.837240 0.320964 0.852214 0.330730 0.869140 0.342448 0.858072 0.361328 0.850260 0.375000 0.835286 0.371744 0.822916 0.354818
1 0.897786 0.298828 0.907552 0.292968 0.904296 0.282552 0.912760 0.281250 0.927734 0.296876 0.941406 0.317058 0.938152 0.333334 0.934896 0.340494 0.925130 0.332682 0.904948 0.323568 0.909506 0.317708 0.926432 0.322916 0.927084 0.317708 0.920572 0.313802 0.900390 0.315104 0.894532 0.309244 0.907552 0.307942 0.913412 0.304688 0.908854 0.300782
1 0.962890 0.263020 0.967448 0.285808 0.988282 0.291016 0.997396 0.281250 0.996744 0.266276 0.982422 0.268230 0.973958 0.261068
1 0.686198 0.679688 0.704428 0.701822 0.726562 0.714844 0.751302 0.712890 0.768880 0.695312 0.773438 0.671224 0.766928 0.666016 0.741536 0.658854 0.731120 0.658204 0.727214 0.667968 0.701172 0.673828
1 0.757812 0.611980 0.772786 0.617838 0.792968 0.619140 0.817708 0.611980 0.827474 0.631510 0.828776 0.666666 0.821614 0.673828 0.806640 0.662110 0.799480 0.671224 0.791666 0.664062 0.792318 0.651692 0.779948 0.652344 0.766928 0.664062 0.746744 0.647136 0.761718 0.639974 0.763672 0.628906
1 0.920572 0.636068 0.937500 0.641928 0.953776 0.653646 0.951822 0.634114 0.942708 0.621744 0.936198 0.631510
1 0.779296 0.799480 0.805990 0.807942 0.835938 0.807942 0.835938 0.788412 0.838542 0.774740 0.835938 0.752604 0.846354 0.725912 0.838542 0.712890 0.830078 0.726562 0.816406 0.720704 0.811198 0.729818 0.806640 0.715494 0.801432 0.714192 0.803386 0.724610 0.779948 0.703776 0.798178 0.732422 0.768230 0.712890 0.783204 0.733072 0.764974 0.723308 0.766928 0.735026 0.756510 0.728516 0.735678 0.744792 0.746744 0.765624 0.761718 0.792968
1 0.719402 0.866536 0.740886 0.878906 0.736328 0.890624 0.755860 0.888020 0.758464 0.871094 0.746094 0.858724 0.736328 0.858724 0.741536 0.868490
1 0.961588 0.462890 0.977214 0.474610 0.953776 0.476562 0.977214 0.483724 0.966146 0.486980 0.983072 0.498698 0.991536 0.461588
1 0.938802 0.559244 0.945312 0.569662 0.940104 0.584636 0.955078 0.593750 0.962890 0.617188 0.980468 0.626954 0.992838 0.623046 0.998046 0.610678 0.996744 0.597006 0.993490 0.574218 0.984376 0.573568 0.978516 0.584636 0.960938 0.574870 0.960286 0.556640 0.946614 0.544922