0 0.152168 0.126520 0.144934 0.124968 0.135116 0.126002 0.126334 0.121352 0.118066 0.124968 0.102048 0.121352 0.093782 0.118252 0.089130 0.115668 0.084480 0.111534 0.079830 0.104818 0.079314 0.102234 0.088614 0.106884 0.095332 0.111018 0.111348 0.112052 0.123750 0.111534 0.133566 0.109984 0.140284 0.108434 0.138734 0.103784 0.136668 0.095000 0.138734 0.086734 0.140284 0.082600 0.142868 0.089834 0.145450 0.104302 0.149068 0.111534 0.153202 0.119802 0.158368 0.122902 0.170770 0.110502 0.175936 0.102234 0.180586 0.100684 0.181620 0.107402 0.175936 0.116186 0.173352 0.119802 0.175936 0.126520 0.175936 0.132202 0.175420 0.136854 0.170252 0.139954 0.162502 0.142536 0.155268 0.143570 0.147002 0.143054 0.146484 0.142020 0.154234 0.139954 0.162502 0.137370 0.167152 0.135302 0.167152 0.129620 0.159918 0.129102
0 0.142350 0.078466 0.151134 0.076916 0.161468 0.074850 0.166636 0.070198 0.170770 0.081050 0.174902 0.088284 0.179036 0.094484 0.186270 0.100168 0.192988 0.105334 0.198672 0.110502 0.204354 0.115668 0.210556 0.114118 0.204354 0.109468 0.201772 0.105334 0.197120 0.100684 0.192988 0.096550 0.187304 0.090866 0.181620 0.085700 0.180070 0.083116 0.180070 0.078466 0.185754 0.077432 0.191954 0.079500 0.190920 0.073816 0.186270 0.070716 0.178004 0.065548 0.176970 0.059348 0.179554 0.054698 0.188854 0.050048 0.200222 0.045914 0.208488 0.041780 0.205388 0.039714 0.196604 0.039714 0.189370 0.042298 0.181104 0.045398 0.176970 0.046430 0.168186 0.047464 0.162502 0.044880 0.154752 0.041780 0.145450 0.037646 0.138218 0.037646 0.132534 0.038680 0.125816 0.038680 0.120650 0.040230 0.115482 0.042814 0.120132 0.047464 0.130984 0.049014 0.139250 0.049014 0.145968 0.048498 0.150102 0.050048 0.151652 0.055732 0.156302 0.057798 0.160952 0.059864 0.158886 0.064516 0.152168 0.067616 0.144934 0.071232 0.142868 0.072266
0 0.143900 0.257244 0.132534 0.257244 0.123232 0.255694 0.117032 0.251560 0.114448 0.247426 0.117550 0.245876 0.126334 0.248976 0.130984 0.246394 0.125816 0.243294 0.124266 0.236576 0.123232 0.229342 0.121166 0.217974 0.121166 0.215392 0.125816 0.222108 0.129434 0.230892 0.131500 0.238642 0.135116 0.241226 0.140800 0.230892 0.145450 0.226758 0.153202 0.221592 0.154752 0.224176 0.152168 0.234510 0.150102 0.245360 0.152168 0.250010 0.159402 0.254144 0.164568 0.259310 0.167670 0.265512 0.167152 0.276878 0.172320 0.287212 0.175936 0.295996 0.178004 0.300646 0.180070 0.304264 0.176970 0.306848 0.168702 0.296514 0.163018 0.288246 0.157852 0.278428 0.150618 0.264478 0.150102 0.257244
0 0.103082 0.343016 0.111348 0.343532 0.118582 0.343016 0.131500 0.348184 0.139768 0.353866 0.145968 0.362650 0.149584 0.367818 0.158886 0.366268 0.167152 0.360068 0.170252 0.352834 0.171802 0.346634 0.170252 0.333198 0.165086 0.324416 0.159402 0.319764 0.152168 0.316148 0.147518 0.315632 0.151652 0.307880 0.157852 0.299096 0.161986 0.294446 0.162502 0.290830 0.160436 0.287730 0.153718 0.291346 0.147518 0.302714 0.141834 0.310980 0.136150 0.320798 0.133050 0.320798 0.128400 0.318732 0.121166 0.317698 0.116000 0.319764 0.114448 0.322348 0.110832 0.322348 0.104114 0.323382 0.102564 0.328548 0.103598 0.333716 0.107216 0.336300 0.105148 0.337332
0 0.142868 0.565198 0.128400 0.562096 0.119616 0.555896 0.113932 0.547112 0.113416 0.537812 0.112382 0.530578 0.108766 0.526444 0.104114 0.520760 0.096804 0.515410 0.090560 0.511434 0.089992 0.506324 0.091694 0.498376 0.093966 0.493834 0.100778 0.497240 0.104754 0.502918 0.108728 0.503486 0.110998 0.496672 0.112134 0.490428 0.112134 0.485318 0.118380 0.487020 0.119516 0.496672 0.118380 0.504054 0.117244 0.512570 0.117244 0.519952 0.122354 0.523926 0.126896 0.526764 0.128032 0.532442 0.121218 0.532442 0.125194 0.541526 0.126896 0.548340 0.130302 0.553450 0.134278 0.556856
0 0.046840 0.603414 0.039460 0.597736 0.037756 0.590922 0.037188 0.582406 0.037756 0.575592 0.043434 0.578432 0.046274 0.584678 0.054222 0.587516 0.066146 0.587516 0.072958 0.590922 0.078068 0.594896 0.078068 0.593762 0.079204 0.586948 0.084882 0.590922 0.088288 0.596600 0.091126 0.602278 0.092830 0.610226 0.093966 0.619878 0.097940 0.628396 0.101914 0.634640 0.103050 0.639750 0.099644 0.642022 0.094534 0.638616 0.092262 0.631802 0.092830 0.642590 0.090560 0.650538 0.086584 0.657920 0.079772 0.659054 0.071822 0.659622 0.075798 0.655080 0.083178 0.651674 0.086016 0.644292 0.087152 0.638616 0.087152 0.630666 0.087152 0.622150 0.083178 0.614768 0.079772 0.608524 0.075230 0.606820 0.068984 0.604548 0.062738 0.603982 0.056494 0.603982
1 0.597492 0.068538 0.590038 0.064810 0.585564 0.055866 0.595256 0.058848 0.604946 0.062574 0.610166 0.058102 0.613892 0.059592 0.611656 0.066302 0.612402 0.071520 0.607928 0.073012
0 0.820698 0.998068 0.819596 0.986482 0.816284 0.985930 0.814078 0.996966 0.802492 0.999724 0.809112 0.996966 0.808560 0.990896 0.804146 0.989242 0.799182 0.992000
0 0.811872 0.932964 0.824560 0.919724 0.832286 0.912550 0.838906 0.903724 0.843872 0.904274 0.853250 0.911448 0.853250 0.904274 0.844424 0.898758 0.840560 0.885516 0.835044 0.875034 0.831734 0.870068 0.829526 0.879446 0.832286 0.891034 0.828974 0.893792 0.820698 0.894896 0.811872 0.897102 0.805802 0.900412 0.800284 0.905378 0.805250 0.908136 0.815182 0.905378 0.810768 0.915310 0.809112 0.923586
1 0.729664 0.879446 0.721940 0.877240 0.724146 0.870620 0.731870 0.870620 0.737388 0.865102 0.742904 0.861792 0.743456 0.868964 0.741802 0.875584 0.747318 0.876688 0.749526 0.881654 0.755042 0.878896 0.762768 0.876136 0.762216 0.881654 0.755042 0.884412 0.754492 0.886620 0.755594 0.892136 0.752284 0.893240 0.747870 0.891034 0.745664 0.889930 0.743456 0.892688 0.741250 0.887722 0.743456 0.882758 0.739042 0.878896 0.737388 0.883860 0.733526 0.884964
1 0.786492 0.855722 0.794768 0.856274 0.803044 0.862344 0.809112 0.867308 0.814630 0.866206 0.809112 0.856274 0.803596 0.852412 0.802492 0.840826 0.800836 0.835308 0.796974 0.838068 0.795870 0.847998 0.792560 0.849654
0 0.839238 0.444908 0.842962 0.453956 0.852010 0.457680 0.862654 0.457680 0.872764 0.456616 0.878618 0.452890 0.885538 0.446504 0.888730 0.440650 0.888730 0.435860 0.875958 0.433732 0.866378 0.432136 0.859460 0.427878 0.854670 0.419364 0.850946 0.410848 0.863186 0.420960 0.875958 0.425218 0.885538 0.426282 0.889794 0.423620 0.890326 0.416702 0.893520 0.417766 0.895116 0.422556 0.898842 0.426814 0.901502 0.443844 0.898310 0.451294 0.896182 0.461938 0.890326 0.464598 0.883940 0.459810 0.877022 0.464598 0.859460 0.466728 0.847752 0.464598 0.841898 0.460874 0.838704 0.453956
1 0.926516 0.477372 0.920662 0.477372 0.914808 0.475242 0.911614 0.471518 0.918532 0.469920 0.923322 0.470452 0.925984 0.468856 0.929708 0.458744 0.936096 0.448102 0.939820 0.450230 0.939288 0.459810 0.936096 0.467792 0.933966 0.475242 0.935562 0.481096 0.937160 0.485886 0.938224 0.493338 0.935030 0.495998 0.932370 0.488016
0 0.888730 0.353372 0.882344 0.356032 0.885538 0.347518 0.890326 0.345390 0.896714 0.345922 0.898310 0.343260 0.900438 0.337938 0.903100 0.341664 0.903100 0.349114 0.908422 0.357630 0.911614 0.362420 0.907890 0.362952 0.904696 0.362420 0.906292 0.370934 0.914276 0.375724 0.921194 0.381046 0.924920 0.390624 0.925984 0.395414 0.922258 0.400736 0.920662 0.393286 0.919066 0.387432 0.916936 0.393286 0.916936 0.398608 0.918000 0.403930 0.914808 0.409252 0.910550 0.407122 0.910018 0.399672 0.913212 0.392222 0.913744 0.384238 0.911082 0.379450 0.906292 0.377320 0.903100 0.385304 0.901502 0.392222 0.900970 0.401800 0.902568 0.412976 0.906824 0.419364 0.911082 0.424684 0.907356 0.426282 0.902036 0.419364 0.899374 0.416170 0.894584 0.415106 0.891924 0.402334 0.891392 0.381046 0.891392 0.375192 0.889794 0.368274 0.892456 0.360822
0 0.932370 0.285784 0.920662 0.290574 0.906824 0.290574 0.896714 0.289510 0.892988 0.284720 0.893520 0.275140 0.894052 0.266094 0.898842 0.260240 0.905228 0.257578 0.904164 0.250128 0.900970 0.246934 0.899906 0.236290 0.901502 0.228840 0.904164 0.229372 0.904696 0.241080 0.907890 0.249064 0.911082 0.255450 0.916404 0.257046 0.922258 0.263964 0.927048 0.268754 0.932370 0.270350 0.939288 0.275672 0.946206 0.276204 0.944078 0.281526 0.936096 0.281526 0.925984 0.278866 0.915872 0.277270 0.911082 0.273544 0.907356 0.268222 0.902036 0.268754 0.898842 0.270350 0.898310 0.275672 0.898310 0.280994 0.902036 0.283124 0.907890 0.283656 0.912146 0.284188 0.917468 0.285784
0 0.923322 0.147416 0.920130 0.138900 0.913744 0.138368 0.907356 0.138900 0.897778 0.139432 0.898842 0.134644 0.905760 0.131982 0.914276 0.130918 0.920662 0.130918 0.925452 0.129854 0.929708 0.124532 0.931838 0.119210 0.932902 0.110694 0.933434 0.103776 0.937160 0.093664 0.941416 0.093664 0.941950 0.100052 0.948868 0.103244 0.949400 0.111760 0.947270 0.118146 0.945142 0.127192 0.945674 0.134112 0.944078 0.141030 0.943014 0.146884 0.940884 0.152206 0.938224 0.153270 0.938224 0.141562 0.939288 0.134112 0.934498 0.142094 0.931306 0.148480 0.930240 0.154866 0.925984 0.156996 0.921194 0.164446 0.918532 0.175622 0.922258 0.180412 0.919598 0.187330 0.915340 0.187330 0.916404 0.196376 0.919066 0.202764 0.920662 0.208084 0.917468 0.211278 0.915872 0.203828 0.912146 0.195844 0.905760 0.186266 0.905760 0.175622 0.906824 0.160720 0.910018 0.155398 0.915340 0.150076
0 0.942482 0.086214 0.934498 0.080360 0.931306 0.074506 0.922790 0.068120 0.915872 0.060670 0.918532 0.055880 0.927580 0.062266 0.933434 0.068652 0.939288 0.073974 0.944610 0.073974 0.944078 0.065992 0.941950 0.058540 0.939288 0.050558 0.945142 0.054816 0.950996 0.066524 0.952592 0.076102 0.957914 0.078764 0.961108 0.075038 0.965366 0.067056 0.970688 0.064394 0.970154 0.072378 0.966430 0.083022 0.967494 0.088876 0.970688 0.097390 0.973348 0.104308 0.976542 0.111228 0.980266 0.112824 0.983460 0.117614 0.981864 0.122402 0.972284 0.119210 0.971220 0.111760 0.963768 0.105372 0.962172 0.098986 0.957914 0.091004 0.953124 0.088342
0 0.687032 0.542298 0.675856 0.528994 0.668938 0.520478 0.659358 0.515156 0.652972 0.511964 0.646586 0.509834 0.640732 0.508770 0.634878 0.510366 0.628492 0.513560 0.622104 0.507706 0.615186 0.512496 0.609332 0.517286 0.605608 0.524736 0.601882 0.525800 0.600286 0.521542 0.604542 0.515688 0.608800 0.509302 0.615186 0.504512 0.621040 0.501320 0.617316 0.500256 0.610396 0.502916 0.602946 0.505046 0.596028 0.507706 0.588578 0.510900 0.580062 0.515156 0.584320 0.507174 0.592834 0.500256 0.602414 0.496530 0.611994 0.493338 0.618380 0.493338 0.628492 0.494402 0.632748 0.497594 0.635942 0.497594 0.633280 0.492272 0.633280 0.488016 0.640732 0.491740 0.647650 0.499192 0.655100 0.500788 0.668406 0.510366 0.675856 0.519946 0.680114 0.528462
0 0.696078 0.476308 0.682774 0.455552 0.670002 0.439054 0.662018 0.439586 0.656164 0.436926 0.649246 0.437990 0.642328 0.440650 0.634346 0.442780 0.638070 0.434796 0.634878 0.428410 0.657762 0.424684 0.668938 0.426814 0.680646 0.437990 0.687032 0.449698 0.689160 0.457148 0.692886 0.467260
0 0.641264 0.341132 0.636474 0.333682 0.632216 0.333148 0.622104 0.332616 0.616250 0.329956 0.626362 0.324102 0.640200 0.321440 0.650842 0.320376 0.658294 0.321440 0.660954 0.317184 0.664680 0.317184 0.666276 0.323038 0.673194 0.329424 0.678516 0.331020 0.683838 0.335810 0.680114 0.338470 0.671598 0.339002 0.671598 0.344856 0.667872 0.349646 0.663084 0.353904 0.656698 0.356032 0.654036 0.352308 0.664680 0.345390 0.659890 0.342196 0.655100 0.346986 0.651376 0.351776 0.644988 0.353372 0.646586 0.344324 0.652972 0.337938 0.652972 0.333148 0.646054 0.330488 0.642328 0.331552
0 0.358910 0.090322 0.362678 0.071480 0.370842 0.070224 0.377750 0.078388 0.387170 0.084668 0.394080 0.093462 0.399732 0.104766 0.402872 0.117326 0.405384 0.105394 0.405384 0.084040 0.397848 0.073992 0.389682 0.070224 0.382146 0.065828 0.375238 0.062688 0.365818 0.064572 0.360166 0.067084 0.356398 0.072736 0.356398 0.077132
0 0.331906 0.182012 0.350118 0.181384 0.357654 0.182012 0.355142 0.189548 0.358282 0.191432 0.370842 0.191432 0.384658 0.189548 0.391568 0.215296 0.397848 0.228484 0.410408 0.244184 0.409152 0.232252 0.406012 0.220948 0.405384 0.207760 0.402244 0.191432 0.402244 0.183268 0.419828 0.183268 0.428620 0.182012 0.429248 0.175102 0.417316 0.175732 0.402872 0.175102 0.389054 0.178244 0.384658 0.175732 0.381518 0.166938 0.377750 0.168194 0.372726 0.171334 0.368330 0.173218 0.352002 0.171334 0.341954 0.173218 0.334418 0.174474
0 0.280408 0.846450 0.265336 0.845194 0.257800 0.838914 0.257172 0.826354 0.264080 0.819446 0.268476 0.815678 0.271616 0.809398 0.269732 0.800606 0.269732 0.796210 0.277268 0.807514 0.282920 0.827610 0.286060 0.833890 0.292968 0.840170 0.297364 0.841426 0.302388 0.832006 0.310554 0.826354 0.316834 0.816306 0.320602 0.813794 0.321230 0.822586 0.318718 0.826982 0.312438 0.830750 0.306158 0.834518 0.304902 0.839542 0.309298 0.847078 0.306786 0.850846 0.300504 0.855870 0.306786 0.869686 0.314322 0.873456 0.321858 0.879736 0.325626 0.885388 0.326882 0.892296 0.318718 0.890412 0.314950 0.878480 0.309298 0.876596 0.299876 0.873456 0.293596 0.869058 0.289828 0.862150 0.279780 0.862778 0.269732 0.863406 0.263452 0.862778 0.274128 0.857754 0.281664 0.855870 0.289200 0.853986
0 0.233308 0.978962 0.235192 0.961378 0.243356 0.943792 0.249636 0.941280 0.259684 0.935628 0.265336 0.933116 0.272244 0.934372 0.275384 0.935628 0.276012 0.943792 0.282292 0.942536 0.288572 0.950072 0.292340 0.958866 0.290456 0.967030 0.285432 0.972054 0.279152 0.975822 0.272244 0.978962 0.264708 0.983358 0.259684 0.985870 0.253404 0.989638 0.249008 0.990894 0.254660 0.982730 0.261568 0.977706 0.267220 0.972682 0.270988 0.968286 0.274128 0.962006 0.274128 0.953840 0.270988 0.946932 0.265336 0.945676 0.256544 0.950700 0.247752 0.956982 0.242100 0.965146 0.239588 0.972054 0.244612 0.973938 0.246496 0.979590
1 0.168082 0.016238 0.164952 0.013108 0.157440 0.007474 0.166204 0.005596 0.168708 0.001214 0.174342 0.001214 0.176220 0.012482 0.180602 0.019994 0.181854 0.025628 0.174342 0.023124
0 0.304528 0.485948 0.301862 0.476616 0.303194 0.466616 0.305860 0.457284 0.309194 0.445286 0.315860 0.441952 0.322526 0.437954 0.329192 0.437954 0.335858 0.436620 0.338524 0.441286 0.341190 0.451952 0.341856 0.466616 0.341190 0.477950 0.340524 0.487948 0.344524 0.489948 0.347856 0.481282 0.347190 0.467950 0.346524 0.461950 0.347190 0.451952 0.347190 0.444620 0.342524 0.435954 0.347190 0.429288 0.359188 0.423954 0.364522 0.423954 0.370520 0.437954 0.375186 0.433288 0.374520 0.425954 0.373854 0.419288 0.361188 0.415290 0.358522 0.407956 0.353188 0.395292 0.347190 0.381960 0.340524 0.377960 0.343856 0.392624 0.347856 0.401958 0.351856 0.409290 0.350522 0.416622 0.343856 0.418622 0.339858 0.420622 0.333192 0.420622 0.326526 0.421288 0.314526 0.427288 0.307194 0.435954 0.303194 0.446620 0.301862 0.453952 0.300528 0.463284 0.298528 0.473282
1 0.385186 0.600602 0.365188 0.593270 0.355856 0.589270 0.358522 0.567272 0.368520 0.548608 0.382520 0.543276 0.395184 0.544608 0.404516 0.557274 0.408516 0.565940 0.408516 0.577272 0.405184 0.589938
1 0.377186 0.718590 0.362522 0.713924 0.349856 0.708592 0.342524 0.697926 0.352522 0.675262 0.361188 0.665928 0.379852 0.666596 0.389852 0.672594 0.391852 0.678594 0.392518 0.686594 0.392518 0.697926 0.390518 0.708592
1 0.443846 0.393292 0.433180 0.388626 0.427182 0.384626 0.419848 0.376626 0.423848 0.365294 0.436514 0.358628 0.444512 0.361962 0.452512 0.369960 0.455178 0.379292
1 0.387852 0.454618 0.395852 0.441952 0.401850 0.429288 0.407184 0.435954 0.409850 0.429954 0.426514 0.432620 0.425848 0.426622 0.415182 0.423954 0.410516 0.415956 0.411850 0.407956 0.405850 0.398624 0.405184 0.413956 0.403184 0.422622 0.397184 0.427954 0.389186 0.432620 0.387852 0.439286 0.386518 0.447952
0 0.391852 0.419288 0.369854 0.398624 0.361854 0.389292 0.348522 0.379292 0.331192 0.376626 0.319192 0.365294 0.314526 0.349296 0.326526 0.361294 0.334524 0.363962 0.337190 0.361294 0.346524 0.368628 0.346524 0.365960 0.345856 0.353962 0.345856 0.348630 0.350522 0.345964 0.356522 0.355296 0.356522 0.368628 0.364522 0.378626 0.369854 0.383292 0.372520 0.378626 0.369188 0.364628 0.374520 0.369294 0.370520 0.352630 0.370520 0.342630 0.379186 0.353296 0.381852 0.367960 0.385852 0.390624 0.393852 0.385958 0.391852 0.373294 0.389186 0.357296 0.397184 0.362628 0.401850 0.373960 0.402518 0.385958 0.395852 0.390624 0.392518 0.398624 0.393184 0.407956
1 0.006014 0.600664 0.018416 0.604538 0.029266 0.608414 0.037792 0.600664 0.031592 0.589812 0.022290 0.580512 0.016090 0.574312 0.009114 0.573536 0.001364 0.578188
1 0.026940 0.569662 0.038566 0.569662 0.033916 0.562686 0.025390 0.561910 0.019190 0.558810 0.009114 0.553386 0.006790 0.561136 0.013764 0.565786
1 0.066146 0.308174 0.051384 0.293980 0.039460 0.295114 0.037756 0.290572 0.047976 0.284328 0.045706 0.278082 0.049680 0.273540 0.051950 0.280352 0.055358 0.280920 0.061036 0.278082 0.061036 0.284328 0.059332 0.291708 0.065010 0.297954
1 0.091694 0.292276 0.085450 0.291708 0.079772 0.290004 0.082610 0.286030 0.093398 0.286030 0.094534 0.275810 0.097940 0.271836 0.100778 0.280352 0.100778 0.288870 0.100778 0.297954 0.097372 0.303632 0.095670 0.296818
0 0.058166 0.396452 0.065638 0.411928 0.088584 0.416730 0.100858 0.418332 0.106194 0.425802 0.113666 0.434874 0.120602 0.445014 0.129142 0.447682 0.122738 0.439144 0.123804 0.433808 0.121136 0.423134 0.130742 0.421000 0.138746 0.415130 0.137146 0.409794 0.126472 0.412462 0.120602 0.414596 0.108330 0.411928 0.102460 0.409260 0.110464 0.406592 0.113666 0.403924 0.106194 0.398054 0.099258 0.398054 0.096056 0.399654 0.091786 0.402856 0.079512 0.402322 0.069906 0.401788
1 0.256576 0.206274 0.263552 0.201292 0.275674 0.201454 0.284272 0.183028 0.292870 0.182414 0.299012 0.194084 0.305154 0.189784 0.302084 0.181800 0.297784 0.176272 0.283658 0.171974 0.278130 0.183028 0.269532 0.184872 0.262160 0.182414 0.256634 0.179344 0.257862 0.186100 0.259090 0.191628 0.255404 0.198998
1 0.181088 0.194698 0.192144 0.192242 0.201970 0.195312 0.213026 0.194698 0.208726 0.188556 0.203198 0.187328 0.200742 0.183642 0.197056 0.184258 0.193372 0.186714 0.183544 0.188556
1 0.193036 0.141586 0.183422 0.139056 0.179374 0.133996 0.186964 0.134502 0.192530 0.135514 0.195566 0.132478 0.198602 0.136020 0.202650 0.140068 0.209734 0.140068 0.211252 0.143104 0.205180 0.144622 0.199614 0.143610 0.197084 0.150694 0.192024 0.152718 0.184940 0.155754 0.187470 0.149176
1 0.256790 0.148670 0.250718 0.141080 0.248694 0.143610 0.243634 0.145634 0.242622 0.141080 0.247682 0.136526 0.242622 0.126912 0.240598 0.119322 0.245658 0.121346 0.252236 0.132478 0.256790 0.134502 0.258814 0.137538
1 0.283608 0.144622 0.290186 0.132984 0.292716 0.138550 0.299294 0.144116 0.300812 0.138044 0.299294 0.132984 0.295752 0.127418 0.297776 0.121346 0.296764 0.117298 0.290692 0.122864 0.286138 0.119828 0.282090 0.117804 0.285126 0.126912 0.286138 0.131972 0.281078 0.136526
1 0.331172 0.138550 0.315486 0.135514 0.312450 0.131466 0.327630 0.129442 0.332690 0.129948 0.339266 0.121346 0.329654 0.110720 0.331172 0.107178 0.342302 0.113250 0.352422 0.111732 0.360518 0.109202 0.349892 0.118310 0.345338 0.123876 0.343314 0.130454 0.340784 0.135514 0.343820 0.143104 0.341290 0.145634 0.336736 0.142092
1 0.311944 0.103638 0.306378 0.094530 0.298282 0.089976 0.287656 0.085928 0.285126 0.079856 0.293728 0.081880 0.301824 0.085422 0.308402 0.086940 0.310932 0.083904 0.312450 0.076820 0.316498 0.076820 0.317004 0.083398 0.313968 0.088458 0.308908 0.091494 0.313968 0.098072
1 0.197374 0.360786 0.199544 0.355902 0.202800 0.361870 0.205512 0.356988 0.203884 0.350478 0.210394 0.349934 0.217990 0.347764 0.217990 0.342340 0.214192 0.341254 0.208224 0.340712 0.204970 0.341796 0.200086 0.343424 0.195204 0.340712 0.193576 0.346138 0.195746 0.350478
1 0.172418 0.395508 0.180014 0.392252 0.186524 0.386284 0.195204 0.392796 0.199544 0.392252 0.196290 0.384658 0.199002 0.381402 0.194118 0.378690 0.190864 0.380860 0.185438 0.378146 0.181640 0.379774 0.181640 0.382486 0.176758 0.384658 0.171332 0.387370
1 0.165908 0.432942 0.174046 0.430772 0.182184 0.438910 0.185980 0.434570 0.185438 0.431316 0.186524 0.425348 0.181640 0.423178 0.181640 0.413412 0.179470 0.405274 0.175130 0.400390 0.171876 0.406902 0.170248 0.416666 0.170790 0.422092 0.169162 0.424262 0.165364 0.425348
1 0.132812 0.457356 0.132812 0.442166 0.128472 0.441080 0.127930 0.434028 0.127930 0.425890 0.132270 0.425890 0.136610 0.429144 0.145834 0.423720 0.148546 0.425348 0.142036 0.435656 0.143664 0.444336 0.144748 0.451388 0.142578 0.455186 0.139866 0.448676 0.138780 0.443250 0.136068 0.435656 0.134982 0.435656 0.136068 0.444336 0.136068 0.448676
1 0.101848 0.523036 0.094722 0.516748 0.089692 0.510462 0.083406 0.510462 0.080052 0.510042 0.078376 0.515072 0.079634 0.523036 0.084664 0.525550 0.093464 0.528064
1 0.284168 0.452622 0.276204 0.450946 0.275366 0.446336 0.275784 0.443402 0.280814 0.445496 0.284586 0.446336 0.284586 0.440048 0.284586 0.432084 0.287940 0.433762 0.287940 0.437114 0.289196 0.442564 0.290034 0.448430 0.292550 0.453880 0.294226 0.458070 0.294226 0.461842 0.288778 0.459748 0.287100 0.456814
0 0.318944 0.540036 0.297868 0.537226 0.290842 0.533948 0.287096 0.526454 0.288500 0.518492 0.290842 0.514744 0.295994 0.510530 0.295994 0.516150 0.292716 0.523644 0.296462 0.528328 0.302552 0.531138 0.306768 0.533012 0.313324 0.534416 0.319414 0.534416 0.315666 0.527858 0.312856 0.523176 0.312856 0.520834 0.319414 0.522706 0.321756 0.525048 0.331590 0.521770 0.336744 0.521302 0.342364 0.522706 0.349858 0.525986 0.345642 0.527390 0.340022 0.528796 0.335806 0.528796 0.328780 0.530200 0.327376 0.535352 0.327376 0.545658 0.319414 0.553152 0.309108 0.562988 0.303488 0.573760 0.302084 0.579848 0.298336 0.576102 0.299742 0.568608 0.306298 0.561114 0.309578 0.555494 0.310514 0.550810 0.314730 0.544720
1 0.279602 0.510998 0.292248 0.502098 0.306768 0.498352 0.305830 0.493200 0.296462 0.494136 0.292248 0.483364 0.288968 0.484768 0.286626 0.492262 0.284286 0.495542 0.282412 0.503036
1 0.208408 0.592026 0.195762 0.592026 0.185926 0.586406 0.191078 0.582190 0.197168 0.581254 0.204662 0.583128 0.210750 0.580786 0.211218 0.575164 0.215902 0.568608 0.218712 0.562988 0.219180 0.569076 0.215902 0.577506 0.215902 0.585938 0.220586 0.591558 0.223396 0.594836 0.222928 0.598584 0.217308 0.597178 0.213560 0.595306
0 0.252904 0.747526 0.274450 0.762046 0.288968 0.767198 0.300678 0.763452 0.307704 0.754084 0.310982 0.745186 0.314730 0.734880 0.321756 0.737222 0.326438 0.734880 0.317540 0.726918 0.308640 0.729728 0.302552 0.742844 0.296932 0.752680 0.289438 0.753148 0.278664 0.755490 0.270234 0.750806 0.258056 0.745654
1 0.320350 0.755490 0.314730 0.755490 0.314730 0.750338 0.318008 0.747058 0.322692 0.747996 0.323628 0.741906 0.325034 0.733944 0.328312 0.732538 0.331122 0.736754 0.330654 0.742374 0.330186 0.748932 0.325970 0.749868 0.327844 0.755490 0.326908 0.758300
1 0.151734 0.718956 0.142836 0.718956 0.131594 0.719424 0.131126 0.713804 0.139088 0.710526 0.148924 0.710526 0.144710 0.703968 0.150798 0.703968 0.153608 0.712868 0.159228 0.715678 0.163444 0.719892 0.162040 0.722234
1 0.166254 0.774692 0.178432 0.774224 0.188268 0.774224 0.192484 0.769072 0.194358 0.776098 0.196698 0.780314 0.199040 0.785466 0.202320 0.786402 0.200446 0.776098 0.205130 0.774224 0.199040 0.767198 0.198572 0.756426 0.196698 0.748464 0.192484 0.758300 0.192484 0.764388 0.181242 0.762514 0.172344 0.766730
1 0.248220 0.802796 0.246346 0.794364 0.250562 0.787338 0.245878 0.780314 0.245410 0.772820 0.252436 0.779376 0.257588 0.779844 0.264614 0.774224 0.266486 0.777034 0.264144 0.784060 0.258992 0.784998 0.256650 0.788276 0.258992 0.794832 0.259462 0.797174 0.256182 0.797174 0.253840 0.796238
1 0.179370 0.832772 0.195294 0.831366 0.196698 0.834176 0.198572 0.839796 0.202788 0.837456 0.201852 0.828556 0.205598 0.830898 0.211686 0.832772 0.219650 0.834644 0.221992 0.832302 0.216840 0.829024 0.208408 0.823404 0.210750 0.816846 0.211218 0.811694 0.207472 0.810290 0.205598 0.815910 0.202320 0.820594 0.199510 0.820126 0.199040 0.825278 0.193420 0.825746 0.188268 0.824808 0.182180 0.825746 0.178900 0.827150
0 0.075390 0.802796 0.065086 0.792022 0.057124 0.789680 0.037452 0.785934 0.035578 0.776098 0.042604 0.779376 0.052440 0.780782 0.058060 0.783124 0.059464 0.775162 0.065086 0.775162 0.067896 0.781250 0.076794 0.777972 0.088504 0.778908 0.098808 0.781250 0.106302 0.785934 0.116138 0.790618 0.121290 0.793896 0.121290 0.797644 0.111922 0.795302 0.099746 0.790618 0.092720 0.786870 0.084288 0.785934 0.075390 0.787338 0.071174 0.789680 0.074452 0.792960
1 0.139088 0.797174 0.123632 0.789680 0.115202 0.782656 0.119886 0.782186 0.128784 0.786870 0.135810 0.790150 0.141430 0.787808 0.147052 0.787808 0.147988 0.791554 0.146582 0.795302 0.152204 0.797174 0.155482 0.799986 0.158760 0.805606 0.158760 0.808416 0.154546 0.804668 0.148456 0.801858 0.143772 0.799516
1 0.006538 0.829492 0.000450 0.838392 0.003728 0.839796 0.008412 0.836050 0.008880 0.842608 0.011222 0.847290 0.016842 0.846822 0.014032 0.837924 0.013564 0.834176 0.017780 0.829024 0.019184 0.824808 0.019654 0.819188 0.015906 0.821530 0.011222 0.824340
0 0.049160 0.834176 0.043072 0.828088 0.040730 0.824808 0.037452 0.814036 0.035578 0.809352 0.032768 0.805606 0.038856 0.805138 0.042604 0.807480 0.048692 0.808884 0.058060 0.808416 0.066022 0.806542 0.071642 0.803732 0.077732 0.809352 0.079606 0.816378 0.078668 0.826682 0.074922 0.822936 0.073048 0.811694 0.068832 0.813100 0.060402 0.814504 0.055250 0.813568 0.047288 0.813568 0.053376 0.822468 0.060402 0.826682 0.065086 0.831366 0.057592 0.833240
1 0.022164 0.878564 0.028166 0.867484 0.024934 0.861942 0.018930 0.869330 0.014314 0.873948 0.012466 0.880412 0.017084 0.882720 0.019392 0.889184 0.024934 0.892416 0.024934 0.886414
1 0.071568 0.951980 0.065104 0.954750 0.061410 0.952904 0.066028 0.947824 0.070644 0.944130 0.071106 0.937666 0.074800 0.941360 0.076648 0.948286 0.083112 0.951980 0.089114 0.954288 0.094194 0.957058 0.094194 0.960752 0.089576 0.958444 0.082188 0.956598
1 0.005080 0.998154 0.007850 0.989380 0.013852 0.985686 0.015698 0.993074
0 0.015698 0.996306 0.032782 0.995382 0.035092 0.985224 0.039708 0.991228 0.044326 0.996768 0.047096 0.985686 0.051714 0.970910 0.054022 0.969064 0.054946 0.993074
0 0.012466 0.913194 0.032322 0.909962 0.040632 0.911348 0.045712 0.920120 0.047096 0.926584 0.048020 0.934434 0.048020 0.940898 0.044788 0.955212 0.042018 0.968140 0.049406 0.967218 0.052638 0.949210 0.054022 0.931202 0.052638 0.918736 0.059564 0.917350 0.068798 0.916426 0.071106 0.910886 0.066952 0.908578 0.061410 0.908116 0.054484 0.910424 0.050790 0.912270 0.041556 0.905346 0.039708 0.903036 0.039708 0.892878 0.038324 0.885952 0.035554 0.889184 0.035092 0.901190 0.026318 0.899342 0.024010 0.899804 0.014314 0.902112 0.005540 0.903498 0.000000 0.905806
1 0.188386 0.903498 0.174534 0.898880 0.177304 0.896110 0.187924 0.895648 0.187002 0.882720 0.190234 0.882720 0.193004 0.892878 0.201316 0.899342 0.206856 0.902112 0.208702 0.904884 0.202700 0.905806 0.197160 0.903036 0.193466 0.902112
0 0.511554 0.994346 0.516774 0.990430 0.519384 0.981296 0.527648 0.980860 0.535478 0.979120 0.542874 0.983470 0.547658 0.983036 0.548092 0.977816 0.562448 0.979990 0.568538 0.983036 0.577672 0.983036 0.577238 0.997826 0.582458 0.998260 0.583762 0.994346 0.586808 0.995650 0.593768 0.998260 0.593332 0.990430 0.595942 0.992606 0.601162 0.997390 0.606818 0.995650 0.599422 0.989560 0.599422 0.981730 0.596812 0.978250 0.593332 0.967376 0.590722 0.964766 0.588548 0.966506 0.588112 0.976946 0.576802 0.971290 0.565058 0.964766 0.558532 0.964766 0.547658 0.966070 0.522428 0.969986 0.515468 0.976076 0.513294 0.981730 0.512424 0.985210
1 0.630306 0.942146 0.611168 0.943886 0.611168 0.939970 0.619868 0.935186 0.629436 0.935186 0.632482 0.926050 0.636832 0.921266 0.639876 0.923876 0.637702 0.932576 0.635526 0.938230 0.635526 0.945626 0.635526 0.949976 0.632046 0.951716
0 0.561578 0.912566 0.571582 0.900822 0.575498 0.898646 0.573758 0.906476 0.572018 0.913436 0.581152 0.902562 0.587678 0.894732 0.591158 0.896906 0.596378 0.893426 0.600728 0.889512 0.601598 0.878636 0.602032 0.871676 0.600292 0.864282 0.598118 0.866022 0.596378 0.873852 0.594202 0.864282 0.592028 0.853842 0.589852 0.849926 0.586808 0.848186 0.582458 0.848186 0.582022 0.856452 0.584632 0.869502 0.586808 0.876896 0.585938 0.883422 0.580282 0.886466 0.577672 0.889946 0.572452 0.894732 0.563752 0.899082 0.563318 0.902996
1 0.611168 0.846012 0.605512 0.838182 0.603338 0.829918 0.608558 0.832962 0.612472 0.836878 0.616822 0.839922 0.622478 0.842968 0.622478 0.845142 0.618562 0.845576 0.618998 0.848186 0.618562 0.852972 0.613342 0.849926
1 0.567668 0.816432 0.565058 0.809472 0.574628 0.790768 0.571582 0.787288 0.568538 0.789462 0.563318 0.803382 0.559402 0.800338 0.555488 0.799032 0.556358 0.803382 0.559402 0.806428 0.559838 0.812082 0.560708 0.815128
1 0.588982 0.839488 0.586372 0.831658 0.595942 0.829048 0.600292 0.825568 0.609862 0.800772 0.606382 0.799032 0.598552 0.815128 0.595072 0.822088 0.585502 0.823392 0.580718 0.819478 0.574192 0.811648 0.574192 0.819478 0.577238 0.825132 0.580282 0.829918 0.581588 0.835572
1 0.673372 0.797728 0.662932 0.790768 0.656406 0.782938 0.658582 0.778588 0.666412 0.783808 0.673806 0.789028 0.681202 0.785982 0.690336 0.779022 0.693382 0.775978 0.695122 0.781198 0.689466 0.789028 0.683812 0.794248 0.683812 0.800772 0.683812 0.806862 0.682072 0.811648 0.679462 0.806428 0.679462 0.799902
1 0.868652 0.837550 0.865854 0.824498 0.857930 0.817972 0.859328 0.814710 0.872846 0.829160 0.876576 0.836152 0.883102 0.839414 0.887296 0.843144 0.885432 0.846406 0.878906 0.842212 0.877042 0.841280 0.875644 0.845474 0.873312 0.849204 0.868652 0.850602 0.868652 0.842212
0 0.810850 0.831024 0.818774 0.822168 0.823436 0.817972 0.833690 0.811446 0.838818 0.807718 0.840216 0.813778 0.844878 0.821702 0.850006 0.818904 0.850006 0.808650 0.844878 0.805386 0.840216 0.801192 0.838818 0.795598 0.845810 0.789072 0.859328 0.781148 0.855600 0.777418 0.848608 0.780682 0.836954 0.784410 0.825766 0.790936 0.827164 0.793734 0.828098 0.801658 0.830894 0.806786 0.825766 0.812378 0.818774 0.814244 0.810384 0.817040 0.810384 0.823566
0 0.893822 0.749916 0.884966 0.760638 0.870516 0.761104 0.860726 0.756442 0.851870 0.747586 0.845810 0.739194 0.840682 0.733602 0.839750 0.723812 0.842548 0.716354 0.844878 0.712624 0.841148 0.712158 0.839750 0.705166 0.839284 0.695378 0.840216 0.684656 0.841148 0.682326 0.844412 0.687454 0.846276 0.707498 0.850472 0.712624 0.853268 0.717752 0.850006 0.728008 0.850472 0.736864 0.854666 0.744322 0.861192 0.751314 0.864922 0.753180 0.870982 0.755510 0.877508 0.755510 0.885432 0.752712 0.887296 0.749916 0.887762 0.745254 0.891492 0.739194 0.894754 0.740594 0.894754 0.744322
0 0.851404 0.684190 0.846276 0.679530 0.846276 0.668342 0.844878 0.659018 0.848608 0.647366 0.855600 0.637576 0.863524 0.636178 0.878906 0.635246 0.884966 0.635712 0.884966 0.639442 0.879838 0.646434 0.874710 0.651560 0.869118 0.658086 0.867252 0.663214 0.876110 0.660418 0.882636 0.652026 0.887762 0.645034 0.891026 0.631516 0.890094 0.624524 0.877042 0.624990 0.865854 0.627322 0.855134 0.619864 0.847208 0.607744 0.837420 0.599352 0.835556 0.600286 0.840682 0.612404 0.844878 0.621262 0.851870 0.625922 0.846276 0.635246 0.843014 0.642238 0.840682 0.647832 0.838352 0.655290 0.835556 0.666478 0.836488 0.673936 0.839284 0.679996 0.841616 0.683258 0.846742 0.685588
1 0.853734 0.608676 0.868652 0.616600 0.880770 0.607744 0.883568 0.596090 0.880304 0.595624 0.875644 0.598886 0.873312 0.604946 0.868652 0.606812 0.862126 0.606812
0 0.861192 0.531296 0.845810 0.527568 0.843946 0.516846 0.849074 0.508922 0.856532 0.511718 0.867718 0.514516 0.867718 0.510320 0.870050 0.505658 0.876110 0.502396 0.877042 0.507058 0.875644 0.519644 0.879838 0.523838 0.883568 0.529432 0.889628 0.534560 0.894754 0.538754 0.899882 0.544814 0.899416 0.550874 0.895688 0.549476 0.891026 0.543882 0.890094 0.539688 0.887762 0.546214 0.883102 0.548544 0.877974 0.549942 0.876110 0.545746 0.882170 0.542484 0.884034 0.540154 0.877974 0.534094 0.874710 0.531296 0.872380 0.530364
1 0.866786 0.601684 0.870050 0.590496 0.868186 0.585834 0.861660 0.581174 0.862126 0.570918 0.867252 0.561130 0.871914 0.548544 0.869118 0.542950 0.868652 0.550874 0.863058 0.556002 0.861192 0.562062 0.857930 0.552740 0.859794 0.547146 0.863524 0.538754 0.867718 0.532228 0.863524 0.532228 0.857930 0.539220 0.857464 0.546680 0.854200 0.545746 0.852802 0.538754 0.849074 0.540620 0.853268 0.551806 0.855600 0.558332 0.856998 0.564858 0.856998 0.570918 0.856998 0.580242 0.860726 0.587234 0.864922 0.589564 0.864456 0.594226
1 0.809918 0.044646 0.819706 0.034858 0.820638 0.029730 0.815978 0.028798 0.811782 0.032062 0.808520 0.038588 0.800594 0.035324 0.792204 0.035324 0.791272 0.039520 0.798730 0.041850 0.801994 0.043248 0.798264 0.048842 0.799196 0.053038 0.807120 0.050240
1 0.903146 0.025068 0.907340 0.019010 0.906874 0.012018 0.903612 0.009220 0.902214 0.014348 0.900814 0.015746 0.894754 0.011550 0.888696 0.012484 0.880770 0.009220 0.880304 0.014348 0.884500 0.016212 0.894288 0.019942 0.893356 0.027866 0.893356 0.033460 0.894288 0.038588 0.899882 0.034858
1 0.936708 0.014348 0.933444 0.020874 0.927384 0.021806 0.926452 0.014814 0.932978 0.009220 0.939970 0.004558 0.939454 0.000000 0.945098 0.001762 0.946962 0.007822 0.951158 0.000830 0.955820 0.000364 0.957218 0.005958 0.954888 0.012950 0.951158 0.014814 0.944166 0.014348
0 0.636980 0.082870 0.648634 0.078208 0.655626 0.076810 0.663084 0.078676 0.674270 0.085668 0.687322 0.097320 0.700840 0.107110 0.710630 0.115034 0.713426 0.120628 0.710164 0.125290 0.698044 0.127620 0.686856 0.129484 0.676602 0.132748 0.675204 0.136010 0.684992 0.136476 0.695714 0.135544 0.705968 0.132748 0.715292 0.130416 0.720418 0.121094 0.720418 0.111770 0.718088 0.104312 0.712960 0.099186 0.717622 0.095456 0.730674 0.101982 0.741862 0.111304 0.746056 0.108508 0.736268 0.097320 0.729276 0.093126 0.719952 0.092194 0.719020 0.084268 0.715758 0.084734 0.712028 0.089862 0.705036 0.091260 0.695714 0.089862 0.686390 0.079142 0.678000 0.074480 0.666812 0.070284 0.657490 0.069818 0.648634 0.071216 0.643506 0.074480
0 0.712740 0.085952 0.713788 0.067084 0.716584 0.054506 0.721824 0.045770 0.717982 0.041928 0.707848 0.043674 0.693524 0.044722 0.688982 0.050662 0.687584 0.059048 0.684440 0.064988 0.679198 0.071626 0.675006 0.069530 0.671162 0.065338 0.668368 0.068832 0.665222 0.064988 0.657186 0.059746 0.650198 0.059746 0.646704 0.052758 0.656836 0.052410 0.664524 0.052758 0.670464 0.051710 0.674306 0.047518 0.674656 0.041228 0.684090 0.040180 0.687934 0.037036 0.689330 0.027252 0.685836 0.021662 0.684090 0.013626 0.679548 0.010482 0.679198 0.006638 0.686536 0.004542 0.688632 0.011880 0.691776 0.017470 0.696668 0.022012 0.701210 0.027252 0.704354 0.034590 0.710644 0.036686 0.712390 0.037386 0.716584 0.037386 0.720428 0.026904 0.720078 0.022710 0.709596 0.019916 0.714836 0.017120 0.720078 0.017120 0.726018 0.017120 0.729860 0.016772 0.730210 0.022362 0.730210 0.027952 0.729162 0.033192 0.725668 0.034590 0.726366 0.038084 0.726716 0.045422 0.722174 0.054506 0.720428 0.059746 0.719378 0.064638 0.718330 0.069880 0.717632 0.074072 0.716934 0.081410
1 0.665222 0.041578 0.656138 0.046120 0.652994 0.041928 0.660330 0.037386 0.657536 0.021662 0.658584 0.010482 0.662078 0.012228 0.663824 0.019566 0.665572 0.030746 0.666970 0.035638
2 0.061198 0.182834 0.063910 0.170356 0.068794 0.166016 0.061198 0.152452 0.057942 0.142144 0.066624 0.145942 0.073676 0.157336 0.075846 0.151910 0.079102 0.154622 0.083442 0.158962 0.089952 0.157336 0.089952 0.162760 0.083984 0.166558 0.086154 0.174696 0.095378 0.177952 0.097006 0.183920 0.089410 0.181750 0.085070 0.181206 0.079102 0.183376 0.070422 0.185546 0.062826 0.188260
1 0.187608 0.220270 0.181640 0.215928 0.174046 0.210504 0.176216 0.207790 0.185438 0.211588 0.191948 0.213758 0.194662 0.209418 0.199544 0.208334 0.197916 0.213216 0.196832 0.218642
1 0.317274 0.227864 0.334092 0.221354 0.336264 0.225694 0.338976 0.226236 0.338976 0.216472 0.341146 0.208334 0.340060 0.200738 0.335178 0.197482 0.336806 0.205078 0.336806 0.211046 0.333550 0.213216 0.327582 0.215928 0.320530 0.220812
1 0.437718 0.168186 0.423612 0.171984 0.420898 0.167644 0.431206 0.162760 0.429036 0.155708 0.419814 0.148654 0.419814 0.143230 0.427952 0.144314 0.430122 0.131836 0.432292 0.123698 0.435004 0.124240 0.436632 0.133464 0.435004 0.144856 0.435004 0.154080 0.436632 0.160048 0.444228 0.151368 0.448026 0.158420 0.451280 0.169814 0.458876 0.179036 0.464844 0.182292 0.460504 0.185004 0.452908 0.177408 0.444770 0.173068
1 0.420356 0.240342 0.423068 0.230578 0.430664 0.227864 0.432292 0.234376 0.437174 0.227322 0.444770 0.230034 0.448026 0.225694 0.443684 0.222982 0.438802 0.220270 0.441514 0.212132 0.442058 0.205620 0.437718 0.206706 0.435004 0.214302 0.432834 0.221354 0.427408 0.222982 0.421984 0.226236 0.417100 0.228950 0.416016 0.232748
1 0.366102 0.242514 0.369900 0.232204 0.373698 0.230034 0.376954 0.221896 0.378038 0.208876 0.376954 0.206164 0.373698 0.213216 0.371528 0.221896 0.367188 0.222982 0.364474 0.228408 0.364474 0.233832
1 0.391742 0.266350 0.382804 0.252940 0.384592 0.249812 0.392636 0.256070 0.396212 0.252046 0.396658 0.245342 0.401576 0.247130 0.402022 0.253834 0.400234 0.259644 0.398446 0.265902 0.400234 0.271266 0.401576 0.275288 0.398894 0.278416 0.394424 0.272160
1 0.369966 0.799522 0.366680 0.796706 0.361516 0.793420 0.361986 0.787786 0.369966 0.789664 0.369498 0.781212 0.370906 0.774640 0.375600 0.771822 0.378888 0.776518 0.377010 0.778864 0.376070 0.789664 0.377948 0.797644 0.379826 0.804688 0.382644 0.809852 0.375600 0.811730 0.373722 0.806096
1 0.366680 0.878400 0.359168 0.882156 0.359168 0.876052 0.360108 0.868070 0.363864 0.865722 0.368558 0.871826 0.374662 0.873704 0.380766 0.877930 0.379356 0.884034 0.373722 0.883564
1 0.746372 0.225208 0.743272 0.211774 0.734488 0.208158 0.731388 0.202474 0.743272 0.205574 0.752056 0.203508 0.758256 0.202474 0.759806 0.206608 0.753090 0.210224 0.749990 0.211258 0.750506 0.217458
0 0.693152 0.270162 0.691086 0.262412 0.680236 0.250010 0.677136 0.240194 0.667318 0.237092 0.663184 0.230376 0.670418 0.228826 0.672484 0.225726 0.669902 0.219008 0.676102 0.219526 0.681786 0.227792 0.686436 0.235026 0.687986 0.231410 0.691602 0.240194 0.693670 0.248976 0.697802 0.247944 0.704520 0.246394 0.704004 0.251560 0.696770 0.255178 0.696770 0.260862
0 0.602436 0.633986 0.615540 0.632114 0.618660 0.623378 0.626148 0.600914 0.636132 0.592178 0.647364 0.588434 0.646116 0.599666 0.652980 0.592802 0.650484 0.577826 0.640500 0.586562 0.628644 0.591554 0.621780 0.590306 0.620532 0.594674 0.620532 0.599666 0.613044 0.599666 0.612420 0.605906 0.616164 0.607778 0.614916 0.617138 0.612420 0.623378 0.604932 0.625250
1 0.592584 0.648744 0.583892 0.634940 0.586960 0.632894 0.596674 0.641586 0.607922 0.645676 0.609968 0.650278 0.601276 0.651300 0.600764 0.656924 0.595652 0.654880
1 0.611362 0.465624 0.608034 0.459920 0.608510 0.448516 0.600432 0.440912 0.605184 0.439486 0.615638 0.445664 0.613262 0.439012 0.613738 0.431408 0.605184 0.416676 0.616114 0.422378 0.625618 0.415250 0.635122 0.415726 0.639398 0.423804 0.633696 0.423330 0.624668 0.424280 0.621816 0.429032 0.620390 0.436636 0.619440 0.441388 0.622766 0.440912 0.624668 0.442812 0.619916 0.446614 0.614212 0.448516 0.613262 0.453268
1 0.600906 0.481780 0.594728 0.473702 0.598530 0.471800 0.604708 0.476078 0.611362 0.477028 0.611362 0.483206 0.613738 0.484632 0.613262 0.488434 0.606610 0.487482 0.605184 0.494136 0.602332 0.497462 0.599482 0.496988 0.600432 0.490334
1 0.233270 0.281554 0.222918 0.267060 0.227750 0.262920 0.236722 0.271202 0.240862 0.269822 0.244314 0.271892 0.241552 0.278102
1 0.351328 0.132712 0.362180 0.127704 0.374700 0.127704 0.374700 0.121862 0.367188 0.121026 0.362180 0.119358 0.355502 0.123530
1 0.317108 0.039230 0.308352 0.030196 0.300894 0.024136 0.290172 0.013882 0.295766 0.012018 0.306952 0.021340 0.317674 0.021340 0.319538 0.023204 0.315344 0.027400 0.318606 0.033926
1 0.301360 0.076344 0.308352 0.072616 0.313946 0.075412 0.318606 0.073548 0.311614 0.068886 0.309284 0.056300 0.305088 0.053504 0.306020 0.065624 0.302292 0.067488 0.298562 0.070750
0 0.448194 0.133680 0.446794 0.121560 0.433276 0.107110 0.429082 0.081938 0.434676 0.092660 0.440736 0.102448 0.445862 0.106178 0.446794 0.098720 0.447728 0.094058 0.449126 0.095922 0.451922 0.103380 0.450524 0.109906 0.451456 0.119230
1 0.150074 0.516722 0.160948 0.517156 0.161818 0.511502 0.155728 0.509762 0.145288 0.512372 0.141374 0.517156 0.142244 0.525422 0.147028 0.524552
1 0.095264 0.483226 0.102658 0.478876 0.109184 0.478876 0.107878 0.470612 0.103964 0.463652 0.100484 0.470612 0.097004 0.477136 0.091348 0.477572
0 0.013920 0.642434 0.014790 0.661574 0.019140 0.674624 0.023054 0.665490 0.023490 0.647654 0.030014 0.651134 0.033494 0.648524 0.022620 0.641130 0.020444 0.633300 0.028710 0.633734 0.036104 0.625470 0.035234 0.621120 0.026970 0.624600 0.016094 0.624164
0 0.042794 0.710542 0.058154 0.705714 0.068688 0.701764 0.074834 0.703520 0.076588 0.712298 0.073516 0.723710 0.074394 0.739950 0.074394 0.748728 0.073516 0.762772 0.071760 0.774622 0.079222 0.771112 0.078784 0.756188 0.080100 0.735122 0.080978 0.714054 0.089756 0.725466 0.095900 0.736438 0.098096 0.734682 0.092390 0.720198 0.084050 0.709664 0.079222 0.698692 0.075272 0.683330 0.073516 0.678502 0.065616 0.679380 0.061666 0.684208 0.065178 0.693864 0.057278 0.697376 0.047622 0.702204 0.041916 0.706154
1 0.306256 0.904762 0.297362 0.905750 0.294398 0.900480 0.304280 0.898174 0.308560 0.894552 0.309548 0.885658 0.313502 0.887634 0.314160 0.896528 0.318442 0.902456 0.312842 0.903444 0.312842 0.908384
1 0.348084 0.851076 0.341168 0.852722 0.342486 0.848110 0.343802 0.839876 0.346108 0.839218 0.348744 0.841524 0.354342 0.841194 0.362576 0.839876 0.361258 0.846464 0.355330 0.849758
1 0.129664 0.826322 0.121438 0.810224 0.123584 0.809152 0.129306 0.813086 0.134672 0.814518 0.138966 0.819526 0.139322 0.824176 0.138966 0.828826 0.134314 0.825606 0.135030 0.831688 0.136462 0.837412 0.133600 0.838484
1 0.122370 0.993580 0.116956 0.979270 0.129718 0.987778 0.140934 0.998608 0.141708 0.988938 0.159498 0.997834 0.166460 0.998994
1 0.104192 0.982750 0.104192 0.977336 0.110380 0.980044 0.109994 0.974242 0.104966 0.968828 0.105352 0.957612 0.102646 0.957612 0.101872 0.966120 0.096844 0.965734 0.097230 0.969988 0.095298 0.975016 0.098778 0.978884
1 0.622156 0.730584 0.633630 0.752958 0.640696 0.754472 0.638172 0.741854 0.636154 0.733274 0.641706 0.733274 0.644228 0.726210 0.640696 0.723182 0.633630 0.726210 0.627070 0.724190