0 0.058738 0.108210 0.066468 0.111302 0.072136 0.108210 0.075744 0.111818 0.076774 0.116456 0.075742 0.128080 0.066380 0.140420 0.062126 0.148506 0.057870 0.152336 0.054466 0.156590 0.062126 0.158292 0.071486 0.150208 0.077018 0.140846 0.077870 0.128932 0.081274 0.123826 0.080848 0.114464 0.079146 0.102124 0.064254 0.099572 0.058296 0.096166 0.051488 0.094040 0.037872 0.099146 0.031914 0.103400 0.028510 0.106380 0.027658 0.109358 0.028936 0.115740 0.028084 0.120422 0.025532 0.121272 0.019574 0.123826 0.023828 0.127230 0.039148 0.124676 0.046806 0.118720 0.048934 0.114464
1 0.116166 0.126378 0.104678 0.113188 0.111060 0.111912 0.118294 0.119996 0.119996 0.102124 0.123400 0.102550 0.126378 0.114038 0.127656 0.117442 0.129358 0.116166 0.132762 0.118294 0.132762 0.121272 0.128932 0.124676 0.128932 0.130634 0.126378 0.131910 0.124676 0.128080 0.120422 0.127230
1 0.102550 0.155314 0.101274 0.160846 0.098720 0.162974 0.097444 0.169782 0.099572 0.173612 0.105954 0.174462 0.109784 0.170632 0.111486 0.166802 0.108082 0.165952 0.107656 0.159144
1 0.112762 0.180420 0.123400 0.181696 0.132336 0.181270 0.139570 0.181270 0.137442 0.178292 0.133186 0.175738 0.128932 0.174888 0.125954 0.174462 0.125102 0.168930 0.122124 0.168504 0.121272 0.173612 0.117868 0.175314 0.114038 0.174888
0 0.013616 0.246374 0.016596 0.253182 0.033190 0.248502 0.045104 0.248502 0.051062 0.245524 0.052764 0.250630 0.057020 0.248076 0.056594 0.240842 0.059998 0.237438 0.061700 0.241694 0.065956 0.238290 0.074040 0.235312 0.083826 0.233184 0.097870 0.230630 0.110210 0.227226 0.114464 0.225524 0.110634 0.216162 0.090636 0.219992 0.075742 0.225098 0.064254 0.233610 0.064254 0.229354 0.063402 0.217440 0.058296 0.212758 0.055742 0.208078 0.045956 0.206802 0.043402 0.203398 0.039148 0.202546 0.031914 0.205950 0.031488 0.209354 0.016170 0.211056 0.015744 0.214460 0.021702 0.217014 0.041700 0.217014 0.049786 0.214886 0.053190 0.218290 0.050212 0.235312 0.040850 0.235312 0.034042 0.234886 0.044254 0.224248 0.045104 0.219142 0.041700 0.219142 0.030638 0.227226 0.021702 0.235312 0.019574 0.239992
1 0.138718 0.255310 0.144676 0.249354 0.147230 0.245950 0.150634 0.242120 0.154038 0.243396 0.151058 0.250630 0.150634 0.258290 0.153186 0.263396 0.154038 0.268502 0.152760 0.271480 0.148932 0.272756 0.145952 0.271480 0.144250 0.265948 0.145102 0.280416 0.144676 0.285948 0.141698 0.285522 0.138718 0.279140 0.134890 0.263396 0.128932 0.262118 0.124676 0.256588 0.126378 0.252758 0.129782 0.252332 0.130634 0.255736 0.134038 0.257438
1 0.119570 0.325946 0.114890 0.316160 0.113188 0.308500 0.115740 0.307224 0.120422 0.314882 0.122550 0.320840 0.125528 0.317436 0.128080 0.316160 0.129782 0.319564 0.129782 0.325520 0.125954 0.327648 0.125528 0.335308 0.123826 0.339562 0.121698 0.332330
0 0.000852 0.381690 0.009786 0.380838 0.014894 0.378710 0.020424 0.376582 0.027234 0.376582 0.037446 0.375306 0.046382 0.372754 0.046382 0.385518 0.050636 0.395732 0.052764 0.402540 0.055742 0.409348 0.066380 0.419134 0.071912 0.422114 0.080422 0.425942 0.084252 0.431900 0.084678 0.428070 0.083402 0.420412 0.062976 0.411900 0.057444 0.397008 0.054466 0.392328 0.052338 0.385518 0.051488 0.375732 0.053616 0.374456 0.058722 0.380412 0.070210 0.382114 0.080422 0.379988 0.082976 0.377860 0.077444 0.370626 0.066806 0.371476 0.072764 0.368924 0.078720 0.361690 0.077444 0.356158 0.074040 0.355308 0.063402 0.357860 0.057020 0.361690 0.055318 0.370200 0.053616 0.371902 0.048508 0.363818 0.046806 0.356158 0.047658 0.351902 0.049786 0.354456 0.053190 0.354030 0.048084 0.345520 0.049786 0.334456 0.051062 0.327648 0.048084 0.322542 0.045530 0.330628 0.043828 0.336158 0.039574 0.326798 0.038296 0.329350 0.040850 0.335308 0.040424 0.342542 0.038296 0.347648 0.037872 0.354030 0.036594 0.357434 0.025106 0.357010 0.019574 0.358286 0.016170 0.360838 0.011064 0.365094 0.004256 0.365520 0.000000 0.367648
1 0.087656 0.389774 0.086806 0.403390 0.085530 0.408072 0.085954 0.414454 0.084678 0.418710 0.085954 0.424666 0.086806 0.431050 0.089784 0.439134 0.094464 0.448496 0.103826 0.450198 0.114890 0.453176 0.125954 0.451048 0.129782 0.439560 0.134464 0.436156 0.134038 0.426368 0.134890 0.417858 0.132762 0.412752 0.126378 0.411476 0.124252 0.405092 0.122550 0.406794 0.120422 0.410198 0.118294 0.404668 0.115740 0.399986 0.112762 0.401688 0.109784 0.405518 0.105102 0.395732 0.099146 0.390624 0.092762 0.389348
1 0.967644 0.224632 0.972938 0.210514 0.976468 0.211690 0.976468 0.219338 0.979410 0.225810 0.975292 0.231104 0.970586 0.232868 0.971174 0.239928 0.967056 0.239928 0.966468 0.235810 0.960584 0.235810 0.961172 0.230516
1 0.983598 0.469830 0.983094 0.478914 0.985112 0.488504 0.986626 0.495568 0.986626 0.503140 0.989150 0.505662 0.990158 0.511718 0.993692 0.513232 0.996214 0.509196 0.995206 0.505662 0.997224 0.499102 0.999242 0.503644 0.999242 0.453176 0.999242 0.472354 0.994196 0.473868 0.990158 0.473362
1 0.986716 0.679996 0.982986 0.685122 0.982986 0.698640 0.980190 0.699574 0.976926 0.690716 0.971798 0.688386 0.968070 0.693980 0.968536 0.701904 0.971332 0.707498 0.977392 0.712158 0.986716 0.714024 0.992774 0.714956 0.994174 0.716820 0.996970 0.720084 0.999766 0.710294 0.998368 0.694446 0.996970 0.689318 0.993708 0.683258
0 0.824456 0.117716 0.829748 0.109780 0.832392 0.104930 0.843414 0.096554 0.850910 0.090822 0.854438 0.092586 0.843856 0.106694 0.842092 0.111544 0.841210 0.116834 0.838566 0.123008 0.837684 0.133588 0.837242 0.140202 0.834156 0.147256 0.835478 0.151664 0.843414 0.166214 0.859286 0.187818 0.864578 0.189140 0.868104 0.179882 0.870308 0.152546 0.872954 0.148578 0.878244 0.152988 0.879126 0.180322 0.877364 0.190904 0.868546 0.195754 0.859286 0.195754 0.835038 0.186494 0.829748 0.179440 0.827984 0.165774 0.825338 0.161364 0.820048 0.160042 0.817844 0.135792 0.814316 0.130944 0.812112 0.111544 0.806822 0.104930 0.804616 0.091704 0.808144 0.088178 0.813434 0.093908 0.815640 0.103608 0.820930 0.111544
0 0.812112 0.051142 0.805940 0.045852 0.805940 0.034830 0.809908 0.029980 0.825338 0.026454 0.841652 0.022044 0.847382 0.022044 0.853114 0.027776 0.853556 0.029980 0.840770 0.029980 0.835478 0.033508 0.836360 0.040562 0.836360 0.049380 0.834156 0.052906 0.827544 0.053348 0.826220 0.048498 0.831512 0.045412 0.830630 0.035712 0.827544 0.037476 0.823576 0.040120 0.822694 0.049380 0.822252 0.054670 0.819166 0.059960 0.816520 0.065692 0.812552 0.068338 0.809026 0.067896 0.807262 0.058638
1 0.738924 0.109340 0.754356 0.093908 0.753034 0.089058 0.741130 0.096114 0.735838 0.102286 0.721290 0.093026 0.718644 0.094350 0.730548 0.108458 0.731430 0.115072 0.732312 0.121244
1 0.741570 0.195312 0.740248 0.162246 0.736280 0.160924 0.734076 0.171504 0.732752 0.193990 0.719526 0.190022 0.710268 0.187376 0.709826 0.191786 0.728784 0.202808 0.730548 0.210744 0.734956 0.210744 0.738044 0.211184 0.742012 0.212948 0.743774 0.205452 0.756120 0.213388 0.763174 0.215152 0.756120 0.201044
0 0.800648 0.268940 0.796682 0.258360 0.800208 0.255714 0.811672 0.253510 0.816080 0.256596 0.819166 0.251306 0.820488 0.243810 0.827102 0.239402 0.830188 0.229702 0.834598 0.222206 0.835920 0.216034 0.844296 0.204130 0.846060 0.207216 0.840328 0.218238 0.839446 0.231906 0.864136 0.220884 0.865460 0.216476 0.872514 0.217798 0.882654 0.220884 0.889268 0.218238 0.893236 0.218680 0.892794 0.224410 0.887944 0.232346 0.885740 0.236756 0.887062 0.242046 0.885300 0.248218 0.883536 0.254832 0.880450 0.248218 0.877364 0.241164 0.873836 0.235874 0.869868 0.229260 0.867222 0.231024 0.868546 0.238520 0.868546 0.242488 0.870308 0.248660 0.869868 0.252186 0.865460 0.254392 0.860610 0.248218 0.858406 0.238078 0.848264 0.241164 0.844296 0.245574 0.842092 0.250424 0.837242 0.253510 0.824898 0.259682 0.824898 0.263650 0.828866 0.265854 0.835478 0.266296 0.839888 0.270264 0.839446 0.272908 0.834598 0.272908 0.821812 0.272468 0.811230 0.273790 0.807262 0.276876 0.798004 0.278640 0.796682 0.274232
1 0.727902 0.305094 0.742012 0.315674 0.745980 0.320966 0.748624 0.316556 0.757442 0.313910 0.762732 0.316998 0.765378 0.314352 0.766260 0.308620 0.771992 0.311266 0.779928 0.307298 0.783454 0.301566 0.791832 0.298480 0.789626 0.295394 0.780810 0.296276 0.780368 0.291866 0.792272 0.281726 0.791832 0.272468 0.788746 0.272468 0.784778 0.279522 0.781690 0.274672 0.779046 0.275994 0.779486 0.282168 0.775960 0.287458 0.773314 0.273350 0.768464 0.269822 0.761410 0.273350 0.758764 0.277318 0.757884 0.284812 0.759206 0.298920 0.755678 0.298920 0.750388 0.298480 0.745980 0.298038 0.742892 0.298920 0.746860 0.305534 0.747302 0.309062 0.739806 0.304652 0.732752 0.299362
1 0.793154 0.341686 0.793594 0.350064 0.785218 0.358000 0.784336 0.364612 0.780810 0.372108 0.775078 0.376516 0.775078 0.384012 0.779046 0.390624 0.782132 0.395034 0.783896 0.401206 0.787864 0.404292 0.791832 0.403852 0.791390 0.396356 0.788304 0.388420 0.788304 0.377840 0.791390 0.374312 0.793594 0.384452 0.795358 0.393270 0.798004 0.399442 0.801090 0.402088 0.804176 0.406496 0.805058 0.414432 0.806380 0.421928 0.807262 0.427660 0.811230 0.427660 0.813434 0.419282 0.810348 0.412670 0.814758 0.411346 0.820488 0.409584 0.819608 0.388862 0.824898 0.390184 0.822694 0.363290 0.827102 0.362408 0.831512 0.360644 0.836802 0.357118 0.838566 0.349622 0.836802 0.343450 0.830630 0.338160 0.828866 0.330664 0.828424 0.325374 0.824456 0.327578 0.821370 0.340364 0.819166 0.349182 0.818284 0.358440 0.817402 0.368140 0.811672 0.374754 0.803294 0.374754 0.804176 0.349622 0.800208 0.340364
1 0.686018 0.451908 0.697040 0.462048 0.702332 0.471308 0.706740 0.475716 0.715998 0.474834 0.719086 0.476598 0.723494 0.481006 0.732752 0.479684 0.744216 0.477038 0.750388 0.467340 0.753034 0.462490 0.754796 0.454554 0.754796 0.439122 0.749066 0.440004 0.747742 0.432510 0.750388 0.426778 0.749506 0.410906 0.744656 0.410906 0.740688 0.412228 0.738484 0.417960 0.737162 0.422368 0.733634 0.427218 0.733634 0.412670 0.729226 0.412228 0.727462 0.422368 0.726580 0.431628 0.722612 0.431186 0.721290 0.415314 0.719526 0.408260 0.716440 0.409584 0.717322 0.421046 0.718204 0.433390 0.715558 0.434272 0.709826 0.418400 0.707182 0.419724 0.712030 0.439122 0.708504 0.440004 0.702772 0.432510 0.700568 0.424574 0.698804 0.423250 0.703654 0.447058 0.712030 0.462048 0.708504 0.462490 0.698804 0.454112 0.690868 0.449704
1 0.773754 0.522890 0.765818 0.514074 0.759646 0.507900 0.757002 0.508782 0.759206 0.515396 0.767142 0.525096 0.774636 0.530386 0.776842 0.533912 0.779928 0.537880 0.781690 0.535236 0.786100 0.527740 0.791390 0.526858 0.791832 0.517160 0.787422 0.516718 0.782132 0.519804
0 0.787224 0.465074 0.785846 0.473346 0.784926 0.482536 0.778034 0.493566 0.773898 0.500460 0.775276 0.505056 0.783548 0.496784 0.786764 0.492188 0.788602 0.495404 0.789982 0.501378 0.804228 0.500460 0.813420 0.506434 0.820312 0.515624 0.824908 0.528034 0.827206 0.547334 0.830882 0.546416 0.830422 0.531710 0.830422 0.518842 0.823070 0.507352 0.812040 0.499540 0.818934 0.495404 0.829504 0.494486 0.840534 0.489890 0.854320 0.493106 0.864890 0.497702 0.870864 0.501838 0.884192 0.501838 0.886948 0.500000 0.875460 0.495864 0.869486 0.495864 0.860294 0.485754 0.853400 0.484376 0.846048 0.479780 0.840534 0.480698 0.825828 0.485754 0.815258 0.485754 0.804688 0.487132 0.794118 0.484834 0.795036 0.473806 0.800552 0.471508 0.808824 0.453584 0.810662 0.442556 0.809284 0.437040 0.806526 0.439798 0.802850 0.455422 0.798254 0.464154
1 0.848806 0.534926 0.850184 0.520220 0.859834 0.508272 0.864890 0.500920 0.867648 0.505974 0.864890 0.521600 0.859834 0.533548 0.865350 0.539982 0.867648 0.545036 0.859834 0.542738 0.845588 0.539982 0.832262 0.539522 0.831802 0.532170 0.838236 0.529872 0.843290 0.530330
1 0.841912 0.467830 0.835938 0.461856 0.829504 0.458640 0.821232 0.460478 0.818014 0.463236 0.823530 0.470128 0.831342 0.474264 0.840074 0.476562 0.848806 0.477482 0.861672 0.465992 0.863970 0.459558 0.860294 0.459558 0.852482 0.463694
1 0.712316 0.610294 0.711856 0.596048 0.714154 0.590534 0.716912 0.581802 0.716912 0.574908 0.719670 0.577666 0.721048 0.586398 0.722886 0.592830 0.722426 0.602022 0.721048 0.607078 0.727482 0.608916 0.732996 0.611214 0.732078 0.614430 0.723346 0.614430 0.717830 0.614430 0.712316 0.616728 0.706802 0.618566 0.701746 0.620864 0.696692 0.619944 0.698070 0.614430 0.700828 0.611214 0.705422 0.608916
0 0.761948 0.585018 0.758272 0.591912 0.759192 0.596508 0.764246 0.600644 0.766544 0.603400 0.765166 0.605698 0.775736 0.606618 0.782628 0.608916 0.786306 0.615350 0.787684 0.623622 0.786764 0.636488 0.787224 0.642922 0.776654 0.641084 0.765624 0.639246 0.763786 0.643382 0.764706 0.652114 0.764706 0.658088 0.767922 0.660846 0.775736 0.658088 0.782628 0.654872 0.786764 0.653034 0.789522 0.654872 0.793198 0.658548 0.795496 0.664982 0.796416 0.671416 0.800092 0.672334 0.802390 0.672334 0.801012 0.656710 0.797794 0.654872 0.797334 0.650736 0.814798 0.647518 0.823988 0.651654 0.828584 0.662684 0.833180 0.670036 0.846508 0.668198 0.842372 0.655330 0.835938 0.647518 0.808364 0.641084 0.808364 0.637408 0.814798 0.630974 0.825828 0.628676 0.834100 0.627758 0.843750 0.627298 0.858916 0.630974 0.863512 0.630974 0.858916 0.622242 0.845128 0.613970 0.819394 0.616728 0.801012 0.624080 0.796876 0.627758 0.790442 0.610294 0.775276 0.596966
0 0.751378 0.717372 0.748622 0.728400 0.749080 0.735294 0.755974 0.734834 0.767004 0.732536 0.773898 0.736214 0.777114 0.737592 0.777114 0.724264 0.758732 0.718750 0.756434 0.717372 0.753216 0.710478 0.756434 0.699908 0.756894 0.693474 0.754136 0.692096 0.747242 0.704044 0.743566 0.718750 0.743106 0.732078 0.744026 0.739430 0.752758 0.740808 0.764246 0.740350 0.772518 0.741268 0.773898 0.744944 0.757812 0.745864 0.751838 0.746324 0.751838 0.750000 0.755974 0.752298 0.767004 0.750920 0.776654 0.749080 0.781710 0.750920 0.791360 0.752758 0.812960 0.747702 0.829504 0.733456 0.827666 0.727022 0.819394 0.733916 0.807904 0.741728 0.786306 0.746324 0.780790 0.744944 0.783088 0.742188 0.802850 0.739430 0.803308 0.731618 0.806066 0.725184 0.785386 0.719210 0.788144 0.704044 0.795956 0.688420 0.799632 0.684284 0.797794 0.675552 0.793658 0.679688 0.783088 0.703124 0.780330 0.698988 0.784008 0.687960 0.784466 0.677390 0.781710 0.672334 0.781250 0.657628 0.778952 0.659926 0.775276 0.676470 0.773898 0.696692 0.774356 0.709100 0.769762 0.710018 0.762868 0.710018 0.757812 0.711398
1 0.711398 0.649816 0.713236 0.659926 0.710478 0.660386 0.704964 0.662684 0.704044 0.670496 0.709558 0.676470 0.715992 0.680606 0.722426 0.680606 0.732078 0.674172 0.733456 0.665900 0.733916 0.659466 0.730238 0.660386 0.725644 0.656250 0.718750 0.651194
1 0.659926 0.685202 0.652114 0.693474 0.648898 0.698530 0.645680 0.703584 0.642004 0.707720 0.640624 0.711856 0.643382 0.719210 0.647978 0.727022 0.652114 0.732078 0.653492 0.737592 0.658088 0.741268 0.662684 0.736672 0.670496 0.735294 0.681526 0.727942 0.687040 0.738052 0.691176 0.739890 0.686580 0.720588 0.687960 0.711398 0.672334 0.721048 0.670036 0.719670 0.673254 0.711398 0.675552 0.703584 0.673714 0.698988 0.668658 0.700368 0.670036 0.695312 0.665442 0.686580
1 0.699908 0.695772 0.699908 0.704504 0.697610 0.706802 0.696232 0.714154 0.700828 0.727022 0.699908 0.729320 0.694394 0.726102 0.692556 0.728860 0.694852 0.733916 0.689798 0.738052 0.696692 0.741268 0.698988 0.747702 0.701746 0.750460 0.704504 0.747242 0.702206 0.736672 0.704504 0.733456 0.707262 0.737132 0.709100 0.739890 0.711398 0.745404 0.712776 0.745864 0.720128 0.738052 0.737132 0.714614 0.733916 0.710018 0.729780 0.706802 0.726102 0.698988 0.721508 0.700828 0.716452 0.704964 0.714154 0.693934 0.710938 0.696232 0.712776 0.704964 0.710938 0.704504 0.708180 0.706802 0.706342 0.710018 0.704044 0.710018
0 0.777574 0.851102 0.778034 0.842372 0.782170 0.840534 0.780790 0.835938 0.780330 0.831802 0.784926 0.829044 0.786306 0.822150 0.793690 0.813030 0.796724 0.814168 0.797482 0.827822 0.802792 0.826304 0.810376 0.825166 0.813030 0.826304 0.812652 0.828960 0.796724 0.839200 0.786862 0.847164 0.783828 0.854748 0.784966 0.859678 0.790276 0.857782 0.794828 0.854368 0.799758 0.854368 0.802032 0.857402 0.799378 0.863092 0.794068 0.865746 0.791034 0.868402 0.789138 0.869538 0.785346 0.865746 0.782312 0.866504 0.782692 0.871814 0.778898 0.872194 0.773590 0.865746 0.765246 0.862712 0.750834 0.868402 0.742870 0.875228 0.737182 0.879020 0.734526 0.874090 0.738698 0.869160 0.734526 0.862712 0.738698 0.861574 0.743250 0.863092 0.744008 0.858920 0.748558 0.858162 0.751214 0.858162 0.750456 0.855128 0.744766 0.853610 0.745146 0.849818 0.765246 0.850956 0.769796 0.853232 0.769038 0.848680 0.761832 0.841854 0.755006 0.839958 0.748180 0.843370 0.742490 0.850576 0.736044 0.856266 0.732630 0.858920 0.731492 0.855128 0.739836 0.840336 0.747042 0.833132 0.754626 0.829718 0.762592 0.830476 0.773968 0.838440 0.775864 0.846026
0 0.743734 0.968540 0.742424 0.961330 0.720794 0.944946 0.722762 0.941014 0.731282 0.944290 0.731282 0.938392 0.723416 0.928560 0.716208 0.917418 0.701788 0.897756 0.710308 0.898412 0.736524 0.925938 0.745700 0.946256 0.755532 0.957398 0.756842 0.966574 0.758808 0.979026 0.752254 0.980994 0.745046 0.975750
1 0.760120 0.977716 0.756842 0.956088 0.754220 0.949534 0.761430 0.946256 0.764052 0.950844 0.767330 0.944290 0.777160 0.940358 0.785026 0.946256 0.786992 0.957398 0.790268 0.959364 0.794200 0.966574 0.799444 0.976406 0.802066 0.986236 0.803376 0.995412 0.728660 0.996068 0.733904 0.990824 0.733248 0.983614 0.740458 0.982960 0.748978 0.992136 0.752910 0.992136 0.759464 0.990824 0.764708 0.994756
0 0.297728 0.061860 0.311070 0.051186 0.333482 0.047452 0.342022 0.045850 0.339352 0.049586 0.334550 0.057056 0.336276 0.060998 0.341124 0.056636 0.347908 0.054212 0.352754 0.051304 0.358086 0.050820 0.366810 0.042582 0.384256 0.028042 0.410428 0.005748 0.378440 0.006232 0.374080 0.008172 0.370686 0.015926 0.368264 0.023680 0.365356 0.027072 0.361964 0.026588 0.357602 0.024164 0.353240 0.024650 0.353240 0.028042 0.356148 0.033858 0.358086 0.041128 0.353240 0.038704 0.340154 0.032404 0.330946 0.033372 0.320284 0.037250 0.306714 0.040642 0.297020 0.048396 0.295566 0.052758 0.293144 0.060028
1 0.387010 0.092280 0.387448 0.074246 0.390968 0.079084 0.394048 0.087882 0.412962 0.088762 0.422200 0.088322 0.434078 0.102398 0.436278 0.097120 0.447714 0.095800 0.449034 0.099320 0.448594 0.102838 0.440676 0.103278 0.440236 0.108116 0.434518 0.109436 0.419122 0.092280 0.413842 0.094920 0.413402 0.102398 0.413402 0.108116 0.408124 0.105918 0.402846 0.105478 0.400646 0.107238 0.397566 0.109876 0.390968 0.107238 0.386130 0.108116 0.383490 0.113836 0.378212 0.112076 0.378212 0.104158
0 0.333782 0.141548 0.316626 0.132312 0.313546 0.134070 0.317506 0.140668 0.318386 0.145068 0.313986 0.144628 0.307388 0.127472 0.302110 0.128352 0.299910 0.124832 0.310908 0.120434 0.321466 0.123954 0.332902 0.132312 0.341700 0.139350 0.338620 0.131432 0.338620 0.127032 0.343020 0.130112 0.347418 0.137150 0.348298 0.121754 0.348738 0.116474 0.357976 0.117354 0.357536 0.126152 0.364574 0.127472 0.376892 0.126152 0.383050 0.123514 0.395806 0.131432 0.400646 0.137150 0.399766 0.149466 0.396686 0.160464 0.394928 0.151666 0.394488 0.140230 0.389208 0.134070 0.384810 0.134510 0.387448 0.137590 0.387888 0.144628 0.387448 0.150786 0.377772 0.150786 0.364574 0.151226 0.358416 0.149906 0.358856 0.152546 0.355776 0.152986 0.351378 0.150346 0.344780 0.152986 0.342580 0.157384 0.340380 0.160024 0.331142 0.161784 0.322784 0.173222 0.320586 0.184658 0.321466 0.197416 0.323664 0.203134 0.321466 0.203134 0.315746 0.194776 0.316186 0.179820 0.324984 0.155186 0.331142 0.147708
0 0.352258 0.308268 0.371612 0.306948 0.391848 0.295952 0.396246 0.284954 0.383490 0.283194 0.372932 0.283634 0.352258 0.295072 0.350058 0.290672 0.345660 0.284514 0.343020 0.277916 0.342580 0.269558 0.339060 0.275276 0.339500 0.281434 0.343020 0.291112 0.343020 0.298150 0.341700 0.302990 0.328064 0.304750 0.319266 0.304310 0.315746 0.306508 0.317946 0.313546 0.317066 0.315746 0.313108 0.317946 0.313108 0.329384 0.310908 0.336862 0.307828 0.341700 0.302990 0.346978 0.296392 0.348738 0.294192 0.349178 0.293752 0.341260 0.288912 0.341700 0.287594 0.346978 0.288912 0.354896 0.295952 0.354018 0.311348 0.343020 0.315746 0.332902 0.322784 0.320586 0.324544 0.314426 0.328064 0.311348 0.334662 0.313986 0.341700 0.316186 0.346100 0.319266 0.348298 0.313986
0 0.325864 0.317066 0.324544 0.329384 0.322344 0.344340 0.324984 0.361056 0.326744 0.376012 0.330262 0.380410 0.329384 0.384370 0.322344 0.379970 0.313546 0.381290 0.310908 0.385250 0.310468 0.390968 0.317066 0.393168 0.326744 0.393168 0.333782 0.395368 0.335982 0.401526 0.336422 0.409004 0.338620 0.411644 0.341260 0.406804 0.340380 0.400646 0.338620 0.392288 0.343020 0.390528 0.348298 0.394928 0.351378 0.399766 0.362814 0.399326 0.368974 0.405484 0.373812 0.417362 0.375132 0.445514 0.376892 0.445954 0.379530 0.438476 0.379530 0.427040 0.376892 0.412082 0.374252 0.402846 0.382170 0.409884 0.388328 0.414282 0.395368 0.420880 0.402406 0.423520 0.397126 0.413842 0.382170 0.396686 0.369414 0.387888 0.360176 0.378212 0.346538 0.369414 0.335542 0.342580 0.332462 0.342140 0.333342 0.361936 0.335542 0.374692 0.332462 0.375132 0.328504 0.345660 0.330262 0.336862 0.333782 0.326744 0.332462 0.316626
1 0.210612 0.181580 0.211932 0.169262 0.214572 0.171462 0.217210 0.178940 0.222050 0.173222 0.227328 0.169262 0.238326 0.170142 0.247562 0.173660 0.250202 0.182458 0.250202 0.189938 0.249762 0.199614 0.248442 0.205334 0.244044 0.208412 0.242284 0.215010 0.242724 0.221170 0.241844 0.226008 0.238326 0.222050 0.234806 0.216770 0.229968 0.216330 0.224688 0.218090 0.224248 0.220290 0.226008 0.226888 0.224248 0.229968 0.219850 0.226008 0.217650 0.222490 0.209732 0.221170 0.199614 0.213252 0.192136 0.195656 0.196096 0.194776 0.205774 0.211492 0.204454 0.205334 0.198734 0.188618 0.199614 0.177620 0.204014 0.172342 0.206652 0.176300
1 0.245804 0.228648 0.244924 0.210172 0.248882 0.209732 0.252842 0.217650 0.253282 0.232166 0.261200 0.231726 0.264278 0.233926 0.268238 0.237006 0.266038 0.240084 0.253722 0.238326 0.248882 0.239206 0.247124 0.243604 0.241404 0.242284
1 0.193456 0.272198 0.190376 0.268678 0.186418 0.263840 0.183338 0.262520 0.183338 0.266918 0.188178 0.273956 0.189498 0.280116 0.192576 0.284954 0.199614 0.288474 0.200494 0.298590 0.202694 0.304310 0.208852 0.306508 0.211932 0.303430 0.211052 0.295072 0.213252 0.288034 0.215890 0.294192 0.219850 0.297710 0.218530 0.286274 0.222490 0.291552 0.224688 0.300350 0.233486 0.299910 0.244044 0.291112 0.245804 0.278796 0.244044 0.259440 0.237446 0.246244 0.229528 0.242284 0.224688 0.243164 0.216770 0.241404 0.211052 0.241404 0.207972 0.248442 0.210172 0.256800 0.210612 0.263400 0.207532 0.262960 0.205774 0.250642 0.203574 0.245804 0.200494 0.247124 0.198294 0.250202 0.201374 0.258560 0.200054 0.262520 0.196976 0.257680 0.194776 0.255042 0.193896 0.258120 0.194776 0.262520
1 0.220218 0.142876 0.224134 0.133086 0.230498 0.128192 0.234904 0.130640 0.234904 0.137982 0.230988 0.141898 0.230988 0.149730 0.228540 0.155114 0.223156 0.154136 0.220218 0.152666 0.215324 0.154624 0.210428 0.155604 0.211408 0.148750 0.213854 0.144834
1 0.188018 0.166182 0.185186 0.160924 0.187208 0.156476 0.188422 0.144346 0.191252 0.144750 0.193274 0.154454 0.196106 0.156880 0.198936 0.153242 0.202170 0.156072 0.203788 0.161734 0.202980 0.166586 0.198532 0.166586
0 0.337636 0.437516 0.327526 0.448838 0.321056 0.460566 0.319440 0.468652 0.318226 0.496150 0.315800 0.505046 0.322270 0.520412 0.321056 0.529714 0.310138 0.543058 0.308520 0.547910 0.309330 0.553976 0.321056 0.547506 0.330762 0.520412 0.334400 0.527288 0.339658 0.546698 0.350980 0.561254 0.355024 0.565298 0.357854 0.562468 0.357854 0.557210 0.349768 0.545888 0.336828 0.516774 0.350576 0.500598 0.358664 0.488468 0.353002 0.475528 0.348150 0.467036 0.354216 0.458140 0.355832 0.454904 0.355024 0.448838 0.350172 0.447626 0.345318 0.449244 0.346532 0.454096 0.344106 0.459756 0.342892 0.468248 0.346936 0.477954 0.349768 0.484828 0.345318 0.494938 0.331974 0.507472 0.331166 0.493724 0.332784 0.462182 0.336828 0.444794
0 0.278846 0.568810 0.287860 0.584836 0.293870 0.598358 0.287860 0.592848 0.280348 0.583834 0.276842 0.584836 0.288362 0.599358 0.295874 0.607872 0.307392 0.641426 0.319412 0.668470 0.325922 0.679488 0.330428 0.677984 0.332932 0.675480 0.344952 0.696014 0.349960 0.695012 0.346956 0.674480 0.328426 0.654948 0.315906 0.650942 0.317908 0.632912 0.309396 0.602864 0.287360 0.570814
0 0.313902 0.742588 0.301884 0.731570 0.291366 0.730568 0.276342 0.730568 0.269330 0.734074 0.266326 0.737080 0.269832 0.741586 0.288862 0.739584 0.297376 0.741086 0.303386 0.746594 0.303386 0.750600 0.296374 0.745092 0.293870 0.745092 0.297876 0.752604 0.305388 0.757612 0.311900 0.760616 0.315906 0.763622 0.316908 0.754608 0.320412 0.738080 0.328926 0.729568 0.338658 0.723514 0.346074 0.728458 0.351018 0.735462 0.352254 0.741232 0.351430 0.745764 0.348546 0.748648 0.343190 0.751532 0.341542 0.754006 0.337008 0.754006 0.328768 0.754830 0.320526 0.757714 0.319702 0.762658 0.318466 0.769664 0.320114 0.776668 0.323412 0.782024 0.329592 0.782436 0.331240 0.777904 0.325060 0.769252 0.331240 0.768014 0.337008 0.768014 0.339894 0.770076 0.341954 0.767190 0.339482 0.764718 0.355552 0.747412 0.356376 0.739584 0.350606 0.726810 0.344838 0.723926 0.349782 0.718568 0.349370 0.711564 0.344426 0.711976 0.336184 0.717332 0.333712 0.711152 0.328356 0.708268 0.322588 0.708680 0.322588 0.714036 0.326296 0.722278 0.322588 0.723514 0.318466 0.730930
0 0.306518 0.852898 0.270668 0.813752 0.269432 0.821582 0.272316 0.833120 0.286326 0.850838 0.295804 0.862786 0.299100 0.871852 0.304044 0.872676 0.305692 0.881330 0.311874 0.889570 0.313934 0.899048 0.313934 0.908936 0.315170 0.917590 0.317230 0.922534 0.322174 0.922122 0.326296 0.919238 0.327532 0.903992 0.336596 0.902344 0.341542 0.898224 0.342366 0.889158 0.328356 0.876796 0.315994 0.873912 0.325060 0.859078 0.324236 0.840124 0.323824 0.826938 0.320938 0.828998 0.319290 0.850014 0.317230 0.860314 0.315994 0.855782 0.314346 0.847952 0.311462 0.848364
0 0.051244 0.489776 0.051578 0.482740 0.051914 0.470010 0.048228 0.458284 0.043874 0.444548 0.038514 0.434834 0.034158 0.433828 0.033152 0.436508 0.037508 0.442874 0.040524 0.455270 0.040858 0.466994 0.043204 0.477044 0.044544 0.485756 0.041194 0.484080 0.037508 0.483746 0.035832 0.486426 0.039854 0.493460 0.043204 0.499490 0.040524 0.504516 0.040858 0.510546 0.043204 0.513562 0.047558 0.508872 0.047224 0.503176 0.060288 0.511886 0.064310 0.513226 0.067994 0.516242 0.073690 0.514902 0.096136 0.512892 0.092450 0.510546 0.074360 0.509206 0.061294 0.500830 0.074694 0.484416 0.078380 0.472690 0.076704 0.466994 0.071010 0.464650 0.066990 0.465320 0.061628 0.465990 0.058614 0.467330 0.059954 0.473694 0.064980 0.475370 0.068330 0.478720 0.066320 0.486760 0.058948 0.494130 0.055264 0.494130
1 0.013554 0.527956 0.015436 0.522778 0.022496 0.518542 0.030026 0.516660 0.028144 0.522308 0.025320 0.529838 0.019202 0.531250 0.009790 0.534544 0.003200 0.533132 0.000376 0.530308 0.002260 0.521366 0.006494 0.520896
1 0.297186 0.678728 0.290048 0.681322 0.284858 0.689110 0.284208 0.694950 0.288752 0.702086 0.294590 0.709874 0.299782 0.716362 0.308218 0.717660 0.315356 0.715064 0.318600 0.705332 0.317950 0.694950 0.314706 0.686514 0.310812 0.680674
1 0.395514 0.678116 0.395514 0.673206 0.391694 0.659568 0.385694 0.654656 0.379692 0.654656 0.380782 0.660112 0.386238 0.672116 0.388966 0.680844 0.390604 0.689574 0.393332 0.698848 0.399332 0.703758 0.402060 0.701030 0.398242 0.686300 0.406970 0.679208 0.412426 0.679208 0.419518 0.680298 0.426064 0.680298 0.433702 0.678116 0.433702 0.673752 0.424428 0.669932 0.410244 0.670478 0.403152 0.672660
1 0.171832 0.596826 0.146190 0.599554 0.148372 0.605556 0.160374 0.607738 0.162012 0.612648 0.151646 0.624650 0.147280 0.623560 0.147826 0.629560 0.144554 0.631198 0.132550 0.628470 0.130368 0.632288 0.129278 0.637198 0.144554 0.638836 0.148372 0.642654 0.150554 0.647564 0.152190 0.654112 0.155464 0.654656 0.156010 0.646474 0.157102 0.639382 0.159828 0.641564 0.164194 0.642108 0.165830 0.638290 0.164740 0.627924 0.166922 0.615922 0.169650 0.608284 0.175650 0.605556 0.177832 0.601192 0.179470 0.607738 0.193654 0.614830 0.199656 0.609920 0.182198 0.599010 0.180014 0.593554 0.177832 0.587552 0.173468 0.573914 0.170194 0.575550
1 0.110182 0.701576 0.103636 0.678662 0.100362 0.682480 0.104726 0.702666 0.099816 0.706486 0.097088 0.713578 0.098726 0.718488 0.109636 0.711396 0.115638 0.713578 0.121640 0.711942 0.121640 0.703758 0.117274 0.699938
0 0.026094 0.732978 0.020372 0.724396 0.019964 0.715408 0.023642 0.709278 0.023642 0.703558 0.020782 0.697838 0.016696 0.697430 0.009340 0.697020 0.005664 0.700290 0.004846 0.705602 0.009750 0.714182 0.008114 0.717042 0.000352 0.716224 0.000352 0.730526 0.015470 0.731752 0.021598 0.737472 0.026502 0.743192 0.030180 0.740742 0.039578 0.740742 0.045706 0.737472 0.046114 0.732568 0.044480 0.727666 0.039986 0.728892 0.036718 0.734204 0.032632 0.736656 0.033856 0.726848 0.039168 0.725214 0.043254 0.718268 0.055104 0.710096 0.053062 0.697020 0.051018 0.698246 0.041620 0.708052 0.037534 0.712138 0.035082 0.714590 0.032632 0.706010 0.029770 0.696612 0.026910 0.692934 0.026502 0.700698 0.027320 0.716634 0.027320 0.726032
1 0.040804 0.703558 0.038760 0.698654 0.034674 0.694568 0.028546 0.689256 0.027320 0.683128 0.030180 0.673730 0.033040 0.672096 0.033040 0.665966 0.037534 0.667602 0.037534 0.658612 0.039168 0.648396 0.043664 0.651666 0.050610 0.652892 0.060008 0.653708 0.069814 0.654118 0.067770 0.647170 0.071858 0.646354 0.073082 0.656160 0.072674 0.665558 0.075534 0.672096 0.075534 0.685170 0.075944 0.693344 0.074308 0.699064 0.067770 0.694160 0.063684 0.695386 0.059190 0.697430 0.056738 0.697838 0.054288 0.695794 0.045706 0.701106
0 0.032994 0.618464 0.024136 0.604946 0.020874 0.598420 0.017610 0.594692 0.014348 0.600286 0.018076 0.611472 0.024602 0.622194 0.034858 0.629652 0.036256 0.624524 0.041384 0.620796 0.046046 0.618930 0.061894 0.617998 0.063758 0.614736 0.072150 0.613804 0.073082 0.618464 0.073082 0.622660 0.079142 0.622194 0.083802 0.611472 0.072616 0.607278 0.053970 0.607278 0.038120 0.609142 0.034858 0.611472
0 0.018076 0.845940 0.034858 0.855730 0.054902 0.856662 0.087998 0.845008 0.094524 0.838482 0.092660 0.830092 0.060496 0.846874 0.041384 0.846874 0.035324 0.845940 0.022272 0.838482 0.020408 0.825896 0.023204 0.804920 0.034858 0.794200 0.041850 0.782546 0.038120 0.779750 0.034858 0.782080 0.028798 0.791868 0.021806 0.798860 0.017610 0.803988 0.015746 0.798394 0.012950 0.795132 0.010618 0.801192 0.012018 0.807252 0.012018 0.813312 0.012950 0.821702 0.014814 0.827296 0.017144 0.833356 0.015280 0.837550 0.011550 0.844076 0.011550 0.850136 0.014348 0.854332 0.018076 0.853400
1 0.011084 0.757840 0.012018 0.765764 0.011084 0.769028 0.006424 0.767164 0.005958 0.771358 0.013416 0.784876 0.010618 0.786274 0.003626 0.775088 0.004558 0.780216 0.008288 0.789072 0.001762 0.785808 0.002228 0.789538 0.006424 0.795132 0.011084 0.796064 0.016212 0.795598 0.018544 0.799326 0.028798 0.788606 0.031128 0.779750 0.030662 0.765298 0.032062 0.762036 0.029730 0.756442 0.026468 0.757840 0.020874 0.756908
0 0.232514 0.946912 0.279048 0.944290 0.284292 0.946256 0.288224 0.962642 0.291500 0.979026 0.292156 0.988858 0.290190 0.993446 0.377360 0.999344 0.341968 0.998690 0.324272 0.996722 0.320994 0.990168 0.334758 0.969196 0.334102 0.954776 0.328204 0.948878 0.330170 0.957398 0.327548 0.971818 0.321650 0.984270 0.317062 0.985580 0.306576 0.982960 0.308542 0.969196 0.308542 0.962642 0.304608 0.955432 0.301332 0.962642 0.298710 0.958054 0.289534 0.942324 0.278392 0.936426 0.231858 0.937080
1 0.032290 0.589088 0.033864 0.580030 0.035046 0.574518 0.034652 0.565068 0.031502 0.565068 0.030320 0.576094 0.027958 0.584756 0.027958 0.589088 0.020082 0.593420 0.022838 0.596176 0.025596 0.603658 0.027170 0.599720 0.029140 0.594600 0.045284 0.593420 0.048828 0.592632 0.046072 0.590270 0.044102 0.587118
1 0.005426 0.874566 0.008680 0.865342 0.009766 0.856120 0.006510 0.852864 0.001086 0.866970 0.000000 0.883246 0.004340 0.889214 0.011936 0.901150 0.016818 0.899522
1 0.037978 0.979818 0.014648 0.970594 0.008680 0.968968 0.006510 0.972222 0.014648 0.980360 0.030924 0.984700 0.030382 0.988498 0.015734 0.989584 0.005968 0.987414 0.001086 0.978732 0.001628 0.992296 0.015734 0.995552 0.030382 0.994466