0 0.408854 0.025390 0.436198 0.012370 0.393880 0.018230 0.419270 0.008464 0.428386 0.004558 0.408854 0.016276
0 0.389322 0.082682 0.406250 0.098308 0.432292 0.116536 0.449218 0.139322 0.429036 0.148438 0.447916 0.148438 0.458984 0.135416 0.453776 0.123046 0.474610 0.129558 0.477864 0.123046 0.454428 0.108724 0.438152 0.106120 0.413412 0.095704 0.406250 0.082682
0 0.385416 0.248046 0.406902 0.240886 0.425782 0.236328 0.432292 0.267578 0.457682 0.294270 0.475912 0.320312 0.468098 0.288412 0.453124 0.276692 0.444010 0.253906 0.460938 0.266276 0.483724 0.270834 0.482422 0.266276 0.443360 0.241536 0.444010 0.229818 0.423828 0.214844 0.405598 0.221354 0.389974 0.222006 0.367838 0.236328 0.388020 0.232422 0.394532 0.236328
0 0.343098 0.380208 0.357422 0.382812 0.390624 0.363932 0.420572 0.358724 0.424480 0.368490 0.403646 0.386718 0.423178 0.382162 0.433594 0.365234 0.433594 0.381510 0.440104 0.367188 0.438802 0.358724 0.466146 0.361328 0.462890 0.349610 0.433594 0.350912 0.407552 0.348958 0.395834 0.337240 0.379558 0.341146 0.362630 0.329428 0.367838 0.345704 0.382812 0.346354 0.386718 0.351562 0.363282 0.361328
0 0.348308 0.464192 0.367188 0.466146 0.370442 0.470704 0.388020 0.466796 0.400390 0.480468 0.397136 0.498046 0.396484 0.523438 0.404296 0.505860 0.408854 0.483724 0.408854 0.479166 0.442708 0.498698 0.470704 0.496744 0.444662 0.485678 0.423828 0.467448 0.418620 0.453124 0.404296 0.440756 0.399088 0.429688 0.401692 0.455730 0.378256 0.454428 0.358724 0.449218 0.350260 0.448568
0 0.401692 0.565104 0.418620 0.563802 0.430990 0.578776 0.445964 0.589844 0.447916 0.595704 0.434244 0.598958 0.421876 0.588542 0.435546 0.613282 0.425782 0.611328 0.413412 0.593750 0.406902 0.615886 0.402994 0.603516 0.395834 0.615886 0.393230 0.609376 0.401042 0.595704 0.399740 0.592448 0.373698 0.591796 0.388672 0.610026 0.386068 0.615886 0.363932 0.598308 0.366536 0.581380 0.393880 0.581380
0 0.334636 0.641276 0.396484 0.674480 0.407552 0.674480 0.432292 0.706380 0.423828 0.732422 0.412110 0.732422 0.422526 0.720052 0.409506 0.691406 0.407552 0.723958 0.397136 0.743490 0.403646 0.774088 0.412760 0.793620 0.395834 0.789062 0.385416 0.750000 0.391276 0.722006 0.401692 0.696614 0.391928 0.706380 0.373046 0.722006 0.332682 0.707032 0.370442 0.714192 0.385416 0.699218 0.395834 0.688802 0.369140 0.684896
0 0.156902 0.082032 0.175130 0.089192 0.180338 0.098958 0.203776 0.104166 0.211588 0.107422 0.220052 0.129558 0.203124 0.116536 0.181640 0.108724 0.180338 0.160808 0.160808 0.125000 0.141276 0.125652 0.141276 0.114584 0.160808 0.101562 0.166016 0.098958 0.155598 0.089192
0 0.082682 0.524740 0.110678 0.548178 0.104818 0.559896 0.112630 0.571614 0.119792 0.567708 0.112630 0.560546 0.131510 0.559244 0.138020 0.565756 0.177734 0.603516 0.197266 0.613932 0.207032 0.610026 0.190104 0.606120 0.173178 0.588542 0.164714 0.568360 0.155598 0.563802 0.145834 0.550130 0.132812 0.546224 0.105468 0.527994
0 0.157552 0.639322 0.159506 0.646484 0.147786 0.654296 0.136068 0.656902 0.125000 0.671876 0.125000 0.662760 0.108072 0.667968 0.110678 0.689454 0.100912 0.671224 0.100260 0.701822 0.093098 0.682292 0.094402 0.664714 0.105468 0.651042 0.136068 0.645834
0 0.079428 0.880860 0.113932 0.881510 0.115886 0.905598 0.122396 0.920572 0.123698 0.890624 0.136068 0.886718 0.136718 0.863932 0.118490 0.861328 0.112630 0.871744 0.082682 0.873698
0 0.876302 0.077474 0.907552 0.069010 0.922526 0.099610 0.945964 0.108072 0.929036 0.092448 0.925782 0.075520 0.916666 0.060546 0.915364 0.042968 0.901692 0.042968 0.892578 0.046876 0.868490 0.044270 0.877604 0.058594
0 0.821614 0.168620 0.847656 0.184244 0.872396 0.191406 0.886718 0.189454 0.882812 0.205730 0.859376 0.216796 0.875000 0.219402 0.901692 0.216796 0.919270 0.204428 0.904296 0.184244 0.895182 0.183594 0.877604 0.176432
0 0.817708 0.296224 0.837890 0.307942 0.864584 0.309244 0.858072 0.297526 0.864584 0.292968 0.871744 0.304688 0.880860 0.314454 0.879558 0.300130 0.886068 0.285808 0.903646 0.294270 0.910156 0.313802 0.904948 0.320312 0.894532 0.319010 0.873046 0.326172 0.863932 0.335938 0.863932 0.348958 0.848958 0.343750 0.851562 0.329428 0.861328 0.320964 0.847006 0.319010 0.826822 0.311198
0 0.892578 0.406250 0.902344 0.410808 0.916666 0.409506 0.917318 0.417968 0.906250 0.417968 0.897136 0.445964 0.893230 0.437500 0.899088 0.417968 0.877604 0.425130 0.852864 0.447266 0.850912 0.438152 0.857422 0.423828 0.859376 0.415364 0.884114 0.414714
0 0.809244 0.537760 0.815756 0.548178 0.835938 0.551432 0.854166 0.562500 0.865234 0.567058 0.859376 0.598308 0.870442 0.589844 0.887370 0.605468 0.876954 0.572916 0.885416 0.569662 0.859376 0.546876 0.843750 0.536458
0 0.924480 0.632162 0.912110 0.624348 0.893880 0.622396 0.883464 0.630208 0.880208 0.649088 0.893230 0.662760 0.891928 0.677734 0.868490 0.656902 0.851562 0.649088 0.824218 0.649740 0.824218 0.645182 0.839844 0.642578 0.860026 0.639322 0.862630 0.626302 0.875000 0.611328 0.888672 0.617188 0.901042 0.613932 0.918620 0.618490
0 0.794922 0.879558 0.843098 0.876302 0.865234 0.893230 0.863282 0.912110 0.876954 0.936198 0.897136 0.951172 0.886718 0.951822 0.863932 0.936848 0.860026 0.923828 0.850912 0.929036 0.845052 0.918620 0.853516 0.904948 0.853516 0.901042 0.827474 0.901692 0.827474 0.895834 0.850260 0.895182 0.815104 0.886068
1 0.147136 0.004558 0.182292 0.005208 0.192058 0.020182 0.184896 0.032552 0.160808 0.032552 0.146484 0.022786
1 0.195312 0.077474 0.210286 0.096354 0.227214 0.095052 0.227864 0.084636 0.226562 0.077474 0.210938 0.076822
1 0.216796 0.101562 0.230468 0.110026 0.232422 0.126954 0.245442 0.152994 0.247396 0.145182 0.238282 0.120442 0.245442 0.117188 0.238932 0.099610 0.246094 0.085286 0.234376 0.089192 0.234376 0.097656
1 0.156902 0.194010 0.181640 0.210938 0.164062 0.218750 0.144532 0.224610 0.151692 0.215494 0.149088 0.203776 0.135416 0.197916
1 0.128256 0.305338 0.161458 0.309896 0.179036 0.332682 0.182292 0.348308 0.166666 0.367188 0.144532 0.375000 0.116536 0.368490 0.109376 0.343098 0.107422 0.320312 0.121094 0.309896
1 0.159506 0.408204 0.181640 0.393230 0.207032 0.394532 0.223958 0.402994 0.225912 0.434244 0.222656 0.462890 0.206380 0.463542 0.179036 0.461588 0.164062 0.445312 0.156902 0.444010 0.152344 0.421224
1 0.114584 0.388020 0.128256 0.396484 0.157552 0.397786 0.167968 0.400390 0.162110 0.375652 0.147786 0.374348 0.144532 0.387370
1 0.138020 0.522786 0.156902 0.550130 0.180338 0.550782 0.200520 0.552084 0.212240 0.578124 0.222006 0.550130 0.225912 0.531250 0.222006 0.514974 0.207032 0.494792 0.181640 0.495442 0.164062 0.501954
1 0.133464 0.694010 0.147136 0.708984 0.139974 0.720704 0.159506 0.707682 0.179688 0.715494 0.175782 0.703776 0.189454 0.704428 0.192058 0.689454 0.185546 0.688802 0.171876 0.692058
1 0.076172 0.777344 0.093750 0.793620 0.105468 0.802734 0.145182 0.807942 0.178386 0.798178 0.188802 0.768880 0.179036 0.753906 0.153646 0.742838 0.134114 0.757812 0.113932 0.765624
1 0.253256 0.755208 0.262370 0.771484 0.290364 0.772136 0.291666 0.755208 0.272136 0.746094
1 0.289062 0.696614 0.303386 0.711588 0.324870 0.718750 0.337890 0.714844 0.339844 0.695312 0.329428 0.690104 0.311848 0.694662
1 0.373046 0.009114 0.393230 0.004558 0.406902 0.000652
1 0.366536 0.030598 0.378256 0.045572 0.396484 0.041016 0.385416 0.029948
1 0.376954 0.056640 0.384114 0.067058 0.405598 0.075520 0.404948 0.059896 0.394532 0.050130
1 0.455078 0.002604 0.466796 0.014322 0.477214 0.007162 0.472656 0.000000
1 0.469402 0.044922 0.484376 0.059896 0.507812 0.068360 0.537760 0.063152 0.532552 0.035156 0.516928 0.028646 0.490886 0.030598
1 0.371744 0.130208 0.393880 0.147786 0.403646 0.138020 0.398438 0.120442 0.374348 0.123046
1 0.423828 0.181640 0.454428 0.184896 0.469402 0.198568 0.462240 0.212240 0.441406 0.204428
1 0.465494 0.210938 0.485026 0.228516 0.501954 0.225260 0.495442 0.213542 0.479818 0.208984 0.472006 0.210286
1 0.398438 0.198568 0.417968 0.216146 0.421876 0.212890 0.447266 0.225260 0.454428 0.222656 0.451822 0.211588 0.433594 0.199870 0.413412 0.198568
1 0.330078 0.227214 0.345052 0.238932 0.333334 0.248698 0.341146 0.261068 0.330730 0.275390 0.320312 0.302084 0.354166 0.322916 0.382812 0.322916 0.412110 0.330078 0.409506 0.305990 0.401692 0.263672 0.394532 0.252604 0.380860 0.249348 0.381510 0.240886 0.370442 0.235678 0.365234 0.228516
1 0.296876 0.360026 0.315104 0.372396 0.333334 0.378256 0.346354 0.365234 0.343750 0.347656 0.333334 0.340494 0.320312 0.341796 0.316406 0.350260 0.319010 0.358072
1 0.375652 0.383464 0.384766 0.397136 0.391276 0.410808 0.402344 0.406902 0.409506 0.390624 0.401692 0.385416
1 0.365886 0.620442 0.381510 0.632812 0.388672 0.633464 0.392578 0.648438 0.408204 0.653646 0.431640 0.649088 0.438152 0.630860 0.424480 0.615886 0.403646 0.617838 0.384114 0.613932
1 0.374348 0.822916 0.389322 0.811198 0.391928 0.820312 0.409506 0.813802 0.421876 0.800782 0.431640 0.777994 0.417968 0.788412 0.412110 0.802734 0.406250 0.795572 0.391928 0.792968
1 0.438152 0.775390 0.440756 0.799480 0.459636 0.783854 0.461588 0.775390 0.476562 0.755208 0.466146 0.755860 0.453776 0.765624
1 0.478516 0.763020 0.491536 0.750652 0.518880 0.748046 0.540364 0.751954 0.553386 0.760416 0.561198 0.789062 0.561198 0.807942 0.544922 0.819010 0.523438 0.822266 0.497396 0.828776 0.474610 0.820964 0.463542 0.796876 0.468098 0.779948 0.475912 0.770834
1 0.410156 0.919922 0.414714 0.947266 0.430990 0.966146 0.453124 0.979166 0.481770 0.973958 0.496094 0.957032 0.497396 0.938802 0.479818 0.916666 0.462890 0.906902 0.432942 0.913412
1 0.791016 0.106120 0.804688 0.122396 0.825520 0.123698 0.847006 0.133464 0.845704 0.113932 0.830078 0.109376 0.822916 0.089192 0.813802 0.089844
1 0.943360 0.100260 0.960286 0.121094 0.985026 0.126302 0.992838 0.113932 0.977864 0.095052 0.960286 0.097006
1 0.914062 0.039714 0.923828 0.058594 0.965494 0.059244 0.966146 0.045572 0.942058 0.032552 0.919922 0.024740 0.913412 0.029948
1 0.948568 0.454428 0.972006 0.467448 0.988932 0.402994 0.962890 0.416666 0.953776 0.440104
1 0.870442 0.520182 0.893230 0.529948 0.906250 0.540364 0.893880 0.557942 0.875652 0.554688 0.874348 0.542968 0.876302 0.532552
1 0.838542 0.777994 0.860678 0.777344 0.877604 0.784506 0.881510 0.805990 0.889974 0.829428 0.872396 0.829428 0.869140 0.807292 0.852214 0.802734 0.843750 0.811198 0.835938 0.798178 0.841796 0.789062
1 0.828124 0.976562 0.846354 0.972006 0.887370 0.970704 0.890624 0.977214 0.859376 0.983724 0.843098 0.986980 0.843750 0.998046 0.823568 0.997396 0.822916 0.985026