0 0.985638 0.986888 0.988906 0.982894 0.994352 0.981804 0.999070 0.983620 0.998708 0.974908 0.991810 0.975270 0.984912 0.977086 0.984186 0.981078
0 0.996530 0.830056 0.997982 0.814808 0.987816 0.819166 0.985276 0.820980 0.983460 0.812630 0.984186 0.807548 0.981644 0.807186 0.980556 0.811178 0.972570 0.809364 0.970028 0.812630 0.977288 0.816262 0.982008 0.817714 0.981644 0.825700 0.982372 0.827878 0.988906 0.824248 0.999796 0.819892 0.999070 0.824610
0 0.986364 0.725866 0.994352 0.708440 0.989268 0.718604
0 0.988906 0.546526 0.990720 0.541808 0.999796 0.533458 0.991810 0.533458 0.988180 0.537814 0.987090 0.542170
0 0.797586 0.000522 0.796860 0.009962 0.796134 0.019764 0.794320 0.029202 0.793956 0.040094 0.796498 0.048806 0.799038 0.048444 0.804484 0.071314 0.808840 0.068048 0.810656 0.077850 0.816828 0.088740 0.823362 0.087288 0.811744 0.056430 0.804484 0.045540 0.807752 0.031744 0.811744 0.027024 0.822998 0.023756 0.827356 0.020490 0.826630 0.016496 0.819368 0.017586 0.809566 0.021942 0.808840 0.015770 0.808114 0.007420 0.810656 0.004154 0.808114 0.001248
0 0.775804 0.118508 0.774352 0.122866 0.780160 0.131942 0.790688 0.137024 0.792504 0.141744 0.790326 0.145010 0.787058 0.146462 0.779798 0.143922 0.773264 0.139202 0.770358 0.135208 0.766002 0.137024 0.773626 0.145374 0.782340 0.151908 0.792504 0.149730 0.797950 0.144648 0.800128 0.131216 0.803032 0.119962 0.803758 0.113064 0.810656 0.104350 0.815376 0.097816 0.817554 0.092734 0.817554 0.090192 0.812834 0.094912 0.811018 0.096364 0.808114 0.094186 0.799764 0.093096 0.797586 0.096726 0.801216 0.098542 0.801580 0.103262 0.797950 0.110522 0.793956 0.117420 0.790326 0.116694 0.788510 0.122502 0.792504 0.126132 0.791052 0.131578 0.783792 0.126858
0 0.781976 0.249928 0.781976 0.243030 0.781976 0.225604 0.780160 0.205274 0.776894 0.206000 0.771448 0.220522 0.769996 0.227782 0.771812 0.236132 0.775078 0.239400 0.776894 0.243756 0.777256 0.246298 0.773990 0.248476 0.764914 0.247750 0.766002 0.240126 0.768544 0.238674 0.767092 0.222700 0.772174 0.206364 0.775804 0.201644 0.770722 0.203096 0.765276 0.205638 0.764188 0.204186 0.768906 0.197650 0.774352 0.196198 0.779072 0.196198 0.780886 0.200554 0.785244 0.204186 0.787422 0.210356 0.787784 0.240488 0.789600 0.233590 0.791414 0.229234 0.791778 0.221610 0.793594 0.223062 0.793594 0.239036 0.796498 0.243756 0.803396 0.253194 0.811744 0.259004 0.817916 0.261182 0.827718 0.262634 0.827718 0.265538 0.821910 0.267716 0.808114 0.263360 0.791778 0.254646 0.787422 0.249928
0 0.763462 0.323260 0.754748 0.315274 0.744946 0.308376 0.742768 0.304746 0.738048 0.305834 0.739502 0.311644 0.762010 0.329432 0.771086 0.331974 0.775804 0.331974 0.778346 0.326164 0.788148 0.309828 0.788510 0.293492 0.785244 0.290224 0.782702 0.285142 0.761284 0.283326 0.752934 0.284416 0.751844 0.288772 0.767454 0.290224 0.776168 0.290588 0.783066 0.290950 0.783428 0.294944 0.781614 0.302930 0.780160 0.310192 0.776894 0.309828 0.776168 0.306198 0.771448 0.306198 0.771448 0.294944 0.768906 0.293492 0.767818 0.302568 0.766002 0.313458
0 0.725706 0.439068 0.727884 0.435800 0.734418 0.429630 0.738774 0.428904 0.740228 0.431444 0.734056 0.438342 0.734056 0.440520 0.740954 0.436528 0.747124 0.431082 0.750030 0.432170 0.750392 0.440520 0.755112 0.441610 0.759104 0.441246 0.769996 0.448144 0.777982 0.449234 0.781976 0.446692 0.777620 0.444876 0.781976 0.444514 0.784154 0.445602 0.780160 0.451412 0.776530 0.455404 0.770722 0.457946 0.771448 0.460124 0.783066 0.456130 0.785970 0.451412 0.789600 0.447418 0.790688 0.441246 0.789600 0.429266 0.788148 0.424910 0.785970 0.420916 0.784880 0.429630 0.785244 0.434712 0.777982 0.435074 0.768180 0.435438 0.763824 0.436890 0.764914 0.430356 0.770358 0.422368 0.774716 0.419828 0.785970 0.416924 0.797224 0.417650 0.800854 0.415472 0.793230 0.412566 0.780886 0.410752 0.772174 0.413656 0.765640 0.418738 0.761284 0.425636 0.759468 0.427814 0.754748 0.426000 0.747124 0.421642 0.741680 0.420554 0.735144 0.421642 0.728610 0.426726 0.725342 0.431444
0 0.764550 0.470290 0.765276 0.478276 0.765276 0.489894 0.764550 0.494250 0.760194 0.491708 0.753296 0.484084 0.740228 0.475734 0.731152 0.473194 0.724616 0.474646 0.720624 0.476098 0.717718 0.479366 0.723528 0.479366 0.732240 0.478640 0.738048 0.480818 0.739138 0.484084 0.727158 0.483722 0.722076 0.485174 0.718082 0.487714 0.716630 0.493886 0.717718 0.498968 0.721350 0.490982 0.732966 0.487714 0.746036 0.488440 0.752208 0.491346 0.752570 0.493524 0.746036 0.494612 0.741680 0.496428 0.738412 0.501874 0.738048 0.507318 0.741316 0.508770 0.743132 0.499696 0.753660 0.499696 0.759468 0.501148 0.763462 0.501510 0.768906 0.497880 0.801580 0.497880 0.812470 0.493886 0.821546 0.493524 0.824452 0.490256 0.818280 0.487352 0.789236 0.488804 0.782340 0.488078 0.773626 0.493160 0.769996 0.493524 0.771812 0.489530 0.770722 0.481906
0 0.711910 0.583556 0.715540 0.574118 0.717718 0.569760 0.719172 0.574480 0.718446 0.586824 0.723528 0.587550 0.742406 0.596262 0.747850 0.600982 0.750392 0.605702 0.751482 0.609694 0.752208 0.614414 0.769996 0.613688 0.779434 0.615504 0.783428 0.619496 0.784518 0.628936 0.783792 0.632202 0.779072 0.635832 0.772174 0.636560 0.774716 0.634380 0.778346 0.629662 0.778708 0.625304 0.773264 0.620222 0.766366 0.619860 0.756564 0.620586 0.758378 0.628572 0.758742 0.636922 0.755474 0.639464 0.752934 0.626758 0.750756 0.619496 0.746398 0.610784 0.740590 0.603886 0.736596 0.601708 0.732604 0.602796 0.722438 0.603160 0.718808 0.605702 0.717356 0.604612 0.718808 0.602070 0.715904 0.593720 0.712636 0.597352 0.712274 0.602070 0.709006 0.601344 0.711548 0.595536 0.713362 0.591906
0 0.768544 0.699726 0.774716 0.694282 0.777256 0.689562 0.775442 0.688836 0.760194 0.697912 0.751844 0.702632 0.747850 0.704810 0.742406 0.708802 0.740954 0.711344 0.726432 0.710254 0.723890 0.712434 0.735508 0.716426 0.733692 0.719694 0.713000 0.737120 0.711184 0.743292 0.717718 0.738572 0.740228 0.720056 0.740954 0.730584 0.739502 0.737846 0.737686 0.749462 0.743494 0.767978 0.748940 0.778506 0.750392 0.776328 0.748576 0.754182 0.747488 0.745832 0.750030 0.738572 0.750030 0.714612 0.760920 0.711344 0.766002 0.708440
0 0.696662 0.760354 0.692306 0.764710 0.698478 0.773422 0.707190 0.781772 0.710096 0.782862 0.730062 0.803192 0.731514 0.807186 0.719898 0.802466 0.715540 0.803918 0.715178 0.808274 0.717356 0.810816 0.728610 0.812994 0.735508 0.814446 0.735144 0.816624 0.726432 0.823522 0.723890 0.832234 0.726794 0.836590 0.730062 0.827516 0.735870 0.823158 0.743858 0.814082 0.747124 0.815898 0.749302 0.819528 0.752570 0.823158 0.756564 0.829330 0.758378 0.835138 0.759468 0.854742 0.760558 0.858736 0.764188 0.855106 0.764188 0.825336 0.761646 0.818076 0.760194 0.813356 0.762010 0.808638 0.761284 0.805006 0.756926 0.806822 0.751844 0.807912 0.753660 0.801014 0.758016 0.794842 0.757290 0.773786 0.754748 0.767978 0.753296 0.770882 0.754022 0.788670 0.752208 0.793390 0.747850 0.799562 0.744584 0.802102 0.740954 0.801740 0.738048 0.804644 0.735508 0.796658 0.723528 0.785404 0.711910 0.775602 0.702108 0.770156
0 0.713362 0.833324 0.713362 0.839496 0.715540 0.847846 0.717718 0.858010 0.719898 0.863818 0.720986 0.872894 0.728246 0.885238 0.728610 0.893588 0.728974 0.898306 0.717718 0.907382 0.710458 0.922268 0.709370 0.930254 0.709732 0.933522 0.720624 0.915006 0.730426 0.906294 0.734056 0.907382 0.735144 0.912828 0.736960 0.915370 0.741316 0.914280 0.740590 0.906656 0.754748 0.914280 0.758016 0.909924 0.760194 0.901938 0.752934 0.901212 0.742768 0.898306 0.738048 0.900486 0.736960 0.895040 0.743858 0.886690 0.749666 0.888504 0.763462 0.887778 0.764550 0.883060 0.747124 0.879792 0.739502 0.883786 0.735144 0.889230 0.734782 0.872532 0.728974 0.858010 0.716992 0.837680
0 0.730062 0.966558 0.722802 0.970550 0.717718 0.972002 0.705376 0.972002 0.705376 0.985798 0.714844 0.998046 0.746094 0.998046 0.740228 0.995236 0.732604 0.995236 0.736596 0.986888 0.731152 0.978538 0.728610 0.978538 0.728974 0.983256 0.730426 0.988702 0.728974 0.994148 0.724980 0.995600 0.720986 0.994148 0.716266 0.986888 0.711910 0.983256 0.714088 0.977812 0.720260 0.977448 0.727158 0.974544
0 0.515410 0.942212 0.523386 0.930148 0.532748 0.923338 0.538280 0.922488 0.549344 0.922488 0.556576 0.922062 0.562960 0.923764 0.562108 0.926318 0.556576 0.928020 0.541684 0.928444 0.535726 0.929296 0.528918 0.934402 0.525514 0.939082 0.522110 0.943764 0.523386 0.946316 0.529344 0.948444 0.534024 0.950572 0.531896 0.956954 0.527216 0.958232 0.523812 0.956530 0.523812 0.962060 0.520834 0.962486 0.514450 0.956954 0.514026 0.952274 0.508494 0.953976 0.496578 0.955678 0.486366 0.964614 0.477430 0.973550 0.473600 0.975252 0.470196 0.970146 0.474452 0.970146 0.482536 0.959508 0.496578 0.949296 0.508494 0.946742 0.508068 0.943338 0.484664 0.933552 0.479558 0.930998 0.474878 0.922062 0.474878 0.912700 0.470196 0.914828 0.471898 0.919084 0.469772 0.922062 0.465090 0.920786 0.467218 0.913552 0.473176 0.907594 0.478708 0.906318 0.482112 0.899510 0.484238 0.896532 0.488494 0.896532 0.487218 0.901212 0.482536 0.907170 0.479558 0.913126 0.481686 0.919510 0.495302 0.928870 0.507216 0.932274 0.511472 0.935254
0 0.522960 0.846320 0.519556 0.834406 0.514450 0.829724 0.511472 0.832278 0.515728 0.845044 0.517854 0.852278 0.518706 0.857384 0.516578 0.900786 0.520834 0.898658 0.528492 0.872702 0.528492 0.851426 0.539130 0.839512 0.544662 0.833554 0.553172 0.828448 0.561684 0.823768 0.569342 0.821640 0.565088 0.816960 0.561258 0.817384 0.537002 0.834406 0.531896 0.843768 0.532322 0.825044 0.529344 0.829300 0.528492 0.840788
0 0.514026 0.743770 0.536578 0.742494 0.547216 0.741642 0.548492 0.745472 0.542110 0.748452 0.536152 0.750578 0.533598 0.756962 0.532748 0.763344 0.538706 0.767600 0.541684 0.772706 0.544662 0.780790 0.547640 0.788450 0.548066 0.802492 0.547216 0.819088 0.542534 0.821214 0.543812 0.791002 0.538706 0.780790 0.536152 0.774408 0.531896 0.770578 0.526366 0.771004 0.525088 0.776110 0.520834 0.779088 0.518280 0.769302 0.519982 0.765046 0.520834 0.761216 0.518706 0.756110 0.517004 0.758238 0.514450 0.762068 0.505514 0.751430 0.505940 0.746750 0.511898 0.749728 0.514876 0.752280
0 0.539556 0.586328 0.531896 0.577818 0.522110 0.570160 0.504664 0.566330 0.497004 0.565904 0.501260 0.561648 0.514450 0.562926 0.526790 0.566756 0.536152 0.573988 0.540408 0.568032 0.539982 0.562500 0.536152 0.559522 0.539556 0.556542 0.543812 0.556118 0.544662 0.548458 0.542534 0.541224 0.541684 0.545904 0.539130 0.549734 0.536578 0.535692 0.529770 0.531438 0.525514 0.532288 0.525514 0.527182 0.534450 0.527608 0.546364 0.533990 0.552748 0.538672 0.554874 0.544202 0.554874 0.552714 0.556576 0.558244 0.553598 0.570160 0.551896 0.579096 0.548492 0.583776 0.547216 0.590158 0.552322 0.592712 0.556576 0.586754 0.560406 0.582924 0.560832 0.575266 0.563386 0.571010 0.567214 0.571862 0.568066 0.580798 0.568066 0.592712 0.565938 0.599946 0.562108 0.600372 0.556152 0.599520 0.551046 0.600796 0.548066 0.597818 0.542110 0.591436 0.540832 0.596966 0.536152 0.605902 0.531896 0.608882 0.525940 0.611008 0.525514 0.605478 0.530620 0.597392 0.534450 0.593562
0 0.548918 0.465908 0.534450 0.473566 0.533598 0.481652 0.542534 0.477396 0.554450 0.470162 0.559980 0.479098 0.565088 0.502928 0.568066 0.505906 0.569768 0.499098 0.568916 0.485056 0.564236 0.474844 0.565088 0.470588 0.570618 0.470162 0.584660 0.477396 0.599128 0.482078 0.602108 0.477822 0.600406 0.473142 0.588916 0.465908 0.565088 0.457398 0.564236 0.448036 0.573172 0.451014 0.577002 0.448036 0.571896 0.443780 0.564236 0.440376 0.563386 0.427186 0.556576 0.409314 0.551046 0.408462 0.551470 0.431440 0.544662 0.433568 0.539556 0.441228 0.542960 0.449312 0.545514 0.458674
0 0.555726 0.367188 0.540832 0.357400 0.541258 0.353146 0.557428 0.356976 0.563810 0.359102 0.565512 0.355274 0.567214 0.355698 0.568066 0.360380 0.569342 0.366762 0.571896 0.368464 0.575300 0.372720 0.576576 0.370166 0.577852 0.352294 0.576576 0.345486 0.578278 0.343358 0.581256 0.345486 0.581256 0.352294 0.582108 0.367188 0.581682 0.374422 0.579130 0.383782 0.574874 0.386336 0.574024 0.393144 0.563810 0.392718 0.559980 0.388464 0.554024 0.380804 0.550620 0.377400 0.552322 0.372294
0 0.557428 0.304636 0.559130 0.310168 0.558704 0.313998 0.551046 0.301658 0.547640 0.299530 0.547640 0.310168 0.551046 0.319104 0.556152 0.321658 0.562960 0.319104 0.565512 0.313146 0.566364 0.306764 0.572320 0.297402 0.576576 0.297828 0.577428 0.302508 0.577428 0.305488 0.582534 0.296126 0.581256 0.287616 0.583810 0.285914 0.585512 0.282936 0.582534 0.278680 0.583384 0.273574 0.587640 0.259958 0.589342 0.256128 0.594022 0.254850 0.595298 0.261234 0.598704 0.262084 0.599554 0.257404 0.597426 0.249744 0.591044 0.247192 0.582108 0.252724 0.576150 0.268042 0.573598 0.279106 0.568066 0.288892 0.562108 0.294850 0.558704 0.299530
0 0.522536 0.202938 0.525088 0.206768 0.531896 0.204214 0.544662 0.204214 0.557428 0.205490 0.566790 0.210598 0.575726 0.219108 0.582108 0.226766 0.587214 0.225064 0.584236 0.219108 0.584660 0.214002 0.582958 0.208044 0.578278 0.202938 0.579980 0.199534 0.587214 0.199108 0.591894 0.202086 0.596150 0.199960 0.593172 0.196980 0.582108 0.188470 0.576150 0.189746 0.572320 0.194002 0.570194 0.197406 0.566364 0.194852 0.570618 0.185492 0.568066 0.178684 0.564662 0.182512 0.565088 0.185492 0.559980 0.177832 0.556152 0.175704 0.551896 0.174002 0.548492 0.176130 0.555726 0.182512 0.558704 0.190172 0.559980 0.199108 0.548066 0.196556 0.532748 0.197832
0 0.575726 0.003370 0.568916 0.012306 0.569342 0.017412 0.575300 0.012732 0.576576 0.017412 0.578704 0.021242 0.582108 0.028050 0.590618 0.038262 0.591044 0.044646 0.588490 0.045496 0.565088 0.047624 0.561258 0.050602 0.570618 0.051028 0.588916 0.051880 0.588916 0.056560 0.585938 0.062092 0.582108 0.070176 0.581256 0.087622 0.575726 0.090602 0.577002 0.075708 0.582534 0.060814 0.582534 0.056986 0.579130 0.057836 0.573172 0.074006 0.571896 0.091452 0.566790 0.099112 0.559556 0.102090 0.560406 0.110174 0.567214 0.104644 0.597426 0.080388 0.597426 0.071878 0.601256 0.066346 0.603810 0.061240 0.615298 0.048900 0.618702 0.043794 0.616574 0.040816 0.611468 0.041242 0.605936 0.039540 0.600406 0.032730 0.592320 0.028902 0.588066 0.017838 0.588490 0.011030 0.591470 0.007200
0 0.211482 0.005498 0.214036 0.010178 0.215738 0.020816 0.215312 0.028902 0.213610 0.036560 0.214460 0.042092 0.216162 0.035710 0.221270 0.026348 0.219992 0.016136 0.225098 0.022518 0.233184 0.024220 0.238290 0.022092 0.232332 0.001668 0.232332 0.013582 0.230204 0.017412 0.227652 0.010178 0.219992 0.008902 0.219566 0.007200
0 0.182546 0.056986 0.189780 0.064644 0.196590 0.071452 0.198716 0.081666 0.198716 0.088048 0.201270 0.094006 0.201270 0.110600 0.199994 0.123792 0.201696 0.128046 0.205100 0.126344 0.205524 0.113154 0.209354 0.117408 0.217440 0.132728 0.221270 0.135706 0.224248 0.132302 0.214036 0.112302 0.206802 0.105068 0.209780 0.096984 0.210206 0.091026 0.208078 0.082090 0.205950 0.066346 0.194462 0.057410 0.191058 0.055284
0 0.190206 0.203364 0.191908 0.188896 0.205100 0.174428 0.220844 0.161662 0.225524 0.156130 0.227226 0.160386 0.221694 0.166768 0.219566 0.179534 0.215738 0.191448 0.228502 0.186342 0.236588 0.188470 0.244672 0.195278 0.252332 0.199960 0.261268 0.201236 0.262970 0.204640 0.256588 0.204640 0.247226 0.202086 0.238290 0.194428 0.224674 0.196556 0.217014 0.196980 0.214460 0.202086 0.206802 0.203788 0.203822 0.208044 0.202120 0.210172 0.183824 0.211022 0.172334 0.211022 0.172334 0.205490 0.181270 0.204214
0 0.150634 0.265488 0.178718 0.291446 0.173612 0.293998 0.164250 0.299104 0.159570 0.304636 0.163824 0.305912 0.172334 0.305488 0.174036 0.308466 0.177440 0.305062 0.180420 0.297828 0.188078 0.306764 0.194462 0.306764 0.205950 0.315700 0.214460 0.313146 0.215312 0.333998 0.224248 0.337826 0.226800 0.334422 0.222546 0.332296 0.220844 0.320380 0.218716 0.304210 0.214036 0.300806 0.203398 0.299104 0.199994 0.298680 0.197866 0.285062 0.194886 0.279106 0.195738 0.273574 0.200418 0.268892 0.209780 0.266766 0.214886 0.262084 0.214036 0.259958 0.197866 0.263362 0.192334 0.269744 0.185526 0.268892 0.182122 0.270170 0.185526 0.278254 0.189780 0.280808 0.185526 0.281232 0.172334 0.271446 0.158718 0.259532 0.154038 0.261660
0 0.167654 0.365060 0.165952 0.369740 0.164676 0.373570 0.166378 0.378250 0.171910 0.380804 0.180420 0.388888 0.182546 0.393570 0.182546 0.397824 0.175738 0.400804 0.171058 0.403356 0.175314 0.408038 0.182546 0.404208 0.184674 0.406760 0.186376 0.420802 0.187228 0.435270 0.192334 0.437824 0.190206 0.426760 0.186376 0.404634 0.187228 0.398250 0.197014 0.405058 0.205524 0.408888 0.212334 0.412718 0.217864 0.422080 0.214036 0.430590 0.218290 0.433142 0.220844 0.428462 0.222972 0.406760 0.214886 0.397400 0.189780 0.382506 0.188930 0.376974 0.200418 0.373570 0.208504 0.372294 0.211056 0.366336 0.180420 0.367188 0.173612 0.365910
0 0.169782 0.504630 0.169356 0.499948 0.162974 0.488886 0.162122 0.481226 0.163824 0.460802 0.164250 0.447184 0.165526 0.454418 0.167654 0.461226 0.172760 0.468886 0.177866 0.477822 0.178292 0.482078 0.184250 0.479098 0.187228 0.481652 0.188930 0.485906 0.184674 0.488886 0.181270 0.493140 0.182546 0.500800 0.188930 0.507608 0.194036 0.515694 0.197014 0.522926 0.197014 0.534842 0.193610 0.543778 0.190632 0.545480 0.187228 0.545054 0.190206 0.537394 0.194036 0.528884 0.192334 0.523352 0.188078 0.521224 0.181696 0.517820 0.177440 0.515268 0.177016 0.502076 0.175314 0.493566 0.171910 0.484630 0.167228 0.469738 0.165952 0.476546 0.168504 0.486332 0.171058 0.496544 0.172760 0.501226
0 0.134464 0.720792 0.144250 0.718240 0.161696 0.705474 0.157866 0.700368 0.155740 0.702496 0.154462 0.698240 0.158718 0.691432 0.159994 0.687602 0.157866 0.681644 0.158292 0.679092 0.163824 0.683346 0.166802 0.682070 0.175314 0.678240 0.182122 0.677390 0.185952 0.678240 0.182546 0.673560 0.179142 0.672284 0.174036 0.672710 0.170206 0.671006 0.165526 0.668880 0.162548 0.667178 0.159144 0.660794 0.156590 0.654412 0.159570 0.652284 0.162974 0.654412 0.165952 0.660794 0.167654 0.662922 0.173186 0.665050 0.177866 0.666752 0.183824 0.669304 0.191908 0.675262 0.196164 0.682496 0.194886 0.686326 0.186376 0.686752 0.179142 0.688878 0.180844 0.691432 0.188930 0.695262 0.188078 0.699092 0.183824 0.697814 0.173612 0.695262 0.168930 0.696538 0.168504 0.702920 0.168080 0.708026 0.160420 0.715686 0.150634 0.722920 0.140846 0.724622
0 0.148080 0.685900 0.146378 0.693984 0.133612 0.708026 0.128932 0.715260 0.127656 0.720366 0.119996 0.731856 0.119144 0.737814 0.121272 0.741642 0.125102 0.745046 0.127656 0.744196 0.123826 0.736536 0.124252 0.733984 0.129782 0.735260 0.132336 0.736536 0.142548 0.730580 0.146378 0.728878 0.148506 0.733132 0.142122 0.737814 0.137442 0.743770 0.141698 0.746324 0.146804 0.750154 0.149782 0.758664 0.155740 0.765046 0.159994 0.764620 0.164676 0.758664 0.170632 0.753132 0.172760 0.741218 0.177866 0.733132 0.180420 0.734410 0.177440 0.743344 0.172760 0.758664 0.169356 0.762494 0.162548 0.769302 0.159994 0.773132 0.157016 0.779514 0.154462 0.780364 0.133612 0.777812 0.126378 0.776960 0.128932 0.771430 0.134890 0.768876 0.128932 0.761642 0.123400 0.757812 0.109784 0.754834 0.103400 0.755684 0.101274 0.762068 0.098720 0.762068 0.098720 0.753558 0.104678 0.751430 0.119144 0.750578 0.116166 0.747174 0.114890 0.728878 0.119996 0.722920 0.125528 0.714836 0.127656 0.708878 0.138294 0.697814
0 0.087656 0.921636 0.101274 0.915254 0.111486 0.910998 0.117018 0.908446 0.128932 0.889722 0.133612 0.888872 0.138294 0.886744 0.144676 0.884192 0.151484 0.879084 0.158718 0.881212 0.165526 0.879936 0.165526 0.869298 0.162548 0.870574 0.159570 0.870574 0.159994 0.858660 0.156590 0.857384 0.158292 0.851000 0.162974 0.845470 0.165526 0.842064 0.161272 0.839938 0.144676 0.852278 0.140846 0.859936 0.139144 0.845894 0.138294 0.840788 0.137868 0.822916 0.135740 0.825044 0.135740 0.848448 0.137016 0.872702 0.133612 0.875256 0.121272 0.883766 0.119570 0.889722 0.105954 0.903764 0.097018 0.911850
1 0.969550 0.476318 0.977380 0.468924 0.978686 0.463704 0.980426 0.467184 0.979990 0.472838 0.975640 0.479798 0.973030 0.485454 0.976076 0.500244 0.972596 0.502418 0.968680 0.486758 0.966506 0.485888 0.959110 0.484148 0.955196 0.483714 0.954326 0.477188 0.959546 0.478058 0.963896 0.478928 0.966506 0.469358 0.968246 0.468490
1 0.998260 0.729486 0.996086 0.722090 0.993040 0.722526 0.992170 0.728180 0.994346 0.732096 0.993476 0.737316 0.991300 0.737316 0.989560 0.733400 0.987820 0.736446 0.987820 0.740360 0.988690 0.743840 0.989996 0.751236 0.984340 0.745146 0.979990 0.748190 0.984340 0.751236 0.984776 0.754716 0.976510 0.755150 0.976510 0.759500 0.981730 0.761240 0.984340 0.762546 0.986516 0.766460 0.988690 0.769070 0.990430 0.760806 0.995216 0.758196 0.996520 0.765590 0.997826 0.769070 0.998696 0.775160 0.998696 0.765156 0.998696 0.759936
1 0.974336 0.822574 0.976510 0.832144 0.980426 0.838234 0.982600 0.839104 0.979556 0.844324 0.977816 0.847370 0.976076 0.853024 0.974336 0.856504 0.971726 0.859114 0.969550 0.860418 0.966506 0.855634 0.962156 0.853894 0.959546 0.854330 0.960416 0.856504 0.963026 0.861288 0.972160 0.872598 0.973900 0.877384 0.970856 0.879558 0.971726 0.883474 0.975206 0.883474 0.977380 0.881734 0.983906 0.886084 0.983470 0.882604 0.982600 0.876078 0.979556 0.871294 0.976076 0.868684 0.976510 0.860418 0.978250 0.854330 0.979990 0.849110 0.985646 0.841280 0.990430 0.839974 0.992170 0.837364 0.990866 0.833884 0.986516 0.834320 0.982600 0.832580
1 0.995216 0.923058 0.993040 0.922624 0.987386 0.926104 0.984776 0.926538 0.979990 0.920014 0.976946 0.921754 0.979120 0.927408 0.981730 0.933064 0.982166 0.939152 0.980860 0.941328 0.975640 0.943068 0.970856 0.939152 0.967376 0.938282 0.966940 0.943938 0.966940 0.948722 0.966070 0.953508 0.965636 0.956988 0.971290 0.953942 0.972160 0.949592 0.980860 0.946548 0.986080 0.942632 0.987386 0.945678 0.983036 0.951768 0.983036 0.956988 0.987386 0.951332 0.989996 0.946548 0.990430 0.941762 0.986950 0.934804 0.986516 0.929148 0.991736 0.929148 0.993910 0.940892 0.997826 0.944808 0.999130 0.939588 0.996520 0.931324
1 0.982166 0.986132 0.983906 0.976998 0.984776 0.970038 0.982166 0.967862 0.974336 0.969168 0.969986 0.974388 0.963026 0.977432 0.961286 0.981348 0.960850 0.987872 0.960416 0.992658 0.964330 0.996138 0.966796 0.998046 0.998696 0.991788 0.994346 0.987872 0.989996 0.987872 0.987820 0.990482
1 0.788158 0.904788 0.792072 0.897828 0.797292 0.887824 0.800772 0.890434 0.799468 0.896524 0.798162 0.901744 0.799032 0.908704 0.798162 0.912184 0.796858 0.916098 0.790332 0.912184 0.786418 0.911748 0.776848 0.913488 0.773368 0.912184 0.779458 0.908268
1 0.710294 0.715130 0.704638 0.708170 0.701594 0.703820 0.705074 0.700342 0.708988 0.703386 0.713774 0.709040 0.722908 0.703386 0.726388 0.703386 0.726388 0.705996 0.721168 0.710780 0.717254 0.715130 0.718994 0.725570 0.718124 0.729050 0.713338 0.725136
1 0.733784 0.606382 0.732478 0.621608 0.730304 0.625086 0.725518 0.630306 0.722474 0.634222 0.723778 0.639442 0.728128 0.632046 0.730304 0.634656 0.732044 0.639442 0.735088 0.632916 0.736828 0.624652 0.740308 0.625956 0.745094 0.628132 0.748574 0.624218 0.745528 0.622478 0.740308 0.621172 0.739004 0.612908
1 0.802512 0.588112 0.791202 0.581152 0.791202 0.578978 0.795988 0.577238 0.802948 0.582022 0.805992 0.580282 0.808602 0.574628 0.812082 0.577238 0.811212 0.582458 0.809908 0.587242 0.809472 0.593768 0.807732 0.597248 0.810778 0.600292 0.812082 0.605948 0.811648 0.611602 0.819042 0.612038 0.824698 0.613342 0.825568 0.616822 0.819042 0.617692 0.810778 0.617258 0.807298 0.617258 0.799902 0.625086 0.798162 0.622912 0.802512 0.615518 0.803818 0.609862 0.805122 0.603338 0.802948 0.599858
1 0.839052 0.304932 0.851666 0.291012 0.858626 0.288836 0.861672 0.284922 0.859932 0.284052 0.854276 0.284486 0.852536 0.280136 0.853406 0.271436 0.849926 0.273612 0.848622 0.281006 0.847752 0.287096 0.842532 0.291882 0.839052 0.295796
1 0.653744 0.210972 0.652874 0.202272 0.654614 0.197052 0.655920 0.190962 0.658094 0.193572 0.660270 0.195312 0.664184 0.197052 0.668100 0.200532 0.671580 0.204448 0.672884 0.209668 0.674624 0.212712 0.679844 0.207058 0.682454 0.211842 0.680280 0.215758 0.675060 0.217498 0.664620 0.219238 0.656790 0.220542 0.655050 0.221848 0.650264 0.227938 0.647220 0.228372 0.649830 0.219672
1 0.622424 0.742100 0.617204 0.734706 0.611550 0.733400 0.607636 0.734270 0.609376 0.739056 0.614160 0.743840 0.618510 0.745580 0.620250 0.757326 0.622424 0.760806 0.624600 0.759066 0.625470 0.746886 0.631560 0.740360 0.636344 0.739926 0.637650 0.736880 0.633300 0.735140 0.629384 0.735140 0.626340 0.738620
1 0.634170 0.649446 0.634604 0.636832 0.636780 0.639442 0.638954 0.642922 0.641130 0.645532 0.642434 0.650316 0.647654 0.652492 0.653744 0.655972 0.657224 0.658146 0.658530 0.661192 0.656790 0.662062 0.642870 0.655536 0.637650 0.654666 0.635040 0.658582 0.629820 0.661626 0.626340 0.659886
1 0.560656 0.847804 0.570226 0.843454 0.572400 0.838234 0.570226 0.836494 0.560656 0.838670 0.555436 0.836060 0.548476 0.834320 0.545866 0.836930 0.548476 0.839104 0.552390 0.843020 0.552826 0.847370 0.551956 0.856070 0.554566 0.860418 0.556740 0.855200
1 0.550650 0.898698 0.548040 0.891304 0.544126 0.887824 0.541080 0.888258 0.541516 0.893478 0.544126 0.896958 0.543690 0.899568 0.538906 0.903918 0.538470 0.908268 0.540646 0.909574 0.545430 0.903918 0.548910 0.903048 0.555870 0.903484 0.562396 0.903918 0.568050 0.903918 0.567180 0.900004 0.561090 0.898698
1 0.600676 0.294492 0.603720 0.290142 0.609376 0.288402 0.613724 0.288836 0.613724 0.291446 0.606766 0.296232 0.597196 0.298406 0.593280 0.293622 0.588496 0.291012 0.588930 0.288836 0.593280 0.285792 0.596326 0.286662 0.598936 0.288402
1 0.764234 0.004350 0.756838 0.000000 0.750314 0.002610 0.752488 0.005654 0.758144 0.007830 0.762058 0.010004 0.766408 0.009134 0.767278 0.014790 0.769452 0.015224 0.773802 0.013050 0.772932 0.007830 0.782068 0.004784 0.782938 0.000434 0.774672 0.000870 0.770322 0.001740
1 0.831346 0.083668 0.830290 0.070470 0.829762 0.065192 0.827122 0.060970 0.823954 0.064136 0.823426 0.074694 0.823426 0.082612 0.823426 0.088946 0.824482 0.092114 0.827650 0.090530 0.833456 0.088946 0.839264 0.089474 0.843486 0.091586 0.845070 0.086308 0.842958 0.083668 0.838736 0.082084
1 0.966094 0.237600 0.972188 0.233282 0.975744 0.232520 0.980062 0.230744 0.983364 0.228204 0.984888 0.226934 0.986666 0.224140 0.988190 0.218044 0.985904 0.218044 0.980062 0.223632 0.978284 0.224394 0.977014 0.219568 0.973458 0.222362 0.974220 0.224902 0.969904 0.227696 0.968634 0.232266
1 0.810666 0.727440 0.807906 0.727440 0.801774 0.721308 0.796562 0.721920 0.795950 0.718242 0.800548 0.715482 0.805148 0.718548 0.809746 0.720388 0.811586 0.713336 0.813732 0.716094 0.813732 0.719774 0.818332 0.718854 0.820784 0.721308 0.820172 0.726520 0.817718 0.728666 0.815878 0.732038 0.814960 0.737864 0.811586 0.738784
1 0.542418 0.171866 0.546286 0.168482 0.557888 0.155428 0.559338 0.158328 0.555470 0.166548 0.554504 0.170898 0.549670 0.173316 0.543868 0.177184 0.543384 0.179600 0.531298 0.181050 0.528882 0.175732 0.516794 0.171866 0.522112 0.169448 0.530332 0.171866
1 0.505192 0.242448 0.505676 0.249216 0.517762 0.253568 0.524530 0.255018 0.530332 0.256952 0.533716 0.259370 0.538550 0.258886 0.538550 0.254052 0.533716 0.251150 0.530332 0.250184 0.530814 0.242932 0.528398 0.242932 0.524530 0.248734 0.521146 0.247766 0.522112 0.235196 0.517278 0.229878 0.515828 0.233746 0.516794 0.239064 0.517278 0.246800
1 0.484290 0.578998 0.468856 0.583256 0.461406 0.583788 0.461406 0.578998 0.486950 0.567822 0.492804 0.550260 0.496530 0.550260 0.494402 0.562500 0.491740 0.569950 0.491740 0.576870 0.497594 0.588578 0.499192 0.593900 0.493338 0.589110
1 0.085682 0.974944 0.097390 0.959512 0.101648 0.960576 0.092068 0.977074 0.099518 0.986652 0.100052 0.990378 0.092600 0.987184 0.088342 0.985056 0.081956 0.985056 0.078764 0.980266 0.079296 0.969090
1 0.028738 0.954190 0.025544 0.959512 0.026610 0.963768 0.028192 0.968820 0.028734 0.971266 0.029278 0.975068 0.029278 0.977784 0.028734 0.981044 0.031180 0.982132 0.033352 0.982946 0.035526 0.983490 0.037970 0.984304 0.039600 0.983490 0.039872 0.981044 0.038786 0.979144 0.038786 0.976426 0.042316 0.974526 0.043132 0.973438 0.043676 0.971538 0.045848 0.971538 0.049108 0.970178 0.051552 0.968820 0.054812 0.967734 0.059702 0.967462 0.062690 0.967462 0.064320 0.966920 0.067036 0.965018 0.067036 0.963388 0.065678 0.961486 0.062962 0.960128 0.058072 0.960400 0.054812 0.959856 0.051552 0.959314 0.046664 0.959042 0.042860 0.959856 0.042588 0.956324 0.044218 0.952794 0.045304 0.950348 0.045034 0.948448 0.043132 0.946274 0.039328 0.946818 0.037970 0.951164 0.035798 0.956324 0.036612 0.968820 0.034440 0.968548 0.034168 0.964474
1 0.006732 0.787090 0.009992 0.781386 0.014338 0.778398 0.019770 0.776496 0.023302 0.775952 0.033896 0.775410 0.039600 0.774594 0.044490 0.774594 0.048836 0.777040 0.052096 0.780028 0.053454 0.782744 0.052640 0.785188 0.040958 0.780842 0.035526 0.780842 0.026834 0.780842 0.021944 0.781658 0.016510 0.783558 0.011892 0.787634 0.010262 0.789264 0.009992 0.791708 0.015968 0.792794 0.019228 0.793066 0.021944 0.793338 0.022486 0.794968 0.024660 0.798500 0.024660 0.800400 0.018956 0.800130 0.016782 0.799314 0.013522 0.799042 0.008632 0.797412 0.005916 0.796870 0.000000 0.794922 0.000000 0.781250 0.002386 0.782744 0.004286 0.783830
1 0.073556 0.693644 0.070840 0.689298 0.070024 0.682236 0.068666 0.679520 0.068666 0.672728 0.071654 0.671914 0.072742 0.674358 0.076000 0.682508 0.077088 0.686310 0.078174 0.689842 0.079804 0.688484 0.082248 0.686854 0.083606 0.687668 0.085508 0.691744 0.086324 0.699078 0.086052 0.701250 0.082792 0.702066 0.079804 0.705326 0.076272 0.714018 0.074914 0.712932 0.074642 0.703968 0.076000 0.700708 0.073012 0.702608 0.070024 0.703968 0.071382 0.721352 0.073284 0.724884 0.073556 0.732218 0.072470 0.737922 0.071654 0.741454 0.070296 0.744714 0.069210 0.749876 0.068666 0.753950 0.068666 0.756938 0.065950 0.756938 0.064864 0.749604 0.066764 0.744170 0.068938 0.734662 0.068666 0.722710 0.068394 0.715920 0.065950 0.708856 0.065950 0.704510 0.066222 0.700436 0.068938 0.698534 0.071654 0.697448
1 0.105950 0.654860 0.105660 0.648076 0.104206 0.643710 0.103042 0.641090 0.103624 0.637888 0.105370 0.634688 0.106534 0.636142 0.107698 0.640800 0.109444 0.642838 0.110900 0.645748 0.112646 0.648950 0.112938 0.651860 0.116140 0.653608 0.119342 0.654480 0.120506 0.657100 0.119924 0.660010 0.118178 0.662630 0.115558 0.663212 0.113812 0.659138 0.112646 0.656226 0.111192 0.655354 0.106826 0.660884 0.101294 0.664086 0.101294 0.661466 0.102750 0.657392
1 0.049774 0.653024 0.050356 0.649532 0.054722 0.646330 0.057052 0.640218 0.060252 0.641090 0.059088 0.644874 0.056468 0.648658 0.055014 0.651570 0.055014 0.654480 0.055596 0.657392 0.056178 0.660010 0.052684 0.661758 0.048900 0.659428 0.039296 0.653024 0.035220 0.648658 0.035220 0.645166 0.039296 0.644874 0.041624 0.646622 0.045700 0.648658
1 0.095764 0.632068 0.098676 0.628284 0.098966 0.625082 0.101294 0.621880 0.105952 0.621298 0.110610 0.619552 0.114704 0.616152 0.114438 0.614038 0.111004 0.614830 0.105982 0.617208 0.103338 0.611130 0.102282 0.611130 0.101224 0.608752 0.099902 0.595272 0.096466 0.595536 0.095674 0.599502 0.095410 0.603466 0.096996 0.609280 0.096996 0.610866 0.096202 0.614038 0.094882 0.618002 0.094088 0.621174 0.094616 0.626458
0 0.154348 0.579414 0.164126 0.578094 0.166240 0.578622 0.166240 0.581000 0.166240 0.582058 0.163068 0.583644 0.161484 0.585230 0.161484 0.588666 0.163598 0.592366 0.164654 0.595272 0.167298 0.605316 0.169412 0.607694 0.172320 0.609016 0.174698 0.611922 0.178662 0.619852 0.179190 0.624080 0.182098 0.624080 0.183684 0.620644 0.186326 0.618794 0.189234 0.615622 0.190026 0.608222 0.188176 0.604258 0.188176 0.600030 0.191348 0.596066 0.191348 0.579680 0.188176 0.573072 0.186590 0.572544 0.186062 0.577036 0.185270 0.592894 0.182098 0.594216 0.178662 0.595800 0.177076 0.600294 0.174698 0.602936 0.174434 0.591044 0.174434 0.580736 0.179984 0.582322 0.183420 0.583114 0.184212 0.578886 0.181304 0.576244 0.182362 0.574922 0.190026 0.570958 0.200598 0.558008 0.198748 0.556950 0.181040 0.567522 0.176020 0.570694 0.173112 0.574128 0.170734 0.574128 0.165184 0.571750 0.160426 0.572014 0.156462 0.574128
1 0.111268 0.565408 0.115232 0.566992 0.117346 0.567522 0.119724 0.568578 0.121840 0.569900 0.127654 0.577828 0.130560 0.581000 0.133732 0.579944 0.131090 0.570694 0.132676 0.570428 0.137960 0.570428 0.141926 0.571486 0.143246 0.576244 0.144832 0.579680 0.148268 0.579944 0.148268 0.578358 0.148004 0.575186 0.147476 0.569372 0.146946 0.565672 0.146418 0.561972 0.145890 0.559858 0.144568 0.556950 0.142190 0.552192 0.138754 0.550342 0.136376 0.552456 0.139546 0.563292 0.137168 0.564350 0.133468 0.564350 0.132940 0.558536 0.129504 0.558008 0.127918 0.558008 0.127918 0.551928 0.124482 0.550872 0.121046 0.550606 0.120782 0.545850 0.118404 0.544264 0.116818 0.549286 0.119196 0.556686 0.118138 0.562764 0.114968 0.561178 0.112324 0.561972
1 0.038058 0.502770 0.032244 0.491934 0.027222 0.486384 0.024580 0.486120 0.023786 0.489556 0.024844 0.493520 0.029072 0.500920 0.029866 0.503826 0.026694 0.504884 0.025108 0.508848 0.024844 0.511756 0.028808 0.511228 0.030130 0.510698 0.032244 0.509378 0.038586 0.508320 0.046252 0.508320 0.050480 0.509112 0.055766 0.509906 0.057616 0.508320 0.057616 0.506206 0.054972 0.503562 0.048366 0.501976 0.044402 0.502242
1 0.110738 0.498806 0.117874 0.490876 0.117610 0.487440 0.115496 0.487176 0.110738 0.489026 0.107832 0.489556 0.104660 0.489820 0.102546 0.495370 0.102546 0.502506 0.103602 0.505942 0.105718 0.510698 0.107302 0.514662 0.109418 0.511756 0.109418 0.508848 0.111268 0.503562
1 0.028016 0.387538 0.040966 0.375116 0.041494 0.372210 0.039380 0.369302 0.037530 0.371944 0.034886 0.372738 0.031450 0.373002 0.029336 0.368508 0.027486 0.358466 0.025372 0.360052 0.024844 0.363752 0.024580 0.366658 0.022994 0.368508 0.020350 0.370094 0.016386 0.373266 0.015858 0.376702 0.016650 0.378552 0.020880 0.376702 0.023786 0.375116 0.027750 0.375644 0.028280 0.377760 0.027486 0.380402 0.025636 0.381988 0.023786 0.381988 0.022200 0.381988 0.018764 0.384896 0.017444 0.385688 0.016386 0.388596 0.016650 0.390446 0.020614 0.391502 0.034358 0.398638 0.037266 0.397316 0.036472 0.394146 0.033300 0.390710
1 0.066602 0.378816 0.075324 0.386216 0.077438 0.390446 0.080346 0.397316 0.080080 0.401282 0.082196 0.402338 0.083252 0.399960 0.082988 0.386746 0.085366 0.385688 0.085630 0.382516 0.083252 0.381460 0.079816 0.379610 0.075060 0.377760 0.071624 0.376702 0.068188 0.376174
1 0.235848 0.254718 0.234108 0.257616 0.229472 0.261672 0.225994 0.262832 0.224546 0.259934 0.226284 0.256456 0.228602 0.253558 0.232950 0.250370 0.234688 0.243706 0.237876 0.244286 0.238744 0.247762 0.240774 0.252110 0.245990 0.254718 0.250046 0.259354 0.252074 0.264570 0.253524 0.269206 0.254972 0.275582 0.250626 0.275002 0.246568 0.272684 0.246280 0.267758 0.245990 0.264280 0.241064 0.256746
1 0.213244 0.077662 0.209478 0.073314 0.208318 0.069548 0.207448 0.066070 0.208898 0.064042 0.212664 0.066070 0.215272 0.068968 0.217590 0.073024 0.220198 0.072446 0.224836 0.069548 0.225704 0.062592 0.225994 0.054478 0.228312 0.056218 0.228602 0.060854 0.228312 0.065780 0.228312 0.070128 0.227444 0.072736 0.225126 0.076212 0.223096 0.079400 0.222228 0.084906 0.223096 0.089542 0.225126 0.092150 0.226864 0.094178 0.227444 0.099106 0.225994 0.101134 0.221358 0.096208 0.220778 0.090992 0.220198 0.082878 0.220198 0.080848 0.217302 0.080560 0.215562 0.082298 0.212086 0.087514 0.210056 0.085776 0.210636 0.081428
0 0.077316 0.068218 0.071016 0.068436 0.068192 0.067566 0.068626 0.062570 0.071668 0.059746 0.073840 0.061048 0.076230 0.062570 0.078404 0.063874 0.080358 0.064090 0.082314 0.064308 0.082966 0.052576 0.086008 0.046710 0.090352 0.040192 0.092742 0.039540 0.094262 0.042800 0.094698 0.046276 0.092960 0.046928 0.091656 0.052794 0.090786 0.058008 0.089048 0.061484 0.085138 0.063656 0.088832 0.064742 0.090352 0.066698 0.090352 0.070174 0.089700 0.073432 0.087528 0.073432 0.087310 0.069956 0.084704 0.069088 0.082966 0.068436
1 0.016920 0.118622 0.021916 0.106456 0.023002 0.101892 0.023220 0.098200 0.019744 0.099286 0.016268 0.102544 0.013878 0.105804 0.012792 0.111018 0.011922 0.115146 0.009316 0.114710 0.008230 0.116666 0.008446 0.118838 0.010836 0.119490 0.012574 0.123836 0.016268 0.129050 0.018658 0.127094 0.018876 0.124270
1 0.073840 0.126878 0.080792 0.117752 0.081880 0.105368 0.084920 0.106672 0.086224 0.111670 0.086876 0.114928 0.091438 0.112756 0.098174 0.109280 0.099260 0.111886 0.098174 0.114928 0.093610 0.118622 0.088614 0.119490 0.086008 0.121446 0.085138 0.125574 0.083400 0.128398 0.078186 0.131222 0.075144 0.131874
1 0.251616 0.472318 0.234244 0.466684 0.233774 0.463868 0.237530 0.460580 0.237530 0.446496 0.231426 0.441332 0.230018 0.437576 0.233304 0.435698 0.242694 0.441332 0.246450 0.446966 0.251616 0.452600 0.257718 0.451660 0.265700 0.446966 0.268986 0.446496 0.269456 0.448844 0.267108 0.454478 0.261006 0.460112 0.257250 0.462928 0.258188 0.469032 0.259128 0.474196 0.261006 0.481708 0.257250 0.483116
1 0.254072 0.758714 0.248958 0.755198 0.246400 0.748484 0.246400 0.743050 0.248638 0.740812 0.251196 0.744648 0.253114 0.751042 0.259826 0.750402 0.264622 0.750084 0.265260 0.752640 0.261424 0.755198 0.261744 0.761272 0.262064 0.766066 0.261744 0.772140 0.259188 0.772140 0.255352 0.770542 0.252794 0.767344 0.252794 0.762550
1 0.484488 0.607848 0.485114 0.597518 0.488244 0.596892 0.488870 0.602526 0.488870 0.607534 0.492000 0.610664 0.492312 0.613794 0.490434 0.615046 0.486992 0.613794 0.485114 0.614108 0.482610 0.615672 0.479166 0.614108 0.480106 0.608474
1 0.074086 0.216168 0.071770 0.217492 0.068790 0.217824 0.067466 0.219810 0.067134 0.223782 0.067796 0.228748 0.069782 0.233050 0.072432 0.234706 0.076734 0.234044 0.082032 0.229410 0.085672 0.226430 0.087658 0.222458 0.082032 0.220140 0.079714 0.218816
1 0.108806 0.438018 0.108806 0.449186 0.109126 0.453974 0.109126 0.459718 0.109764 0.463548 0.113274 0.467378 0.117742 0.469930 0.122850 0.469612 0.123488 0.466420 0.121892 0.461952 0.119658 0.461314 0.114870 0.460994 0.112318 0.458442 0.117742 0.456846 0.118700 0.449506 0.115190 0.449186 0.113594 0.445358 0.114232 0.438018
1 0.937188 0.421250 0.943438 0.419688 0.943124 0.407500 0.940626 0.409062 0.940312 0.415000 0.938124 0.415312 0.935626 0.407188 0.932188 0.408438 0.932500 0.412500 0.933124 0.415000 0.932500 0.417188
1 0.845372 0.446786 0.845740 0.453052 0.848320 0.457104 0.850162 0.460422 0.852742 0.461528 0.853478 0.459316 0.854216 0.456736 0.857164 0.455262 0.859376 0.454156 0.858638 0.450104 0.856796 0.447524 0.856058 0.450104 0.854952 0.452314 0.852004 0.452682 0.851268 0.449366