0 0.869652 0.017956 0.876558 0.019614 0.877940 0.030664 0.886228 0.048068 0.890094 0.040334 0.883740 0.028454 0.893686 0.031770 0.910538 0.053594 0.913024 0.045306 0.903632 0.039228 0.895068 0.024310 0.883188 0.020166 0.879320 0.015470 0.875176 0.011326 0.872414 0.001658 0.863850 0.000552
1 0.776704 0.005282 0.772528 0.009212 0.779654 0.018548 0.777196 0.023462 0.770808 0.016338 0.767370 0.019532 0.766878 0.026164 0.765404 0.031570 0.773512 0.035008 0.777688 0.036482 0.778180 0.040414 0.771054 0.041396 0.767124 0.043608 0.774002 0.044836 0.785550 0.047538 0.792920 0.040168 0.797588 0.035746 0.801518 0.030340 0.803976 0.020268 0.807414 0.007248 0.801518 0.022726 0.798324 0.029850 0.799798 0.005282 0.795868 0.007002 0.791692 0.011178 0.785796 0.004546 0.783830 0.002826
0 0.822156 0.555350 0.830508 0.550192 0.843528 0.558790 0.853602 0.567880 0.859498 0.575496 0.863182 0.583850 0.876204 0.574760 0.882346 0.561492 0.882592 0.555842 0.882838 0.568372 0.875466 0.577462 0.866376 0.585324 0.879644 0.586306 0.894876 0.588518 0.896594 0.591220 0.892418 0.594168 0.877678 0.596624 0.872272 0.595888 0.870798 0.600800 0.866132 0.604486 0.856304 0.602274 0.850900 0.598344 0.835912 0.586552 0.843528 0.582866 0.848196 0.577462 0.840826 0.566898 0.830262 0.555350 0.825104 0.556334
1 0.079358 0.498432 0.075772 0.503930 0.059278 0.512058 0.046846 0.520664 0.045172 0.524490 0.048280 0.537876 0.048998 0.548634 0.052344 0.552460 0.091312 0.545526 0.096570 0.541224 0.098484 0.529748 0.095376 0.517318 0.091072 0.508234 0.086530 0.504170 0.082228 0.501062
0 0.496584 0.835810 0.490786 0.843192 0.482878 0.852944 0.477870 0.858216 0.477870 0.867704 0.475234 0.871130 0.483668 0.877984 0.491840 0.875612 0.516616 0.880884 0.495266 0.873240 0.501592 0.861642 0.508182 0.862960 0.511344 0.860324 0.511080 0.853470 0.503700 0.847144 0.493158 0.869550 0.489730 0.863486 0.495530 0.848726
1 0.126834 0.266460 0.142996 0.255472 0.154396 0.245086 0.162502 0.233686 0.166808 0.232166 0.178462 0.231152 0.190368 0.234446 0.215700 0.231152 0.218234 0.235712 0.223554 0.242298 0.229380 0.244072 0.221274 0.256992 0.206834 0.261044 0.196194 0.264592 0.188088 0.270672 0.166556 0.269404 0.154142 0.269152 0.150850 0.264844 0.136410 0.264084
0 0.473046 0.672266 0.478320 0.662696 0.486524 0.668164 0.491406 0.662500 0.493554 0.666992 0.491016 0.669726 0.500390 0.665820 0.493554 0.673828 0.495312 0.677930 0.503320 0.677344 0.505664 0.668750 0.519532 0.658204 0.521680 0.659766 0.508398 0.677148 0.517188 0.672656 0.512890 0.679296 0.517578 0.692774 0.517774 0.701368 0.515040 0.714062 0.505664 0.717578 0.498242 0.717578 0.507226 0.706250 0.512890 0.697460 0.510156 0.687500 0.502344 0.683204 0.485156 0.680468 0.485938 0.671484 0.475586 0.671876
1 0.489648 0.699610 0.487110 0.711524 0.479492 0.709376 0.479492 0.712500 0.483398 0.714454 0.491796 0.717578 0.496874 0.725782 0.505274 0.724610 0.496484 0.717578 0.487696 0.713282 0.492382 0.710938 0.492188 0.702930
1 0.450586 0.667188 0.446680 0.672070 0.452344 0.689648 0.443946 0.693164 0.450390 0.695704 0.459376 0.690430 0.467188 0.697070 0.469922 0.692774 0.463086 0.686524 0.457422 0.688086 0.454102 0.678516 0.451954 0.668750
1 0.462110 0.865820 0.449024 0.877344 0.446874 0.871290 0.442968 0.880078 0.443554 0.890234 0.444140 0.895118 0.453320 0.890234 0.454688 0.883008 0.456640 0.883984 0.461914 0.888868 0.472070 0.888476 0.458204 0.879688 0.455078 0.880078 0.459570 0.874610 0.462890 0.868360
1 0.003612 0.000678 0.004742 0.012192 0.014226 0.022128 0.025966 0.030482 0.019644 0.033644 0.025740 0.035450 0.025966 0.040418 0.025740 0.053514 0.028224 0.054642 0.030482 0.038386 0.036128 0.036578 0.043804 0.042676 0.048094 0.037030 0.060738 0.027322 0.064804 0.019192 0.067286 0.013774 0.060964 0.000678 0.057804 0.001128
1 0.070408 0.095270 0.058674 0.105016 0.056486 0.111380 0.059072 0.117744 0.067424 0.129280 0.066828 0.130274 0.058872 0.132064 0.058474 0.137036 0.052906 0.137634 0.046740 0.135446 0.041966 0.143202 0.038982 0.152152 0.048330 0.159710 0.066828 0.162098 0.070010 0.151556 0.079756 0.144198 0.081546 0.137634 0.088508 0.136042 0.094276 0.132860 0.096066 0.125700 0.093678 0.109590 0.089502 0.106806 0.085126 0.101436 0.083734 0.097458 0.076176 0.099844 0.073192 0.096462
1 0.758398 0.150586 0.758398 0.157226 0.778516 0.184180 0.768946 0.185938 0.776562 0.190040 0.812696 0.194336 0.806054 0.181054 0.797656 0.168360 0.788868 0.156446 0.783984 0.158204 0.774804 0.160352 0.771094 0.155468 0.763086 0.152148
0 0.876758 0.486914 0.852930 0.498046 0.844726 0.493750 0.850976 0.516796 0.852734 0.500782 0.859570 0.500976 0.854882 0.513086 0.854688 0.523632 0.864062 0.543164 0.873438 0.551954 0.888476 0.557812 0.874024 0.540234 0.869726 0.534766 0.866992 0.523242 0.865626 0.516992 0.872460 0.509570 0.873438 0.503516 0.870118 0.505078 0.874024 0.498242 0.876758 0.494726
1 0.951562 0.608008 0.936132 0.615040 0.930078 0.625196 0.930664 0.632812 0.917968 0.621874 0.923828 0.635352 0.932226 0.644532 0.943360 0.655274 0.950782 0.663086 0.957422 0.664844 0.964648 0.652540 0.967188 0.638282 0.968946 0.632226 0.959376 0.639258 0.956446 0.635352 0.958398 0.628710 0.961328 0.622070 0.960742 0.616992 0.958204 0.610938
0 0.525586 0.178516 0.508790 0.193750 0.501562 0.203516 0.500390 0.214648 0.511132 0.233790 0.496484 0.234960 0.487304 0.235352 0.470508 0.240234 0.468750 0.246874 0.469336 0.254882 0.475976 0.259766 0.470508 0.247070 0.474610 0.243750 0.490040 0.238086 0.494336 0.239648 0.502344 0.241016 0.516016 0.237304 0.513476 0.254296 0.509374 0.279882 0.509960 0.295118 0.516016 0.265430 0.518164 0.239062 0.533008 0.234570 0.547460 0.232812 0.562500 0.226562 0.578710 0.205078 0.571290 0.212500 0.557812 0.223242 0.533790 0.228710 0.522852 0.231446 0.521094 0.227540 0.519726 0.217188 0.510546 0.211914 0.515234 0.221484 0.516016 0.229688 0.508790 0.220898 0.505274 0.204688 0.514062 0.194140 0.528906 0.182032
0 0.524218 0.343554 0.515820 0.350390 0.505664 0.366602 0.498632 0.389454 0.497656 0.397070 0.509180 0.402734 0.497070 0.421876 0.503710 0.423242 0.511914 0.404688 0.535352 0.404102 0.577540 0.365820 0.536718 0.396680 0.513868 0.402540 0.518554 0.365820 0.508790 0.401368 0.508594 0.383008 0.512110 0.359960 0.519140 0.352148
0 0.327942 0.005768 0.329768 0.013982 0.327334 0.025238 0.328856 0.046230 0.330680 0.038928 0.329160 0.032540 0.331594 0.018242 0.332810 0.015808 0.344066 0.024326 0.346804 0.022500 0.336156 0.016416 0.331898 0.006680 0.350760 0.002726 0.333722 0.003942
0 0.848816 0.855986 0.846862 0.873366 0.841212 0.899654 0.836432 0.907910 0.827090 0.912254 0.821442 0.921596 0.822094 0.944192 0.827090 0.919208 0.834912 0.915948 0.843168 0.914210 0.847730 0.915948 0.856420 0.928114 0.857506 0.919642 0.877060 0.923334 0.875104 0.919858 0.855986 0.913992 0.859680 0.901610 0.857942 0.872498 0.856854 0.875974 0.854248 0.886836 0.849902 0.909866 0.839692 0.905954 0.849902 0.900306 0.850554 0.881840 0.851206 0.870542 0.853378 0.858810 0.851858 0.850120 0.851640 0.849250 0.847078 0.854030 0.834912 0.860114 0.831870 0.855768 0.828828 0.859244 0.823180 0.859244 0.831436 0.845992 0.830132 0.845340 0.817532 0.859896 0.811666 0.859244 0.814924 0.850554 0.806886 0.861200 0.794938 0.865980 0.792330 0.863590 0.786464 0.866632 0.787116 0.876408 0.797110 0.874018 0.794068 0.868804 0.795154 0.866632 0.807972 0.864894 0.826874 0.862720 0.843168 0.860114
0 0.533008 0.077734 0.524804 0.082422 0.517382 0.095312 0.511914 0.112110 0.509766 0.129102 0.504296 0.127734 0.514062 0.133984 0.515820 0.143164 0.503320 0.144140 0.499610 0.149414 0.501172 0.151758 0.519726 0.143946 0.525000 0.144140 0.523046 0.151954 0.509570 0.175000 0.511524 0.175586 0.520704 0.164062 0.528124 0.145898 0.527930 0.144532 0.542578 0.145118 0.551172 0.154882 0.552734 0.150782 0.545118 0.145508 0.551368 0.138868 0.561328 0.129882 0.558790 0.121094 0.562304 0.108790 0.563868 0.100000 0.561132 0.101758 0.556250 0.116796 0.554296 0.128320 0.553906 0.133984 0.541406 0.141992 0.543946 0.136718 0.551562 0.128320 0.546876 0.130274 0.538476 0.137696 0.535938 0.136328 0.533398 0.132618 0.519726 0.134374 0.521094 0.136328 0.533204 0.137304 0.528906 0.140430 0.520118 0.138086 0.518554 0.128906 0.519336 0.121680 0.521680 0.100196 0.522460 0.094140 0.528710 0.083984
0 0.531544 0.428360 0.517172 0.437206 0.507222 0.443838 0.501696 0.461158 0.497642 0.465212 0.489166 0.464476 0.502432 0.471478 0.503538 0.475900 0.486954 0.467792 0.477742 0.467424 0.437206 0.484744 0.436836 0.488798 0.459684 0.480322 0.476268 0.473320 0.488060 0.472214 0.504644 0.480322 0.512014 0.478478 0.510170 0.465212 0.522332 0.452314 0.529334 0.440154 0.521964 0.445682 0.506118 0.463370 0.509802 0.446418 0.517910 0.439048 0.522332 0.436836 0.529702 0.433152
0 0.478710 0.896680 0.475782 0.906250 0.473828 0.914258 0.476562 0.924414 0.477930 0.928320 0.476954 0.935546 0.479882 0.939844 0.479296 0.944140 0.490040 0.939454 0.500390 0.935156 0.507618 0.932032 0.516016 0.928516 0.520704 0.917968 0.528906 0.916602 0.532618 0.913868 0.547852 0.913282 0.546290 0.911132 0.535156 0.911524 0.531250 0.910742 0.530860 0.902540 0.526172 0.903124 0.527734 0.913868 0.521290 0.914062 0.520898 0.902930 0.518164 0.905860 0.518164 0.917382 0.512304 0.921680 0.506250 0.927540 0.491796 0.932032 0.495898 0.925976 0.509570 0.918554 0.505468 0.921484 0.490626 0.925000 0.485352 0.926562 0.479688 0.919532 0.478906 0.913672 0.487304 0.913282 0.495312 0.914062 0.502734 0.916210 0.498438 0.911328 0.487890 0.909960 0.487110 0.904296 0.484960 0.904882 0.482226 0.908984 0.479296 0.909180 0.479102 0.904882 0.479296 0.899218
0 0.538868 0.017968 0.522070 0.042188 0.514454 0.053320 0.506250 0.056836 0.503516 0.058984 0.512890 0.060352 0.514844 0.062890 0.518750 0.062890 0.518360 0.066406 0.514844 0.069140 0.507226 0.070118 0.499024 0.070508 0.497656 0.075196 0.502344 0.076562 0.510546 0.074804 0.505664 0.088476 0.501562 0.096094 0.496874 0.101172 0.484960 0.100000 0.482618 0.097460 0.488672 0.103906 0.501954 0.103710 0.506640 0.097070 0.514454 0.082422 0.517968 0.071484 0.523438 0.067968 0.525390 0.064062 0.528516 0.054492 0.533790 0.046876 0.544726 0.040234 0.550000 0.036132 0.549024 0.035742 0.536328 0.040040 0.525782 0.049804 0.523046 0.056250 0.527148 0.038868 0.531446 0.033204 0.536914 0.028124 0.540040 0.025000 0.540820 0.021484
0 0.535418 0.557558 0.523160 0.562104 0.513672 0.570210 0.507940 0.572582 0.499834 0.564280 0.492322 0.562698 0.493112 0.565070 0.497858 0.569222 0.504974 0.578512 0.502602 0.584246 0.502206 0.588990 0.498054 0.589582 0.487972 0.588200 0.483624 0.589386 0.483624 0.593734 0.489356 0.594920 0.494694 0.594722 0.488368 0.601444 0.498054 0.606782 0.503986 0.606584 0.509916 0.605596 0.514462 0.603026 0.516638 0.597490 0.519602 0.592152 0.522568 0.586024 0.522370 0.572186 0.520788 0.572384 0.518416 0.575548 0.512882 0.584048 0.506556 0.590176 0.505566 0.587606 0.507346 0.581874 0.509718 0.579106 0.519404 0.570408 0.524346 0.567046 0.529288 0.563686
0 0.043650 0.877832 0.034828 0.881114 0.032776 0.886448 0.027032 0.887268 0.020056 0.892808 0.012876 0.898552 0.004670 0.907374 0.004874 0.917222 0.001592 0.931378 0.006106 0.939380 0.005490 0.923376 0.014106 0.922966 0.012056 0.920504 0.012260 0.912298 0.016568 0.904912 0.021492 0.896912 0.026006 0.892808 0.030724 0.890552 0.036880 0.886858
0 0.000586 0.763672 0.008398 0.768360 0.008984 0.772852 0.008008 0.780078 0.008204 0.783008 0.004102 0.790624 0.000390 0.791992 0.000976 0.797266 0.002734 0.800196 0.004296 0.802734 0.000586 0.804102 0.007032 0.804688 0.016016 0.814454 0.024024 0.818554 0.025390 0.814454 0.022266 0.810742 0.010742 0.800586 0.012696 0.797266 0.019532 0.789648 0.017188 0.785352 0.015624 0.783984 0.008008 0.796876 0.005274 0.793164 0.014258 0.779102 0.015624 0.775196 0.012696 0.771876 0.015624 0.768946 0.018750 0.769922 0.023438 0.773632 0.021094 0.783398 0.021680 0.785546 0.031054 0.784180 0.030860 0.781250 0.026172 0.780468 0.027344 0.776172 0.034960 0.776758 0.042382 0.774610 0.042578 0.771094 0.034376 0.771484 0.027734 0.771876 0.024804 0.770898 0.023828 0.767968 0.025976 0.764062 0.031836 0.755274 0.034376 0.751562 0.038086 0.750390 0.039062 0.742774 0.038672 0.724218 0.037500 0.723242 0.034570 0.731054 0.029102 0.745508 0.027734 0.755468 0.022656 0.762696 0.018164 0.762696 0.024610 0.756250 0.027148 0.753906 0.022460 0.754688 0.015820 0.761524 0.008984 0.763086 0.006446 0.757812 0.008594 0.756250 0.010742 0.755664 0.014258 0.754492 0.019336 0.750000 0.021094 0.746680 0.016016 0.748438 0.009960 0.753126 0.005468 0.755078 0.004688 0.749804 0.000390 0.740430
0 0.299414 0.210742 0.293946 0.223438 0.293946 0.227344 0.290234 0.230078 0.286914 0.229102 0.283984 0.219532 0.282032 0.223046 0.284766 0.229882 0.291016 0.233398 0.297070 0.233790 0.294922 0.237304 0.288672 0.239844 0.278124 0.248632 0.274414 0.253710 0.270118 0.262304 0.267382 0.271484 0.266406 0.282422 0.266992 0.284766 0.267774 0.283594 0.272266 0.270508 0.279296 0.257422 0.283984 0.251758 0.295312 0.245704 0.301758 0.241602 0.302734 0.243750 0.306446 0.250390 0.317578 0.257618 0.331054 0.266796 0.321680 0.261524 0.310742 0.254492 0.311328 0.244532 0.312500 0.238868 0.313476 0.233594 0.312500 0.228516 0.313868 0.225196 0.316602 0.225390 0.314454 0.214454 0.313868 0.207226 0.313868 0.200390 0.317774 0.199218 0.319532 0.202930 0.321484 0.198828 0.320118 0.191796 0.318946 0.188868 0.316210 0.194726 0.311132 0.199024 0.307032 0.202148 0.306446 0.217382 0.307032 0.225000 0.304296 0.229296 0.302540 0.223242 0.303126 0.212890 0.303320 0.207226 0.302344 0.204882 0.294140 0.205078 0.295118 0.207618
0 0.254888 0.717988 0.262014 0.725114 0.279210 0.736168 0.293706 0.743048 0.288792 0.747960 0.279948 0.750172 0.279456 0.754840 0.283878 0.755086 0.297882 0.747960 0.302304 0.741082 0.319748 0.748206 0.323432 0.751892 0.318764 0.745996 0.312132 0.741574 0.310166 0.739608 0.318520 0.734940 0.320238 0.732728 0.311148 0.734448 0.300830 0.737152 0.293460 0.736660 0.289284 0.734204 0.282650 0.729536 0.275034 0.726342 0.267172 0.725358 0.259312 0.717988
0 0.266436 0.536188 0.268156 0.543558 0.272086 0.551666 0.278966 0.560510 0.288792 0.565670 0.297146 0.571812 0.300340 0.574268 0.301322 0.587288 0.301076 0.591956 0.294688 0.592940 0.288056 0.585078 0.286826 0.586798 0.288546 0.591220 0.291494 0.597362 0.295180 0.600556 0.291250 0.603012 0.293706 0.612594 0.295180 0.620946 0.295426 0.624140 0.288546 0.627826 0.283634 0.634212 0.287318 0.631756 0.296408 0.625368 0.299110 0.627088 0.306972 0.634458 0.304270 0.621930 0.299356 0.618736 0.299356 0.608416 0.303778 0.602520 0.308446 0.599326 0.302304 0.599082 0.299602 0.599326 0.299356 0.595150 0.306480 0.591710 0.305744 0.579672 0.318028 0.582866 0.327118 0.584094 0.336944 0.583604 0.348738 0.577954 0.352176 0.578690 0.359302 0.584094 0.361022 0.579182 0.360776 0.574268 0.362740 0.569600 0.360284 0.557808 0.360284 0.565424 0.358318 0.574022 0.353896 0.575250 0.351932 0.573776 0.352422 0.564686 0.348982 0.566898 0.348492 0.572794 0.345544 0.575742 0.344806 0.572794 0.338910 0.569600 0.340138 0.572794 0.344316 0.576724 0.339892 0.579182 0.330558 0.579672 0.312132 0.577216 0.305498 0.575496 0.300340 0.571566 0.298128 0.568372 0.298620 0.559528 0.288792 0.559528 0.286090 0.558298 0.281668 0.553876 0.277982 0.547980 0.272578 0.539874 0.270120 0.537170
1 0.295916 0.634704 0.305498 0.655586 0.298374 0.658534 0.298864 0.659764 0.306236 0.659518 0.309674 0.655586 0.316062 0.659026 0.332522 0.660008 0.327118 0.654850 0.318028 0.654112 0.312132 0.652884 0.311148 0.650918 0.306972 0.642074 0.302058 0.638144
0 0.007822 0.285960 0.013982 0.294630 0.026304 0.297368 0.032920 0.297368 0.040450 0.292348 0.035430 0.295542 0.026076 0.295998 0.027900 0.290750 0.033832 0.290750 0.038624 0.291892 0.045014 0.296228 0.049120 0.303528 0.056194 0.316078 0.056650 0.319044 0.052770 0.305354 0.051174 0.298280 0.048436 0.292576 0.038852 0.289610 0.028584 0.287784 0.019914 0.291436 0.013070 0.290294 0.010104 0.280712 0.004856 0.273866 0.001662 0.270216
0 0.000748 0.326802 0.000976 0.334560 0.000748 0.352812 0.003486 0.360570 0.006680 0.366046 0.016264 0.367644 0.026532 0.366046 0.042276 0.364678 0.043872 0.369470 0.043872 0.373348 0.027216 0.382246 0.038624 0.378368 0.045926 0.373804 0.050718 0.369698 0.044784 0.361484 0.043188 0.358974 0.046382 0.353042 0.045470 0.346196 0.042960 0.347108 0.036800 0.355780 0.030638 0.351672 0.021512 0.354182 0.010560 0.352356 0.008734 0.347336 0.013070 0.343458 0.030638 0.329768 0.033832 0.325888 0.028356 0.327714 0.011928 0.339580 0.000292 0.345968 0.003714 0.338666 0.003030 0.328170
1 0.014210 0.838812 0.013982 0.844972 0.005084 0.852274 0.002574 0.855012 0.000292 0.860488 0.002118 0.864368 0.005084 0.869844 0.006224 0.872582 0.007366 0.876232 0.008278 0.871668 0.008278 0.861858 0.006224 0.856382 0.011016 0.853644 0.016264 0.848624 0.018774 0.848624 0.018546 0.851818 0.026532 0.851590 0.025618 0.849080 0.019458 0.842464 0.019458 0.839268
1 0.073822 0.230734 0.068524 0.242320 0.066538 0.251258 0.066208 0.256554 0.072828 0.258872 0.081104 0.256554 0.078788 0.260858 0.061904 0.268472 0.072498 0.263506 0.088718 0.258210 0.094014 0.252252 0.092690 0.236692 0.092028 0.243314 0.088718 0.241658 0.087726 0.236030 0.086070 0.233050 0.077794 0.232388
1 0.037408 0.898438 0.029132 0.913666 0.018870 0.912342 0.018538 0.915982 0.029462 0.917638 0.028800 0.924920 0.033434 0.922934 0.039394 0.902740
1 0.024496 0.927238 0.024166 0.932204 0.029462 0.941804 0.025490 0.946438 0.043366 0.936506 0.047008 0.927900 0.042372 0.931872 0.033434 0.935844 0.030786 0.933196 0.028470 0.928562
0 0.029132 0.080112 0.024166 0.085408 0.019200 0.089380 0.012248 0.099974 0.009932 0.103614 0.006620 0.105932 0.014234 0.106594 0.029462 0.108580 0.024166 0.110566 0.008606 0.118180 0.004304 0.124802 0.000994 0.129104 0.006620 0.129104 0.022180 0.122816 0.024828 0.123478 0.026814 0.135064 0.027146 0.157244 0.029132 0.151616 0.029794 0.119504 0.032110 0.114540 0.035090 0.110898 0.029794 0.111890 0.032110 0.097326 0.032442 0.095670 0.038732 0.094346 0.041710 0.091698 0.037076 0.090374 0.029462 0.094676 0.026484 0.099312 0.023834 0.092690 0.023504 0.089712 0.028800 0.087064 0.030124 0.085076
1 0.408808 0.468108 0.407174 0.457228 0.394118 0.456140 0.387862 0.461580 0.387318 0.466476 0.381876 0.469468 0.376980 0.475180 0.375892 0.491230 0.371268 0.500478 0.369364 0.508368 0.381332 0.514080 0.389222 0.516800 0.402822 0.518976 0.404726 0.516528 0.411256 0.504288 0.414792 0.501294 0.418872 0.496942 0.410712 0.482798 0.413432 0.474636 0.413432 0.471372
1 0.425944 0.435466 0.418056 0.443354 0.412616 0.453690 0.413432 0.460220 0.418600 0.463484 0.423768 0.465932 0.415064 0.470556 0.416424 0.471644 0.426488 0.468924 0.445530 0.464300 0.457772 0.463484 0.457772 0.453418 0.454234 0.447706 0.453418 0.438458 0.449338 0.437098 0.443354 0.439546 0.436554 0.439818 0.429752 0.437914
1 0.486062 0.736594 0.475724 0.751556 0.477628 0.757540 0.485790 0.770598 0.498030 0.780662 0.503472 0.778758 0.505376 0.770870 0.502926 0.770870 0.492862 0.767334 0.481982 0.756996 0.478988 0.751828 0.480350 0.747204
1 0.437370 0.711840 0.436010 0.726802 0.435738 0.731154 0.442266 0.734690 0.449610 0.744756 0.449610 0.737682 0.444442 0.730882 0.441722 0.727618 0.440634 0.724898 0.440906 0.715648
1 0.368820 0.917762 0.367460 0.921026 0.373444 0.924018 0.382420 0.924562 0.377796 0.930820 0.385414 0.927010 0.389494 0.921298 0.397926 0.913410 0.396566 0.910146 0.392214 0.915042 0.384596 0.920754 0.381604 0.921842 0.376980 0.919666 0.373716 0.918578
1 0.383780 0.878318 0.381332 0.882128 0.371540 0.880494 0.368548 0.881854 0.374532 0.884304 0.378340 0.887024 0.380788 0.896000 0.380788 0.898720 0.382692 0.890016 0.387862 0.892736 0.391670 0.892736 0.385958 0.887568 0.382420 0.885120 0.387590 0.882944 0.388134 0.879950
1 0.406358 0.807864 0.398470 0.815754 0.390038 0.822282 0.392758 0.829898 0.393846 0.832074 0.382964 0.832346 0.381060 0.837516 0.383508 0.842140 0.392214 0.845132 0.406358 0.841052 0.412616 0.834250 0.416152 0.825818 0.420776 0.821194 0.423224 0.811402 0.425128 0.805688 0.424040 0.807048 0.417784 0.817114 0.414520 0.820922 0.414520 0.815482 0.414792 0.807864 0.410984 0.807048
1 0.053106 0.928618 0.054194 0.932692 0.055008 0.940842 0.050934 0.942742 0.042512 0.945730 0.036536 0.946274 0.040882 0.951978 0.052834 0.960400 0.060440 0.965832 0.057724 0.963388 0.057182 0.953336 0.059354 0.946818 0.059898 0.941384 0.059082 0.934322
1 0.026486 0.966376 0.023226 0.980772 0.021596 0.991096 0.019150 0.986206 0.017250 0.982946 0.010730 0.986478 0.008286 0.987564 0.005568 0.978056 0.005298 0.974796 0.000950 0.982946 0.002308 0.996800 0.012360 0.996800 0.025398 0.993268 0.032734 0.988922 0.030560 0.972624 0.029474 0.962302 0.027572 0.963660
1 0.022552 0.160520 0.017726 0.160520 0.019146 0.164210 0.025674 0.165914 0.019996 0.169888 0.014320 0.178404 0.006938 0.186070 0.004100 0.190612 0.005518 0.202250 0.008926 0.208212 0.021132 0.212186 0.037882 0.211902 0.050372 0.204522 0.054062 0.201966 0.060876 0.192882 0.054346 0.196856 0.046114 0.203386 0.027378 0.204522 0.022836 0.199696 0.021416 0.194018 0.021132 0.191180 0.022268 0.187488 0.014886 0.189476 0.017158 0.196290 0.007222 0.199412 0.009776 0.189192 0.019996 0.176418 0.024256 0.169036 0.026526 0.170456 0.025674 0.180960 0.021700 0.189476 0.028798 0.186920 0.029082 0.175850 0.029932 0.165346
1 0.038450 0.176418 0.039018 0.186636 0.038166 0.194018 0.027662 0.199128 0.040436 0.200832 0.041004 0.192882 0.042424 0.181810
1 0.032618 0.692774 0.042968 0.710156 0.020118 0.711718 0.023046 0.714844 0.043360 0.716602 0.055468 0.719140 0.057422 0.712696 0.056446 0.707618 0.048046 0.701758 0.048632 0.695312 0.044922 0.698438 0.038672 0.694140 0.037890 0.688672 0.038868 0.686132 0.034766 0.689454
1 0.018164 0.693554 0.016992 0.700782 0.016016 0.706446 0.019140 0.698632 0.026368 0.703320 0.028710 0.704102 0.031250 0.700782 0.021680 0.694922
1 0.122070 0.660546 0.115626 0.666602 0.108398 0.676954 0.112500 0.681640 0.120312 0.683594 0.131446 0.683594 0.148828 0.681640 0.150586 0.676562 0.153906 0.667968 0.154492 0.664648 0.131250 0.661718
1 0.101758 0.621680 0.105078 0.630078 0.100976 0.640430 0.101954 0.641210 0.106836 0.632812 0.108790 0.628710 0.118946 0.628516 0.119532 0.625000 0.112890 0.626562 0.107032 0.623828 0.105860 0.620704 0.103710 0.620898
1 0.068164 0.649804 0.058204 0.658204 0.051368 0.653320 0.046876 0.654296 0.041796 0.654882 0.041016 0.655860 0.054296 0.659376 0.060546 0.660546 0.061718 0.661132 0.067968 0.654102
1 0.076758 0.669922 0.069336 0.677734 0.059374 0.668946 0.059570 0.671680 0.073438 0.681446 0.075196 0.682812 0.078710 0.677344 0.080860 0.671680 0.079688 0.669336
1 0.086328 0.562696 0.085938 0.575390 0.086718 0.581250 0.092578 0.586328 0.094140 0.589844 0.088868 0.593750 0.083398 0.594922 0.080664 0.595312 0.075196 0.598438 0.070118 0.599024 0.063672 0.600782 0.064844 0.602734 0.076758 0.600782 0.082618 0.599804 0.085352 0.598046 0.086718 0.598242 0.090040 0.601758 0.093554 0.602540 0.092382 0.598242 0.095508 0.595312 0.110742 0.583984 0.107032 0.580274 0.102540 0.577734 0.097070 0.576954 0.092382 0.575782 0.087890 0.574024 0.088672 0.566016 0.089648 0.562696
1 0.070898 0.578124 0.072070 0.585742 0.070508 0.592382 0.062304 0.595118 0.059374 0.600586 0.064844 0.597266 0.070704 0.594336 0.073632 0.590820 0.074024 0.585352 0.073242 0.577540
1 0.074804 0.437304 0.063868 0.446484 0.058204 0.450976 0.047852 0.453516 0.041016 0.458594 0.039844 0.462696 0.037500 0.467774 0.026758 0.469336 0.024414 0.469532 0.024610 0.465040 0.017382 0.463086 0.019532 0.455664 0.024414 0.442968 0.027344 0.437110 0.018554 0.444140 0.014062 0.453906 0.012890 0.461524 0.017578 0.469922 0.016796 0.473438 0.014648 0.479688 0.018360 0.480860 0.024804 0.480860 0.035156 0.485742 0.032226 0.481054 0.034766 0.475782 0.043946 0.477148 0.041796 0.482812 0.055664 0.477734 0.058398 0.472656 0.063282 0.473828 0.068750 0.460742 0.072852 0.454102 0.075782 0.445704
1 0.096094 0.427930 0.093750 0.433398 0.089454 0.434960 0.079688 0.435156 0.077734 0.437304 0.077930 0.438868 0.085546 0.439062 0.098046 0.441406 0.099218 0.438282 0.097266 0.435742 0.098438 0.432226
1 0.006054 0.548632 0.015040 0.559570 0.014844 0.561132 0.004492 0.569532 0.006250 0.573242 0.010742 0.571290 0.018360 0.562696 0.023438 0.569140 0.032226 0.566992 0.041602 0.553710 0.039258 0.559180 0.039062 0.565626 0.044336 0.559570 0.045312 0.555078 0.041406 0.546290 0.039454 0.540234 0.041406 0.515624 0.042774 0.511328 0.034570 0.531836 0.037890 0.545508 0.028124 0.559960 0.021680 0.559960 0.013282 0.548632 0.008790 0.539844 0.014844 0.527148 0.014258 0.526562 0.002344 0.538282 0.004102 0.516602
1 0.047656 0.563672 0.045898 0.573632 0.045118 0.587890 0.040624 0.605664 0.037890 0.614648 0.029492 0.623242 0.033008 0.618164 0.034960 0.613086 0.034766 0.605860 0.034766 0.596680 0.033204 0.601562 0.031446 0.614258 0.029688 0.622266 0.026172 0.615040 0.026368 0.610352 0.024610 0.614844 0.023242 0.623828 0.016992 0.635938 0.016210 0.637890 0.014258 0.645704 0.012304 0.651954 0.006836 0.652540 0.004102 0.655860 0.006446 0.657812 0.010742 0.655664 0.015430 0.652540 0.023046 0.633984 0.026172 0.629296 0.032226 0.627930 0.038672 0.627734 0.043360 0.624414 0.045118 0.616210 0.045312 0.608204 0.049024 0.600586 0.057032 0.598828 0.058204 0.594726 0.054688 0.594532 0.044140 0.599414 0.046094 0.596876 0.049414 0.587890 0.050000 0.575586
1 0.061718 0.730274 0.062110 0.735938 0.066210 0.739062 0.069726 0.742774 0.072070 0.746874 0.076562 0.744726 0.082226 0.744726 0.082032 0.740820 0.075976 0.741406 0.070118 0.740234 0.068946 0.734180 0.064648 0.729882
1 0.105950 0.375806 0.103076 0.375362 0.097988 0.384874 0.101970 0.391730 0.112808 0.397260 0.117452 0.397482 0.124532 0.390404 0.125638 0.383104 0.122320 0.378018 0.116126 0.374256 0.112808 0.370938 0.108606 0.372266
1 0.127848 0.438844 0.122098 0.443268 0.119664 0.453664 0.122762 0.462070 0.129618 0.462512 0.131610 0.458088 0.126742 0.449020 0.127406 0.446366 0.135148 0.448134 0.135148 0.449684 0.136476 0.442826 0.133378 0.442384 0.126300 0.442384
1 0.175848 0.445480 0.169434 0.449020 0.168770 0.460742 0.158816 0.457646 0.154392 0.457204 0.153508 0.459636 0.151738 0.462954 0.163904 0.468042 0.164346 0.470918 0.152622 0.472688 0.145986 0.465610 0.142006 0.469812 0.152402 0.476448 0.171866 0.490162 0.180050 0.490162 0.198410 0.488170 0.206814 0.478438 0.213450 0.476006 0.217874 0.475120 0.216326 0.446586 0.210796 0.450568 0.195754 0.454992 0.186908 0.447250 0.181378 0.445260
1 0.233248 0.266006 0.235114 0.270776 0.241540 0.280106 0.250664 0.284252 0.248590 0.291924 0.248176 0.296900 0.259164 0.303120 0.267872 0.314108 0.271812 0.314938 0.283422 0.312864 0.288192 0.309132 0.292132 0.304572 0.295656 0.300424 0.287154 0.298766 0.278032 0.292132 0.270360 0.285910 0.261238 0.281764 0.252736 0.276788 0.247554 0.272434 0.243406 0.268702 0.239260 0.267250
0 0.314524 0.270982 0.322610 0.280934 0.324062 0.286948 0.315768 0.296486 0.305194 0.308510 0.303742 0.295864 0.301876 0.297730 0.301046 0.303120 0.298558 0.304778 0.294412 0.306022 0.294412 0.310170 0.298558 0.313072 0.303742 0.311620 0.298558 0.317426 0.287984 0.322610 0.284874 0.324890 0.281556 0.315352 0.281556 0.318048 0.281350 0.325512 0.279690 0.328830 0.272848 0.330074 0.270154 0.326134 0.277618 0.333392 0.282800 0.336502 0.284460 0.331732 0.290058 0.323646 0.303534 0.317426 0.313072 0.311414 0.322818 0.304156 0.327586 0.292132 0.326964 0.287154 0.324268 0.275544 0.318048 0.268702 0.313694 0.267458
1 0.287570 0.404094 0.297522 0.411766 0.298766 0.417570 0.305816 0.412388 0.311828 0.405960 0.304156 0.408448 0.300840 0.409692 0.297522 0.404924 0.294826 0.400984 0.289022 0.400984
0 0.291094 0.427108 0.287570 0.465466 0.281972 0.456964 0.283422 0.468368 0.287778 0.483504 0.290680 0.495116 0.294204 0.493664 0.299388 0.479980 0.302084 0.480394 0.303534 0.487650 0.304986 0.497810 0.307266 0.492834 0.303120 0.479150 0.298766 0.472930 0.294620 0.468784 0.298766 0.459038 0.296486 0.447842 0.293582 0.438720 0.292960 0.430218
1 0.284460 0.497810 0.270360 0.511080 0.278240 0.518130 0.281350 0.516678 0.277410 0.509422 0.278654 0.508178 0.284666 0.500506
1 0.322196 0.441830 0.320744 0.450744 0.314938 0.452610 0.308510 0.453232 0.309754 0.455720 0.316598 0.455928 0.314524 0.460074 0.314316 0.467746 0.313486 0.473138 0.317426 0.465880 0.325098 0.459868 0.335880 0.454062 0.349356 0.456136 0.349978 0.452610 0.345416 0.451574 0.333598 0.453854 0.320330 0.460490 0.318670 0.460074 0.317634 0.457380 0.320536 0.454476 0.323024 0.451782 0.324268 0.449708
1 0.169594 0.593394 0.169386 0.599406 0.176644 0.604382 0.180998 0.605834 0.189706 0.611846 0.191986 0.618896 0.195926 0.610602 0.206500 0.606664 0.207744 0.604382 0.189084 0.608322 0.187010 0.603968 0.186182 0.592356 0.183278 0.591112 0.177888 0.595466 0.175608 0.591734
1 0.198828 0.685866 0.218940 0.692708 0.224746 0.698306 0.217904 0.682134 0.213342 0.683378 0.199244 0.682342 0.197792 0.683586
0 0.262896 0.813794 0.269324 0.821672 0.273470 0.829344 0.269946 0.830588 0.269116 0.838260 0.278240 0.839712 0.283838 0.841162 0.287154 0.840748 0.301046 0.835564 0.327378 0.827478 0.338160 0.819600 0.320536 0.827686 0.283630 0.835978 0.280106 0.828930 0.276788 0.827270 0.281972 0.824990 0.288400 0.826648 0.284460 0.822502 0.289022 0.812550 0.281972 0.817940 0.278654 0.812550 0.277824 0.819600 0.275130 0.823124 0.270154 0.815246 0.267250 0.812758
1 0.290058 0.791194 0.288400 0.802598 0.290888 0.809648 0.292338 0.815038 0.301876 0.821880 0.310170 0.822088 0.315146 0.818148 0.316182 0.810684 0.314316 0.796584 0.306644 0.804464 0.304364 0.801560 0.303742 0.792230 0.295448 0.791194
1 0.273264 0.839918 0.271604 0.849248 0.274922 0.855262 0.269324 0.863348 0.270568 0.866458 0.274092 0.863554 0.283008 0.860652 0.291302 0.859616 0.297522 0.864384 0.295864 0.867494 0.287362 0.875374 0.287362 0.879106 0.300632 0.862932 0.305194 0.860652 0.309754 0.858164 0.301876 0.857750 0.293998 0.857956 0.287984 0.855884 0.285496 0.856712 0.288814 0.850078 0.286740 0.843858 0.282386 0.841992
1 0.230760 0.870398 0.234698 0.876824 0.236980 0.886362 0.251492 0.886776 0.260408 0.892790 0.263104 0.895070 0.263934 0.898388 0.276374 0.905230 0.282386 0.911242 0.297730 0.927208 0.306852 0.918084 0.308718 0.914146 0.314108 0.910414 0.310792 0.903572 0.302290 0.912902 0.306852 0.898388 0.309962 0.890508 0.308510 0.883874 0.299180 0.891960 0.293168 0.893204 0.293376 0.878690 0.285288 0.878068 0.277202 0.878484 0.272226 0.875374 0.261860 0.874336 0.252114 0.877654 0.248798 0.876824 0.243614 0.870190 0.241540 0.872264 0.234492 0.872886
1 0.213136 0.892790 0.217074 0.896314 0.225368 0.905230 0.230552 0.906888 0.229514 0.914560 0.234698 0.915182 0.231174 0.904608 0.232832 0.900462 0.223502 0.898596 0.220392 0.894240 0.217904 0.891130 0.215002 0.890924
1 0.274508 0.667620 0.267872 0.677988 0.258958 0.680476 0.259994 0.682134 0.266006 0.682134 0.270568 0.681720 0.271812 0.678610 0.276996 0.669694
1 0.245272 0.732310 0.251492 0.747238 0.269324 0.745786 0.266006 0.742054 0.258750 0.743092 0.256262 0.743714 0.254602 0.743092 0.252736 0.741018 0.251286 0.736664 0.249834 0.733762
1 0.176368 0.408008 0.186132 0.397070 0.195312 0.405274 0.208594 0.418946 0.200390 0.417578 0.197070 0.414454 0.190820 0.406446 0.185938 0.401172 0.184374 0.404882
1 0.340234 0.781250 0.338476 0.784960 0.332422 0.795312 0.327734 0.797266 0.332422 0.807618 0.332226 0.800000 0.334376 0.804102 0.335742 0.808204 0.347852 0.805664 0.352540 0.801368 0.352930 0.792188 0.352344 0.789454 0.351172 0.794140 0.342382 0.804492 0.337110 0.801562 0.335352 0.800586 0.336132 0.794532 0.338086 0.791210 0.342774 0.783008
1 0.362890 0.801562 0.358984 0.802344 0.356446 0.813672 0.350196 0.821680 0.342578 0.823046 0.338476 0.825196 0.353516 0.823828 0.355664 0.824610 0.371290 0.831054 0.371874 0.836524 0.373242 0.852344 0.373632 0.835352 0.372460 0.828124 0.362110 0.824024 0.354296 0.820704 0.359180 0.814454 0.362304 0.808398 0.363282 0.804102
1 0.339062 0.597266 0.341210 0.608984 0.344140 0.616016 0.339844 0.621290 0.334376 0.627734 0.345898 0.619726 0.347070 0.619140 0.365040 0.632226 0.366796 0.632032 0.367968 0.629492 0.362890 0.620704 0.364258 0.615234 0.357422 0.621484 0.356836 0.618360 0.355468 0.608790 0.352344 0.607812 0.349218 0.613476 0.346680 0.606250 0.341406 0.597852
1 0.342188 0.647460 0.348632 0.653516 0.358008 0.655468 0.363476 0.656446 0.365040 0.660352 0.370312 0.652930 0.370118 0.646484 0.371290 0.642382 0.361718 0.652930 0.358204 0.651758 0.351562 0.649218 0.345898 0.646876
1 0.283984 0.566210 0.282422 0.573438 0.273828 0.577540 0.272266 0.574414 0.269726 0.579102 0.270118 0.582812 0.258398 0.589062 0.259374 0.595898 0.258790 0.597266 0.266210 0.589844 0.273828 0.585546 0.275196 0.588282 0.273438 0.597852 0.276368 0.585156 0.285352 0.583398 0.278906 0.582618 0.276368 0.582618 0.275390 0.579882 0.281446 0.578320 0.287110 0.576368 0.293164 0.575586 0.296094 0.575586 0.294532 0.573242 0.288672 0.572070 0.286718 0.571094
1 0.358398 0.550390 0.374218 0.562110 0.381054 0.550586 0.376172 0.555468 0.372852 0.557812 0.363868 0.549218 0.361328 0.550000
1 0.346680 0.405664 0.363282 0.400976 0.366210 0.398828 0.369140 0.401758 0.373828 0.403516 0.383008 0.402148 0.386328 0.398046 0.379882 0.407032 0.369532 0.407226 0.367382 0.402344 0.364454 0.403710 0.351758 0.408204 0.346094 0.407812
1 0.365040 0.262890 0.367188 0.269140 0.371874 0.272460 0.373242 0.272070 0.371094 0.277734 0.370704 0.283984 0.371094 0.301562 0.374024 0.296094 0.375586 0.286914 0.373242 0.280078 0.374414 0.275196 0.379882 0.272852 0.387110 0.271094 0.389648 0.268946 0.388476 0.266016 0.376758 0.266016 0.368750 0.264844 0.366992 0.261328
1 0.377344 0.176172 0.373632 0.185742 0.371680 0.190040 0.365234 0.195508 0.366406 0.197460 0.376954 0.193750 0.379296 0.188282 0.380860 0.186328 0.384180 0.191406 0.384960 0.189844 0.390430 0.184960 0.393946 0.179296 0.394140 0.177734 0.391796 0.170118 0.390820 0.162110 0.389062 0.166796 0.386328 0.182422 0.381836 0.185546 0.379296 0.185742
0 0.317774 0.108204 0.310352 0.116992 0.309374 0.125976 0.308008 0.130468 0.309960 0.140624 0.310742 0.144726 0.300196 0.153320 0.301368 0.157812 0.308008 0.151172 0.309960 0.148242 0.319532 0.158790 0.326562 0.156446 0.335352 0.144532 0.338086 0.135742 0.335938 0.123242 0.334376 0.131640 0.330468 0.150782 0.320704 0.153710 0.312304 0.142968 0.312696 0.136328 0.313282 0.128320 0.313086 0.119726 0.313476 0.115234
1 0.244532 0.178710 0.240040 0.189454 0.240820 0.193360 0.236914 0.197460 0.240430 0.199804 0.241406 0.194140 0.243946 0.190820 0.246094 0.184960 0.247656 0.175196 0.246290 0.176368
1 0.259374 0.201368 0.258790 0.214062 0.249024 0.213672 0.254296 0.215040 0.263476 0.216210 0.261718 0.211718
1 0.097460 0.764844 0.095508 0.768946 0.100390 0.774024 0.102930 0.773828 0.107422 0.773242 0.110352 0.766796 0.110156 0.763086 0.107226 0.766016 0.103124 0.770508 0.100782 0.768554 0.100390 0.764844
1 0.175586 0.833008 0.171876 0.835742 0.168554 0.846290 0.167968 0.858008 0.166406 0.865234 0.155664 0.858790 0.154688 0.851562 0.149024 0.852344 0.144140 0.867382 0.142968 0.886524 0.141016 0.902734 0.144140 0.897070 0.149804 0.865626 0.152344 0.867188 0.155468 0.870508 0.166602 0.877148 0.172656 0.886328 0.177540 0.887110 0.162890 0.872852 0.161914 0.866016 0.166992 0.865430 0.170118 0.860938 0.172852 0.855860 0.173438 0.859960 0.179102 0.867382 0.180664 0.863476 0.179882 0.853320 0.176758 0.846290 0.177344 0.838086 0.177148 0.834376
1 0.268750 0.775586 0.265234 0.779492 0.267968 0.787500 0.268750 0.793164 0.275000 0.793554 0.276172 0.793360 0.275390 0.788476 0.271876 0.782226 0.271484 0.777930
1 0.123632 0.561914 0.121094 0.570508 0.119140 0.571484 0.104492 0.560938 0.105274 0.567382 0.109766 0.571290 0.116992 0.577930 0.119336 0.581836 0.124414 0.604102 0.124414 0.604688 0.127148 0.588868 0.127734 0.578906 0.124610 0.578320 0.123632 0.570118 0.124024 0.565626
1 0.063672 0.282226 0.062500 0.285546 0.068946 0.298828 0.052930 0.311718 0.071874 0.299414 0.069140 0.292968 0.066602 0.285352
1 0.015820 0.304492 0.015624 0.311914 0.013086 0.317968 0.022460 0.310352 0.020508 0.309180 0.019336 0.308204 0.018554 0.303320
1 0.002734 0.249414 0.000196 0.253516 0.002930 0.262890 0.008398 0.270118 0.006640 0.257618 0.005468 0.251562
1 0.012500 0.270312 0.016016 0.275390 0.018554 0.281446 0.020508 0.288868 0.021094 0.277930 0.024024 0.267968 0.020704 0.270898 0.019336 0.275586
1 0.112500 0.154102 0.105468 0.163672 0.102148 0.169532 0.099414 0.164844 0.092578 0.171484 0.097656 0.171290 0.105664 0.167968 0.111132 0.160352 0.112890 0.159376
1 0.076368 0.000586 0.077734 0.010546 0.070898 0.016992 0.069726 0.019140 0.081054 0.016210 0.087696 0.013476 0.091210 0.006836 0.081640 0.012110 0.080468 0.001562
1 0.300390 0.000976 0.288868 0.002930 0.289454 0.008008 0.292968 0.015040 0.294922 0.027930 0.284180 0.018946 0.282226 0.019726 0.284180 0.028124 0.287110 0.033204 0.288086 0.036328 0.280274 0.036718 0.277344 0.040040 0.291016 0.044336 0.289844 0.048046 0.284376 0.055860 0.272852 0.059374 0.280664 0.062500 0.283008 0.064062 0.287696 0.068946 0.291406 0.057618 0.295898 0.047266 0.296290 0.043360 0.301172 0.042578 0.305664 0.042578 0.310546 0.045118 0.318360 0.053320 0.327148 0.063476 0.330468 0.068946 0.331640 0.071874 0.336524 0.077930 0.340820 0.079296 0.342578 0.077540 0.336524 0.073828 0.339648 0.070898 0.338868 0.067774 0.330078 0.065234 0.326954 0.058398 0.324414 0.053126 0.318360 0.049804 0.319922 0.046876 0.324024 0.037890 0.325390 0.043360 0.325586 0.039258 0.323828 0.028906 0.323632 0.022266 0.321874 0.015820 0.315234 0.008984 0.312110 0.003516 0.312500 0.013868 0.306836 0.022460 0.304882 0.026758 0.295898 0.010352 0.297852 0.009180 0.307618 0.015234 0.307618 0.007812 0.306446 0.002344
1 0.418360 0.023242 0.413476 0.024610 0.413476 0.033594 0.407032 0.035938 0.407032 0.039258 0.408594 0.040820 0.415820 0.036524 0.416602 0.039062 0.418946 0.041602 0.423438 0.040820 0.422656 0.038282 0.418360 0.035546 0.417774 0.033008 0.418360 0.027344
1 0.415820 0.070312 0.415040 0.081836 0.406054 0.083204 0.418946 0.085156 0.421290 0.091602 0.423242 0.089454 0.428126 0.088868 0.425390 0.085546 0.418554 0.081640 0.418164 0.078516
1 0.507422 0.031836 0.501562 0.027344 0.495508 0.030274 0.486914 0.038672 0.482618 0.047656 0.481446 0.057032 0.480078 0.064844 0.482032 0.066992 0.484376 0.065626 0.488282 0.073438 0.492578 0.073438 0.492188 0.068164 0.485742 0.061914 0.485938 0.058398 0.488672 0.050000 0.489454 0.041210 0.494726 0.037500 0.500000 0.031446 0.506250 0.034570
1 0.482618 0.147070 0.471094 0.147852 0.467188 0.151954 0.459960 0.157812 0.457618 0.159376 0.451368 0.157618 0.448242 0.154688 0.441602 0.153124 0.440430 0.155078 0.449414 0.158594 0.453320 0.163476 0.448046 0.163476 0.446874 0.166016 0.456640 0.166992 0.459180 0.166016 0.460156 0.171094 0.460156 0.172070 0.450976 0.177344 0.442968 0.187110 0.454296 0.178906 0.463672 0.175000 0.469922 0.175000 0.463282 0.167382 0.460742 0.163672 0.464454 0.157618 0.467382 0.154688 0.471094 0.150586 0.475196 0.149610
1 0.461914 0.113868 0.457812 0.127540 0.450390 0.123046 0.444140 0.126562 0.443946 0.128126 0.454102 0.131640 0.456250 0.133398 0.458790 0.136914 0.461524 0.138868 0.462696 0.139844 0.461524 0.132422 0.461132 0.127734 0.463476 0.124218 0.464062 0.118750 0.465234 0.114258
1 0.287774 0.089028 0.275756 0.101476 0.271248 0.096110 0.265024 0.097398 0.264810 0.100404 0.273824 0.102336 0.277258 0.107916 0.278116 0.108988 0.282194 0.102336 0.283696 0.097614 0.290564 0.092676
1 0.856702 0.172100 0.853562 0.177706 0.856926 0.184208 0.860514 0.204390 0.858944 0.209548 0.844594 0.213360 0.840108 0.216948 0.854236 0.215154 0.860290 0.211116 0.860962 0.213808 0.878004 0.229504 0.898186 0.226140 0.890338 0.224348 0.876884 0.225916 0.873520 0.219190 0.873744 0.216498 0.888768 0.214256 0.897514 0.217620 0.894822 0.212238 0.877332 0.212462 0.871502 0.215154 0.869036 0.215378 0.864550 0.209322 0.868138 0.204838 0.876210 0.197886 0.884508 0.191384 0.880920 0.189142 0.881368 0.183760 0.881368 0.181294 0.875986 0.187348 0.870830 0.183312 0.865448 0.178602 0.861636 0.175014 0.859618 0.172100
1 0.817012 0.070294 0.824860 0.085318 0.817460 0.091374 0.821944 0.090924 0.827776 0.086664 0.833156 0.085768 0.845938 0.081282 0.837418 0.081058 0.827776 0.083076 0.824188 0.077022 0.819926 0.070968
1 0.788084 0.106846 0.798400 0.105276 0.800194 0.101912 0.809388 0.107070 0.816564 0.108416 0.810508 0.112228 0.803558 0.110210 0.801090 0.106622 0.797502 0.109088 0.791672 0.109760
1 0.884956 0.075900 0.881592 0.085992 0.880696 0.088234 0.871502 0.091598 0.871726 0.100118 0.874416 0.111554 0.862084 0.112228 0.867690 0.113798 0.880022 0.117610 0.882042 0.120076 0.878004 0.124784 0.878230 0.131512 0.879798 0.130166 0.891684 0.126130 0.898410 0.123888 0.895944 0.117610 0.884284 0.117834 0.891460 0.121422 0.884732 0.122990 0.882490 0.114246 0.883610 0.109984 0.876436 0.092494 0.880248 0.090700 0.885854 0.082628
1 0.852218 0.077022 0.856254 0.085992 0.862308 0.083300 0.859842 0.083300 0.856254 0.081956 0.854684 0.077918
1 0.813872 0.021410 0.813648 0.022756 0.803782 0.038004 0.807818 0.037332 0.823738 0.032398 0.830914 0.032398 0.838090 0.033520 0.832708 0.030604 0.819926 0.024998 0.817236 0.022308 0.820152 0.022084 0.836072 0.027016 0.837866 0.032398 0.850872 0.047646 0.849078 0.040694 0.841902 0.031502 0.836072 0.024774 0.829794 0.020738 0.817236 0.019168
1 0.511958 0.301516 0.513138 0.320576 0.517656 0.323720 0.532000 0.325096 0.540254 0.326668 0.529446 0.322148 0.521390 0.319986 0.522962 0.313698 0.524140 0.310358 0.532198 0.310752 0.540056 0.315664 0.546934 0.321952 0.552042 0.325882 0.552828 0.326470 0.554990 0.321362 0.551650 0.319594 0.543004 0.315468 0.542218 0.309180 0.538092 0.304268 0.534162 0.301712 0.529054 0.300338 0.523748 0.300534 0.517854 0.303482 0.515692 0.302892
1 0.575426 0.387776 0.572478 0.395636 0.576014 0.402120 0.580142 0.406050 0.584268 0.408800 0.592324 0.404674 0.604898 0.399958 0.606864 0.396422 0.599594 0.392296 0.592716 0.391312 0.592716 0.385418 0.590556 0.383256 0.587608 0.389544 0.586036 0.384042 0.584856 0.378738 0.582106 0.382078 0.579944 0.386794
1 0.549488 0.431396 0.561278 0.440436 0.561082 0.447312 0.566190 0.455172 0.565404 0.441812 0.572084 0.431986 0.571102 0.431004 0.563242 0.439650 0.555186 0.430414
1 0.619046 0.379720 0.621600 0.386596 0.630640 0.391312 0.633390 0.390330 0.627496 0.387382 0.624352 0.385418 0.622190 0.382274 0.621798 0.379916
1 0.439650 0.389348 0.435524 0.398976 0.430218 0.409194 0.435916 0.414106 0.433362 0.403496 0.439650 0.399762 0.446724 0.397796 0.448098 0.393474 0.447902 0.389938
1 0.529642 0.774472 0.526696 0.781152 0.527482 0.790584 0.522962 0.793138 0.520408 0.795496 0.515692 0.793924 0.505868 0.788814 0.506260 0.791958 0.514906 0.800408 0.515298 0.804338 0.510190 0.809446 0.508028 0.811608 0.512548 0.814358 0.515298 0.815734 0.519032 0.802372 0.521784 0.801784 0.524926 0.797068 0.526892 0.793334 0.529446 0.791762 0.530232 0.788028 0.528268 0.783314 0.529054 0.780758 0.529642 0.777614
1 0.421376 0.937166 0.418822 0.942078 0.414302 0.948366 0.417054 0.949348 0.422554 0.943650 0.424324 0.938738
1 0.415678 0.957012 0.409782 0.959370 0.410766 0.963496 0.413124 0.971158 0.414892 0.971552 0.417054 0.965460 0.413320 0.963888 0.414498 0.960352
1 0.439060 0.962906 0.443972 0.974106 0.444366 0.975874 0.455368 0.977054 0.449868 0.973124 0.444954 0.967622 0.442400 0.964086
1 0.503706 0.974302 0.498400 0.973910 0.496632 0.976072 0.496042 0.978822 0.494274 0.983342 0.492112 0.994344 0.490234 0.998046 0.496094 0.998046 0.498794 0.996900 0.497614 0.987860 0.501544 0.979412 0.505278 0.980198 0.514120 0.986486 0.515692 0.984716 0.509994 0.978626 0.507636 0.977644 0.510976 0.974892 0.507832 0.976072
0 0.872324 0.965854 0.860338 0.983342 0.857390 0.989040 0.846584 0.988646 0.840688 0.986682 0.829686 0.974500 0.827916 0.974696 0.819664 0.974106 0.801194 0.974302 0.816520 0.977644 0.825558 0.981376 0.824772 0.987074 0.828114 0.987074 0.829292 0.986486 0.838724 0.992184 0.847656 0.998046 0.861328 0.998046 0.863874 0.995916 0.852086 0.994542 0.847762 0.991790 0.864660 0.988646 0.872128 0.982556 0.871144 0.976464
1 0.754822 0.972534 0.760128 0.980590 0.764450 0.987074 0.763664 0.990218 0.766218 0.989826 0.782724 0.997096 0.786850 0.995720 0.782330 0.992774 0.767200 0.986878 0.764056 0.981966 0.762486 0.978430 0.759144 0.975088 0.758556 0.973124
1 0.990612 0.967032 0.982556 0.967230 0.967032 0.975482 0.963496 0.982556 0.962316 0.992380 0.967032 0.997686 0.978516 0.998046 0.998046 0.998046 0.997882 0.974500 0.996506 0.969194 0.992576 0.967818
1 0.919286 0.951706 0.914372 0.955046 0.913194 0.956422 0.920072 0.969194 0.916534 0.974696 0.911426 0.985306 0.908204 0.998046 0.911426 0.995328 0.912998 0.992970 0.910156 0.998046 0.912110 0.998046 0.912998 0.996900 0.913784 0.988254 0.918106 0.975286 0.922626 0.971158 0.927734 0.967032 0.930288 0.963102 0.928716 0.954850 0.926358 0.956422 0.921250 0.958976 0.920464 0.953868
1 0.918500 0.982162 0.916016 0.998046 0.923828 0.998046 0.931640 0.998046 0.925966 0.997292 0.919088 0.994148 0.920268 0.984520
1 0.916928 0.920268 0.942078 0.921250 0.949348 0.916338 0.945616 0.921446 0.941096 0.926948 0.940506 0.930288 0.937756 0.923804 0.914962 0.924002
1 0.801784 0.765236 0.791172 0.780562 0.793530 0.768184 0.789208 0.767398 0.779776 0.770148 0.776436 0.773292 0.781938 0.780366 0.791172 0.788422 0.789404 0.790780 0.776042 0.796282 0.772114 0.803356 0.790190 0.793530 0.791172 0.797068 0.792156 0.797854 0.795102 0.782724 0.794906 0.778598 0.797658 0.774472 0.802766 0.767004
1 0.856014 0.845012 0.865446 0.858570 0.869770 0.862500 0.865446 0.863482 0.861910 0.865054 0.858176 0.869572 0.860338 0.868394 0.873502 0.862106 0.871734 0.869572 0.876646 0.863874 0.880576 0.859158 0.893938 0.856212 0.894528 0.852872 0.896100 0.850710 0.889812 0.853460 0.877630 0.859158 0.873502 0.860142 0.871538 0.855426 0.869770 0.846780 0.867216 0.853460 0.861910 0.847762
1 0.937166 0.856014 0.919286 0.865054 0.906514 0.868000 0.900422 0.869180 0.894724 0.868590 0.899046 0.866232 0.892562 0.867018 0.888632 0.865644 0.882934 0.863874 0.883720 0.866626 0.888830 0.872128 0.892562 0.870556 0.918892 0.868984 0.922822 0.868394 0.924002 0.867804 0.926162 0.863088 0.933432 0.859356
1 0.862892 0.817502 0.875468 0.827524 0.892170 0.818092 0.877236 0.824970 0.868984 0.818682 0.865840 0.818682
1 0.890400 0.741656 0.884114 0.754036 0.881952 0.754822 0.881362 0.748534 0.879790 0.751088 0.878218 0.756198 0.865644 0.757572 0.860142 0.760520 0.863874 0.760716 0.878416 0.759538 0.887060 0.755214 0.890008 0.753054
1 0.941292 0.694302 0.950134 0.708646 0.946598 0.724758 0.958584 0.710022 0.951902 0.704716 0.947384 0.698626 0.943846 0.696464 0.942864 0.696070
1 0.903566 0.790190 0.919482 0.785082 0.923018 0.789012 0.922626 0.791762 0.917714 0.793138 0.916338 0.791958 0.906514 0.792548 0.901208 0.794514
1 0.914962 0.726330 0.914372 0.737138 0.916730 0.741656 0.921446 0.744998 0.925572 0.746176 0.927342 0.742050 0.928520 0.734584 0.923216 0.729082
1 0.924788 0.643608 0.926358 0.649698 0.928520 0.654022 0.927734 0.664042 0.924002 0.661292 0.916338 0.661684 0.927538 0.666990 0.934416 0.669544 0.932058 0.677798 0.934022 0.685068 0.931468 0.694500 0.915944 0.711790 0.919088 0.711790 0.927538 0.708646 0.934022 0.695482 0.937756 0.676226 0.935594 0.669152 0.943258 0.671510 0.940310 0.667972 0.943060 0.661882 0.946794 0.656184 0.940900 0.660310 0.935398 0.662668 0.931074 0.663060 0.930288 0.656772 0.939130 0.655004 0.939328 0.654414 0.932450 0.652254 0.930682 0.649698 0.927930 0.644984
1 0.920858 0.674456 0.922430 0.685854 0.924788 0.689194 0.923412 0.696464 0.925572 0.692534 0.926948 0.685854 0.924984 0.682120 0.924198 0.676226 0.923216 0.674260
1 0.933844 0.108470 0.929086 0.114094 0.923462 0.118636 0.920218 0.117122 0.916974 0.124260 0.911566 0.132480 0.925192 0.125126 0.927788 0.123178 0.928654 0.132264 0.926274 0.139400 0.921516 0.143942 0.919136 0.149134 0.917190 0.158868 0.920868 0.153892 0.931466 0.131182 0.940334 0.138968 0.951580 0.136156 0.954392 0.132264 0.944660 0.133778 0.936656 0.131182 0.936224 0.123396 0.935142 0.116258
1 0.934278 0.156704 0.935142 0.165788 0.938604 0.175090 0.933196 0.174656 0.924976 0.170114 0.921948 0.170330 0.929518 0.174008 0.936224 0.176604 0.945092 0.177684 0.949418 0.177684 0.957420 0.177684 0.955906 0.173792 0.951148 0.168600 0.946822 0.164924 0.944660 0.156272 0.943362 0.154542
1 0.938386 0.181146 0.936872 0.186986 0.933628 0.186336 0.929736 0.182876 0.929736 0.187850 0.936440 0.192392 0.941632 0.199098 0.954176 0.204072 0.958286 0.203208 0.955042 0.197368 0.954826 0.190878 0.948336 0.193690 0.943794 0.192392 0.941632 0.184822 0.940550 0.179198
1 0.986620 0.199098 0.979050 0.206884 0.976238 0.211426 0.975806 0.214670 0.972344 0.220294 0.972128 0.220726 0.977752 0.220078 0.983160 0.216184 0.984890 0.211858 0.985972 0.206236
1 0.933628 0.196718 0.934926 0.202342 0.936872 0.205370 0.932114 0.209912 0.930168 0.210778 0.933628 0.214022 0.935574 0.222458 0.937090 0.228514 0.937306 0.214670 0.941632 0.214888 0.946606 0.211426 0.942496 0.212508 0.936224 0.212292 0.937738 0.207966 0.938170 0.202126
0 0.966722 0.477900 0.970614 0.485036 0.969100 0.488064 0.948336 0.491742 0.954176 0.493904 0.965208 0.493472 0.974076 0.491094 0.977104 0.490228 0.973642 0.494770 0.966504 0.502124 0.975156 0.499096 0.977752 0.499312 0.977968 0.519212 0.977968 0.526348 0.978400 0.523104 0.980996 0.504936 0.980996 0.500394 0.980996 0.499096 0.994840 0.511208 0.996786 0.512074 0.994622 0.506450 0.986188 0.497798 0.985322 0.486550 0.986836 0.484388 0.978618 0.485036 0.977104 0.484604 0.973426 0.476168 0.971696 0.472924 0.969966 0.471626 0.967802 0.474438
1 0.784386 0.475304 0.785684 0.482658 0.791956 0.491526 0.801258 0.502990 0.801040 0.509478 0.801906 0.512074 0.803204 0.511208 0.812288 0.516832 0.808612 0.510344 0.803636 0.505584 0.805366 0.502556 0.813154 0.484820 0.810126 0.490012 0.805366 0.495852 0.801258 0.488930 0.799960 0.480710 0.790658 0.474872 0.788712 0.475520
1 0.685972 0.735504 0.708034 0.741560 0.707170 0.748050 0.723608 0.730096 0.710414 0.740478 0.704790 0.734638 0.696356 0.731828 0.690732 0.730530 0.687704 0.733558
1 0.896020 0.357892 0.893576 0.350558 0.883796 0.347026 0.872658 0.353274 0.876190 0.357348 0.876462 0.369030 0.874560 0.372832 0.847124 0.383970 0.843592 0.386414 0.846308 0.386958 0.871028 0.378536 0.882166 0.373376 0.890586 0.376636 0.886512 0.385056 0.888686 0.383698 0.892216 0.375006 0.890586 0.393478 0.887598 0.402714 0.889228 0.400540 0.895476 0.385328 0.894934 0.372560 0.904440 0.361694 0.914764 0.348384 0.907158 0.354360 0.895748 0.364412 0.893846 0.362782
1 0.787906 0.374734 0.789806 0.382340 0.790350 0.392934 0.789264 0.396738 0.796326 0.396738 0.796870 0.401354 0.799042 0.398096 0.801216 0.395922 0.806648 0.396466 0.805018 0.392934 0.799042 0.393478 0.794696 0.389402 0.792252 0.379896 0.791708 0.375820
1 0.996528 0.348928 0.994626 0.350558 0.983762 0.344038 0.976698 0.335346 0.971266 0.331000 0.968548 0.333444 0.986478 0.355448 0.987020 0.356806 0.991368 0.360608 0.998046 0.369140 0.998046 0.361328 0.998046 0.339844
1 0.897378 0.258742 0.872658 0.275856 0.862064 0.264990 0.871028 0.281560 0.875374 0.290252 0.880808 0.282646 0.883524 0.282374 0.884882 0.288350 0.888686 0.274768 0.885154 0.277214 0.878362 0.282918 0.875104 0.280202 0.875918 0.276942 0.882710 0.274226 0.889500 0.269336
1 0.825982 0.279062 0.827326 0.288704 0.833830 0.302382 0.840108 0.309782 0.837642 0.311128 0.833156 0.318080 0.831138 0.319200 0.827326 0.312474 0.822394 0.316734 0.813648 0.322340 0.806248 0.327946 0.821496 0.324806 0.824188 0.323236 0.828896 0.326600 0.833606 0.333104 0.836296 0.329292 0.838314 0.320770 0.841902 0.314042 0.845042 0.315612 0.852666 0.327946 0.860514 0.346334 0.858720 0.360236 0.859842 0.376382 0.862980 0.375036 0.861412 0.362926 0.859168 0.342296 0.847284 0.312248 0.841230 0.310680 0.841230 0.301486 0.848180 0.305074 0.850648 0.300588 0.854236 0.282426 0.847284 0.289152 0.842126 0.300140 0.839436 0.300140 0.835624 0.290722 0.828672 0.281528 0.828224 0.278388
1 0.856478 0.220086 0.854460 0.220984 0.848854 0.230178 0.849078 0.238474 0.849750 0.244528 0.838762 0.249462 0.838762 0.251032 0.847732 0.253274 0.854908 0.251480 0.854236 0.241164 0.849750 0.233092 0.853786 0.227710
1 0.819030 0.172772 0.816788 0.178826 0.808490 0.183536 0.811854 0.185330 0.814770 0.183760 0.822618 0.180844 0.829344 0.182190 0.834950 0.179500 0.832484 0.178154 0.830242 0.176584 0.829794 0.172324 0.827776 0.173894 0.824860 0.177256 0.821048 0.175912
1 0.666406 0.665430 0.657618 0.667578 0.649414 0.672070 0.647656 0.679296 0.648632 0.678516 0.662696 0.670312 0.667382 0.668164