1 0.013520 0.479888 0.001312 0.496674 0.027252 0.496674 0.047088 0.484466
1 0.241692 0.000000 0.246032 0.011160 0.236732 0.011160 0.218750 0.017982 0.234250 0.003100 0.197048 0.008060 0.195808 0.003100
1 0.220610 0.048984 0.224330 0.062624 0.209450 0.062624 0.220610 0.073784 0.223710 0.092386 0.234250 0.084326 0.237972 0.065104 0.241072 0.055184 0.236732 0.055184 0.234250 0.042162 0.231770 0.060144
0 0.260544 0.094760 0.290336 0.082346 0.305234 0.081518 0.312682 0.093104 0.315164 0.112140 0.325096 0.125380 0.328406 0.137794 0.318576 0.150670 0.327578 0.150208 0.336558 0.140750 0.330062 0.116278 0.323440 0.108002 0.324268 0.089794 0.340820 0.082346 0.351580 0.078208 0.368130 0.080690 0.387166 0.085656 0.392958 0.081518 0.379718 0.074070 0.370614 0.070760 0.354890 0.069932 0.336682 0.073242 0.325924 0.080690 0.320958 0.061656 0.312682 0.064138 0.302750 0.069104 0.288682 0.074898 0.272130 0.080690 0.259716 0.087312 0.256406 0.090622
1 0.259716 0.052552 0.266336 0.065794 0.275440 0.070760 0.276268 0.074898 0.282888 0.069104 0.295302 0.056690 0.296130 0.050070 0.289510 0.049242 0.281234 0.059174
0 0.295302 0.007034 0.311026 0.005380 0.315164 0.029380 0.322614 0.054208 0.331716 0.062484 0.330062 0.036828 0.325924 0.012828
1 0.327876 0.001860 0.344618 0.014880 0.355158 0.031002 0.363220 0.041542 0.345238 0.031002 0.343998 0.041542 0.338418 0.024802
1 0.386160 0.018602 0.379340 0.031622 0.370040 0.038442 0.373140 0.042782 0.385540 0.036582
1 0.353298 0.090526 0.352058 0.104166 0.370660 0.101686 0.370040 0.109126 0.348338 0.107886 0.345238 0.116568 0.345858 0.137028 0.346478 0.148190 0.339658 0.145710 0.337798 0.124008 0.330978 0.112848 0.326016 0.102306 0.327256 0.097346 0.337178 0.108506 0.342758 0.099826 0.347718 0.093626
1 0.355778 0.152530 0.354538 0.163690 0.347718 0.169890 0.345858 0.177952 0.337798 0.174232 0.336558 0.166170 0.316096 0.151910 0.330358 0.155010 0.343378 0.158110
1 0.212214 0.214920 0.226054 0.221072 0.242202 0.235682 0.242202 0.213382 0.231438 0.208000 0.227592 0.198772 0.222980 0.207232
1 0.386764 0.178780 0.412910 0.184162 0.418292 0.201080 0.423674 0.181086 0.426750 0.155712 0.417522 0.170322 0.389072 0.171860
1 0.190052 0.247996 0.205472 0.253136 0.214896 0.247138 0.217466 0.255706 0.226888 0.261702 0.207186 0.265984 0.186626 0.266842 0.188340 0.259132 0.197762 0.259988
0 0.260296 0.281404 0.274860 0.262558 0.290278 0.258276 0.310838 0.247138 0.321974 0.240286 0.349386 0.244568 0.362466 0.248490 0.369584 0.259956 0.370770 0.253630 0.363652 0.239396 0.341908 0.233862 0.324512 0.231884 0.327674 0.215278 0.323720 0.206186 0.304348 0.201836 0.282998 0.201046 0.271928 0.206976 0.254136 0.225558 0.261648 0.221210 0.272322 0.214884 0.284184 0.210534 0.292882 0.216070 0.293672 0.223976 0.284184 0.227140 0.298812 0.228722 0.296836 0.235048 0.283788 0.233070 0.270742 0.239396 0.268368 0.251652 0.268368 0.259956 0.266392 0.265490 0.259670 0.276166
0 0.237620 0.417988 0.247056 0.401004 0.260266 0.387794 0.271588 0.382134 0.276306 0.384964 0.264984 0.402892 0.264040 0.419874 0.271588 0.403834 0.281024 0.399116 0.284798 0.385908 0.295176 0.378358 0.311216 0.379302 0.325370 0.379302 0.330088 0.383076 0.301782 0.393456 0.285742 0.398174 0.301782 0.400060 0.323482 0.393456 0.335748 0.385908 0.336692 0.377416 0.320652 0.365150 0.331974 0.348166 0.317822 0.352884 0.311216 0.360432 0.306500 0.367980 0.289516 0.360432 0.278192 0.364206 0.259322 0.370810 0.248000 0.384020
0 0.219694 0.526494 0.235734 0.528382 0.252718 0.528382 0.267814 0.518002 0.279136 0.509510 0.284798 0.511398 0.293290 0.510454 0.304612 0.507624 0.314048 0.507624 0.327256 0.500076 0.330088 0.490640 0.314048 0.493470 0.302724 0.498188 0.298008 0.493470 0.306500 0.484978 0.297064 0.483092 0.287628 0.486866 0.291402 0.496302 0.279136 0.497244 0.261210 0.504794 0.248000 0.514228 0.232904 0.520834
0 0.308386 0.598204 0.310274 0.624622 0.310776 0.636112 0.309744 0.649862 0.308078 0.659856 0.305578 0.672766 0.318488 0.684426 0.298082 0.676098 0.296834 0.656108 0.298500 0.634454 0.300582 0.623210 0.299748 0.608634 0.298082 0.600304 0.284340 0.601138 0.278510 0.595724 0.277676 0.583230 0.280176 0.576984 0.281842 0.581564 0.281008 0.588644 0.282258 0.591144 0.291004 0.592392 0.300582 0.591144 0.300998 0.581148 0.300998 0.574902 0.291836 0.572404 0.303080 0.566156 0.303912 0.550332 0.301830 0.542420 0.298082 0.537006 0.297666 0.530342 0.306412 0.536588 0.308910 0.545334 0.308078 0.556578 0.308494 0.562824 0.312658 0.559910 0.315990 0.551580 0.320570 0.546168 0.320570 0.537006 0.322236 0.530758 0.326798 0.550372 0.320414 0.565692 0.314032 0.579734
0 0.218290 0.736750 0.227864 0.728452 0.232970 0.722070 0.245736 0.718240 0.260416 0.722070 0.273820 0.731644 0.285310 0.748876 0.291054 0.745686 0.287862 0.736112 0.296798 0.738664 0.308926 0.748876 0.324244 0.758450 0.337648 0.765472 0.334456 0.755898 0.317224 0.743132 0.329350 0.739940 0.314670 0.732920 0.298074 0.732920 0.290416 0.720154 0.284032 0.713772 0.271268 0.711218 0.257226 0.708026 0.245098 0.709304 0.236800 0.715686 0.226588 0.717602
1 0.314700 0.282734 0.313422 0.288278 0.300628 0.299366 0.317260 0.293822 0.319818 0.283586
1 0.258634 0.433442 0.272710 0.448104 0.266258 0.462180 0.280336 0.458076 0.292652 0.456316 0.282682 0.451036 0.288546 0.442826 0.285614 0.441066 0.277402 0.443412 0.262740 0.428162
1 0.162542 0.520938 0.162542 0.541034 0.168194 0.550454 0.185152 0.547314 0.187664 0.541034 0.174474 0.533498
1 0.220948 0.586252 0.216552 0.608860 0.198968 0.598184 0.211528 0.619536 0.209644 0.625816 0.203364 0.629584 0.203364 0.646540 0.210900 0.633980 0.218436 0.628328 0.222832 0.639632 0.226600 0.618908 0.224716 0.615768 0.225972 0.604464 0.239160 0.613884 0.232252 0.598184
1 0.206504 0.652822 0.201480 0.662242 0.197712 0.675430 0.215296 0.669150 0.217180 0.675430 0.215296 0.681710 0.226600 0.681710 0.215296 0.694270 0.234764 0.689246 0.263026 0.686734 0.250464 0.679198 0.236020 0.675430 0.249208 0.669150 0.258628 0.655962 0.246068 0.658474 0.235392 0.662870 0.232880 0.656590 0.228484 0.662870 0.219692 0.660358 0.218436 0.657218
1 0.140562 0.938568 0.155634 0.936684 0.151866 0.951128 0.161286 0.949244 0.162542 0.940452 0.182012 0.945476 0.174474 0.929776 0.168822 0.915960 0.158774 0.928520 0.139306 0.930404
1 0.191432 0.916588 0.192688 0.929148 0.197084 0.917844 0.207760 0.920356 0.203364 0.910934 0.210272 0.900886 0.197712 0.906538 0.195828 0.909678 0.185780 0.904026 0.176360 0.902770
1 0.177340 0.828180 0.183552 0.833012 0.166298 0.846814 0.190454 0.841294 0.214610 0.837152 0.200806 0.830940 0.202186 0.823350 0.189764 0.829560 0.182862 0.824040
1 0.220130 0.797814 0.199426 0.815758 0.214610 0.816448 0.214610 0.822660 0.226342 0.814378 0.249116 0.817828 0.243596 0.806096 0.240144 0.790912 0.235314 0.797814 0.228412 0.792292
1 0.325890 0.767550 0.327296 0.808298 0.333620 0.799868 0.344158 0.800570 0.337834 0.787924 0.344860 0.778088 0.343454 0.767550 0.337834 0.780196 0.334322 0.785114
1 0.365704 0.462458 0.374624 0.476544 0.371338 0.484526 0.384484 0.482648 0.388710 0.489690 0.396690 0.484056 0.399038 0.472318 0.387770 0.470440 0.378850 0.464336 0.373686 0.461050
1 0.309080 0.947864 0.329466 0.946548 0.326178 0.955756 0.337358 0.945234 0.346564 0.949836 0.345250 0.937342 0.349196 0.917614 0.336042 0.934054 0.321576 0.939972 0.311054 0.939972
1 0.353798 0.956414 0.356428 0.976800 0.366950 0.964962 0.386022 0.954440 0.366294 0.949180
0 0.564062 0.009374 0.610546 0.006054 0.613086 0.009374 0.616796 0.004492 0.639650 0.004326 0.645114 0.011610 0.647846 0.028000 0.649666 0.043478 0.646024 0.055316 0.644204 0.062144 0.652854 0.053950 0.656952 0.038016 0.656952 0.010698 0.558156 0.007056
1 0.668532 0.013460 0.665040 0.025782 0.659376 0.030078 0.659768 0.015964 0.663476 0.011524 0.658790 0.006054 0.656640 0.002148 0.656250 0.000000 0.664844 0.001954 0.668946 0.008204 0.677734 0.006446 0.681640 0.004688 0.685352 0.009374 0.679102 0.012500
0 0.604538 0.088944 0.613064 0.113746 0.633990 0.129248 0.647166 0.147074 0.654916 0.168774 0.656468 0.176526 0.647166 0.164124 0.637090 0.146298 0.621590 0.138548 0.611514 0.133122 0.608414 0.139322 0.604538 0.155598 0.599114 0.182726 0.584388 0.200552 0.581288 0.192802 0.593688 0.157924 0.602214 0.132348 0.589038 0.130022 0.571212 0.133898 0.553386 0.134672 0.540210 0.139322 0.535560 0.138548 0.527034 0.144748 0.520834 0.150174 0.498356 0.154048 0.497582 0.147074 0.520834 0.139322 0.530908 0.126922 0.537884 0.123046 0.527034 0.117622 0.534010 0.112972 0.551060 0.119172 0.567336 0.121496 0.585938 0.119946 0.603764 0.119946 0.593688 0.110646 0.594464 0.096696 0.595238 0.088944
0 0.534010 0.250930 0.547960 0.247054 0.563462 0.253256 0.575086 0.253256 0.592138 0.253256 0.606088 0.260230 0.626240 0.268756 0.623914 0.254806 0.637090 0.265656 0.650266 0.261006 0.653366 0.253256 0.653366 0.248604 0.644066 0.251706 0.636316 0.252480 0.625466 0.245504 0.630890 0.233104 0.633216 0.223028 0.627016 0.220704 0.619264 0.233878 0.611514 0.238530 0.599114 0.232328 0.583612 0.225354 0.571986 0.224578 0.568112 0.219154 0.551836 0.216052 0.552610 0.229228 0.540210 0.233104 0.525484 0.240080 0.533234 0.241630
1 0.526208 0.164886 0.529106 0.177636 0.531424 0.192124 0.531424 0.197920 0.522730 0.201398 0.514036 0.206034 0.526208 0.207774 0.533742 0.203136 0.545912 0.208932 0.557504 0.207774 0.546492 0.196182 0.539538 0.193284 0.534322 0.180534 0.532004 0.167784
1 0.673996 0.288912 0.686746 0.290650 0.698338 0.296446 0.701816 0.303400 0.690804 0.301082 0.685008 0.301662 0.678632 0.301662 0.669360 0.306298 0.667042 0.302822 0.671678 0.296446
0 0.619518 0.320788 0.613142 0.335856 0.609086 0.343970 0.603870 0.353822 0.596914 0.356720 0.594596 0.363096 0.595756 0.374688 0.594596 0.383960 0.588800 0.387438 0.585324 0.377006 0.578948 0.381062 0.570834 0.391494 0.562720 0.399608 0.578368 0.399608 0.588220 0.395552 0.590540 0.399608 0.590540 0.407142 0.590540 0.413518 0.585324 0.417574 0.581846 0.426848 0.569674 0.428586 0.564458 0.433222 0.583004 0.434382 0.591118 0.428006 0.600972 0.418734 0.606766 0.408302 0.608506 0.383380 0.613142 0.382222 0.614302 0.360778 0.617778 0.351504 0.634006 0.348606 0.643858 0.339914 0.648496 0.327742 0.639802 0.331800 0.624154 0.340492 0.625312 0.323686
0 0.654870 0.561886 0.646756 0.541022 0.632848 0.528850 0.613142 0.515520 0.603290 0.502190 0.591118 0.496396 0.591698 0.490020 0.576630 0.480746 0.570664 0.479956 0.567738 0.482880 0.564814 0.486130 0.562864 0.489380 0.559614 0.484830 0.562864 0.475730 0.570014 0.471180 0.581712 0.474106 0.598612 0.484830 0.598936 0.471830 0.599912 0.465332 0.605436 0.468906 0.608036 0.478980 0.606086 0.489704 0.613560 0.489054 0.620060 0.490030 0.619086 0.499454 0.630784 0.503354 0.636634 0.512454 0.644434 0.524152 0.650608 0.530328 0.654508 0.538452 0.658082 0.547226 0.660032 0.557950 0.660682 0.562824
1 0.658082 0.488404 0.658732 0.494904 0.649308 0.498154 0.646384 0.499780 0.653858 0.505304 0.664908 0.501078 0.670758 0.505304 0.681482 0.508554 0.675956 0.498480 0.670758 0.493930 0.671408 0.490354 0.665882 0.492954
1 0.543328 0.467052 0.552762 0.486866 0.541440 0.489696 0.542834 0.496498 0.557650 0.496498 0.561962 0.509160 0.571928 0.522630 0.577316 0.521012 0.567618 0.502424 0.568158 0.498922 0.581358 0.498654 0.585668 0.493266 0.578934 0.489762 0.573814 0.487338 0.564924 0.488686 0.558998 0.485992 0.558460 0.477640 0.554418 0.471444 0.550378 0.466326
1 0.659450 0.378718 0.678910 0.375836 0.683954 0.389530 0.684674 0.399620 0.693324 0.385206 0.690440 0.372232 0.700530 0.362142 0.705576 0.350612 0.694044 0.356376 0.684674 0.362864 0.680350 0.357098 0.678188 0.368628 0.668098 0.366466 0.658008 0.371512
1 0.479166 0.312794 0.492384 0.328458 0.489936 0.333352 0.492872 0.337758 0.500216 0.349996 0.508048 0.337758 0.519306 0.330906 0.518328 0.326990 0.504132 0.328948 0.495320 0.319646 0.486998 0.307410
1 0.573152 0.328458 0.569236 0.346570 0.561404 0.345590 0.551614 0.349018 0.561894 0.354892 0.571684 0.362724 0.575600 0.358318 0.575600 0.350976 0.579026 0.339716
1 0.492384 0.373002 0.496788 0.385730 0.499726 0.392094 0.496300 0.400416 0.507068 0.398946 0.523222 0.396010 0.535950 0.390136 0.533992 0.386220 0.521264 0.387198 0.508048 0.389156
1 0.485834 0.452602 0.471688 0.463484 0.451558 0.465116 0.448838 0.472188 0.459174 0.471644 0.456454 0.479260 0.455910 0.486334 0.470056 0.476540 0.482024 0.466748 0.486922 0.461852
1 0.478760 0.482526 0.491274 0.483614 0.483112 0.491774 0.489642 0.502110 0.503786 0.493406 0.510316 0.475452 0.498346 0.474908 0.484200 0.474364 0.477128 0.477084
1 0.337852 0.566852 0.353086 0.569572 0.359614 0.572292 0.361790 0.561412 0.370496 0.565764 0.369408 0.572836 0.377024 0.579910 0.382464 0.577190 0.386816 0.585894 0.398242 0.598408 0.398242 0.604392 0.377024 0.592422 0.359070 0.590246 0.357438 0.586982 0.365054 0.581542 0.355806 0.578278 0.337852 0.571748
1 0.424356 0.546722 0.436324 0.560868 0.430884 0.573380 0.429252 0.585350 0.442854 0.576646 0.445574 0.589158 0.453734 0.593510 0.458630 0.585894 0.452646 0.577190 0.447206 0.566308 0.454278 0.560324 0.459174 0.550530 0.465160 0.534210 0.457542 0.533122 0.453734 0.548898 0.453190 0.553252 0.443942 0.559236 0.436868 0.548898 0.429252 0.539650
0 0.548398 0.604936 0.564720 0.615816 0.573968 0.613640 0.587026 0.619080 0.601714 0.624522 0.607700 0.629962 0.596818 0.636490 0.579952 0.634314 0.561456 0.631594 0.553838 0.630506 0.565264 0.649548 0.573424 0.662060 0.576144 0.661516 0.570704 0.651180 0.562544 0.638666 0.578320 0.642474 0.596818 0.641930 0.612052 0.638122 0.616948 0.628330 0.606612 0.618536 0.605524 0.604936 0.614772 0.604936 0.625108 0.606568 0.637622 0.613096 0.638710 0.608200 0.628918 0.600584 0.613684 0.593510 0.606068 0.590790 0.598994 0.602760 0.594642 0.590246 0.586482 0.583718 0.581586 0.578278 0.578320 0.582086 0.585938 0.593510 0.589746 0.603848 0.584306 0.602216 0.571792 0.600040 0.562544 0.593510 0.551662 0.592422 0.548942 0.601128
1 0.556560 0.578278 0.569616 0.580998 0.566352 0.587526 0.576688 0.596774 0.576688 0.583718 0.578864 0.575014 0.580498 0.563588 0.579408 0.561412 0.572880 0.572836 0.557648 0.573380
1 0.472776 0.699056 0.487466 0.689806 0.498890 0.686542 0.505962 0.672942 0.504874 0.669678 0.495626 0.675118 0.485834 0.681102 0.478216 0.685998 0.465160 0.693072 0.466248 0.697424
0 0.526092 0.685454 0.532076 0.695792 0.538062 0.707760 0.547310 0.713744 0.555470 0.727890 0.563632 0.738226 0.575056 0.742036 0.562000 0.748564 0.552750 0.759988 0.546766 0.774678 0.547310 0.781206 0.550574 0.775766 0.554926 0.765974 0.565808 0.755636 0.575056 0.748020 0.587026 0.746932 0.603892 0.746932 0.612596 0.749652 0.622932 0.761620 0.634902 0.769782 0.644150 0.779030 0.658840 0.782294 0.654488 0.788280 0.654488 0.799160 0.659928 0.795352 0.664824 0.785558 0.660472 0.775766 0.653400 0.768694 0.653400 0.759444 0.651768 0.752916 0.639254 0.749652 0.638710 0.754548 0.650134 0.759988 0.646870 0.765430 0.638166 0.757812 0.628918 0.750740 0.628918 0.746388 0.635990 0.739314 0.635446 0.734418 0.632726 0.732242 0.636534 0.724626 0.633814 0.718642 0.627830 0.722994 0.624020 0.717554 0.619668 0.724082 0.612596 0.726802 0.604436 0.728434 0.598450 0.733330 0.597362 0.720818 0.594642 0.714832 0.591922 0.721362 0.591922 0.731698 0.587570 0.732242 0.584850 0.725714 0.583218 0.730610 0.573968 0.727346 0.567984 0.721362 0.563088 0.715376 0.558192 0.710480 0.559280 0.700688 0.561456 0.693072 0.561456 0.680558 0.556014 0.689806 0.554382 0.698512 0.552206 0.708848 0.543502 0.700688 0.536430 0.691982 0.536430 0.686542 0.532620 0.682734 0.525004 0.677294
0 0.491818 0.873694 0.506506 0.861726 0.511404 0.856828 0.519564 0.855740 0.530988 0.855196 0.536430 0.854108 0.545134 0.859550 0.550574 0.867710 0.552206 0.856828 0.562544 0.856284 0.575600 0.862814 0.576144 0.869886 0.581586 0.875326 0.588658 0.878590 0.594642 0.881854 0.597362 0.892736 0.598994 0.907426 0.600082 0.917218 0.601714 0.929732 0.604436 0.935716 0.606612 0.923746 0.609332 0.909602 0.615860 0.900896 0.620212 0.886208 0.621844 0.877502 0.622388 0.871518 0.609876 0.866622 0.597362 0.862270 0.592466 0.864990 0.591922 0.854652 0.590290 0.839964 0.584850 0.845404 0.576144 0.843228 0.559824 0.840508 0.551662 0.840508 0.557648 0.834522 0.565808 0.823642 0.558736 0.824730 0.550030 0.830170 0.542958 0.833978 0.534798 0.833434 0.525004 0.832346 0.520652 0.832890 0.525548 0.840508 0.519020 0.844316 0.506506 0.848668 0.496714 0.859006 0.488010 0.870430
0 0.534798 0.876958 0.538062 0.900352 0.541870 0.920482 0.546222 0.931364 0.547854 0.940612 0.548398 0.947140 0.552206 0.942788 0.555470 0.951492 0.560368 0.955846 0.565808 0.963462 0.569616 0.967814 0.569616 0.973798 0.566896 0.981416 0.565808 0.987944 0.558736 0.992840 0.557648 0.997192 0.567440 0.997192 0.577776 0.990664 0.584850 0.983048 0.582032 0.998046 0.587890 0.998046 0.590290 0.992296 0.595704 0.998046 0.605468 0.998046 0.601714 0.993384 0.597362 0.983048 0.592466 0.981416 0.593554 0.975430 0.611508 0.963462 0.619124 0.959654 0.635446 0.955846 0.644694 0.956934 0.641974 0.950404 0.629462 0.949860 0.618036 0.951492 0.608788 0.958022 0.597906 0.962918 0.591378 0.968902 0.587570 0.960742 0.585394 0.953124 0.585938 0.942244 0.580498 0.934084 0.576144 0.933540 0.578320 0.944420 0.573968 0.941700 0.569616 0.930820 0.564720 0.922114 0.556560 0.912866 0.547310 0.894368 0.539694 0.882400
1 0.657774 0.958144 0.648352 0.971852 0.644926 0.988128 0.630362 0.996694 0.646638 0.997550 0.652344 0.998046 0.674908 0.992410 0.662058 0.986414
1 0.692040 0.961572 0.688614 0.987270 0.687500 0.998046 0.698036 0.996694 0.700606 0.986414 0.709172 0.980418 0.701464 0.978704
1 0.688172 0.766524 0.697472 0.755156 0.703156 0.747922 0.707806 0.735006 0.697472 0.740690 0.691272 0.746372 0.685588 0.750506 0.684554 0.758256 0.674220 0.755674 0.666988 0.754640 0.667504 0.760840 0.679904 0.763424 0.681972 0.772208 0.681972 0.778408
1 0.695406 0.574312 0.701606 0.592912 0.699540 0.612548 0.705740 0.621848 0.717624 0.613064 0.725890 0.619782 0.734674 0.595496 0.733642 0.572244 0.723824 0.574312 0.719174 0.572762 0.712456 0.573796 0.708322 0.578446 0.702122 0.572762
1 0.756492 0.057026 0.755804 0.074218 0.754428 0.085910 0.764744 0.074218 0.771622 0.061152 0.764056 0.067342
0 0.997412 0.196980 0.990604 0.196980 0.990180 0.204214 0.987626 0.214002 0.985498 0.203788 0.985498 0.195278 0.982094 0.198258 0.976988 0.199534 0.976562 0.194002 0.982094 0.185918 0.985498 0.181236 0.994434 0.179960
0 0.994060 0.358676 0.986020 0.362932 0.971834 0.366714 0.967104 0.370498 0.981764 0.370024 0.999262 0.365768
0 0.999736 0.458460 0.998790 0.467444 0.999736 0.475484
0 0.986020 0.641476 0.995006 0.636274 0.991696 0.553988 0.986966 0.562500 0.984130 0.579524 0.983184 0.596550 0.986966 0.607426 0.987440 0.614520 0.991222 0.602224 0.991696 0.586618 0.995952 0.578578 0.997844 0.574322 0.997844 0.566756 0.995952 0.624452 0.984602 0.630126 0.982710 0.637692
0 0.958592 0.772472 0.977508 0.761596 0.991696 0.756866 0.999736 0.743152 0.995006 0.693024 0.994534 0.696334 0.986966 0.707210 0.994060 0.711468 0.994534 0.728964 0.986020 0.740788 0.978928 0.750246 0.967104 0.757340 0.957646 0.761596
0 0.992642 0.840572 0.984602 0.842936 0.993588 0.847666 0.993588 0.857124 0.985074 0.859016 0.984130 0.869420 0.978454 0.892120 0.976562 0.905834 0.976562 0.913400 0.982710 0.901578 0.985074 0.883134 0.986494 0.871312 0.988858 0.865164
0 0.994078 0.969622 0.987968 0.973694 0.983894 0.979398 0.994282 0.974714 0.998558 0.985914 0.992856 0.991618 0.984710 0.995284 0.984376 0.998046 0.990234 0.998046 0.999576 0.995080
1 0.985638 0.038296 0.990426 0.048350 0.979894 0.051700 0.971278 0.062710 0.983724 0.061274 0.994734 0.052658 0.995692 0.041648 0.988990 0.030638
1 0.876494 0.086646 0.900174 0.106336 0.908088 0.121592 0.910004 0.129250 0.905216 0.139304 0.897078 0.142176 0.880324 0.141218 0.867398 0.140740 0.859260 0.137388 0.850260 0.143230 0.849208 0.123506 0.850260 0.123698 0.848250 0.103400 0.856866 0.089996 0.864526 0.089996
1 0.946312 0.133734 0.948942 0.150174 0.948284 0.163984 0.955518 0.175820 0.962752 0.165298 0.965382 0.148200 0.968014 0.129130 0.959464 0.135706 0.958150 0.140310 0.954204 0.132418
1 0.979192 0.383628 0.981824 0.396122 0.984454 0.402042 0.981166 0.405986 0.977220 0.413878 0.981166 0.414536 0.981824 0.423742 0.981166 0.432950 0.970644 0.429662 0.959464 0.430318 0.961438 0.437552 0.982482 0.439526 0.996948 0.444786 0.996948 0.435580 0.989058 0.434922 0.991030 0.423086 0.991030 0.416508 0.996948 0.411906 0.993660 0.405986 0.998922 0.398754 0.996292 0.393492 0.991030 0.393492
1 0.972098 0.922502 0.965122 0.940814 0.957276 0.948660 0.949428 0.957380 0.954660 0.978306 0.972970 0.987026 0.968610 0.969588 0.982562 0.957380 0.979074 0.947788 0.979074 0.932966
1 0.150784 0.846354 0.145060 0.864240 0.144346 0.875686 0.157222 0.884272 0.155076 0.895004 0.147206 0.905020 0.129322 0.905020 0.129322 0.895718 0.117158 0.892858 0.104282 0.885702 0.130752 0.882842 0.132182 0.872110 0.137190 0.862810 0.132182 0.847070 0.141484 0.844924