0 0.136718 0.080078 0.153646 0.067708 0.172526 0.052734 0.185546 0.050782 0.192708 0.067058 0.185546 0.065104 0.171876 0.057942 0.173178 0.067058 0.167318 0.072266 0.170572 0.082032 0.173178 0.126302 0.179036 0.123046 0.178386 0.105468 0.184896 0.075520 0.195964 0.075520 0.218098 0.067708 0.201172 0.064454 0.198568 0.052084 0.192058 0.034506 0.185546 0.037110 0.186848 0.044922 0.173828 0.042968 0.156250 0.051432
0 0.147136 0.101562 0.146484 0.112630 0.161458 0.143880 0.178386 0.172526 0.180990 0.149088 0.203776 0.131510 0.194010 0.152994 0.192708 0.180990 0.205078 0.186198 0.233072 0.179036 0.221354 0.192058 0.199870 0.194662 0.193360 0.195312 0.208334 0.208984 0.199870 0.213542 0.186198 0.204428 0.161458 0.205078 0.129558 0.185546 0.154948 0.194010 0.180338 0.197916 0.179036 0.191406 0.166016 0.182292 0.147136 0.149740 0.136718 0.126302 0.139974 0.105468
0 0.091796 0.356120 0.097006 0.339844 0.126302 0.334636 0.144532 0.333984 0.159506 0.335286 0.157552 0.344402 0.166016 0.359376 0.187500 0.380860 0.191406 0.376954 0.179688 0.360026 0.166666 0.337890 0.180338 0.337240 0.175130 0.332032 0.206380 0.293620 0.187500 0.300782 0.167318 0.322266 0.143230 0.313802 0.144532 0.324218 0.120442 0.324218 0.092448 0.333334 0.086588 0.348308
0 0.140624 0.529948 0.167318 0.515624 0.175782 0.503256 0.173178 0.475912 0.185546 0.498046 0.202474 0.503256 0.190756 0.490234 0.179688 0.472006 0.173828 0.460286 0.160156 0.451822 0.145834 0.433594 0.164062 0.423828 0.160808 0.419270 0.145182 0.423178 0.132812 0.429688 0.134766 0.443360 0.146484 0.450520 0.147786 0.467448 0.154948 0.456380 0.163412 0.463542 0.159506 0.497396 0.164062 0.491536 0.162760 0.509766
0 0.098958 0.547526 0.134114 0.557942 0.158854 0.573568 0.156902 0.585938 0.151042 0.593098 0.171224 0.621744 0.151692 0.609376 0.142578 0.594402 0.104818 0.589844 0.104818 0.583984 0.139322 0.585938 0.136718 0.577474 0.137370 0.570312 0.115234 0.559244 0.101562 0.559244 0.113932 0.572266 0.130860 0.581380 0.117188 0.582032 0.098308 0.570312 0.093750 0.561198
0 0.095704 0.627604 0.110026 0.642578 0.121744 0.645834 0.119140 0.665364 0.130860 0.661458 0.139974 0.672526 0.130860 0.687500 0.149088 0.678386 0.169270 0.699218 0.208984 0.732422 0.218098 0.725260 0.179688 0.703124 0.167968 0.680338 0.158854 0.662760 0.153646 0.660156 0.141276 0.621094 0.133464 0.630208 0.126302 0.639974
0 0.170572 0.788412 0.156250 0.793620 0.145834 0.789062 0.156250 0.829428 0.142578 0.849610 0.148438 0.884114 0.131510 0.855468 0.112630 0.862630 0.104818 0.857422 0.129558 0.849610 0.130208 0.830730 0.132812 0.824218 0.127604 0.806640 0.132812 0.800782 0.140624 0.822916 0.145182 0.819662 0.133464 0.789714 0.133464 0.784506 0.145182 0.781902
0 0.083984 0.870442 0.098308 0.875000 0.113932 0.894532 0.101562 0.912110 0.114584 0.906250 0.121094 0.899088 0.136718 0.899088 0.141928 0.908854 0.156902 0.916016 0.170572 0.966146 0.173178 0.958334 0.169270 0.917968 0.167968 0.904948 0.147136 0.893880 0.134114 0.888672 0.100260 0.857422
0 0.499348 0.181640 0.524740 0.197916 0.533854 0.200520 0.533204 0.216796 0.545572 0.244140 0.554688 0.253906 0.546224 0.229818 0.541666 0.218750 0.548828 0.203776 0.555990 0.205078 0.557942 0.201172 0.578124 0.174480 0.561198 0.178386 0.549480 0.195312 0.546224 0.178386 0.533204 0.158204 0.537760 0.187500
0 0.493490 0.720052 0.504558 0.690756 0.509114 0.694662 0.511718 0.703776 0.513672 0.724610 0.521484 0.738932 0.526042 0.766276 0.533854 0.735678 0.524088 0.706380 0.533204 0.699870 0.506510 0.673178 0.496744 0.671876 0.505860 0.682942 0.494792 0.684896 0.488932 0.708334
0 0.477864 0.796876 0.486328 0.806640 0.492838 0.806640 0.483724 0.819662 0.498698 0.814454 0.503256 0.808594 0.500652 0.828776 0.502604 0.860026 0.524088 0.879558 0.511068 0.854818 0.511068 0.829428 0.513672 0.814454 0.541666 0.800130 0.533854 0.790364 0.517578 0.798828 0.516928 0.792968 0.511718 0.794922 0.482422 0.781902
0 0.464192 0.962240 0.468750 0.934244 0.475260 0.912760 0.489584 0.917318 0.491536 0.934244 0.469402 0.940104 0.498698 0.942058 0.516276 0.927734 0.518880 0.917968 0.516276 0.910156 0.526692 0.887370 0.517578 0.892578 0.511718 0.904948 0.496744 0.895182 0.479166 0.862630 0.477214 0.884766 0.492838 0.897786 0.471354 0.902994 0.461588 0.912760 0.461588 0.935546
0 0.820312 0.139322 0.791666 0.131510 0.777344 0.119792 0.778646 0.101562 0.789062 0.091146 0.815756 0.097006 0.839844 0.100912 0.851562 0.129558 0.843750 0.149740 0.817058 0.158854 0.823568 0.146484 0.836588 0.141276 0.832682 0.131510 0.833984 0.124348 0.832682 0.111328 0.820312 0.108724 0.805338 0.111980 0.796224 0.117838 0.809244 0.132162
0 0.779296 0.188152 0.779296 0.218750 0.811198 0.226562 0.820964 0.231120 0.822266 0.246744 0.796876 0.255208 0.801432 0.261718 0.827474 0.259114 0.851562 0.242188 0.838542 0.223958 0.820964 0.216796 0.815756 0.216796 0.809896 0.214844 0.807942 0.199218 0.798178 0.186848
0 0.825520 0.300782 0.827474 0.317058 0.819010 0.343098 0.819010 0.354818 0.826822 0.363932 0.865886 0.406902 0.837890 0.389974 0.817708 0.375000 0.810546 0.367188 0.795572 0.367188 0.799480 0.380860 0.791016 0.374348 0.790364 0.378906 0.812500 0.393880 0.809896 0.397136 0.788412 0.384766 0.787760 0.398438 0.780598 0.398438 0.781902 0.386068 0.777344 0.382162 0.786458 0.368490 0.779948 0.358724 0.783854 0.339844 0.803386 0.343750 0.809896 0.351562 0.805990 0.330730 0.811198 0.327474 0.814454 0.335938 0.821614 0.320964 0.819010 0.304036
0 0.776692 0.523438 0.779948 0.505860 0.785156 0.492838 0.802734 0.486328 0.814454 0.468750 0.814454 0.456380 0.814454 0.450520 0.817708 0.437500 0.830730 0.423828 0.837240 0.407552 0.832682 0.402994 0.823568 0.419270 0.811848 0.430338 0.805990 0.442708 0.805338 0.427734 0.794270 0.418620 0.783854 0.425782 0.785808 0.444010 0.796224 0.450520 0.794922 0.457682 0.783204 0.455730 0.756510 0.448568 0.768230 0.461588 0.772136 0.486328 0.755860 0.494140 0.772136 0.496094
0 0.744140 0.535156 0.761068 0.548828 0.789714 0.557942 0.801432 0.568360 0.811848 0.569010 0.828776 0.591146 0.822266 0.632162 0.820964 0.607422 0.817058 0.594402 0.806640 0.585286 0.806640 0.581380 0.798178 0.576172 0.777344 0.576172 0.779296 0.597006 0.789714 0.610678 0.805990 0.613932 0.819662 0.620442 0.814454 0.628256 0.781902 0.617188 0.766928 0.602214 0.763672 0.579428 0.759114 0.566406 0.746744 0.561198 0.733724 0.555990 0.748698 0.554036 0.746744 0.544922
0 0.773438 0.690104 0.790364 0.705730 0.797526 0.724610 0.783854 0.753256 0.794922 0.775390 0.777344 0.766276 0.772136 0.760416 0.757162 0.769532 0.753256 0.766276 0.759114 0.755208 0.767578 0.752604 0.760416 0.736328 0.767578 0.716146 0.753906 0.713542 0.752604 0.701172
0 0.708984 0.841796 0.733724 0.845052 0.741536 0.846354 0.750000 0.852214 0.737630 0.851562 0.750000 0.860678 0.759114 0.882812 0.795572 0.900390 0.789714 0.887370 0.773438 0.878256 0.764974 0.861980 0.785156 0.857422 0.796876 0.849610 0.796224 0.841796 0.807942 0.828124 0.811848 0.810546 0.802084 0.812500 0.791016 0.832682 0.782552 0.832682 0.757812 0.829428 0.727214 0.836588
0 0.759766 0.932942 0.763672 0.937500 0.763672 0.951822 0.760416 0.968750 0.770834 0.985026 0.780598 0.987630 0.771484 0.973308 0.780598 0.957682 0.781902 0.972656 0.796224 0.977864 0.794270 0.967448 0.787760 0.953124 0.786458 0.924480 0.795572 0.915364 0.796876 0.905598 0.790364 0.904296 0.783854 0.916666 0.771484 0.923828 0.772136 0.934896
1 0.097656 0.079428 0.115886 0.092448 0.151042 0.099610 0.166666 0.092448 0.166666 0.074218 0.149740 0.072916 0.149740 0.082682 0.125000 0.078124 0.104818 0.074870
1 0.014322 0.469402 0.030598 0.462240 0.040364 0.466146 0.038412 0.479818 0.072916 0.502604 0.095052 0.498046 0.093098 0.473308 0.079428 0.464844 0.058594 0.458334 0.048178 0.442708 0.037110 0.413412 0.014322 0.396484
1 0.070312 0.424480 0.087240 0.434244 0.085286 0.457682 0.072916 0.453124 0.069010 0.439454
1 0.043620 0.529948 0.069010 0.541016 0.064454 0.551432 0.083334 0.550782 0.099610 0.538412 0.110026 0.528646 0.099610 0.519532 0.086588 0.513672 0.072916 0.517578 0.058594 0.521484
1 0.051432 0.724610 0.066406 0.735026 0.078124 0.729818 0.071614 0.744792 0.039714 0.761068 0.039714 0.753256 0.058594 0.742188
1 0.168620 0.707032 0.180338 0.723308 0.195312 0.725912 0.194010 0.733724 0.163412 0.740886 0.168620 0.728516
1 0.205078 0.751302 0.202474 0.770182 0.195312 0.789714 0.188152 0.775390 0.190104 0.764322 0.197916 0.751954
1 0.214844 0.779296 0.223308 0.813802 0.205730 0.811198 0.210286 0.799480
1 0.005860 0.894532 0.009766 0.899740 0.015624 0.908854 0.038412 0.907552 0.037760 0.890624 0.023438 0.886718
1 0.001954 0.958334 0.006510 0.951822 0.027344 0.953776 0.037110 0.964192 0.029948 0.976562 0.015624 0.975260
1 0.187500 0.521484 0.218750 0.516276 0.209636 0.509114 0.214192 0.500652 0.205078 0.500000 0.203124 0.511068 0.192058 0.515624
1 0.201822 0.538412 0.207032 0.547526 0.227214 0.553386 0.237630 0.550782 0.238932 0.543620 0.253906 0.541666 0.271484 0.544922 0.270834 0.533204 0.257812 0.518880 0.250652 0.514322 0.242838 0.514322 0.223308 0.518880 0.223958 0.533204 0.208334 0.533204
1 0.217448 0.483072 0.226562 0.502604 0.245442 0.503906 0.270182 0.506510 0.265624 0.481770 0.250000 0.478516 0.235026 0.483072
1 0.227864 0.094402 0.261718 0.104166 0.270182 0.104166 0.264974 0.082032 0.248698 0.080078 0.233072 0.059244 0.235026 0.076172 0.215494 0.077474 0.215494 0.084636 0.234376 0.082682
1 0.217448 0.019532 0.242188 0.027994 0.245442 0.019532 0.250652 0.042968 0.276042 0.047526 0.304688 0.040364 0.314454 0.023438 0.307942 0.004558 0.238282 0.007162 0.235026 0.013672
1 0.207682 0.225260 0.232422 0.226562 0.240234 0.233724 0.246744 0.222006 0.240234 0.194010 0.236980 0.216796
1 0.333984 0.882812 0.343098 0.897136 0.361328 0.906902 0.401692 0.905598 0.400390 0.878256 0.382162 0.865234 0.367188 0.859376 0.352214 0.864584
1 0.014322 0.854818 0.034506 0.867838 0.054036 0.860026 0.039714 0.854818
1 0.399740 0.020182 0.416666 0.036458 0.437500 0.047526 0.461588 0.052084 0.471354 0.018880 0.457682 0.000000 0.427734 0.012370 0.405598 0.007812
1 0.519532 0.005208 0.519532 0.024740 0.538412 0.029948 0.555338 0.017578 0.538412 0.015624
1 0.568360 0.019532 0.587890 0.033204 0.601562 0.051432 0.606120 0.042968 0.593098 0.016928
1 0.570964 0.149088 0.570964 0.171876 0.580730 0.166016 0.582032 0.158854 0.594402 0.158854 0.598308 0.154296 0.584636 0.149088
1 0.634114 0.134114 0.644532 0.155598 0.643230 0.169270 0.652344 0.166666 0.659506 0.151692 0.647136 0.136718
1 0.448568 0.214844 0.447916 0.227214 0.448568 0.244140 0.470052 0.252604 0.484376 0.235678 0.483072 0.214192 0.462890 0.215494
1 0.424480 0.379558 0.455078 0.382812 0.462240 0.360026 0.457682 0.358072 0.446614 0.370442
1 0.476562 0.292968 0.479818 0.315104 0.472006 0.339192 0.489584 0.330730 0.493490 0.324218 0.503906 0.336588 0.508464 0.307292 0.494792 0.304036 0.487630 0.285156 0.486980 0.305338
1 0.535156 0.289062 0.521484 0.298178 0.516276 0.315104 0.523438 0.333984 0.536458 0.339192 0.509114 0.364584 0.538412 0.352864 0.545572 0.345704 0.548828 0.332682 0.554036 0.347656 0.558594 0.337890 0.551432 0.322266 0.546876 0.320312 0.554036 0.300130 0.544922 0.303386 0.539062 0.319662 0.528646 0.305338
1 0.628906 0.266928 0.636718 0.283854 0.650390 0.300130 0.637370 0.302734 0.617188 0.300130 0.628906 0.291666 0.625000 0.279948
1 0.597656 0.411458 0.604166 0.458984 0.625652 0.429036 0.614584 0.429688 0.608724 0.417318
1 0.595052 0.416666 0.594402 0.453124 0.585938 0.442058 0.574218 0.448568 0.574218 0.438802 0.586588 0.427084
1 0.556640 0.442058 0.588542 0.463542 0.587890 0.469402 0.569662 0.466796 0.569662 0.459636
1 0.554688 0.458984 0.572916 0.474610 0.578776 0.474610 0.578776 0.481770 0.557292 0.505860 0.556640 0.486980 0.561198 0.479818 0.552084 0.469402
1 0.524088 0.538412 0.535808 0.559896 0.534506 0.573568 0.526692 0.571614 0.529948 0.610678 0.520834 0.598308 0.509114 0.591796 0.507162 0.570312 0.493490 0.548828 0.497396 0.535808 0.514974 0.540364
1 0.458984 0.639322 0.455730 0.660156 0.465494 0.675130 0.477214 0.661458 0.500652 0.652994 0.498698 0.646484 0.480468 0.646484 0.472656 0.649740
1 0.640624 0.425782 0.668620 0.429036 0.678386 0.440104 0.685546 0.452474 0.679036 0.458334 0.634766 0.454428 0.626302 0.443360 0.645834 0.438152
1 0.664062 0.733072 0.673828 0.740234 0.675782 0.762370 0.655598 0.761718 0.663412 0.753906
1 0.589844 0.736980 0.606770 0.725912 0.613932 0.731120 0.623046 0.708984 0.607422 0.710286
1 0.425782 0.908854 0.440756 0.906250 0.453124 0.912110 0.450520 0.899740 0.455078 0.889322 0.437500 0.877604 0.437500 0.889322 0.427734 0.896484
1 0.437500 0.874348 0.450520 0.868490 0.474610 0.847006 0.449870 0.850912
1 0.408204 0.876954 0.438152 0.867838 0.436198 0.861328 0.411458 0.856120
1 0.430338 0.994140 0.430338 0.969402 0.443360 0.964192 0.480468 0.969402 0.508464 0.962890 0.544922 0.969402 0.561198 0.994792
1 0.807942 0.051432 0.828776 0.069662 0.845052 0.062500 0.844402 0.047526 0.826172 0.046876
1 0.893230 0.082682 0.911458 0.097656 0.921876 0.101562 0.945312 0.094402 0.947916 0.085938 0.925130 0.090494 0.914714 0.085938
1 0.885416 0.117188 0.904948 0.128906 0.911458 0.143230 0.918620 0.140624 0.922526 0.129558 0.929036 0.117188 0.922526 0.115234 0.912110 0.122396 0.902994 0.114584
1 0.882162 0.437500 0.908854 0.444010 0.930990 0.433594 0.927084 0.429688 0.917318 0.429688 0.914714 0.419270 0.909506 0.426432
1 0.896484 0.504558 0.910808 0.498046 0.915364 0.489584 0.918620 0.468750 0.914714 0.458984 0.911458 0.460938 0.907552 0.476562 0.902344 0.488282
1 0.840494 0.589844 0.863282 0.605468 0.864584 0.611328 0.856120 0.615886 0.871094 0.622396 0.875652 0.604818 0.886068 0.604818 0.884114 0.596354 0.869140 0.594402 0.847656 0.583984
1 0.862630 0.723958 0.876954 0.724610 0.880208 0.720704 0.889322 0.731120 0.889974 0.725260 0.889974 0.710286 0.894532 0.681640 0.886068 0.683594 0.882812 0.703776 0.870442 0.703776 0.874348 0.711588
1 0.861980 0.767578 0.874348 0.775390 0.882812 0.795572 0.895182 0.782552 0.891276 0.772786 0.904296 0.764974 0.908204 0.755208 0.899740 0.752604 0.886068 0.768230
1 0.819662 0.821614 0.830078 0.824870 0.819662 0.840494 0.823568 0.845052 0.835286 0.834636 0.860026 0.812500 0.851562 0.811848 0.835286 0.816406 0.821614 0.815104
1 0.623698 0.567058 0.655598 0.585938 0.655598 0.576822 0.646484 0.561198 0.636068 0.559244
1 0.664062 0.162110 0.683594 0.186198 0.692058 0.180990 0.696614 0.162110 0.686198 0.152994
1 0.472006 0.582682 0.494140 0.590494 0.511068 0.594402 0.510416 0.605468 0.524740 0.613282 0.517578 0.639974 0.500000 0.671224 0.500652 0.660808 0.508464 0.628906 0.494792 0.636068 0.487630 0.624348 0.498698 0.626954 0.494140 0.620442 0.481120 0.616536 0.486980 0.610678 0.492188 0.603516 0.490234 0.598308 0.474610 0.598308 0.479166 0.593750
1 0.560206 0.095522 0.559452 0.093514 0.557696 0.095020
1 0.570572 0.102586 0.562724 0.100118 0.551736 0.098998 0.548372 0.102810 0.547700 0.108416 0.551736 0.111330 0.555100 0.113572 0.555548 0.116488 0.550392 0.119628 0.547476 0.121422 0.543888 0.123216 0.536264 0.123888 0.535142 0.120972 0.537386 0.117160 0.541646 0.115366 0.543216 0.113572 0.543440 0.108864 0.543440 0.106622 0.546354 0.101688 0.550392 0.095858 0.552858 0.093166 0.557342 0.093166 0.558464 0.093616 0.560034 0.093616 0.559810 0.089354 0.559360 0.085768 0.558912 0.079488 0.559136 0.077470 0.561154 0.078592 0.561828 0.082628 0.562724 0.086440 0.563846 0.090252 0.567434 0.092718 0.571022 0.094288 0.574160 0.097428 0.574608 0.100566 0.573712 0.103706