1 0.168254 0.028712 0.154478 0.022808 0.164810 0.006572 0.199248 0.002144 0.192852 0.000178 0.187440 0.001654 0.184490 0.003128 0.192852 0.006080 0.201708 0.008048 0.204660 0.011000 0.198264 0.013460 0.193344 0.017396 0.197772 0.017396 0.201216 0.021824 0.198756 0.032156 0.204168 0.032156 0.209580 0.029696 0.212040 0.030680 0.212040 0.037074 0.209088 0.043470 0.205152 0.045930 0.195804 0.046422 0.189408 0.042978 0.180554 0.038550 0.176618 0.035108
1 0.020662 0.041010 0.012792 0.021824 0.009348 0.023792 0.014268 0.039534 0.001476 0.038550 0.000492 0.043470 0.012300 0.046422 0.017710 0.045930 0.019186 0.059214 0.019678 0.067578 0.023122 0.076924 0.026074 0.070036 0.025582 0.055770 0.026566 0.050850 0.033454 0.045438 0.041326 0.042978 0.044770 0.040518 0.039850 0.037074 0.033946 0.038058 0.028042 0.040026
0 0.004428 0.091684 0.017218 0.093160 0.023614 0.089716 0.028534 0.096112 0.042802 0.089224 0.050182 0.081844 0.059528 0.074956 0.071828 0.074956 0.071336 0.069546 0.065432 0.067578 0.047230 0.076924 0.031486 0.074956 0.026074 0.077908 0.018202 0.072004 0.016236 0.072988 0.022138 0.082828 0.021646 0.084796 0.008364 0.085780 0.003936 0.086272
0 0.017218 0.200902 0.012300 0.192046 0.010332 0.186634 0.005412 0.181222 0.000492 0.181222 0.000000 0.165480 0.006888 0.164004 0.008856 0.166956 0.011808 0.174826 0.017710 0.181714 0.026074 0.190078 0.027058 0.203362 0.026074 0.209756 0.031978 0.207788 0.033946 0.201394 0.032470 0.189586 0.035422 0.189586 0.038866 0.196966 0.038866 0.207296 0.034438 0.216152 0.025472 0.221762 0.023728 0.226992 0.032448 0.223504 0.039422 0.216530 0.044074 0.218274 0.044074 0.221762 0.034192 0.226992 0.037098 0.236294 0.038260 0.246756 0.041166 0.257800 0.035354 0.260126 0.034192 0.250826 0.030122 0.242688 0.030122 0.231642 0.026054 0.231062 0.021984 0.232806 0.019078 0.226992 0.015590 0.228156 0.015590 0.233968 0.010358 0.238038 0.009196 0.226412 0.001640 0.222342 0.001640 0.217110 0.009778 0.220018 0.013846 0.215366 0.015590 0.207228
1 0.076044 0.219436 0.067906 0.220018 0.055698 0.218854 0.051630 0.215948 0.058024 0.213042 0.069068 0.211880 0.073138 0.210716 0.070812 0.203160 0.070232 0.194440 0.074300 0.194440 0.074882 0.205486 0.081856 0.204322 0.075462 0.193860 0.073138 0.189790 0.082438 0.195604 0.087088 0.202578 0.084182 0.214204 0.097552 0.222342 0.101620 0.227574 0.095226 0.225830 0.088252 0.223504
0 0.001058 0.288610 0.008034 0.282214 0.015590 0.284540 0.020822 0.288028 0.021402 0.293840 0.026054 0.297910 0.028960 0.290352 0.024890 0.283958 0.027798 0.281052 0.029542 0.286284 0.033028 0.286866 0.034192 0.276402 0.035936 0.270008 0.035354 0.264776 0.031284 0.257800 0.022566 0.262452 0.016752 0.265938 0.017334 0.275240 0.011522 0.267682 0.003384 0.260126 0.000000 0.257812 0.000476 0.271752 0.000476 0.280472
1 0.048142 0.304886 0.035936 0.303142 0.032448 0.298490 0.044074 0.299654 0.049886 0.292678 0.053956 0.295584
1 0.035936 0.357782 0.045236 0.343250 0.054536 0.340924 0.055698 0.335694 0.049886 0.335112 0.048142 0.314768 0.044074 0.314186 0.040586 0.331044 0.044074 0.338018 0.037680 0.340344 0.035354 0.347320
0 0.010940 0.344412 0.013846 0.319998 0.009778 0.317092 0.002802 0.329300 0.000000 0.347656 0.005126 0.347900 0.020240 0.361852 0.024890 0.358944
1 0.258568 0.543212 0.235316 0.541470 0.236480 0.547282 0.259730 0.551350 0.263218 0.566464 0.267288 0.567626 0.267288 0.550188 0.277750 0.541470 0.273682 0.534494 0.266706 0.539144
1 0.190558 0.712948 0.189976 0.696092 0.196952 0.678652 0.206252 0.673422 0.216716 0.677490 0.223110 0.683304 0.227760 0.686210 0.236480 0.689116 0.237060 0.695510 0.236480 0.701904 0.227760 0.705974 0.227178 0.712368 0.232410 0.721086 0.229504 0.725156 0.217296 0.722250 0.207414 0.715274 0.199276 0.712948
1 0.043492 0.810024 0.036516 0.798980 0.043492 0.797816 0.046980 0.803048 0.055698 0.805954 0.053374 0.798398 0.050468 0.786190 0.058024 0.789098 0.062094 0.800142 0.066744 0.808280 0.070812 0.815256 0.067324 0.817000 0.059768 0.809442 0.051630 0.811768 0.053956 0.815836 0.048724 0.817580
0 0.022566 0.769914 0.027798 0.758290 0.025472 0.748408 0.020240 0.750732 0.018496 0.764684 0.011522 0.767008 0.006290 0.765264 0.002802 0.753638 0.013846 0.743176 0.009196 0.735038 0.001640 0.730968 0.001058 0.750152 0.000476 0.767008 0.002220 0.775728 0.003384 0.781540 0.010358 0.777472 0.017334 0.775728
1 0.170794 0.776310 0.173118 0.762940 0.176606 0.755964 0.183582 0.761776 0.182420 0.764102 0.181838 0.774566 0.184744 0.780378 0.188814 0.783866 0.186488 0.787354 0.180676 0.782704 0.177188 0.782122 0.173118 0.784448 0.166724 0.785610 0.163818 0.779216
1 0.555940 0.004560 0.544608 0.011226 0.542608 0.005892
1 0.366628 0.142544 0.343964 0.129880 0.354628 0.128546 0.366628 0.132546 0.380626 0.119880 0.383960 0.121214 0.375960 0.137878 0.384626 0.142544 0.387958 0.151210 0.383960 0.151210 0.377294 0.146544
0 0.581272 0.084550 0.573938 0.073886 0.574606 0.053220 0.577938 0.045222 0.573272 0.031890 0.571272 0.018558 0.565940 0.018558 0.570606 0.035222 0.565274 0.034556 0.554608 0.032556 0.546608 0.026558 0.546608 0.031224 0.553274 0.037890 0.563274 0.037890 0.564606 0.041888 0.553940 0.049222 0.547942 0.057220 0.539942 0.037890 0.535942 0.025890 0.535276 0.031224 0.535942 0.050554 0.524610 0.042556 0.515944 0.037890 0.504612 0.039890 0.505946 0.045888 0.516612 0.046556 0.524610 0.053220 0.527944 0.064554 0.539942 0.065220 0.545276 0.071220 0.547274 0.080552 0.557940 0.089884 0.564606 0.089218
0 0.530610 0.177874 0.537942 0.183874 0.546608 0.179208 0.553940 0.181208 0.562606 0.181874 0.564606 0.173874 0.577938 0.160542 0.579938 0.138546 0.577938 0.123880 0.570606 0.119880 0.568606 0.123880 0.567272 0.137878 0.561940 0.145212 0.551942 0.143878 0.539942 0.140546 0.545276 0.148544 0.556608 0.157876 0.559274 0.165210 0.559940 0.170542 0.553940 0.170542 0.541942 0.169876 0.540610 0.161876 0.536610 0.162542 0.538610 0.169208 0.539276 0.173208
1 0.381292 0.225870 0.372626 0.221870 0.363962 0.216536 0.372626 0.217204 0.381292 0.217870 0.383292 0.200538 0.388626 0.201206 0.389292 0.212538 0.400624 0.213204 0.404624 0.203204 0.410622 0.204538 0.407956 0.218536 0.394624 0.219204 0.388626 0.218536 0.389958 0.227870 0.387958 0.235202 0.383960 0.233868
1 0.406624 0.191206 0.395958 0.188540 0.385958 0.183208 0.390624 0.181208 0.405956 0.181874 0.420622 0.167876 0.425288 0.169876 0.419956 0.188540 0.430620 0.192540 0.434620 0.197206 0.429288 0.197872 0.416622 0.193872 0.418622 0.201206 0.415290 0.203204
1 0.471950 0.169876 0.459950 0.166542 0.461284 0.161876 0.471284 0.162542 0.477282 0.155210 0.477282 0.138546 0.481948 0.142544 0.487948 0.147878 0.491280 0.149210 0.480616 0.163876 0.481282 0.172542 0.488614 0.179208 0.483282 0.183208 0.483948 0.191872 0.478616 0.193872 0.473950 0.178540
1 0.580604 0.239202 0.597270 0.244534 0.593270 0.252534 0.601270 0.253200 0.610602 0.238534 0.623266 0.223870 0.621934 0.219204 0.612602 0.225870 0.600602 0.233202 0.585938 0.231868
1 0.405290 0.281196 0.381292 0.278530 0.381960 0.272530 0.405956 0.271198 0.399290 0.255866 0.401958 0.253200 0.414622 0.267198 0.419288 0.281864 0.418622 0.289196
1 0.594604 0.355188 0.576606 0.343190 0.580604 0.353188 0.591270 0.366520 0.589270 0.376520 0.597936 0.373854 0.601936 0.363854 0.625266 0.361854 0.623266 0.356522 0.609268 0.357188
1 0.413956 0.332524 0.387292 0.332524 0.392624 0.325192 0.411956 0.318526 0.412622 0.303194 0.419956 0.306528 0.420622 0.320526 0.425288 0.331192 0.421954 0.336524
1 0.449952 0.400518 0.443286 0.398518 0.432620 0.393852 0.433288 0.389186 0.446620 0.390518 0.445952 0.379852 0.450618 0.379852 0.453952 0.392518 0.463284 0.398518 0.466616 0.403850
1 0.439954 0.479842 0.455284 0.471844 0.457952 0.483842 0.464618 0.483176 0.469284 0.467844 0.473950 0.463844 0.473282 0.459178 0.467284 0.459844 0.467284 0.445846 0.461950 0.447178 0.461950 0.454512 0.450618 0.461178
0 0.521278 0.503172 0.515278 0.495174 0.504612 0.493840 0.500614 0.487842 0.508612 0.482508 0.519278 0.481176 0.527944 0.482508 0.531276 0.473176 0.535276 0.474510 0.535942 0.503840 0.553274 0.519172 0.561940 0.531170 0.563274 0.540502 0.560606 0.555834 0.549274 0.565166 0.544608 0.559834 0.554608 0.547168 0.553274 0.532504 0.547942 0.524504 0.541276 0.524504 0.531944 0.523838 0.527278 0.535836 0.518612 0.540502 0.521944 0.525170 0.523278 0.517838 0.517944 0.519838 0.508612 0.529170 0.499280 0.527838 0.507280 0.521838 0.518612 0.512506
0 0.517278 0.364522 0.525278 0.357188 0.539276 0.353188 0.543276 0.344524 0.547942 0.345856 0.552608 0.353188 0.569272 0.359854 0.573938 0.368520 0.564606 0.364522 0.557274 0.361188 0.548608 0.359188 0.547942 0.367854 0.547942 0.377854 0.547274 0.387186 0.556608 0.387186 0.565274 0.387852 0.570606 0.389186 0.569272 0.393184 0.562606 0.395184 0.561274 0.404516 0.551942 0.404516 0.544608 0.398518 0.537276 0.391852 0.534610 0.387852 0.527278 0.385852 0.520612 0.377854
0 0.480616 0.580498 0.510612 0.557834 0.515944 0.559834 0.528610 0.585830 0.526610 0.598496 0.522610 0.612494 0.532610 0.619160 0.541276 0.611162 0.537276 0.607162 0.533944 0.601162 0.537942 0.595164 0.537276 0.583832 0.546608 0.576498 0.558608 0.574498 0.578604 0.573832 0.589938 0.567832 0.587938 0.565832 0.540610 0.572498 0.532610 0.564500 0.525278 0.554500 0.513946 0.551168 0.505946 0.550502 0.491280 0.561166
1 0.423954 0.633826 0.433954 0.621828 0.426622 0.618494 0.419288 0.627160 0.409290 0.621828 0.410622 0.629826 0.413290 0.641824 0.420622 0.647158
1 0.236742 0.765704 0.230824 0.760442 0.226878 0.765704 0.223590 0.757154 0.234112 0.755182 0.239372 0.755840 0.241346 0.745976 0.248580 0.745318 0.252526 0.755840 0.261074 0.759128 0.263048 0.751236 0.268308 0.752552 0.268966 0.762416 0.273570 0.779514 0.268966 0.781486 0.262390 0.769650 0.254498 0.762416 0.249238 0.757812 0.246606 0.757812 0.245292 0.762416 0.244634 0.776226 0.240688 0.780830
1 0.242660 0.630234 0.230824 0.620370 0.230824 0.616424 0.236084 0.617082 0.236084 0.603930 0.231482 0.599326 0.240688 0.595380 0.243976 0.601300 0.243318 0.616424 0.248580 0.616424 0.248580 0.610506 0.256470 0.611822 0.253840 0.622344 0.262390 0.626946 0.261732 0.632208 0.254498 0.624974 0.251210 0.625632
0 0.548598 0.715446 0.533520 0.706830 0.521312 0.706112 0.514850 0.703240 0.508386 0.699650 0.503360 0.689596 0.496898 0.688160 0.494026 0.668772 0.499052 0.661592 0.495462 0.652976 0.501206 0.654412 0.504796 0.663028 0.504078 0.676672 0.511978 0.666618 0.519158 0.664464 0.526338 0.660874 0.533520 0.662310 0.541418 0.665900 0.542854 0.669492 0.530646 0.668772 0.519158 0.672364 0.513414 0.675236 0.513414 0.680980 0.513414 0.686006 0.519876 0.697496 0.528492 0.701086 0.539264 0.701086 0.544290 0.703958
1 0.559370 0.685288 0.549316 0.686006 0.542854 0.692468 0.552188 0.696060 0.559370 0.702522 0.552906 0.699650 0.545008 0.697496 0.536392 0.697496 0.527774 0.698932 0.522030 0.697496 0.524184 0.692468 0.533520 0.688878 0.539264 0.682416 0.548598 0.680262
0 0.510542 0.805204 0.506232 0.795152 0.487564 0.773610 0.491872 0.770738 0.502642 0.780072 0.502642 0.762838 0.498334 0.752786 0.507668 0.759248 0.511978 0.768584 0.513414 0.781508 0.514132 0.788690 0.519876 0.780790 0.530646 0.773610 0.543572 0.770020 0.542854 0.772892 0.528492 0.783662 0.518440 0.793716 0.517722 0.805204 0.518440 0.811668 0.514850 0.815258 0.520594 0.820284 0.527774 0.818130 0.535674 0.809512 0.536392 0.819566 0.529210 0.826746 0.517722 0.830336 0.511978 0.828182 0.509824 0.818848 0.502642 0.818848 0.494026 0.817412 0.494744 0.813104
1 0.460994 0.811668 0.449506 0.806640 0.436580 0.803050 0.446634 0.798024 0.443044 0.788690 0.448788 0.780790 0.456686 0.780072 0.460276 0.775046 0.464586 0.785816 0.470330 0.795152 0.468176 0.803768
1 0.409294 0.771456 0.415952 0.770476 0.424232 0.771450 0.422772 0.767066 0.411082 0.762196 0.407672 0.764144 0.395982 0.764144 0.391112 0.767554 0.393060 0.773398 0.399392 0.771938
1 0.439332 0.695468 0.460276 0.692546 0.471964 0.694494 0.469530 0.688162 0.463198 0.681344 0.464658 0.674038 0.461736 0.672576 0.456866 0.679396 0.455404 0.686702 0.445176 0.688162 0.441766 0.690110
1 0.359968 0.817154 0.355660 0.809494 0.353266 0.799920 0.335076 0.778378 0.339862 0.776462 0.350874 0.783644 0.354224 0.778856 0.354702 0.758750 0.360926 0.761144 0.364276 0.773590 0.364276 0.777420 0.366670 0.780772 0.369542 0.787952 0.361404 0.786516 0.360926 0.789866 0.359012 0.796568 0.360926 0.804228
1 0.222580 0.952148 0.222100 0.941138 0.215878 0.934914 0.205346 0.923426 0.204388 0.917202 0.212048 0.919596 0.215400 0.914330 0.219228 0.915288 0.221622 0.925340 0.227846 0.937788 0.229282 0.942574 0.225930 0.947840
1 0.145508 0.948318 0.152688 0.953584 0.156040 0.955500 0.148858 0.964594 0.154124 0.967468 0.161306 0.962202 0.166092 0.966988 0.170400 0.964594 0.163698 0.957892 0.157954 0.952148 0.151252 0.948318
0 0.504538 0.893746 0.512198 0.882736 0.515070 0.876034 0.528474 0.856886 0.534696 0.848268 0.538526 0.846354 0.532304 0.842524 0.527038 0.845396 0.519856 0.851142 0.511718 0.858800 0.505974 0.861194 0.502624 0.868374 0.494006 0.883694 0.477252 0.877948 0.468156 0.876034 0.471986 0.882258 0.479166 0.886086 0.467198 0.884650 0.452838 0.885608 0.456188 0.887522 0.468156 0.893268 0.476774 0.894704 0.485868 0.895660 0.494486 0.896618 0.496400 0.901884 0.486348 0.908586 0.479646 0.922948 0.477252 0.935394 0.484432 0.940180 0.497836 0.944968 0.517942 0.950712 0.519378 0.945446 0.502144 0.938266 0.491134 0.936352 0.485390 0.933958 0.488740 0.927734 0.496400 0.918638 0.500708 0.909064 0.505974 0.914330 0.513154 0.918638 0.523686 0.919596 0.529430 0.916246 0.526080 0.913374 0.516984 0.911938 0.510282 0.910980 0.507890 0.905714
0 0.448530 0.934436 0.449966 0.915288 0.446614 0.902842 0.445658 0.913374 0.443264 0.928692 0.432732 0.931564 0.433690 0.937308 0.442306 0.936352 0.449008 0.944490 0.454274 0.949276 0.455710 0.943532
2 0.410712 0.983264 0.405924 0.982306 0.401616 0.989966 0.401138 0.981350 0.394914 0.973690 0.400180 0.972254 0.413106 0.973690 0.413584 0.963158 0.418850 0.966988 0.420286 0.973690 0.426508 0.971776 0.432732 0.969860 0.438956 0.972254 0.434646 0.976562 0.427946 0.979914 0.427466 0.987094 0.427946 0.991402 0.424594 0.997626 0.420286 0.990924 0.416934 0.986616
0 0.465762 0.971296 0.470550 0.967946 0.475338 0.969860 0.481082 0.974648 0.482996 0.979914 0.485390 0.986136 0.486348 0.990446 0.486826 0.995232 0.478688 0.994754 0.470072 0.993796 0.463370 0.994754 0.460938 0.998046 0.505860 0.998046 0.497836 0.991882 0.496878 0.986616 0.491614 0.977998 0.486348 0.969382 0.480602 0.963638 0.473900 0.961722 0.468156 0.961722 0.463370 0.964116 0.461934 0.966988
0 0.953566 0.057678 0.956066 0.063092 0.969392 0.061426 0.978136 0.059344 0.986882 0.061426 0.988964 0.052264 0.995628 0.052680 0.996044 0.042270 0.998542 0.011036 0.997710 0.001458 0.991462 0.004372 0.991880 0.013534 0.991462 0.022280 0.988132 0.023112 0.985216 0.021864 0.982302 0.045184 0.975222 0.045184 0.969808 0.046018 0.969808 0.050598 0.964394 0.055178
0 0.974388 0.165536 0.963562 0.166786 0.956066 0.163038 0.956482 0.153460 0.963144 0.153460 0.967726 0.154710 0.968974 0.146380 0.969392 0.139300 0.968974 0.123060 0.965226 0.112232 0.968142 0.111398 0.972306 0.115146 0.975638 0.130556 0.980218 0.131804 0.990630 0.121810 0.999792 0.127224 0.993128 0.138468 0.986050 0.145964 0.978970 0.153044 0.979386 0.156792 0.993128 0.158458 0.999792 0.164288 0.993546 0.163454 0.983134 0.163454 0.983966 0.167202 0.990630 0.173450 0.993962 0.176780 0.993962 0.181778 0.988964 0.181362 0.982718 0.177614 0.978970 0.168868
0 0.924416 0.150962 0.963144 0.189690 0.962312 0.194272 0.960230 0.198852 0.982718 0.223006 0.998542 0.231334 0.991880 0.223838 0.981052 0.215094 0.971058 0.205932 0.976888 0.204266 0.986050 0.206764 0.993546 0.212178 0.993546 0.252990 0.993546 0.256322 0.985632 0.188442 0.979802 0.188024 0.974806 0.193854 0.969392 0.190940 0.970224 0.182194 0.967726 0.174698 0.958564 0.167202 0.942738 0.157208 0.933994 0.151378
0 0.940656 0.404576 0.949402 0.405408 0.961478 0.402078 0.963978 0.391666 0.958148 0.377090 0.946486 0.356268 0.941074 0.344192 0.927330 0.324618 0.915254 0.315040 0.911922 0.310042 0.911090 0.308378 0.914838 0.305046 0.927746 0.310876 0.938990 0.322536 0.950234 0.335030 0.957730 0.346274 0.962312 0.362932 0.964394 0.353770 0.967310 0.344608 0.967310 0.337528 0.970224 0.333364 0.973556 0.320038 0.976054 0.312542 0.978136 0.314624 0.978136 0.326700 0.977720 0.334196 0.974806 0.338362 0.973972 0.350854 0.966060 0.367096 0.975638 0.377090 0.988964 0.387918 0.999376 0.405826 0.987298 0.391666 0.978970 0.388334 0.971890 0.383754 0.973140 0.399162 0.971474 0.405826 0.966060 0.410822 0.950652 0.412904 0.941074 0.412072
1 0.942548 0.319456 0.956264 0.316164 0.962846 0.317810 0.968334 0.322748 0.970528 0.330430 0.967236 0.338110 0.963396 0.356214 0.959006 0.347436 0.951326 0.333172 0.946388 0.327138
1 0.982598 0.318908 0.986986 0.317810 0.993570 0.312324 0.989730 0.304644 0.986438 0.307936 0.977660 0.295866 0.975466 0.295866 0.978758 0.304094 0.980402 0.310130
1 0.894352 0.360710 0.902324 0.352738 0.913784 0.362206 0.915278 0.357720 0.907306 0.347756 0.902324 0.345762 0.895348 0.350746 0.892358 0.355230
1 0.896140 0.445312 0.897058 0.434742 0.899816 0.429688 0.903952 0.419118 0.903492 0.408088 0.897518 0.409008 0.896140 0.420496 0.883732 0.413602 0.877758 0.411764 0.883732 0.420956 0.891084 0.424632 0.891544 0.431526 0.891544 0.441636
0 0.922794 0.437040 0.931986 0.454964 0.938420 0.466452 0.943934 0.469670 0.948070 0.472886 0.957720 0.471048 0.968290 0.460938 0.982996 0.453124 0.986214 0.443934 0.989430 0.431526 0.987592 0.425552 0.983456 0.435202 0.978400 0.444394 0.976102 0.444852 0.971048 0.447610 0.963236 0.455422 0.958180 0.464154 0.953584 0.463694 0.952206 0.446692 0.954044 0.440258 0.970128 0.431066 0.980698 0.426470 0.982536 0.412224 0.978860 0.409466 0.965992 0.423254 0.953584 0.431066 0.946692 0.431986 0.937040 0.429688 0.929688 0.426930 0.931986 0.431986 0.938878 0.437500 0.947150 0.438420 0.945772 0.446232 0.944852 0.453584 0.937500 0.446232
1 0.896600 0.499080 0.888328 0.503216 0.883732 0.499080 0.889246 0.497242 0.879136 0.481158 0.883272 0.479320 0.896140 0.493566 0.903492 0.495404 0.909466 0.499080 0.908088 0.501838
0 0.932346 0.555934 0.940394 0.564162 0.929838 0.565922 0.927198 0.569882 0.933356 0.574280 0.941714 0.572520 0.944354 0.577360 0.944794 0.588796 0.954032 0.590556 0.953592 0.578240 0.953592 0.573400 0.957110 0.575160 0.957990 0.569442 0.967668 0.565042 0.966788 0.559324 0.963268 0.557564 0.965468 0.543488 0.969428 0.542608 0.966788 0.535130 0.958870 0.532050 0.952712 0.530730 0.944354 0.521934 0.935116 0.519734 0.924118 0.529412 0.922358 0.533810 0.925878 0.538650 0.937756 0.529412 0.941714 0.531610 0.932476 0.547006 0.923238 0.541288 0.900804 0.535130 0.903004 0.539968 0.920160 0.551406
0 0.924118 0.661380 0.916640 0.658740 0.900364 0.644664 0.894646 0.645982 0.892446 0.655220 0.902124 0.664458 0.922798 0.672376 0.928958 0.674136 0.936436 0.678974 0.948752 0.680294 0.956670 0.675456 0.961510 0.668858 0.956670 0.663578 0.946552 0.659620 0.936876 0.658740
1 0.888048 0.640264 0.892006 0.632786 0.892886 0.628388 0.894646 0.621788 0.892446 0.616070 0.890246 0.617390 0.890246 0.622228 0.883648 0.619150 0.884968 0.624428 0.886288 0.627948 0.885848 0.634106
0 0.932476 0.780590 0.932036 0.766514 0.938634 0.748038 0.941714 0.736160 0.943914 0.723844 0.939514 0.727364 0.933796 0.737920 0.928958 0.752438 0.924118 0.762114 0.920160 0.766514 0.919720 0.775312 0.914000 0.774432 0.911802 0.778390 0.917520 0.782790 0.921918 0.794226 0.927198 0.798186 0.928958 0.812262 0.932916 0.817542 0.937316 0.825460 0.941274 0.821500 0.939074 0.813142 0.946992 0.815782 0.959310 0.820180 0.976906 0.829858 0.987024 0.836896 0.988782 0.833378 0.968988 0.818860 0.950072 0.807864 0.935996 0.808304 0.933796 0.795986 0.930716 0.788068
1 0.947872 0.799506 0.971626 0.809184 0.982624 0.810502 0.982184 0.804344 0.960630 0.799506 0.962830 0.793348 0.956670 0.790268 0.949192 0.790268 0.945674 0.793786 0.935116 0.784990 0.933356 0.788508 0.940834 0.796866 0.937316 0.801266 0.940834 0.805224
0 0.914880 0.816662 0.917960 0.825460 0.923678 0.850094 0.926758 0.856692 0.917960 0.853172 0.906082 0.853612 0.901684 0.854052 0.893326 0.831618 0.889806 0.830298 0.888928 0.834698 0.899924 0.862850 0.905204 0.863730 0.913122 0.861090 0.919720 0.864170 0.928958 0.866370 0.939074 0.864610 0.950512 0.861970 0.966348 0.860210 0.974706 0.854932 0.972506 0.849654 0.960630 0.850534 0.954910 0.850974 0.948312 0.849654 0.942154 0.848774 0.935556 0.849654 0.928958 0.837776 0.922798 0.822820
0 0.906082 0.931474 0.902124 0.916956 0.902124 0.911678 0.914440 0.922676 0.927198 0.916518 0.938196 0.909478 0.951392 0.907280 0.952712 0.910358 0.944354 0.914758 0.937756 0.920476 0.938634 0.925754 0.944354 0.924436 0.953152 0.923116 0.961070 0.922676 0.966788 0.922236 0.965908 0.925314 0.954910 0.928834 0.944354 0.929714 0.939954 0.930594 0.939514 0.934992 0.933356 0.942030 0.929838 0.940272 0.927638 0.948630 0.923238 0.958746 0.919280 0.960506 0.914000 0.963146 0.906962 0.960066 0.901244 0.958306 0.904324 0.951268 0.909602 0.939832
1 0.918548 0.987650 0.912152 0.987650 0.907888 0.984238 0.914284 0.983386 0.917696 0.980826 0.922814 0.978268 0.930062 0.983386 0.939872 0.996180 0.935546 0.998046 0.929688 0.998046 0.929210 0.989356 0.926224 0.987650
1 0.456146 0.072034 0.456146 0.060178 0.461762 0.063298 0.465506 0.067042 0.464882 0.075778 0.469250 0.083266 0.462386 0.084514 0.457394 0.079522 0.448658 0.077650 0.449282 0.072034
1 0.622962 0.088170 0.612766 0.088170 0.604180 0.086024 0.609010 0.083340 0.618132 0.081730 0.622424 0.077438 0.627254 0.082268 0.633692 0.090316 0.632620 0.095682