0 0.053386 0.020182 0.059244 0.029948 0.065756 0.010416
0 0.016276 0.194662 0.041666 0.192708 0.044922 0.198568 0.057942 0.200520 0.061848 0.192708 0.080078 0.184896 0.081380 0.175782 0.065756 0.170572 0.055338 0.167968 0.052734 0.174480 0.042968 0.177084 0.029948 0.167968 0.027344 0.171876 0.012370 0.167968 0.010416 0.174480 0.033854 0.186848 0.014322 0.187500
0 0.000000 0.578124 0.007812 0.602864 0.033854 0.621744 0.015624 0.642578 0.000652 0.645834 0.004558 0.615234 0.000000 0.604818
0 0.323568 0.229818 0.341796 0.231770 0.349610 0.238932 0.366536 0.235678 0.368490 0.242188 0.380208 0.244140 0.369792 0.250652 0.384766 0.259114 0.397786 0.247396 0.402344 0.253256 0.392578 0.264322 0.397786 0.281902 0.390624 0.293620 0.368490 0.300130 0.347006 0.296876 0.350260 0.293620 0.369792 0.291666 0.386718 0.287110 0.390624 0.281250 0.388020 0.266928 0.375652 0.286458 0.372396 0.283854 0.380860 0.265624 0.374348 0.259114 0.356770 0.257812 0.354818 0.274740 0.347656 0.276042 0.345052 0.250000 0.330078 0.242188
0 0.343098 0.400390 0.348308 0.409506 0.368490 0.410808 0.372396 0.401042 0.382162 0.415364 0.390624 0.429688 0.388672 0.433594 0.378256 0.425782 0.361980 0.423178 0.368490 0.438152 0.375000 0.447916 0.388672 0.456380 0.407552 0.438152 0.398438 0.461588 0.391928 0.475912 0.390624 0.466146 0.375000 0.456380 0.360026 0.436848 0.352864 0.434244 0.347006 0.441406 0.350912 0.461588 0.345052 0.455078 0.339192 0.440104 0.328776 0.427084 0.327474 0.410156 0.335286 0.417968 0.332032 0.425782 0.338542 0.430338 0.343098 0.421224 0.339844 0.410808
0 0.289062 0.626954 0.300130 0.628906 0.307942 0.632162 0.312500 0.630208 0.310546 0.640624 0.319662 0.646484 0.321614 0.661458 0.332032 0.672526 0.332682 0.667968 0.328124 0.658204 0.325520 0.641276 0.322266 0.634766 0.326822 0.628906 0.334636 0.639322 0.335286 0.634114 0.333984 0.623698 0.333334 0.606770 0.324870 0.599610 0.323568 0.619140 0.319010 0.615234 0.318360 0.600912 0.306640 0.589844 0.305990 0.578124 0.298828 0.580730 0.303386 0.591796 0.311198 0.600260 0.311848 0.621094 0.302084 0.623046
0 0.267578 0.847656 0.272786 0.853516 0.290364 0.845052 0.300782 0.850912 0.303386 0.847006 0.317708 0.842448 0.335286 0.842448 0.341146 0.830730 0.331380 0.830730 0.322916 0.834636 0.299480 0.829428 0.293620 0.832682 0.286458 0.829428 0.281902 0.837890 0.273438 0.836588
0 0.251302 0.903646 0.268880 0.913412 0.276042 0.932292 0.278646 0.948568 0.287110 0.970704 0.289714 0.980468 0.278646 0.990234 0.272136 0.983072 0.267578 0.990234 0.270834 0.998046 0.261718 0.998046 0.260416 0.988932 0.264322 0.980468 0.276042 0.973308 0.270834 0.962890 0.261068 0.964844 0.249348 0.972656 0.252604 0.959636 0.261718 0.958334 0.269532 0.955730 0.264322 0.944662 0.262370 0.924480 0.257812 0.912110
0 0.666666 0.028646 0.660156 0.024740 0.651042 0.000000 0.646484 0.011718 0.645834 0.037110 0.641928 0.027994 0.644532 0.002604 0.629558 0.014974 0.636718 0.037110 0.630860 0.035808 0.621094 0.002604
0 0.606120 0.022136 0.628256 0.045572 0.632812 0.052084 0.641928 0.050130 0.641928 0.042318 0.649740 0.042968 0.650390 0.052734 0.639322 0.058594 0.634114 0.059244 0.625652 0.065756 0.624348 0.103516 0.619792 0.122396 0.616536 0.096354 0.618490 0.071614 0.623046 0.055990 0.617188 0.052734 0.604818 0.043620 0.623046 0.048828 0.606120 0.030598 0.598308 0.030598
0 0.624348 0.145182 0.626302 0.158204 0.641276 0.175782 0.633464 0.197266 0.639974 0.214192 0.651042 0.228516 0.645834 0.235678 0.640624 0.224610 0.631510 0.218098 0.626302 0.203776 0.619140 0.203124 0.610678 0.224610 0.608724 0.215494 0.614584 0.194010 0.621094 0.187500 0.617838 0.171876 0.617188 0.158204 0.608724 0.158204 0.611980 0.152344
0 0.585938 0.338542 0.594402 0.346354 0.593098 0.363932 0.601562 0.373698 0.615886 0.376302 0.618490 0.384114 0.623698 0.388672 0.625652 0.401692 0.637370 0.402994 0.640624 0.411458 0.621744 0.406902 0.612630 0.392578 0.596354 0.400390 0.586588 0.397786 0.603516 0.390624 0.595052 0.377604 0.587890 0.381510 0.574218 0.376302 0.589192 0.374348 0.587240 0.356120
0 0.518230 0.469402 0.531902 0.475260 0.547526 0.472656 0.557292 0.481770 0.564454 0.479818 0.564454 0.475912 0.568360 0.475260 0.573568 0.482422 0.583334 0.482422 0.569662 0.492838 0.550130 0.494140 0.531902 0.485678 0.532552 0.492838 0.557292 0.501954 0.581380 0.496094 0.592448 0.487630 0.598308 0.488282 0.602214 0.499348 0.608724 0.500000 0.613282 0.505860 0.624348 0.513020 0.626954 0.520834 0.630860 0.528646 0.630208 0.508464 0.620442 0.503256 0.604166 0.488282 0.593098 0.481120 0.593098 0.471354 0.582032 0.464844 0.582682 0.452474 0.585938 0.442708 0.578124 0.434244 0.574218 0.439454 0.577474 0.448568 0.570964 0.462890 0.566406 0.467448 0.555338 0.472656 0.558594 0.466796 0.565104 0.461588 0.560546 0.458334 0.552734 0.460938 0.544270 0.467448 0.530598 0.468098
0 0.513672 0.557292 0.527344 0.572916 0.550782 0.575520 0.564454 0.580730 0.567708 0.590494 0.574218 0.598958 0.572266 0.606770 0.560546 0.614584 0.557292 0.617838 0.563152 0.604818 0.563152 0.591796 0.555990 0.593750 0.552734 0.606770 0.550130 0.620442 0.563152 0.622396 0.578776 0.616536 0.582032 0.602214 0.585938 0.594402 0.614584 0.598958 0.591796 0.588542 0.578124 0.580078 0.575520 0.570964 0.573568 0.550782 0.595052 0.544922 0.580078 0.541016 0.565756 0.548178 0.567708 0.565756 0.568360 0.576172 0.560546 0.568360 0.549480 0.567058 0.541016 0.562500 0.534506 0.556640 0.533204 0.541666 0.527344 0.553386
0 0.529296 0.609376 0.533854 0.632812 0.546876 0.644532 0.549480 0.666016 0.563152 0.682292 0.556640 0.694010 0.563802 0.710938 0.559896 0.727864 0.556640 0.714192 0.550782 0.698568 0.545572 0.687500 0.535808 0.669922 0.533204 0.664714 0.527994 0.673828 0.521484 0.668620 0.529296 0.660808 0.527994 0.641928 0.520834 0.625000 0.522136 0.615234
0 0.472656 0.774740 0.479166 0.766276 0.490234 0.768230 0.507812 0.770182 0.524088 0.779296 0.516928 0.785156 0.515624 0.798828 0.524740 0.794922 0.526042 0.785156 0.529296 0.783204 0.543620 0.787760 0.551432 0.798178 0.557942 0.793620 0.574870 0.792318 0.549480 0.784506 0.544922 0.779948 0.531250 0.776042 0.513672 0.763672 0.498046 0.759114 0.473308 0.761068 0.467448 0.767578
0 0.450520 0.997396 0.451822 0.987630 0.461588 0.979166 0.485026 0.981120 0.500652 0.984376 0.517578 0.994792 0.512370 0.997396
0 0.997396 0.272786 0.977864 0.292318 0.987630 0.292318 0.998046 0.305338
0 0.922526 0.480468 0.936848 0.489584 0.946614 0.505860 0.953776 0.497396 0.961588 0.488932 0.971354 0.490234 0.980468 0.496744 0.977214 0.512370 0.984376 0.530598 0.992838 0.544270 0.994792 0.527994 0.991536 0.518230 0.989584 0.511068 0.998046 0.500000 0.998046 0.466146 0.994792 0.451822 0.980468 0.450520 0.975260 0.460938 0.987630 0.468750 0.994140 0.473958 0.985678 0.482422 0.966796 0.483072 0.956380 0.479166 0.944662 0.479818 0.928386 0.475912
1 0.033204 0.090494 0.057292 0.097656 0.087890 0.104166 0.113932 0.107422 0.129558 0.107422 0.126954 0.095052 0.122396 0.070312 0.096354 0.074870 0.069662 0.078124 0.054688 0.078124
1 0.050130 0.126954 0.037760 0.151042 0.054036 0.158204 0.077474 0.171876 0.082682 0.185546 0.108724 0.186848 0.123046 0.164062 0.119140 0.140624 0.095704 0.141928 0.080730 0.130208 0.061848 0.126302
1 0.020182 0.286458 0.024740 0.337240 0.027994 0.313802 0.042968 0.335286 0.059244 0.338542 0.063802 0.330078 0.057292 0.313802 0.046876 0.318360 0.044270 0.311198 0.053386 0.310546 0.044270 0.296876 0.027344 0.285808
1 0.000000 0.395834 0.026042 0.408204 0.024088 0.424480 0.031902 0.433594 0.031250 0.425130 0.032552 0.415364 0.050130 0.435546 0.055990 0.430990 0.035808 0.406902 0.030598 0.395834 0.018880 0.393880 0.016276 0.388672 0.003256 0.388672
1 0.005208 0.527994 0.016276 0.516928 0.022786 0.512370 0.005208 0.501954
1 0.001302 0.682942 0.002604 0.675130 0.003906 0.669922 0.005860 0.649740
1 0.002604 0.768880 0.010416 0.768230 0.002604 0.757162 0.007812 0.735026 0.011068 0.728516 0.002604 0.736328
1 0.015624 0.708984 0.039062 0.705078 0.041016 0.720052 0.066406 0.725912 0.042968 0.727864 0.035808 0.731120 0.018230 0.736980 0.024740 0.730468 0.014974 0.718750
1 0.375000 0.001302 0.376302 0.013020 0.395182 0.016928 0.404296 0.014974 0.416016 0.024088 0.419922 0.014974 0.436198 0.011068 0.452474 0.007162
1 0.447266 0.071614 0.456380 0.084636 0.468750 0.085938 0.465494 0.093098 0.454428 0.092448 0.445964 0.106770 0.443360 0.095704 0.449218 0.091796 0.444662 0.078776
1 0.460938 0.263672 0.480468 0.263672 0.498046 0.266276 0.501302 0.261068 0.488282 0.257162 0.481120 0.233072 0.477214 0.255860
1 0.375000 0.186848 0.371094 0.231770 0.365886 0.230468 0.364584 0.219402 0.356770 0.214192 0.366536 0.209636 0.367838 0.194662
1 0.331380 0.348308 0.343750 0.364584 0.335938 0.382812 0.341146 0.386718 0.356770 0.378906 0.363282 0.403646 0.367188 0.399740 0.363932 0.377604 0.363932 0.363932 0.355468 0.349610 0.352864 0.338542 0.341796 0.334636
1 0.418620 0.303386 0.427084 0.311848 0.431640 0.331380 0.428386 0.339192 0.421876 0.332682 0.408204 0.337890 0.409506 0.332682 0.421224 0.326172
1 0.366536 0.508464 0.378906 0.505860 0.395834 0.514322 0.395834 0.507812 0.384114 0.498046 0.376302 0.498046
1 0.313802 0.507162 0.334636 0.531250 0.345052 0.532552 0.343750 0.543620 0.334636 0.550782 0.332682 0.563802 0.337890 0.579428 0.343750 0.586588 0.336588 0.583334 0.333984 0.578776 0.328124 0.565756 0.329428 0.548178 0.319010 0.539714 0.328124 0.541016 0.311198 0.526042 0.328776 0.533204 0.316406 0.516928
1 0.237630 0.864584 0.246094 0.869140 0.246744 0.863282 0.243490 0.856770 0.238932 0.846354 0.229166 0.843098 0.236328 0.852864
1 0.335938 0.908854 0.345704 0.934896 0.348958 0.951172 0.340494 0.942708 0.318360 0.941406 0.335286 0.937500 0.332682 0.921224
1 0.375652 0.903646 0.380208 0.921876 0.364584 0.930990 0.363932 0.922526 0.373698 0.918620
1 0.677084 0.054688 0.679036 0.071614 0.684896 0.076822 0.676432 0.087890 0.682942 0.096354 0.682292 0.110026 0.679036 0.108072 0.667318 0.089844 0.670572 0.079428 0.667968 0.061198
1 0.439454 0.211588 0.463542 0.198568 0.456380 0.189454 0.445312 0.194662 0.449218 0.199218 0.436848 0.204428
1 0.579428 0.270182 0.591796 0.272786 0.594402 0.268880 0.607422 0.270834 0.618490 0.270182 0.634766 0.261718 0.644532 0.251954 0.663412 0.247396 0.660156 0.255860 0.641928 0.263672 0.622396 0.277344 0.638020 0.285808 0.628906 0.298828 0.613282 0.291016 0.603516 0.290364 0.599610 0.294270 0.591146 0.295572 0.593750 0.286458 0.583984 0.280598
1 0.485026 0.782552 0.496744 0.802084 0.509114 0.793620 0.511718 0.787760 0.517578 0.779948 0.506510 0.773438 0.491536 0.776692
1 0.470704 0.890624 0.493490 0.891276 0.503256 0.902994 0.507162 0.900390 0.503256 0.886068 0.498046 0.862630 0.492838 0.884766 0.481120 0.884766
1 0.520834 0.914062 0.539062 0.929036 0.526692 0.907552 0.525390 0.902344 0.534506 0.899740 0.534506 0.895834 0.550782 0.894532 0.552734 0.870442 0.547526 0.870442 0.545572 0.888672 0.535156 0.887370 0.537110 0.874348 0.542318 0.861980 0.540364 0.856770 0.532552 0.871744 0.526042 0.888020 0.511068 0.888672 0.513020 0.893230 0.522786 0.894532 0.513672 0.899088 0.514322 0.909506
0 0.904948 0.711588 0.932942 0.708984 0.950520 0.703124 0.969402 0.700520 0.976562 0.696614 0.998046 0.697916 0.996094 0.691406 0.976562 0.689454 0.957032 0.682292 0.946614 0.683594 0.942708 0.689454 0.912760 0.689454 0.917318 0.697916 0.912110 0.704428
0 0.908204 0.895182 0.913412 0.887370 0.922526 0.878906 0.934896 0.875652 0.943360 0.875652 0.945312 0.884766 0.944662 0.899740 0.934244 0.908204 0.921876 0.909506 0.922526 0.919922 0.928386 0.912760 0.942058 0.910156 0.953776 0.907552 0.962240 0.904296 0.985026 0.901692 0.990886 0.888672 0.977864 0.888020 0.964192 0.880208 0.965494 0.869792 0.966146 0.856770 0.941406 0.851562 0.930338 0.855468 0.933594 0.870442 0.917968 0.875652 0.906250 0.886718
1 0.923178 0.762370 0.929688 0.781902 0.942708 0.785808 0.957682 0.780598 0.941406 0.768230
1 0.996094 0.761718 0.988932 0.777344 0.980468 0.783854 0.960286 0.789714 0.977214 0.794922 0.988932 0.793620 0.996744 0.789062
1 0.394532 0.576822 0.414714 0.572916 0.409506 0.583984 0.398438 0.586588 0.401042 0.598308 0.398438 0.604818 0.395834 0.594402 0.390624 0.592448 0.388020 0.603516 0.386068 0.599610 0.384766 0.592448 0.391276 0.587240
1 0.369792 0.707032 0.378256 0.721354 0.382812 0.738282 0.383464 0.753906 0.375652 0.742188 0.375652 0.729818 0.371094 0.724610 0.372396 0.717448
1 0.593098 0.840494 0.604818 0.850260 0.618490 0.851562 0.626954 0.856770 0.625652 0.861980 0.606770 0.854166 0.597656 0.856770 0.591796 0.847006
1 0.516928 0.843750 0.518880 0.859376 0.524740 0.873046 0.520182 0.874348 0.512370 0.863282 0.505860 0.864584 0.501302 0.852214 0.512370 0.854166