0 0.106618 0.530492 0.086768 0.535056 0.081976 0.546008 0.079238 0.565858 0.080608 0.589816 0.075816 0.592554 0.064864 0.578408 0.065092 0.585710 0.072850 0.597574 0.065776 0.601682 0.069884 0.610580 0.053228 0.608754 0.034062 0.607614 0.021968 0.602138 0.038624 0.609438 0.059616 0.617882 0.069200 0.621076 0.076500 0.635222 0.083346 0.636820 0.077642 0.626552 0.084030 0.621760 0.085400 0.617882 0.087680 0.616056 0.093614 0.613546 0.098176 0.607842 0.093384 0.593924 0.101142 0.583200 0.112552 0.573844 0.117342 0.568824 0.093614 0.579092 0.091332 0.583428 0.091104 0.569054 0.091332 0.547376 0.095894 0.537110 0.102512 0.533458
0 0.000126 0.938870 0.001380 0.949164 0.008158 0.959708 0.006150 0.979038 0.015440 0.988326 0.028242 0.987824 0.032762 0.981800 0.038786 0.975524 0.055606 0.977030 0.062886 0.970502 0.055356 0.971256 0.044310 0.972008 0.036024 0.970252 0.029246 0.975272 0.021464 0.990836 0.016946 0.981046 0.017196 0.977030 0.026988 0.971506 0.026234 0.968494 0.013180 0.958704 0.009164 0.949666 0.003390 0.942386
0 0.186900 0.000224 0.187796 0.006278 0.194298 0.008746 0.190038 0.016594 0.178378 0.024442 0.162906 0.027806 0.141826 0.022872 0.141154 0.025788 0.150572 0.026236 0.175238 0.028926 0.186450 0.025114 0.194524 0.016818 0.197438 0.017714 0.203044 0.032738 0.209548 0.043054 0.203044 0.018388 0.201250 0.007624 0.200578 0.002018 0.194748 0.001346
0 0.115142 0.053818 0.112676 0.059872 0.120524 0.066150 0.133754 0.071532 0.148330 0.082296 0.137566 0.081848 0.127252 0.082296 0.138014 0.086780 0.148330 0.090144 0.165596 0.084314 0.165820 0.091266 0.173444 0.092162 0.179050 0.099786 0.205286 0.125574 0.226366 0.145532 0.212686 0.134096 0.200130 0.120416 0.189366 0.105168 0.188020 0.102926 0.202372 0.102028 0.203492 0.100908 0.200130 0.096198 0.190712 0.094854 0.179948 0.091714 0.173894 0.081398 0.151918 0.066600 0.144966 0.055836 0.144070 0.055388 0.140706 0.065478 0.129718 0.061890 0.125682 0.058078 0.122318 0.054714
1 0.134876 0.129162 0.140706 0.141496 0.156402 0.141944 0.160664 0.137234 0.166044 0.132526 0.166044 0.130508 0.157748 0.133198 0.154608 0.134096 0.153038 0.138804 0.147208 0.137908 0.144518 0.133198 0.141826 0.132076
0 0.142724 0.145082 0.143172 0.171992 0.145638 0.176700 0.150572 0.181186 0.147658 0.187016 0.144294 0.184550 0.136220 0.186342 0.122094 0.184100 0.113798 0.180064 0.103258 0.176028 0.097204 0.174458 0.099222 0.182980 0.118954 0.191052 0.136894 0.193968 0.145638 0.194640 0.137790 0.201142 0.136894 0.210336 0.137566 0.219530 0.142724 0.202488 0.144742 0.200246 0.156626 0.199574 0.166044 0.200470 0.168062 0.209888 0.167390 0.215270 0.159766 0.227602 0.153936 0.237246 0.139808 0.255408 0.146312 0.253838 0.159094 0.236124 0.173444 0.215046 0.172324 0.198452 0.183984 0.191724 0.186674 0.185670 0.183086 0.183652 0.172772 0.188810 0.169632 0.193968 0.159766 0.189930 0.157748 0.184998 0.151020 0.170422 0.150796 0.160106 0.148330 0.151586
0 0.129664 0.258038 0.127406 0.269586 0.128660 0.287160 0.129916 0.295194 0.120878 0.291428 0.104058 0.288666 0.086234 0.290424 0.075690 0.295696 0.091506 0.298206 0.108576 0.297452 0.115856 0.301470 0.124644 0.312516 0.130166 0.314022 0.133180 0.308248 0.133932 0.305988 0.156276 0.309000 0.165312 0.312516 0.173598 0.333854 0.172342 0.342892 0.158534 0.357200 0.167572 0.355694 0.172592 0.348414 0.174602 0.337620 0.170334 0.317786 0.158786 0.307494 0.154266 0.305234 0.155270 0.299712 0.158534 0.298958 0.167070 0.296448 0.168074 0.290926 0.166568 0.287912 0.160794 0.292934 0.150752 0.302724 0.143974 0.303478 0.132426 0.293686 0.133682 0.284398 0.130920 0.268834
0 0.139062 0.333204 0.135156 0.339648 0.127148 0.361328 0.127540 0.377344 0.121484 0.366016 0.112110 0.353710 0.110156 0.355274 0.112500 0.366210 0.115820 0.371290 0.109180 0.368946 0.100196 0.368554 0.082812 0.376954 0.082032 0.371290 0.080664 0.361328 0.074804 0.354492 0.074414 0.363086 0.074804 0.369140 0.068750 0.366796 0.072460 0.371680 0.080468 0.376758 0.074414 0.381250 0.072266 0.389062 0.067578 0.399218 0.063086 0.403126 0.075586 0.388282 0.081446 0.380860 0.091016 0.377930 0.100390 0.377540 0.111718 0.378906 0.103906 0.383790 0.093946 0.386718 0.100000 0.388282 0.107226 0.390040 0.116406 0.388868 0.125196 0.383984 0.131640 0.399024 0.135352 0.404882 0.146484 0.415626 0.158790 0.425782 0.168164 0.435938 0.160156 0.418164 0.142188 0.392578 0.133984 0.384766 0.132422 0.378906 0.133790 0.357812 0.138868 0.344532
0 0.124024 0.658398 0.107226 0.660938 0.096680 0.664062 0.087500 0.668946 0.073632 0.682618 0.073046 0.684960 0.063868 0.676172 0.062696 0.679296 0.051172 0.682422 0.042774 0.683594 0.039648 0.686132 0.020704 0.686914 0.004882 0.692578 0.000000 0.697460 0.016210 0.696484 0.033398 0.696484 0.059374 0.696484 0.075390 0.695312 0.079296 0.691796 0.080468 0.683594 0.083398 0.677930 0.095312 0.670898 0.110742 0.661718 0.121484 0.661524
1 0.112890 0.670508 0.107422 0.688086 0.093554 0.690626 0.105078 0.692578 0.108984 0.695312 0.111718 0.705468 0.113476 0.704492 0.112304 0.694922 0.109376 0.691210 0.111718 0.687304 0.112500 0.683008 0.112500 0.676758
0 0.046466 0.744992 0.052136 0.752866 0.053080 0.760112 0.053080 0.765152 0.048356 0.766412 0.039850 0.763892 0.034180 0.766412 0.044260 0.772082 0.050876 0.775548 0.065682 0.795710 0.073242 0.808310 0.091828 0.825952 0.113250 0.828156 0.100334 0.822802 0.085842 0.807996 0.072928 0.790984 0.066312 0.778698 0.065682 0.766098 0.060326 0.755386 0.055602 0.750662 0.050876 0.747196
0 0.039878 0.838126 0.034726 0.837912 0.033010 0.845638 0.034726 0.852936 0.037518 0.864526 0.035800 0.865384 0.030650 0.861736 0.020346 0.856800 0.014766 0.856370 0.015624 0.860448 0.024424 0.864096 0.032152 0.869462 0.033868 0.873756 0.037088 0.883628 0.039878 0.896076 0.050394 0.914106 0.064132 0.922906 0.057048 0.914106 0.046746 0.903804 0.045458 0.893716 0.044170 0.872682 0.049752 0.874400 0.049752 0.876546 0.051038 0.870964 0.047820 0.864312 0.041380 0.852722 0.040308 0.847570
1 0.097150 0.320446 0.106640 0.338634 0.097348 0.346738 0.104266 0.347530 0.113360 0.341600 0.113360 0.345356 0.123640 0.346738 0.121268 0.343180 0.112570 0.338436 0.111582 0.333296 0.107232 0.327168 0.101302 0.318866
1 0.058998 0.329540 0.058008 0.350496 0.052474 0.348122 0.043380 0.351484 0.044764 0.353856 0.060974 0.353064 0.060974 0.341402 0.061962 0.333692 0.061370 0.329146
1 0.052868 0.282886 0.059986 0.289410 0.066706 0.296132 0.066312 0.303050 0.063544 0.309178 0.059392 0.323610 0.065126 0.324202 0.069672 0.318074 0.071056 0.306016 0.072242 0.301864 0.075998 0.296330 0.074218 0.292968 0.075010 0.288422 0.069276 0.287632 0.064334 0.285062 0.058800 0.282096
1 0.208248 0.346344 0.206470 0.352274 0.203504 0.359786 0.197772 0.361764 0.204690 0.362752 0.205086 0.366902 0.208052 0.357612 0.210226 0.350298
1 0.088254 0.708700 0.094382 0.716608 0.099918 0.718188 0.110988 0.719572 0.112174 0.719374 0.115732 0.716410 0.117710 0.712456 0.114744 0.713444 0.105058 0.717398 0.096754 0.713048 0.095964 0.712060 0.093196 0.710478
1 0.080940 0.708304 0.078964 0.717794 0.081138 0.730248 0.075010 0.745666 0.065916 0.748434 0.044962 0.745666 0.033694 0.743690 0.028554 0.734794 0.025390 0.725306 0.029146 0.714630 0.035472 0.709292 0.040612 0.703758 0.056822 0.703164 0.062754 0.703362 0.072242 0.704944 0.074812 0.707514 0.078766 0.707712
1 0.367760 0.436294 0.350292 0.422954 0.346798 0.434388 0.342036 0.442962 0.350610 0.453442 0.351880 0.461700 0.369982 0.466146 0.373794 0.460430 0.368076 0.440740
1 0.450464 0.586796 0.444668 0.575420 0.440590 0.581644 0.434796 0.572202 0.431576 0.571342 0.420200 0.572846 0.414620 0.573704 0.411830 0.575420 0.409470 0.582504 0.413762 0.586582 0.417840 0.593234 0.419986 0.598386 0.437800 0.597098 0.444668 0.592376 0.448962 0.588728
0 0.564432 0.067394 0.561642 0.073832 0.558852 0.071256 0.561642 0.085638 0.562500 0.095724 0.561212 0.097442 0.553914 0.090788 0.549408 0.092506 0.548120 0.093150 0.562500 0.099158 0.558852 0.105168 0.567008 0.123626 0.567866 0.140152 0.577310 0.153890 0.568510 0.121694 0.567866 0.105812 0.569798 0.098730 0.574520 0.107744 0.580528 0.123842 0.585680 0.140368 0.585894 0.134358 0.594480 0.144660 0.591474 0.139508 0.587826 0.124270 0.584392 0.111178 0.580314 0.102378 0.573660 0.091002 0.565720 0.077266 0.564860 0.075550 0.565504 0.070184
1 0.497468 0.043570 0.507984 0.056232 0.514852 0.060740 0.516784 0.063100 0.516998 0.074690 0.518502 0.069970 0.518930 0.058164 0.517858 0.052584 0.510990 0.048076 0.504980 0.045930 0.500042 0.043998
0 0.565504 0.001288 0.572372 0.006438 0.579026 0.007082 0.574090 0.011804 0.573232 0.020820 0.576236 0.034556 0.579456 0.046146 0.577738 0.053658 0.570870 0.050008 0.570870 0.044858 0.570656 0.042068 0.568724 0.047862 0.562714 0.046360 0.556490 0.047004 0.561426 0.050652 0.567008 0.052584 0.582246 0.056448 0.585466 0.063316 0.587826 0.078340 0.595124 0.089072 0.596196 0.098300 0.602422 0.103880 0.611436 0.108816 0.611006 0.103880 0.620880 0.103666 0.628606 0.102164 0.630752 0.099588 0.614870 0.101520 0.603280 0.098086 0.597484 0.092720 0.592118 0.083062 0.591260 0.074476 0.592118 0.059666 0.592978 0.049794 0.592118 0.046146 0.591260 0.044642 0.589328 0.050008 0.587612 0.045502 0.584392 0.033696 0.582460 0.022966 0.584606 0.012448 0.589758 0.005366 0.589972 0.009230 0.588470 0.022536 0.591260 0.039706 0.593406 0.038418 0.590832 0.021462 0.592334 0.012020 0.597056 0.000430 0.589114 0.001288 0.582460 0.001502
1 0.175296 0.424374 0.177116 0.432058 0.179340 0.435696 0.182170 0.439336 0.185608 0.446614 0.190258 0.447626 0.188842 0.452074 0.175498 0.452882 0.189854 0.454298 0.197132 0.454096 0.196324 0.444794 0.198346 0.442976 0.202186 0.439942 0.202794 0.434484 0.200570 0.433270 0.191470 0.437718 0.187630 0.434686 0.183586 0.431248 0.180756 0.428418 0.180756 0.425790
1 0.129102 0.599024 0.126758 0.603320 0.128516 0.613672 0.130078 0.615430 0.117188 0.613672 0.115234 0.615234 0.119140 0.618554 0.124024 0.618946 0.130860 0.621680 0.142578 0.629296 0.143554 0.625782 0.139648 0.620312 0.136524 0.616406 0.135546 0.610938 0.136132 0.605860 0.132226 0.605860 0.131446 0.601368
1 0.165624 0.491210 0.164648 0.510156 0.163672 0.513086 0.167382 0.517188 0.172656 0.524804 0.171876 0.514454 0.169336 0.506250 0.169532 0.499804 0.168360 0.497656 0.167578 0.492968
0 0.054882 0.467382 0.065234 0.462304 0.064648 0.450196 0.066992 0.452344 0.072266 0.464648 0.076562 0.468946 0.086328 0.473242 0.093750 0.463868 0.097266 0.461524 0.095898 0.474414 0.098046 0.476368 0.107618 0.473242 0.104296 0.478710 0.101758 0.482422 0.107422 0.483398 0.110352 0.485938 0.118164 0.485742 0.147266 0.479688 0.150782 0.476758 0.148632 0.461914 0.152148 0.465040 0.152930 0.474804 0.153710 0.476758 0.156054 0.476954 0.151758 0.482618 0.139844 0.486328 0.128126 0.490040 0.122852 0.493946 0.111718 0.491210 0.093946 0.490624 0.093360 0.495898 0.086524 0.489648 0.081640 0.483594 0.065040 0.480274 0.058594 0.481640 0.060742 0.476562 0.058594 0.471680
0 0.112500 0.484376 0.111328 0.494922 0.108398 0.507812 0.095898 0.519140 0.092382 0.523632 0.077540 0.532032 0.067188 0.515040 0.064454 0.518360 0.066992 0.524024 0.074024 0.534376 0.075196 0.538672 0.072070 0.545118 0.076172 0.543946 0.079296 0.538282 0.081836 0.531250 0.088476 0.529102 0.102540 0.516992 0.108790 0.508594 0.113868 0.502148 0.115626 0.487890 0.113282 0.480664
1 0.953094 0.713088 0.932504 0.714602 0.934018 0.730954 0.935228 0.746094 0.952792 0.760326 0.958242 0.759720 0.967630 0.747002 0.970052 0.739432 0.973382 0.737918 0.969446 0.730954 0.961574 0.717326 0.959150 0.717630
1 0.744156 0.948068 0.720234 0.953216 0.717812 0.956850 0.722960 0.985314 0.737796 0.991068 0.744458 0.986222 0.759600 0.972596 0.757782 0.952610 0.754754 0.949884
0 0.830512 0.018802 0.829644 0.029812 0.827904 0.037636 0.827904 0.046910 0.822688 0.040534 0.821240 0.047200 0.834280 0.058212 0.818922 0.054154 0.815734 0.041984 0.810228 0.024596 0.805882 0.037346 0.808490 0.048068 0.807330 0.058502 0.794000 0.063138 0.793132 0.070962 0.792552 0.074150 0.812256 0.063138 0.833700 0.065166 0.835440 0.075308 0.838916 0.086030 0.839786 0.088348 0.836018 0.096172 0.845292 0.084872 0.852536 0.096752 0.854564 0.111820 0.844712 0.104576 0.848190 0.112110 0.855724 0.118486 0.858332 0.122542 0.862388 0.117036 0.865286 0.119066 0.867026 0.118776 0.874270 0.111530 0.873110 0.110952 0.862388 0.105736 0.859202 0.085450 0.850798 0.074728 0.841524 0.062558 0.834280 0.040244 0.832542 0.033290 0.838336 0.028074 0.839786 0.024596 0.834860 0.023148 0.833700 0.018802
1 0.776324 0.006920 0.782698 0.014744 0.772846 0.021698 0.785886 0.017352 0.787626 0.011846 0.789074 0.017352 0.805592 0.010108 0.791102 0.007790 0.785886 0.009238 0.785018 0.012716 0.780960 0.005760
1 0.701850 0.024886 0.705328 0.038216 0.713730 0.042274 0.699242 0.053284 0.699532 0.055024 0.712862 0.043142 0.719526 0.039086 0.729958 0.044592 0.734886 0.048358 0.734596 0.061978 0.737782 0.062848 0.742710 0.047780 0.747056 0.035318 0.738652 0.043432 0.731118 0.040244 0.725902 0.035318 0.737494 0.029812 0.731408 0.028364 0.717498 0.031552 0.714600 0.038506 0.708226 0.033000 0.704458 0.026626
1 0.720106 0.094434 0.732566 0.113850 0.736334 0.121094 0.745896 0.119644 0.749374 0.111242 0.743578 0.099360 0.732276 0.092696
1 0.693736 0.085740 0.691998 0.092696 0.685912 0.089508 0.675480 0.087480 0.677508 0.083132 0.672582 0.088638 0.680116 0.094144 0.693156 0.097042 0.695474 0.096752 0.700112 0.106894 0.697794 0.096172 0.697214 0.090376
0 0.849348 0.000256 0.849928 0.014744 0.855144 0.029812 0.866446 0.047490 0.864128 0.034450 0.861810 0.020250 0.855724 0.000256
0 0.699062 0.630112 0.715208 0.644688 0.728212 0.650070 0.723280 0.651640 0.707808 0.655228 0.698838 0.661058 0.703770 0.661954 0.723280 0.659712 0.722832 0.655900 0.726644 0.653658 0.730006 0.652312 0.734940 0.653434 0.751086 0.662852 0.758260 0.674064 0.762746 0.672942 0.753328 0.660160 0.750412 0.654554 0.736734 0.652760 0.738976 0.641774 0.733370 0.634374 0.731128 0.638634 0.725074 0.637962 0.713862 0.628768 0.702650 0.628542 0.698390 0.626076
0 0.705664 0.738868 0.697852 0.736914 0.700586 0.756250 0.685352 0.753126 0.668360 0.753710 0.639258 0.749414 0.641796 0.751954 0.648632 0.756054 0.661718 0.759960 0.663086 0.765820 0.671290 0.762304 0.678320 0.762500 0.678906 0.763868 0.671094 0.770312 0.668554 0.775586 0.671290 0.780274 0.671876 0.771680 0.680860 0.766406 0.687890 0.765234 0.705274 0.767578 0.709766 0.769532 0.715040 0.775976 0.724218 0.783594 0.731640 0.788476 0.742578 0.786328 0.735156 0.776562 0.717578 0.773046 0.714648 0.768554 0.706640 0.763086 0.702930 0.752734 0.702930 0.745898
1 0.750782 0.794140 0.741602 0.786718 0.739062 0.793946 0.727734 0.787890 0.720704 0.784376 0.715624 0.783790 0.711524 0.789844 0.709570 0.795312 0.703124 0.783984 0.704296 0.797656 0.701172 0.798438 0.700976 0.810156 0.703710 0.822070 0.718554 0.824610 0.742774 0.818750 0.753320 0.819140 0.762110 0.815040 0.753516 0.812890 0.758398 0.807226 0.758204 0.802930 0.754102 0.796484
0 0.531836 0.208594 0.530078 0.199218 0.534960 0.192968 0.542968 0.191406 0.551172 0.196484 0.581054 0.214258 0.579296 0.218360 0.571290 0.212304 0.571680 0.219336 0.567382 0.234960 0.561718 0.243946 0.546876 0.262110 0.553906 0.249024 0.563672 0.226758 0.565626 0.212890 0.565040 0.209766 0.555860 0.209376 0.549804 0.210156 0.554882 0.223438 0.556640 0.229882 0.548632 0.241602 0.552930 0.230860 0.554492 0.219726 0.547460 0.212696 0.543164 0.210938 0.531640 0.222070 0.525000 0.221874 0.522070 0.220312 0.534960 0.214258 0.542382 0.210546 0.550196 0.205664 0.548046 0.201368 0.540624 0.201172 0.536718 0.203906 0.536328 0.211914
1 0.511132 0.198438 0.512500 0.219336 0.501758 0.228124 0.497460 0.239062 0.510938 0.227344 0.518946 0.225782 0.515820 0.220898 0.518164 0.214258 0.516210 0.208398 0.513282 0.198438
1 0.459570 0.261524 0.471290 0.274218 0.475782 0.276562 0.478710 0.280860 0.486132 0.279102 0.491016 0.283008 0.493750 0.283204 0.494726 0.274024 0.489844 0.271484 0.482422 0.272460 0.483790 0.265820 0.480274 0.265820 0.479296 0.269922 0.478710 0.272266 0.476172 0.269532 0.473242 0.264648 0.465430 0.263672
1 0.487696 0.284180 0.464454 0.287500 0.458398 0.292774 0.461132 0.306640 0.472656 0.300976 0.474414 0.303320 0.477344 0.313086 0.480274 0.321484 0.480078 0.329688 0.479296 0.336524 0.485352 0.336328 0.493360 0.329688 0.494726 0.326562 0.496680 0.330664 0.496290 0.336718 0.497852 0.342382 0.500196 0.328906 0.500000 0.320898 0.504882 0.315820 0.506640 0.312500 0.507032 0.304882 0.504882 0.293360 0.502148 0.287890 0.499218 0.285156 0.491796 0.286328
1 0.470898 0.304102 0.471290 0.320118 0.458008 0.317188 0.454688 0.322852 0.446680 0.317188 0.439648 0.307618 0.436328 0.310546 0.445508 0.322266 0.451172 0.329492 0.444336 0.334766 0.443750 0.338868 0.452148 0.334180 0.453516 0.348828 0.455664 0.343360 0.456640 0.331054 0.455274 0.322656 0.460156 0.322266 0.463868 0.321680 0.469922 0.323828 0.463086 0.325976 0.458984 0.325390 0.461718 0.328906 0.472070 0.327344 0.475390 0.330274 0.475976 0.333984 0.478320 0.328710 0.478516 0.323828 0.476562 0.314062 0.474414 0.308790 0.473632 0.303124
0 0.605664 0.300782 0.592382 0.294532 0.566992 0.296876 0.556836 0.299804 0.544532 0.307032 0.538282 0.319140 0.538282 0.328516 0.532032 0.323632 0.528124 0.326562 0.528710 0.332226 0.529688 0.337304 0.533984 0.338868 0.535546 0.351562 0.534376 0.354492 0.512500 0.365430 0.523242 0.364648 0.537890 0.354688 0.554688 0.373828 0.579296 0.386328 0.587304 0.393360 0.591796 0.399610 0.595312 0.406640 0.595118 0.395704 0.590234 0.385352 0.587500 0.388086 0.581054 0.383594 0.558008 0.367188 0.544140 0.352540 0.539648 0.346874 0.540820 0.337696 0.541016 0.333984 0.542578 0.339062 0.544532 0.349218 0.552344 0.338868 0.553516 0.333790 0.547460 0.336914 0.551172 0.324804 0.552734 0.314648 0.570118 0.301562 0.585742 0.298242 0.596094 0.298828
1 0.630468 0.309570 0.625196 0.317578 0.624414 0.326562 0.617188 0.316016 0.615234 0.319532 0.618360 0.324024 0.621874 0.329296 0.611328 0.328710 0.605468 0.331446 0.612500 0.331640 0.619336 0.331054 0.621680 0.337890 0.625000 0.343750 0.626562 0.331836 0.630664 0.336132 0.629882 0.332032 0.626172 0.328906 0.629882 0.323046 0.631054 0.317774 0.630860 0.315040 0.632032 0.311328
0 0.520118 0.375196 0.518750 0.389648 0.505078 0.391602 0.509374 0.398632 0.501368 0.406250 0.513282 0.408204 0.529102 0.411718 0.541796 0.413672 0.548046 0.417968 0.549024 0.424218 0.549610 0.438282 0.548438 0.448046 0.552148 0.430468 0.553126 0.421484 0.543554 0.412890 0.543750 0.411132 0.550976 0.408594 0.554882 0.415430 0.553710 0.408398 0.540234 0.407812 0.528124 0.407812 0.521484 0.401954 0.514844 0.396680 0.516210 0.393360 0.524024 0.389454 0.523046 0.384570 0.522460 0.379492
1 0.510352 0.445704 0.499218 0.452930 0.480468 0.448828 0.481640 0.453320 0.500000 0.458008 0.501562 0.462500 0.507226 0.453124 0.513086 0.449414
1 0.530664 0.470508 0.524804 0.481054 0.525000 0.490430 0.515234 0.485352 0.508008 0.483398 0.506836 0.484570 0.509570 0.486914 0.522266 0.493554 0.529102 0.490234 0.530664 0.483398 0.532226 0.476954 0.532226 0.472460
0 0.463868 0.509180 0.481836 0.512500 0.486132 0.513672 0.504102 0.515624 0.509960 0.520118 0.521484 0.520118 0.532422 0.519140 0.532032 0.522070 0.514844 0.525782 0.518554 0.528906 0.525390 0.549804 0.525196 0.564648 0.512500 0.570312 0.516406 0.574414 0.501758 0.578906 0.496290 0.578124 0.517774 0.565430 0.523046 0.558984 0.523438 0.548046 0.513282 0.524218 0.512304 0.524218 0.493946 0.523046 0.489062 0.518750 0.481836 0.516796 0.472852 0.514844
1 0.472266 0.504296 0.475976 0.498242 0.476758 0.490430 0.468164 0.483594 0.458594 0.476172 0.449218 0.483594 0.434570 0.495898 0.437110 0.504882 0.444726 0.512110 0.447070 0.518554 0.442774 0.525782 0.447656 0.534180 0.452148 0.535156 0.458008 0.521874 0.458398 0.511914 0.463282 0.507618
0 0.492188 0.630078 0.482812 0.622070 0.475196 0.619140 0.468164 0.620704 0.480078 0.627734 0.454102 0.631250 0.455860 0.638672 0.463086 0.651562 0.477540 0.658790 0.462110 0.645118 0.460156 0.634570 0.468750 0.636328 0.489454 0.637500 0.485938 0.648632 0.491016 0.639258 0.495118 0.636132 0.503320 0.637696 0.499804 0.641210 0.493360 0.653906 0.490430 0.675976 0.486914 0.688672 0.499804 0.699218 0.489258 0.691016 0.491016 0.680274 0.493750 0.666992 0.494336 0.658984 0.501758 0.645118 0.503320 0.641406 0.512500 0.648046 0.524804 0.661132 0.527930 0.662304 0.521094 0.652540 0.510352 0.635546 0.505860 0.628126 0.500976 0.618946 0.501562 0.615820 0.497460 0.626172 0.496874 0.633398
0 0.412890 0.736132 0.431640 0.724804 0.437500 0.726172 0.454882 0.728710 0.464454 0.730860 0.464258 0.724414 0.473046 0.732422 0.478320 0.732226 0.488086 0.723828 0.504296 0.711328 0.506836 0.714258 0.494726 0.727734 0.481640 0.734376 0.490626 0.740430 0.497852 0.747460 0.505274 0.762500 0.501954 0.762890 0.483594 0.740234 0.467968 0.737890 0.446094 0.737304 0.442382 0.733398 0.429688 0.731640 0.420508 0.735742 0.409570 0.739454
1 0.553126 0.735938 0.550782 0.744532 0.536718 0.750390 0.552930 0.747266 0.560156 0.746290 0.559960 0.752344 0.576758 0.757422 0.572656 0.752148 0.566796 0.745508 0.560742 0.745312 0.556250 0.741210 0.556836 0.733984
1 0.510938 0.782032 0.525390 0.777148 0.535156 0.784376 0.541796 0.774218 0.546290 0.775586 0.542188 0.782032 0.537696 0.785156 0.545312 0.788282 0.542578 0.793554 0.535938 0.795704 0.536524 0.788282 0.525782 0.786718 0.519336 0.784180 0.512696 0.783984
0 0.443750 0.798046 0.432618 0.809766 0.436718 0.819140 0.441602 0.828710 0.449610 0.833204 0.440820 0.841992 0.435156 0.854688 0.429492 0.871094 0.428320 0.881836 0.431836 0.887696 0.444336 0.858790 0.448632 0.842578 0.451954 0.834570 0.454688 0.833008 0.455274 0.830860 0.437890 0.820898 0.440820 0.813086 0.440820 0.806446 0.447460 0.800976 0.449414 0.806446 0.454882 0.823242 0.458984 0.829882 0.460938 0.836914 0.455274 0.846290 0.452930 0.867382 0.448242 0.886132 0.450976 0.887110 0.455468 0.854296 0.461328 0.836328 0.464062 0.829102 0.464844 0.826562 0.460156 0.819922 0.460742 0.807226 0.460156 0.802734 0.450976 0.793360 0.447070 0.792578 0.444336 0.795898
0 0.477734 0.910938 0.468554 0.915820 0.462890 0.922656 0.447266 0.931250 0.440626 0.938282 0.429296 0.938282 0.408204 0.938476 0.400390 0.942188 0.392578 0.948438 0.406250 0.945312 0.417968 0.944532 0.432032 0.943946 0.436132 0.943360 0.438476 0.944336 0.443554 0.956250 0.445704 0.973046 0.446484 0.957032 0.442968 0.943750 0.449218 0.953516 0.453124 0.959766 0.453516 0.956054 0.447070 0.942774 0.444336 0.937890 0.454296 0.937110 0.473046 0.926368 0.479102 0.916992
0 0.789258 0.124414 0.799218 0.116602 0.814454 0.111132 0.823828 0.110546 0.836132 0.117188 0.840820 0.125196 0.839258 0.131054 0.852540 0.127734 0.855274 0.130274 0.848828 0.135742 0.846094 0.143946 0.841796 0.149218 0.836328 0.142774 0.832618 0.145704 0.821874 0.148438 0.809180 0.160742 0.812890 0.153126 0.825196 0.142968 0.822656 0.140624 0.811524 0.147460 0.820898 0.135156 0.825000 0.130078 0.829688 0.133984 0.833984 0.140624 0.841210 0.141016 0.840430 0.137890 0.835352 0.133594 0.835156 0.124804 0.833008 0.118554 0.825390 0.115626 0.806250 0.116992 0.796094 0.120704
1 0.468750 0.747266 0.457032 0.746874 0.454688 0.750586 0.465820 0.756250 0.479688 0.762500 0.489258 0.771680 0.496290 0.774804 0.501954 0.789454 0.503710 0.794726 0.503320 0.797852 0.506250 0.784960 0.505274 0.779882 0.511132 0.776172 0.500196 0.761914 0.499218 0.760938 0.492382 0.759180 0.485156 0.751368 0.479296 0.748828 0.471484 0.746680
0 0.740040 0.254492 0.752930 0.258204 0.769922 0.259766 0.776368 0.258398 0.786132 0.254296 0.791602 0.248046 0.803710 0.256640 0.814062 0.262500 0.823632 0.277734 0.829882 0.288476 0.816992 0.277344 0.806640 0.258790 0.799218 0.260156 0.790430 0.262890 0.788282 0.276368 0.781836 0.271874 0.779882 0.267774 0.790820 0.259180 0.791602 0.255860 0.782226 0.259180 0.775390 0.262500 0.768750 0.262304 0.759180 0.261914 0.744336 0.257812 0.741992 0.255468
1 0.742578 0.200976 0.741602 0.208984 0.750976 0.220704 0.751172 0.225390 0.756054 0.224218 0.758594 0.225976 0.746290 0.243360 0.757812 0.235352 0.759766 0.231054 0.771680 0.234376 0.781250 0.234180 0.778906 0.231250 0.763282 0.221874 0.753906 0.218946 0.755468 0.211132 0.749024 0.204102 0.746290 0.200196
1 0.595112 0.710090 0.609180 0.704380 0.594704 0.696022 0.589200 0.682566 0.579210 0.677470 0.561880 0.674818 0.565754 0.683382 0.569220 0.699080 0.575744 0.722322 0.578598 0.718040 0.577170 0.705196 0.580636 0.704788 0.594092 0.705400
1 0.578394 0.726196 0.590218 0.742098 0.590830 0.743524 0.607956 0.747806 0.617334 0.749642 0.629974 0.751476 0.631402 0.748826 0.648528 0.747602 0.650974 0.737408 0.654848 0.732924 0.646284 0.718040 0.641800 0.714574 0.640168 0.718040 0.645062 0.724972 0.646488 0.731292 0.644450 0.738224 0.639148 0.743524 0.625694 0.729662 0.618150 0.724360 0.606528 0.727214 0.600616 0.727012 0.597150 0.721914 0.591238 0.724156 0.585122 0.727418 0.581452 0.725788
1 0.618150 0.827930 0.623042 0.840162 0.623042 0.849540 0.618354 0.862180 0.623450 0.857898 0.631402 0.840978 0.639148 0.834658 0.639964 0.829560 0.633440 0.833434 0.627120 0.836492 0.622636 0.831192 0.619780 0.825890
1 0.622432 0.866666 0.611014 0.876452 0.600820 0.863812 0.597966 0.864422 0.600004 0.869928 0.606122 0.877470 0.604082 0.882772 0.601432 0.888888 0.593888 0.898878 0.598578 0.901528 0.605102 0.893984 0.608568 0.890112 0.613460 0.892150 0.616112 0.888480 0.610402 0.884198 0.612442 0.880122 0.615908 0.878082 0.622838 0.873802 0.624674 0.869928
1 0.532618 0.892968 0.541796 0.900586 0.541602 0.904492 0.533398 0.900782 0.524414 0.901172 0.516602 0.905664 0.533008 0.904492 0.538282 0.909376 0.533984 0.916406 0.538476 0.928906 0.540040 0.913476 0.545508 0.902148 0.551368 0.895118 0.546290 0.892774 0.538476 0.891602
1 0.505860 0.901368 0.500586 0.909180 0.496094 0.915234 0.500000 0.917774 0.506054 0.924024 0.506640 0.920704 0.503516 0.911524 0.505078 0.906446
0 0.691918 0.822454 0.691918 0.837116 0.679742 0.832146 0.686202 0.857740 0.687694 0.879606 0.686452 0.843824 0.685954 0.838358 0.693658 0.842334 0.699372 0.847304 0.700118 0.845564 0.700864 0.837364 0.707572 0.838854 0.726458 0.834382 0.740870 0.829660 0.756526 0.822952 0.753294 0.823448 0.708070 0.831898 0.699372 0.831648 0.698378 0.828666 0.696142 0.822454
0 0.630408 0.892652 0.632254 0.912552 0.640050 0.916860 0.660566 0.925682 0.675748 0.926914 0.678416 0.933274 0.672056 0.932864 0.659336 0.941480 0.651950 0.948250 0.657284 0.961380 0.667132 0.970408 0.680262 0.978204 0.678416 0.980870 0.668568 0.984974 0.684980 0.982102 0.686622 0.977794 0.689288 0.978820 0.691956 0.983332 0.697290 0.978614 0.693598 0.975332 0.705086 0.970408 0.702830 0.968356 0.685596 0.972048 0.678416 0.971434 0.664874 0.964868 0.661798 0.959534 0.658310 0.950096 0.660566 0.944968 0.670414 0.937992 0.673902 0.936966 0.673286 0.938402 0.666106 0.947020 0.673286 0.948660 0.680262 0.942916 0.687032 0.940454 0.688058 0.932454 0.686828 0.927940 0.681082 0.926914 0.684160 0.924246 0.697086 0.916450 0.708780 0.904552 0.715754 0.900654 0.722730 0.898396 0.729910 0.895730 0.720268 0.904140 0.722524 0.907628 0.732782 0.895730 0.736270 0.893268 0.742836 0.889370 0.749606 0.885266 0.732168 0.888960 0.731346 0.887318 0.723756 0.873162 0.718626 0.865570 0.708984 0.851414 0.711446 0.860236 0.716986 0.871316 0.723140 0.885676 0.727244 0.893268 0.716986 0.893882 0.705906 0.901268 0.695238 0.907628 0.680878 0.913168 0.674722 0.918912 0.666312 0.923220 0.659952 0.923426 0.662824 0.918502 0.644974 0.916656 0.641076 0.913988 0.635538 0.910912 0.634306 0.904140 0.633486 0.899422 0.632664 0.893678
1 0.750016 0.841978 0.748580 0.849774 0.751658 0.856338 0.746528 0.867006 0.746734 0.871316 0.752068 0.869264 0.755350 0.858186 0.761710 0.857774 0.767044 0.853262 0.763556 0.851414 0.756172 0.852646 0.754940 0.848338 0.753298 0.840542
1 0.781816 0.883624 0.773200 0.892858 0.767866 0.901680 0.780790 0.911116 0.784894 0.916860 0.794946 0.914604 0.797204 0.906602 0.793920 0.900448 0.788176 0.891010
1 0.805000 0.858186 0.806230 0.865982 0.815258 0.872546 0.811360 0.880548 0.796588 0.882804 0.800896 0.891626 0.817720 0.893678 0.822232 0.890396 0.831054 0.885062 0.828798 0.874392 0.817104 0.865776 0.810538 0.860852
1 0.649804 0.622460 0.668360 0.636328 0.671876 0.656836 0.674414 0.659766 0.678126 0.638672 0.688672 0.638672 0.676954 0.634570 0.669532 0.630664 0.665040 0.624024 0.654882 0.622070 0.650976 0.620704
0 0.712500 0.363868 0.725196 0.352344 0.734570 0.343946 0.750000 0.342968 0.755468 0.341796 0.755664 0.339454 0.768164 0.346290 0.775000 0.350782 0.781640 0.356836 0.782618 0.347460 0.783594 0.344140 0.781640 0.335352 0.785742 0.336132 0.793946 0.334570 0.794726 0.335938 0.792188 0.341992 0.787890 0.350000 0.783204 0.357032 0.770898 0.358204 0.769922 0.365040 0.756250 0.379492 0.732422 0.399218 0.735546 0.393750 0.744336 0.373046 0.744336 0.381640 0.750390 0.371094 0.756640 0.364648 0.762304 0.360938 0.765040 0.356250 0.760352 0.351562 0.753906 0.348632 0.733594 0.350782 0.725000 0.358398
1 0.783790 0.360352 0.776368 0.365234 0.765040 0.371290 0.758594 0.382032 0.756250 0.386524 0.765820 0.397070 0.777734 0.396094 0.788086 0.385742 0.792968 0.391016 0.792968 0.382812 0.790624 0.365624 0.789454 0.360742
0 0.856836 0.172070 0.853320 0.184960 0.845118 0.186524 0.841796 0.190234 0.843164 0.195508 0.841796 0.199610 0.836718 0.203710 0.824024 0.206446 0.841016 0.206836 0.843750 0.201758 0.847070 0.191016 0.848632 0.188476 0.867188 0.190234 0.868164 0.193164 0.869140 0.199218 0.872656 0.209766 0.873632 0.198438 0.874024 0.190234 0.884960 0.185156 0.885742 0.182032 0.878710 0.179296 0.874414 0.174024 0.878126 0.167968 0.874218 0.163476 0.867968 0.169726 0.867774 0.173242 0.865040 0.174024 0.870508 0.176954 0.868164 0.181640 0.874610 0.179296 0.876172 0.184376 0.860156 0.184960 0.858594 0.182226
1 0.858790 0.211718 0.857812 0.215820 0.850782 0.214844 0.852148 0.218750 0.859960 0.227148 0.863476 0.229296 0.862304 0.232422 0.869922 0.241016 0.873242 0.240626 0.869726 0.232226 0.873632 0.228906 0.867968 0.226954 0.862890 0.222852 0.862110 0.216992 0.861524 0.213086
1 0.851562 0.453906 0.847656 0.464258 0.847656 0.469532 0.839454 0.473242 0.826954 0.478320 0.824610 0.482226 0.829882 0.488282 0.835352 0.486914 0.831054 0.479296 0.846484 0.477734 0.849024 0.473242 0.850782 0.471290 0.856446 0.477148 0.866406 0.478126 0.868946 0.474024 0.864844 0.471290 0.855468 0.469922 0.853124 0.469140 0.852540 0.463868 0.852734 0.457226
1 0.918164 0.488086 0.921680 0.501172 0.929688 0.508790 0.934570 0.507618 0.937110 0.501562 0.927734 0.495704 0.924610 0.490234
1 0.585546 0.535546 0.574218 0.548438 0.563282 0.543946 0.553320 0.543554 0.558790 0.547852 0.572656 0.552930 0.579492 0.554296 0.582422 0.560156 0.593554 0.563282 0.588476 0.554688 0.583008 0.552344 0.580860 0.549414 0.585352 0.547070 0.586328 0.542578 0.587696 0.536132
1 0.561524 0.552930 0.561524 0.563868 0.553126 0.564648 0.547070 0.553710 0.547070 0.559180 0.551368 0.574218 0.550782 0.580078 0.543554 0.583984 0.556250 0.593750 0.560546 0.591992 0.563282 0.583984 0.560352 0.586132 0.558008 0.586524 0.555274 0.579492 0.555468 0.567578 0.561524 0.567578 0.565820 0.564844 0.570898 0.569532 0.574024 0.570704 0.569922 0.575782 0.560546 0.571484 0.560156 0.577148 0.571290 0.580664 0.575390 0.574414 0.577344 0.568750 0.572266 0.560742 0.566602 0.560938 0.565040 0.556054
1 0.756250 0.563282 0.751172 0.567968 0.758398 0.573438 0.762500 0.582618 0.766016 0.590624 0.772852 0.597266 0.789844 0.599414 0.795898 0.593750 0.805860 0.588868 0.801562 0.581250 0.794922 0.565820 0.782618 0.569336 0.777344 0.569922 0.771484 0.565626 0.766210 0.562500 0.759180 0.563282
0 0.735156 0.544336 0.726954 0.550000 0.738086 0.569336 0.746680 0.575976 0.731836 0.577540 0.717968 0.581054 0.726172 0.583398 0.740040 0.580664 0.746484 0.579296 0.750000 0.585352 0.737696 0.607226 0.742188 0.615430 0.746484 0.609766 0.750000 0.618946 0.751954 0.622070 0.760352 0.632422 0.770118 0.636524 0.750390 0.618164 0.749024 0.603516 0.750782 0.592968 0.752540 0.582032 0.750782 0.574804 0.749804 0.564454 0.743946 0.554492 0.737500 0.543554
1 0.657618 0.260352 0.656054 0.287696 0.632618 0.292578 0.639062 0.294336 0.658398 0.292968 0.653906 0.298242 0.640040 0.308984 0.648828 0.307032 0.668946 0.297852 0.672266 0.292774 0.670118 0.280078 0.668946 0.279688 0.661718 0.295118 0.660352 0.277734 0.661132 0.267382
1 0.669336 0.300782 0.683008 0.307618 0.679492 0.311328 0.677344 0.318750 0.687696 0.324024 0.692578 0.327148 0.685938 0.317188 0.692774 0.315624 0.701368 0.314844 0.698438 0.309766 0.690234 0.311132 0.684374 0.313476 0.684766 0.303516 0.681054 0.301562 0.673242 0.299218
1 0.657226 0.308594 0.661524 0.327344 0.664844 0.332618 0.663086 0.334374 0.658790 0.334960 0.657032 0.326954 0.642382 0.318360 0.646290 0.325390 0.657812 0.335352 0.657226 0.342188 0.654688 0.346290 0.666406 0.342968 0.669532 0.338476 0.676954 0.344336 0.685742 0.350976 0.696680 0.356446 0.707226 0.356640 0.706640 0.352148 0.691992 0.345898 0.681054 0.338476 0.675196 0.334960 0.668554 0.333790 0.671290 0.327540 0.669336 0.320508 0.664258 0.315430 0.660156 0.308984
1 0.748242 0.305274 0.748438 0.311328 0.746874 0.317578 0.754296 0.311132 0.755274 0.315234 0.763672 0.319336 0.763672 0.316602 0.758594 0.310352 0.751368 0.308008 0.751562 0.305078
1 0.701172 0.359376 0.698632 0.365820 0.698632 0.372460 0.695898 0.376758 0.709376 0.370704 0.713476 0.375782 0.698828 0.383594 0.712696 0.380664 0.717968 0.376172 0.718750 0.380468 0.731250 0.378124 0.731836 0.375586 0.721680 0.374804 0.715820 0.372070 0.712110 0.366796 0.707422 0.363282 0.705078 0.369140 0.702148 0.363868 0.703320 0.359766
1 0.677930 0.370898 0.673438 0.374414 0.671094 0.385546 0.659766 0.385938 0.652148 0.387500 0.648242 0.389648 0.648242 0.395312 0.652344 0.392382 0.660156 0.391406 0.663868 0.393946 0.667382 0.397070 0.670898 0.391016 0.678126 0.390234 0.678320 0.386328 0.675390 0.385938 0.677344 0.375782
1 0.669922 0.404688 0.660938 0.405078 0.658594 0.416602 0.660938 0.417382 0.676368 0.434180 0.675782 0.438086 0.680274 0.434766 0.686914 0.435546 0.679688 0.431250 0.679296 0.422070 0.676954 0.429688 0.664062 0.416210 0.664062 0.408398 0.674024 0.412696 0.677930 0.411718
1 0.702930 0.435352 0.700976 0.444726 0.699218 0.459374 0.694336 0.466406 0.703906 0.460546 0.709960 0.463476 0.704102 0.457032 0.703710 0.443164
1 0.039260 0.483940 0.046668 0.496040 0.048150 0.501224 0.059260 0.512582 0.074570 0.500730 0.068396 0.507150 0.052100 0.521966 0.052100 0.525422 0.046420 0.542708 0.045432 0.520732 0.037778 0.518016 0.037778 0.526904 0.030618 0.529126 0.026420 0.524188 0.031852 0.517768 0.038520 0.507150 0.039014 0.504682 0.020742 0.502954 0.014568 0.500238 0.020000 0.499002 0.028148 0.498756 0.029878 0.492830 0.029630 0.490114 0.032594 0.497768 0.040494 0.499496 0.046668 0.499250 0.038520 0.495298 0.033088 0.486656 0.035556 0.483200
1 0.581874 0.415644 0.585486 0.430998 0.574648 0.419708 0.576002 0.430320 0.559520 0.421288 0.559972 0.427610 0.573292 0.435514 0.571486 0.439126 0.559520 0.433706 0.555456 0.436190 0.569002 0.443868 0.571260 0.446352 0.559746 0.449964 0.562454 0.454706 0.569228 0.457866 0.568326 0.462156 0.580744 0.459448 0.589550 0.455158 0.593840 0.449512 0.593840 0.446126 0.602872 0.452448 0.601518 0.444544 0.594744 0.436642 0.590904 0.436416 0.592712 0.430546 0.590680 0.427836 0.588872 0.425126 0.587518 0.419256 0.585034 0.414966
0 0.781250 0.450642 0.774024 0.459898 0.771992 0.471188 0.768606 0.475704 0.756864 0.478414 0.741510 0.484284 0.733608 0.489026 0.720512 0.489252 0.722092 0.493090 0.737672 0.507542 0.744672 0.513864 0.746704 0.506186 0.755510 0.502348 0.755510 0.498058 0.744220 0.500768 0.737446 0.497154 0.738124 0.492864 0.762058 0.489704 0.772670 0.491058 0.775830 0.499864 0.781024 0.511380 0.790508 0.523348 0.798410 0.527864 0.812410 0.528088 0.817602 0.528766 0.818054 0.518154 0.824152 0.511606 0.818958 0.514090 0.811732 0.520638 0.797958 0.517928 0.787346 0.514992 0.785766 0.505284 0.789604 0.497154 0.796830 0.494220 0.803830 0.493542 0.815796 0.492188 0.818506 0.486768 0.823022 0.477736 0.820990 0.473898 0.805636 0.475704 0.799088 0.476382 0.796152 0.472770 0.792314 0.479542 0.788928 0.481800 0.786444 0.474124 0.778088 0.479092 0.780122 0.465544 0.783734 0.457416 0.785088 0.451092
1 0.615066 0.450642 0.620032 0.474350 0.617548 0.477736 0.605808 0.484962 0.625226 0.483608 0.630420 0.483834 0.641032 0.486092 0.635612 0.481124 0.624096 0.471640 0.620258 0.457866 0.619130 0.452674
1 0.656838 0.464866 0.656612 0.486092 0.645998 0.492414 0.641032 0.497832 0.639226 0.505284 0.636742 0.509348 0.641708 0.508218 0.659998 0.488348 0.666546 0.489704 0.667450 0.493090 0.673546 0.493316 0.680320 0.496930 0.683256 0.494898 0.684836 0.489026 0.689804 0.477962 0.688222 0.477286 0.684384 0.482478 0.681448 0.487446 0.678062 0.489930 0.668352 0.486994 0.662934 0.486542 0.662256 0.479768 0.661578 0.474576 0.660676 0.464640 0.658192 0.461930
1 0.642160 0.516348 0.630194 0.531476 0.615516 0.533508 0.608292 0.534186 0.609646 0.537120 0.617548 0.540056 0.619580 0.545024 0.627936 0.560604 0.629290 0.564894 0.622968 0.569184 0.612582 0.567828 0.621388 0.570538 0.630870 0.569860 0.635386 0.565570 0.639000 0.568958 0.648256 0.576860 0.649160 0.571668 0.655482 0.569860 0.659546 0.572796 0.667224 0.574602 0.666320 0.582054 0.680320 0.583408 0.687320 0.576184 0.685964 0.568958 0.680320 0.556088 0.678288 0.551120 0.675126 0.557442 0.672192 0.568054 0.660224 0.566474 0.654580 0.563990 0.650064 0.559248 0.649612 0.556088 0.645322 0.546152 0.644418 0.546604 0.644192 0.554732 0.637644 0.556990 0.631774 0.552926 0.628162 0.546604 0.624322 0.539152 0.627258 0.539152 0.631548 0.546378 0.634258 0.546830 0.635386 0.541410 0.639450 0.528314 0.641708 0.524250 0.642838 0.519734
1 0.672868 0.530798 0.667224 0.536218 0.660676 0.540056 0.650966 0.543218 0.650966 0.546152 0.670158 0.540734 0.671740 0.539830
1 0.106446 0.832032 0.097460 0.845118 0.096290 0.854296 0.090234 0.858008 0.097656 0.860938 0.099218 0.871094 0.100782 0.860742 0.102930 0.846094 0.106054 0.842578 0.110352 0.836524 0.108398 0.833008
1 0.123438 0.834374 0.125976 0.844336 0.132812 0.847852 0.131836 0.850000 0.118750 0.856640 0.129296 0.856250 0.137110 0.850196 0.137304 0.860938 0.142968 0.868164 0.148046 0.874804 0.149610 0.873632 0.146484 0.865430 0.145118 0.860156 0.140820 0.855468 0.145118 0.852734 0.154882 0.859180 0.147460 0.848632 0.143360 0.846094 0.143164 0.843360 0.144140 0.830274 0.142382 0.825390 0.145898 0.810742 0.141210 0.817578 0.138868 0.832226 0.141796 0.842188 0.140820 0.843946 0.134180 0.844336 0.131836 0.845312 0.126368 0.837890 0.124610 0.832032
1 0.045722 0.102460 0.043802 0.117188 0.036758 0.120390 0.029714 0.122630 0.043160 0.121990 0.046682 0.129354 0.046682 0.119428 0.047964 0.110784 0.047004 0.107582
1 0.039318 0.272798 0.030674 0.293930 0.022028 0.294570 0.035796 0.296490 0.035796 0.303856 0.037398 0.294250 0.038998 0.287846 0.039960 0.282082 0.040920 0.275678
1 0.026512 0.385182 0.040600 0.395748 0.040600 0.406634 0.042840 0.386462 0.038038 0.390304 0.031314 0.387424
1 0.809536 0.311154 0.811422 0.323546 0.810614 0.330010 0.802262 0.337554 0.814116 0.336476 0.816810 0.331896 0.822468 0.342134 0.826508 0.345366 0.823814 0.337284 0.822468 0.332704 0.817350 0.331088 0.813578 0.320852 0.812230 0.317080
1 0.795528 0.703664 0.804956 0.696390 0.818696 0.700970 0.822198 0.686422 0.825970 0.680766 0.828664 0.685884 0.829742 0.696120 0.824892 0.701240 0.820852 0.703394 0.822738 0.712554 0.815194 0.704202 0.813578 0.701508 0.807920 0.700700 0.806842 0.698814 0.804148 0.701240 0.803880 0.704472 0.802532 0.706358 0.796066 0.706358
1 0.960130 0.784482 0.962284 0.796336 0.969288 0.802532 0.969828 0.804956 0.962554 0.806304 0.962016 0.808998 0.971444 0.814924 0.974946 0.820044 0.973330 0.830280 0.976562 0.825162 0.977370 0.818696 0.970096 0.808190 0.971982 0.805226 0.976024 0.799568 0.983566 0.799838 0.997036 0.802802 0.997576 0.798760 0.983566 0.794450 0.975484 0.793372 0.973330 0.796336 0.965518 0.790948 0.965786 0.786368
1 0.965248 0.841056 0.963632 0.841864 0.963632 0.849676 0.953664 0.853448 0.950162 0.859106 0.953124 0.860184 0.962554 0.854256 0.969558 0.855604 0.978448 0.863416 0.981682 0.864224 0.983298 0.870420 0.987338 0.879580 0.980604 0.883620 0.980064 0.890894 0.980334 0.893588 0.989762 0.883082 0.993534 0.878232 0.997036 0.876616 0.998046 0.873046 0.998046 0.867188 0.996228 0.870960 0.991648 0.869882 0.985722 0.861530 0.981142 0.859644 0.977102 0.858028 0.973330 0.855064 0.975216 0.852910 0.976832 0.850216 0.965786 0.849946 0.967672 0.845636
1 0.435228 0.826430 0.426034 0.822206 0.420320 0.824940 0.420568 0.833140 0.424046 0.838110 0.427028 0.842334 0.435974 0.841588 0.441442 0.841588 0.444920 0.835872 0.446162 0.832146 0.439950 0.828916
1 0.977414 0.727164 0.977664 0.737930 0.972906 0.746694 0.980418 0.748448 0.987680 0.752704 0.994692 0.757212 0.998046 0.761718 0.997196 0.753956 0.994190 0.748448 0.989684 0.745694 0.981922 0.738682 0.980418 0.734426 0.980168 0.729918
1 0.914814 0.952774 0.916816 0.965796 0.920572 0.970804 0.911308 0.973808 0.904046 0.978566 0.902294 0.983574 0.919822 0.975560 0.922826 0.972056 0.924830 0.972556 0.927584 0.974810 0.930088 0.971054 0.925330 0.968800 0.922826 0.967048 0.921324 0.956280
1 0.940104 0.953024 0.962890 0.961788 0.966646 0.964544 0.968650 0.976062 0.975410 0.966046 0.980418 0.964042 0.989684 0.960286 0.985928 0.957032 0.984676 0.955278 0.979918 0.959034 0.972406 0.963542 0.971404 0.957782 0.966646 0.954026 0.955128 0.955528 0.948618 0.953526
1 0.941856 0.985326 0.933344 0.990836 0.913060 0.985576 0.918320 0.993088 0.922576 0.997346 0.928586 0.995342 0.936348 0.991336 0.942858 0.988832
1 0.010560 0.657054 0.005010 0.665380 0.002582 0.671626 0.005010 0.678910 0.006744 0.679604 0.007784 0.689318 0.010214 0.688278 0.010906 0.680992 0.009172 0.674054 0.009520 0.670584 0.011948 0.665034 0.015416 0.660178
1 0.858790 0.392188 0.852734 0.398632 0.847656 0.405078 0.845704 0.409766 0.840040 0.408008 0.833008 0.407618 0.829882 0.407618 0.831446 0.411328 0.833398 0.412110 0.844532 0.413282 0.845704 0.413868 0.853124 0.404296 0.855860 0.399804 0.859376 0.396094
1 0.793164 0.422070 0.781640 0.421680 0.779882 0.430274 0.781250 0.439062 0.784376 0.438868 0.784960 0.426368 0.793164 0.425976
1 0.539486 0.589808 0.528082 0.584920 0.529914 0.589196 0.520342 0.588586 0.516880 0.587974 0.516676 0.592862 0.522582 0.594084 0.539282 0.601416 0.545188 0.601212 0.544986 0.596936 0.541930 0.591844
1 0.532464 0.617830 0.546518 0.632836 0.553902 0.629264 0.548186 0.623548 0.548900 0.619498 0.543660 0.623308
1 0.846162 0.968714 0.850872 0.977236 0.856702 0.986204 0.865672 0.978132 0.864550 0.972078 0.860962 0.969386 0.854460 0.966248 0.848630 0.965574