1 0.001482 0.392848 0.004444 0.394822 0.008396 0.407910 0.013086 0.409390 0.010370 0.396058 0.013828 0.389144 0.021976 0.380502 0.021976 0.376304 0.011112 0.384206 0.002964 0.388650
1 0.000000 0.426562 0.002470 0.437540 0.005680 0.433094 0.005926 0.421490 0.005432 0.417046 0.012100 0.418032 0.011112 0.414824 0.003210 0.409638 0.000988 0.399268
1 0.015062 0.397538 0.019012 0.413588 0.017778 0.415564 0.014568 0.418526 0.009382 0.425934 0.012592 0.430626 0.015556 0.436798 0.018272 0.442724 0.021234 0.439514 0.020988 0.427416 0.023458 0.433342 0.027162 0.437046 0.030864 0.433342 0.027408 0.426182 0.019922 0.422070 0.023458 0.416798 0.024414 0.422460 0.027902 0.426428 0.031606 0.428156 0.037284 0.427910 0.043952 0.427662 0.042964 0.419268 0.051360 0.407168 0.050866 0.402230 0.042964 0.409390 0.039754 0.418032 0.036298 0.424452 0.036050 0.414824 0.029384 0.411366 0.022470 0.407168 0.020000 0.400008 0.017778 0.395564 0.016544 0.395316
1 0.001206 0.561686 0.009148 0.563314 0.008538 0.555372
1 0.001562 0.333398 0.000586 0.328320 0.004688 0.323632 0.005078 0.316602 0.000000 0.323632
1 0.030078 0.325390 0.024218 0.336524 0.018946 0.337890 0.016016 0.342382 0.014454 0.351368 0.021484 0.347852 0.023438 0.341602 0.028320 0.341602 0.033984 0.340430 0.039454 0.337890 0.038086 0.335938 0.031250 0.336132 0.033008 0.328710 0.032812 0.323242
0 0.141466 0.001224 0.142936 0.009300 0.144648 0.012972 0.148320 0.016154 0.154194 0.018356 0.151746 0.006854 0.161536 0.003182 0.161292 0.013706 0.163250 0.014930 0.166432 0.000734
0 0.108914 0.005874 0.111362 0.020560 0.116012 0.027902 0.121642 0.035978 0.129718 0.043566 0.129718 0.048706 0.129964 0.058006 0.137110 0.059570 0.138476 0.064844 0.134124 0.066084 0.121398 0.068530 0.112096 0.069754 0.104510 0.073916 0.097902 0.077832 0.096188 0.082972 0.097656 0.102062 0.106640 0.111328 0.104510 0.111362 0.101082 0.093496 0.104510 0.080524 0.114544 0.075384 0.137306 0.071712 0.145138 0.073916 0.151012 0.083460 0.154438 0.088846 0.155174 0.098636 0.151746 0.104754 0.149300 0.111608 0.154688 0.112890 0.159578 0.106222 0.166186 0.094720 0.164964 0.079056 0.150522 0.069020 0.142936 0.061188 0.144648 0.051154 0.146852 0.043810 0.156886 0.039894 0.162516 0.034510 0.152726 0.034754 0.150034 0.035734 0.143180 0.040874 0.131922 0.031818 0.122866 0.000980 0.118216 0.002448
0 0.116406 0.116992 0.118704 0.122866 0.121642 0.138286 0.121886 0.156642 0.120174 0.169124 0.117236 0.175978 0.124580 0.177446 0.127272 0.178670 0.125976 0.185546 0.127516 0.189194 0.125000 0.194140 0.127272 0.197760 0.130942 0.206572 0.130454 0.221012 0.121152 0.227864 0.114788 0.227864 0.114788 0.240836 0.114788 0.256990 0.114544 0.270206 0.114300 0.279752 0.112096 0.289542 0.114788 0.292480 0.117726 0.302270 0.116258 0.311326 0.113320 0.318424 0.111362 0.325032 0.111118 0.329682 0.111852 0.334088 0.119194 0.328948 0.120662 0.321850 0.121152 0.309856 0.121886 0.307898 0.129474 0.310836 0.135592 0.315242 0.139754 0.318424 0.139998 0.323808 0.142690 0.327234 0.147830 0.324786 0.150976 0.323828 0.149054 0.313772 0.143914 0.308144 0.128006 0.303982 0.129964 0.300556 0.138530 0.300556 0.146118 0.306920 0.153704 0.314262 0.161536 0.321850 0.165820 0.325782 0.163740 0.312304 0.147830 0.299822 0.141712 0.294926 0.124334 0.297864 0.125314 0.290766 0.132412 0.284402 0.135592 0.279262 0.139648 0.276758 0.128250 0.277794 0.124334 0.255766 0.121152 0.233004 0.130698 0.224928 0.136082 0.210732 0.131922 0.186746 0.133634 0.162270 0.143750 0.154102 0.131922 0.150768 0.129964 0.148320 0.125068 0.130698 0.120908 0.119194
0 0.127760 0.349018 0.131432 0.361010 0.131922 0.365904 0.119928 0.368108 0.111362 0.373982 0.107202 0.368598 0.105488 0.375696 0.107446 0.380834 0.101572 0.382058 0.092762 0.375940 0.087376 0.372514 0.082482 0.375206 0.078566 0.382304 0.076118 0.388666 0.080524 0.391114 0.071958 0.407758 0.067968 0.405664 0.067552 0.411184 0.060546 0.422852 0.060938 0.426172 0.062696 0.426758 0.073632 0.413672 0.092026 0.397968 0.095942 0.399192 0.107446 0.396010 0.111362 0.399192 0.114544 0.399926 0.122266 0.398828 0.119928 0.387688 0.130942 0.385240 0.136082 0.382304 0.136328 0.369822 0.136328 0.357094 0.130942 0.346324 0.128740 0.343388
0 0.056294 0.448142 0.052132 0.454260 0.050664 0.458910 0.050196 0.460742 0.056250 0.452148 0.062902 0.452548 0.071468 0.450344 0.081014 0.457442 0.094964 0.470170 0.099124 0.479470 0.107618 0.489062 0.105488 0.493176 0.113320 0.502722 0.118460 0.506638 0.121398 0.506392 0.122132 0.497582 0.119140 0.485546 0.116012 0.476044 0.116502 0.471638 0.126048 0.464296 0.117970 0.456952 0.112342 0.461604 0.107692 0.450344 0.106640 0.447070 0.104020 0.465764 0.093740 0.459156 0.078320 0.451324 0.076758 0.450000 0.073438 0.446484 0.068164 0.445118
0 0.090804 0.564888 0.081014 0.571742 0.082482 0.576636 0.087866 0.582756 0.080278 0.581776 0.074650 0.583980 0.078076 0.591078 0.090314 0.591812 0.095942 0.587896 0.099124 0.591566 0.104510 0.594504 0.110628 0.597686 0.115768 0.605028 0.119440 0.610412 0.124090 0.617510 0.124610 0.621094 0.117726 0.624364 0.108204 0.626954 0.105078 0.623828 0.100348 0.631706 0.100348 0.638070 0.108914 0.634644 0.119440 0.628770 0.127516 0.624854 0.132166 0.621672 0.126538 0.607720 0.129474 0.607720 0.133146 0.611882 0.135156 0.628710 0.139062 0.634570 0.139508 0.632930 0.138530 0.618244 0.133880 0.598664 0.117482 0.589364 0.103286 0.584468 0.094964 0.579330 0.092762 0.572476 0.094964 0.568316 0.099124 0.569050 0.102306 0.576882 0.102796 0.580064 0.104510 0.573210 0.097902 0.561952 0.092762 0.554854 0.090558 0.555098 0.092026 0.562686
0 0.076852 0.598910 0.080034 0.606986 0.080278 0.616532 0.082236 0.629748 0.086888 0.639784 0.092516 0.643700 0.099124 0.648350 0.105978 0.652266 0.106222 0.659118 0.106468 0.667930 0.108426 0.675028 0.110352 0.676758 0.110872 0.658874 0.117970 0.666706 0.126562 0.667188 0.120908 0.655692 0.118750 0.651562 0.117236 0.642230 0.115278 0.631950 0.109894 0.638804 0.102552 0.637336 0.088110 0.625588 0.090624 0.623632 0.088600 0.611392 0.091016 0.602344 0.082972 0.603560 0.079300 0.595972
0 0.069020 0.688734 0.077586 0.707090 0.083216 0.722998 0.085418 0.728628 0.080768 0.737684 0.077342 0.745026 0.074160 0.750656 0.071222 0.755062 0.070978 0.761426 0.070978 0.764362 0.075874 0.756774 0.079790 0.746984 0.086152 0.740622 0.091048 0.736216 0.092516 0.742334 0.088600 0.749188 0.091048 0.752614 0.098146 0.748698 0.098880 0.739642 0.103040 0.737684 0.111524 0.738476 0.116502 0.735482 0.120118 0.728710 0.117236 0.722510 0.115768 0.715902 0.102552 0.716880 0.101572 0.722264 0.110138 0.725446 0.110628 0.732054 0.096188 0.732054 0.094230 0.718104 0.097902 0.715656 0.101818 0.711986 0.094474 0.713698 0.087376 0.707824 0.077098 0.690202 0.069922 0.685546
0 0.082482 0.780026 0.089580 0.797404 0.090314 0.806460 0.089824 0.816740 0.085908 0.825794 0.083216 0.827018 0.074160 0.817228 0.067306 0.808172 0.056294 0.806214 0.041852 0.807928 0.037890 0.804296 0.033776 0.805970 0.031084 0.801074 0.031328 0.808662 0.032552 0.813558 0.051888 0.814536 0.065104 0.816740 0.073916 0.821390 0.075874 0.829710 0.070118 0.831640 0.063086 0.834570 0.059230 0.838522 0.059180 0.840820 0.065348 0.841948 0.076362 0.839502 0.079056 0.837788 0.079790 0.844640 0.079300 0.847088 0.086152 0.847088 0.091796 0.851758 0.092272 0.846354 0.086888 0.832892 0.098880 0.837788 0.105978 0.838522 0.122866 0.836074 0.128250 0.835096 0.139020 0.842682 0.148320 0.848802 0.157866 0.853942 0.163282 0.856640 0.158600 0.841948 0.138530 0.829956 0.120174 0.827264 0.090314 0.829710 0.095208 0.810866 0.095208 0.794222 0.087622 0.779536 0.084194 0.777334
0 0.045280 0.914150 0.042832 0.929814 0.042586 0.936424 0.058986 0.937892 0.071468 0.939360 0.086152 0.943032 0.096922 0.945234 0.101572 0.950618 0.105978 0.958450 0.103124 0.967968 0.111118 0.968486 0.113672 0.973242 0.113320 0.965304 0.105488 0.939116 0.082726 0.931284 0.082726 0.923940 0.077344 0.926562 0.074650 0.929814 0.066602 0.927930 0.046502 0.932752 0.046258 0.924430 0.052622 0.914884 0.055314 0.906074 0.051888 0.909256
0 0.521322 0.002448 0.539680 0.001958 0.548000 0.001958 0.557618 0.000782
0 0.493554 0.088672 0.501008 0.101572 0.496848 0.104020 0.488770 0.103530 0.483790 0.104102 0.486812 0.108670 0.494644 0.112830 0.506638 0.114544 0.510064 0.118704 0.512110 0.123046 0.516602 0.119140 0.519610 0.120174 0.528910 0.120174 0.537476 0.120418 0.544820 0.117726 0.547756 0.112830 0.536252 0.113566 0.524504 0.111362 0.523280 0.103776 0.519120 0.082236 0.514960 0.092762 0.516672 0.106222 0.516918 0.109160 0.512022 0.107202 0.507616 0.095942 0.500764 0.091292
0 0.514714 0.155174 0.501988 0.164718 0.500000 0.166992 0.500764 0.175488 0.500274 0.177936 0.494644 0.177200 0.483876 0.176712 0.479470 0.178670 0.480694 0.183074 0.492932 0.183074 0.496602 0.185522 0.490240 0.188704 0.483008 0.191602 0.483398 0.198828 0.483386 0.196046 0.489260 0.196536 0.497460 0.194532 0.499218 0.203124 0.506638 0.210976 0.508106 0.219054 0.513980 0.227376 0.520100 0.233494 0.526708 0.235942 0.529154 0.229822 0.518142 0.219054 0.507616 0.199474 0.511044 0.198494 0.518876 0.205102 0.524260 0.214158 0.528176 0.221990 0.532336 0.227864 0.533806 0.219542 0.526218 0.195068 0.525238 0.189194 0.521094 0.187110 0.511778 0.188704 0.509574 0.181362 0.516428 0.173040 0.518876 0.169614 0.512756 0.168144 0.514714 0.162026 0.517162 0.158110 0.517406 0.155662
0 0.484854 0.244018 0.476534 0.252096 0.472862 0.254788 0.470904 0.259928 0.473106 0.272900 0.478246 0.281710 0.483142 0.288564 0.487058 0.296150 0.490484 0.302024 0.492382 0.300390 0.492774 0.297070 0.484854 0.267514 0.482618 0.263282 0.485834 0.262620 0.492442 0.275592 0.499296 0.289542 0.503212 0.297620 0.506392 0.295172 0.498806 0.273878 0.504434 0.276080 0.506638 0.282934 0.513490 0.289052 0.526952 0.293458 0.548980 0.289298 0.558984 0.294922 0.559180 0.277930 0.532826 0.283424 0.519364 0.282690 0.505658 0.271920 0.508596 0.265802 0.509820 0.241082 0.505414 0.238878 0.502966 0.262130 0.499296 0.269472 0.494400 0.268984 0.494400 0.251360 0.493422 0.232270 0.490728 0.239858 0.489016 0.250382
0 0.485100 0.331150 0.485588 0.340450 0.485588 0.349996 0.480450 0.357828 0.477344 0.368360 0.468360 0.368946 0.460134 0.374960 0.448142 0.374716 0.441778 0.365904 0.439820 0.363212 0.437618 0.374472 0.441044 0.378388 0.451568 0.381570 0.456218 0.390380 0.460624 0.384262 0.477022 0.380834 0.483630 0.384262 0.491464 0.382548 0.496358 0.381814 0.501742 0.381080 0.501988 0.387444 0.504924 0.391360 0.508596 0.385730 0.508596 0.375696 0.513490 0.371290 0.518876 0.373492 0.522792 0.373492 0.525238 0.363946 0.521078 0.362478 0.512512 0.365904 0.494400 0.370800 0.488036 0.374226 0.487546 0.362234 0.492442 0.349262 0.492686 0.341920 0.489506 0.328702
0 0.460134 0.426848 0.470170 0.426848 0.471638 0.437862 0.466008 0.433456 0.462582 0.441288 0.468750 0.442382 0.466008 0.443246 0.464540 0.452058 0.462092 0.456464 0.454102 0.456250 0.460380 0.464296 0.458666 0.474086 0.460380 0.474820 0.467966 0.470904 0.467966 0.461114 0.471394 0.468946 0.469190 0.477512 0.466744 0.485100 0.466498 0.490240 0.473106 0.487058 0.476778 0.475064 0.475554 0.464786 0.475064 0.455240 0.481428 0.449856 0.486324 0.454994 0.483386 0.467232 0.479226 0.462582 0.477512 0.470170 0.478736 0.473352 0.485344 0.473352 0.490820 0.474218 0.489260 0.460624 0.489750 0.448386 0.504492 0.448242 0.503946 0.433702 0.500274 0.429786 0.482408 0.429540 0.484120 0.427094 0.494890 0.424890 0.492198 0.419750 0.482408 0.422442 0.477268 0.426848 0.470904 0.418038 0.467478 0.416814 0.463806 0.421464
0 0.462092 0.567092 0.460868 0.568070 0.456218 0.561218 0.447656 0.546094 0.444470 0.556322 0.443982 0.568070 0.447898 0.560972 0.450344 0.557546 0.451814 0.565624 0.448876 0.571498 0.448386 0.577126 0.455974 0.581042 0.462338 0.585448 0.469436 0.588140 0.469924 0.592546 0.474086 0.585938 0.483386 0.584468 0.485344 0.585204 0.489506 0.591322 0.494890 0.594748 0.496874 0.595898 0.497338 0.588874 0.491464 0.583000 0.499050 0.580798 0.504190 0.586182 0.506638 0.590098 0.510798 0.593770 0.514714 0.600134 0.516672 0.607230 0.522656 0.612110 0.519610 0.599888 0.509574 0.573944 0.496114 0.567826 0.475798 0.567092 0.471394 0.563420 0.465030 0.564888
0 0.457198 0.610412 0.460352 0.614258 0.458666 0.618734 0.458666 0.629504 0.458666 0.639294 0.460134 0.649574 0.463806 0.662546 0.463806 0.675028 0.464296 0.683104 0.466988 0.685062 0.471394 0.680412 0.468212 0.670622 0.473106 0.675028 0.477540 0.686718 0.481918 0.677474 0.487058 0.676252 0.493910 0.667930 0.499296 0.658628 0.504434 0.649818 0.509086 0.640762 0.512266 0.633664 0.502966 0.640518 0.498316 0.647616 0.491708 0.661566 0.483630 0.667930 0.472862 0.662790 0.472128 0.654712 0.484120 0.649818 0.489506 0.635622 0.483876 0.640272 0.471882 0.644678 0.470170 0.633908 0.467966 0.617266 0.464786 0.609678 0.461848 0.608454
0 0.448046 0.732812 0.445204 0.736460 0.448876 0.742090 0.446918 0.749188 0.443982 0.754082 0.443736 0.762404 0.445450 0.767544 0.448632 0.769012 0.448632 0.752370 0.455974 0.749676 0.465030 0.747474 0.469680 0.739152 0.471394 0.731076 0.463072 0.736706 0.460380 0.745026 0.459890 0.738664 0.459400 0.733524 0.454994 0.745026 0.451814 0.738664
0 0.471050 0.831180 0.464686 0.845376 0.463462 0.848802 0.457098 0.852962 0.457344 0.859326 0.453428 0.859570 0.448778 0.856144 0.447308 0.862752 0.443638 0.869850 0.427728 0.885760 0.420386 0.899954 0.418918 0.907542 0.409570 0.927540 0.416406 0.931054 0.420704 0.920704 0.428126 0.935938 0.433984 0.932422 0.437696 0.928320 0.433790 0.914844 0.432032 0.912110 0.430078 0.910156 0.426260 0.908522 0.428218 0.897752 0.440700 0.882578 0.451224 0.875234 0.458812 0.875970 0.466888 0.880620 0.485000 0.886004 0.493322 0.891634 0.492098 0.896774 0.490630 0.904606 0.490386 0.909010 0.497482 0.901424 0.495524 0.887472 0.488916 0.876704 0.469582 0.867648 0.463708 0.862998 0.466888 0.854430 0.475210 0.845864 0.477414 0.833628 0.475944 0.828976
0 0.443554 0.881836 0.444684 0.890338 0.447656 0.900390 0.443134 0.915528 0.437322 0.921340 0.438096 0.928704 0.439260 0.939942 0.438484 0.948854 0.439454 0.958398 0.439260 0.958156 0.444140 0.950000 0.445848 0.958542 0.449336 0.969006 0.455922 0.981020 0.463286 0.982182 0.471424 0.979468 0.471424 0.974818 0.466602 0.974610 0.460156 0.966210 0.457086 0.965906 0.449336 0.951180 0.459798 0.931416 0.463286 0.925602 0.452822 0.926378 0.453210 0.909326 0.455536 0.906226 0.461736 0.894988 0.453598 0.896926 0.453210 0.887626 0.449336 0.884138
0 0.723026 0.005076 0.721316 0.009638 0.720312 0.014454 0.728124 0.004882 0.731866 0.022468 0.733576 0.037864 0.731250 0.042578 0.731296 0.051266 0.726164 0.052976 0.716754 0.061530 0.710482 0.070084 0.703924 0.082060 0.703354 0.085766 0.712478 0.079208 0.719320 0.068088 0.711718 0.086718 0.709960 0.098438 0.710938 0.103906 0.710938 0.112304 0.710938 0.114844 0.715614 0.127680 0.711336 0.131386 0.701642 0.132242 0.701072 0.137660 0.701642 0.138800 0.700976 0.142968 0.709340 0.138800 0.723882 0.136234 0.739280 0.145072 0.739844 0.161524 0.745312 0.153710 0.748632 0.168750 0.758954 0.187558 0.761718 0.190626 0.762500 0.180078 0.759238 0.176438 0.762090 0.169024 0.776562 0.158398 0.770118 0.150586 0.762944 0.157618 0.754390 0.157618 0.735858 0.133382 0.744412 0.121978 0.748404 0.117130 0.735002 0.110288 0.723312 0.092610 0.726448 0.072366 0.740990 0.044994 0.749544 0.038436 0.760948 0.033874 0.766366 0.026744 0.766936 0.011062 0.762944 0.010208 0.758382 0.016196 0.750400 0.013058 0.742130 0.002510 0.742986 0.015624 0.747834 0.019902 0.755860 0.024804 0.760156 0.016406 0.760948 0.026744 0.748118 0.034444 0.740990 0.033874 0.737568 0.007072
0 0.705348 0.185562 0.707344 0.189268 0.731296 0.193260 0.726734 0.198106 0.722742 0.191264 0.716754 0.197822 0.709056 0.203240 0.701072 0.206946 0.691092 0.217210 0.682824 0.227474 0.681398 0.239166 0.685390 0.246294 0.692234 0.255418 0.694800 0.249144 0.692188 0.246874 0.691796 0.234376 0.697936 0.230042 0.699362 0.221488 0.708770 0.221202 0.711622 0.226904 0.716210 0.232618 0.715044 0.231182 0.715898 0.222058 0.711906 0.216070 0.717610 0.213504 0.729584 0.205806 0.733576 0.200672 0.733862 0.189552 0.725308 0.184706 0.715044 0.182994 0.710482 0.182994
0 0.753250 0.221772 0.746290 0.245118 0.744532 0.249218 0.736718 0.254882 0.728730 0.263116 0.710766 0.267108 0.703924 0.269674 0.705634 0.279368 0.707060 0.289918 0.707060 0.300182 0.702212 0.308166 0.694514 0.316150 0.689666 0.322422 0.687672 0.330120 0.695370 0.352646 0.697650 0.358348 0.701642 0.358918 0.693944 0.334682 0.691992 0.327734 0.693374 0.324418 0.697366 0.325274 0.696224 0.333258 0.708200 0.326130 0.712762 0.315580 0.730440 0.293340 0.739850 0.286496 0.744126 0.290774 0.750400 0.300752 0.761234 0.307026 0.762090 0.299612 0.748404 0.277942 0.745552 0.272526 0.725878 0.285356 0.716184 0.293054 0.713618 0.272240 0.730440 0.266822 0.740704 0.262830 0.751254 0.249430 0.754962 0.233178 0.754962 0.225194
0 0.698242 0.371484 0.708200 0.385436 0.708200 0.394844 0.704494 0.402828 0.698792 0.391138 0.688526 0.385720 0.676836 0.384296 0.662580 0.387432 0.655452 0.393420 0.655736 0.396840 0.674270 0.391994 0.680542 0.391708 0.689666 0.398552 0.697080 0.399692 0.698792 0.404254 0.688282 0.402734 0.682812 0.409570 0.686530 0.409956 0.690234 0.413086 0.694726 0.411524 0.705348 0.409102 0.707344 0.405394 0.711622 0.404254 0.715328 0.409956 0.719036 0.399406 0.731296 0.401118 0.734718 0.405110 0.738138 0.398552 0.745552 0.398836 0.762374 0.393990 0.764370 0.386576 0.758954 0.386862 0.757242 0.382870 0.753536 0.392848 0.748688 0.387716 0.744126 0.389142 0.725878 0.391138 0.718180 0.393134 0.716184 0.393420 0.710482 0.381444 0.706204 0.377452
0 0.702498 0.453866 0.697366 0.466412 0.695940 0.477532 0.688526 0.489792 0.687100 0.474680 0.686530 0.459854 0.687100 0.445028 0.678262 0.441320 0.676266 0.443602 0.679402 0.460710 0.681398 0.471830 0.683964 0.487512 0.686530 0.496920 0.690238 0.500058 0.691378 0.505474 0.687672 0.508326 0.687100 0.511178 0.685390 0.520302 0.692234 0.520872 0.694726 0.526172 0.701928 0.521442 0.708770 0.514314 0.703068 0.512318 0.699610 0.515040 0.700216 0.498346 0.706446 0.493750 0.706250 0.502930 0.700782 0.509374 0.716602 0.508398 0.726368 0.507618 0.741602 0.499024 0.736132 0.487890 0.731640 0.495508 0.723046 0.489062 0.716406 0.502540 0.717188 0.492968 0.708008 0.488086 0.704494 0.478672 0.708200 0.463276 0.710482 0.449874 0.702212 0.451016
0 0.678262 0.560218 0.680542 0.571054 0.689382 0.570484 0.690238 0.572764 0.686246 0.575330 0.683680 0.587020 0.684250 0.600422 0.686246 0.614394 0.688526 0.625514 0.689952 0.632072 0.693944 0.638344 0.697714 0.657582 0.721794 0.665608 0.718822 0.654610 0.706038 0.651338 0.698506 0.622948 0.695084 0.608406 0.697650 0.608120 0.696224 0.591868 0.702212 0.582744 0.697936 0.584740 0.693374 0.585310 0.699362 0.569058 0.694514 0.558794 0.689666 0.561360 0.685104 0.563070
0 0.674840 0.659444 0.687386 0.659728 0.694800 0.663150 0.697080 0.667712 0.688526 0.674840 0.679402 0.674840 0.675696 0.671134 0.662864 0.676266 0.656640 0.676368 0.660298 0.686530 0.665432 0.693088 0.667142 0.695370 0.666572 0.705064 0.667578 0.711524 0.673414 0.700502 0.676836 0.705920 0.680468 0.716406 0.682824 0.713048 0.679402 0.696796 0.681684 0.686530 0.676368 0.682812 0.673130 0.691092 0.663282 0.683594 0.664576 0.680828 0.674840 0.681114 0.684820 0.686530 0.695898 0.689648 0.702498 0.681968 0.704778 0.663150 0.701358 0.658018 0.689096 0.656878 0.681684 0.656022
0 0.665146 0.731296 0.658874 0.744982 0.653740 0.758954 0.653740 0.760378 0.652030 0.771214 0.650604 0.778342 0.645472 0.785470 0.641016 0.795312 0.642906 0.801438 0.647460 0.804688 0.650604 0.802292 0.647266 0.795704 0.650034 0.790888 0.657732 0.795450 0.663436 0.787750 0.662580 0.777772 0.674556 0.770644 0.679972 0.767792 0.691662 0.770072 0.692518 0.779198 0.694336 0.787500 0.695118 0.790430 0.698828 0.794140 0.703710 0.780468 0.714062 0.783984 0.722070 0.777930 0.704778 0.776060 0.693658 0.760094 0.705634 0.751824 0.719036 0.754390 0.726734 0.762944 0.731580 0.768648 0.734376 0.765040 0.732722 0.761804 0.726448 0.743556 0.721316 0.731866 0.717324 0.732722 0.718750 0.748118 0.708200 0.744412 0.701358 0.731866 0.698792 0.745552 0.693088 0.750970 0.682538 0.757528 0.671134 0.760664 0.667428 0.753820 0.668568 0.741560 0.670848 0.732436
0 0.650604 0.832516 0.658874 0.845916 0.664576 0.855326 0.662294 0.865020 0.659960 0.880664 0.669532 0.886914 0.670312 0.883008 0.672656 0.877930 0.666572 0.876710 0.667428 0.866162 0.670278 0.875570 0.680860 0.874610 0.684766 0.871290 0.684180 0.867968 0.685104 0.869298 0.681836 0.865040 0.672560 0.869582 0.679118 0.856182 0.684820 0.863024 0.687956 0.869012 0.684766 0.883790 0.683394 0.887830 0.677692 0.880988 0.674556 0.885264 0.678262 0.890112 0.678906 0.906250 0.678320 0.908204 0.681054 0.904102 0.685104 0.892964 0.689096 0.896954 0.695084 0.882984 0.692804 0.860458 0.688526 0.854186 0.695370 0.846202 0.694532 0.836914 0.688476 0.838672 0.682254 0.826528 0.672844 0.820256 0.663720 0.825102 0.661724 0.830520 0.665432 0.836792 0.669708 0.828240 0.678262 0.834796 0.681114 0.841640 0.674270 0.850194 0.666002 0.841640 0.657732 0.833656 0.652148 0.829882 0.651174 0.829664
0 0.650034 0.918910 0.642906 0.932596 0.641766 0.940010 0.618956 0.951130 0.613538 0.959968 0.619526 0.986770 0.621680 0.994140 0.621290 0.992188 0.623518 0.985060 0.620096 0.964816 0.633212 0.950558 0.637774 0.951984 0.637488 0.956832 0.640340 0.959398 0.638914 0.969378 0.640910 0.976790 0.642906 0.976790 0.656022 0.973084 0.669138 0.970232 0.678516 0.968164 0.684534 0.957116 0.690808 0.949134 0.695508 0.939648 0.691378 0.940010 0.675126 0.947708 0.689096 0.936302 0.678832 0.937158 0.667998 0.942290 0.661724 0.942006 0.662294 0.921476 0.658302 0.938014 0.653456 0.943146 0.650604 0.930314 0.658018 0.923186 0.657732 0.917770
1 0.028118 0.039552 0.022752 0.039320 0.015050 0.039552 0.012018 0.035818 0.009450 0.034186 0.005718 0.039786 0.003384 0.043986 0.005484 0.049354 0.012018 0.051920 0.015752 0.053786 0.024152 0.057054 0.028818 0.061720 0.031152 0.065920 0.033952 0.064988 0.027418 0.050754 0.028118 0.045620
1 0.032786 0.082488 0.041886 0.088088 0.048420 0.089956 0.048654 0.095090 0.052386 0.098122 0.054954 0.100224 0.052154 0.092756 0.052386 0.090656 0.062420 0.088088 0.063120 0.079922 0.057520 0.080156 0.046786 0.081556 0.042352 0.080622 0.035586 0.080156
1 0.016452 0.092756 0.022518 0.103490 0.030918 0.109324 0.028118 0.113058 0.026252 0.119124 0.027652 0.121458 0.034652 0.114924 0.038386 0.112824 0.046320 0.114924 0.048420 0.119824 0.050054 0.110724 0.042586 0.103256 0.039320 0.093922 0.036052 0.090890 0.037920 0.101390 0.037220 0.109558 0.029752 0.100456 0.023684 0.094622 0.021818 0.091356
1 0.181662 0.136158 0.172562 0.144792 0.166016 0.139454 0.165560 0.142460 0.167894 0.148992 0.168128 0.156926 0.170460 0.164628 0.173494 0.170460 0.177462 0.174894 0.180028 0.169060 0.179328 0.155294 0.179794 0.143626
1 0.327136 0.726084 0.309712 0.724264 0.307372 0.728164 0.310232 0.734146 0.313092 0.743248 0.316474 0.744288 0.330518 0.745850 0.339880 0.743508 0.339360 0.735966 0.338060 0.729204 0.336500 0.726344 0.329738 0.725304
1 0.009852 0.151330 0.012452 0.161472 0.020514 0.168754 0.021294 0.172656 0.016874 0.176296 0.016354 0.181238 0.026756 0.180458 0.034558 0.182278 0.039500 0.182538 0.035598 0.177336 0.024416 0.166934 0.027796 0.164072 0.026756 0.161472 0.017654 0.159132 0.014792 0.151330
1 0.225710 0.163032 0.204904 0.166674 0.197622 0.161732 0.195802 0.162772 0.201002 0.171094 0.200742 0.182018 0.196484 0.191602 0.200222 0.190860 0.204644 0.182018 0.208544 0.171354 0.227010 0.167714
1 0.038460 0.123242 0.037158 0.134946 0.025196 0.133904 0.014532 0.132344 0.012972 0.128184 0.022074 0.127924 0.032218 0.129484 0.031438 0.124022 0.035078 0.121682
1 0.024024 0.574804 0.022656 0.584960 0.014648 0.582422 0.010352 0.584376 0.012500 0.587500 0.020118 0.589062 0.024610 0.590040 0.026758 0.593164 0.029102 0.597070 0.034376 0.596290 0.034960 0.592774 0.026954 0.588868 0.026954 0.579492 0.027540 0.574610
1 0.173632 0.554882 0.157226 0.564454 0.154102 0.564844 0.143554 0.563282 0.141796 0.568360 0.145118 0.568554 0.154492 0.571874 0.159766 0.576562 0.165040 0.576758 0.162696 0.567578 0.167578 0.564454 0.173046 0.558008
1 0.040512 0.439666 0.037954 0.449902 0.035608 0.452460 0.030468 0.454102 0.030860 0.460938 0.038166 0.457578 0.040938 0.462054 0.044564 0.467172 0.054158 0.470584 0.047548 0.462054 0.042858 0.455232 0.049610 0.451954 0.044564 0.448622 0.042858 0.443718
1 0.447266 0.003126 0.447656 0.012304 0.452540 0.010352 0.456054 0.005664 0.466210 0.006054 0.474218 0.002930 0.462890 0.000000
1 0.562500 0.001562 0.564258 0.008008 0.565234 0.013672 0.567188 0.014258 0.569336 0.002734
1 0.564454 0.178516 0.566992 0.190820 0.569336 0.195704 0.569532 0.201172 0.570118 0.207226 0.575196 0.208790 0.577734 0.203516 0.579492 0.196874 0.582618 0.186914 0.579492 0.188476 0.574024 0.191406 0.570898 0.185352 0.568360 0.181640
1 0.621484 0.172070 0.611328 0.184180 0.606640 0.188282 0.603516 0.191602 0.600782 0.199414 0.602930 0.201172 0.607618 0.197070 0.616796 0.194922 0.616992 0.189062 0.619532 0.187304 0.625196 0.188476 0.623828 0.184570 0.621874 0.182032 0.624024 0.177930 0.625196 0.170508 0.618360 0.172266
1 0.632422 0.178516 0.630860 0.186132 0.632226 0.190430 0.629688 0.194336 0.630664 0.199024 0.631446 0.202734 0.638282 0.199024 0.645118 0.188672 0.648632 0.187500 0.656836 0.185938 0.658398 0.179492 0.649804 0.180664 0.639844 0.182422 0.637304 0.184374 0.635742 0.182032
2 0.646290 0.161328 0.646094 0.175782 0.648632 0.178126 0.660546 0.177930 0.660352 0.186524 0.654296 0.189648 0.650976 0.191796 0.652930 0.197460 0.654882 0.199218 0.656836 0.203124 0.659180 0.204492 0.663282 0.192188 0.665040 0.180664 0.670312 0.177734 0.675390 0.173632 0.671484 0.170898 0.662304 0.170898 0.652930 0.170118 0.651172 0.165624
1 0.412110 0.476172 0.415820 0.487304 0.418554 0.497852 0.418360 0.508008 0.418164 0.515430 0.423046 0.514844 0.425782 0.502930 0.434180 0.496874 0.440040 0.490626 0.441992 0.485938 0.439844 0.483398 0.433204 0.487304 0.431836 0.493164 0.428516 0.494726 0.422460 0.489062 0.417774 0.477148 0.414648 0.472852 0.413086 0.473632
1 0.628320 0.500196 0.623828 0.508790 0.620704 0.512500 0.616406 0.517188 0.623242 0.522656 0.624414 0.527930 0.623438 0.539844 0.621290 0.545118 0.618360 0.549804 0.616016 0.555468 0.610938 0.566406 0.621290 0.562500 0.628126 0.556446 0.630664 0.557618 0.636132 0.559766 0.644532 0.557812 0.638672 0.551368 0.632618 0.536914 0.629102 0.528124 0.628320 0.518554 0.630274 0.509766 0.632226 0.499804 0.632226 0.495704
1 0.595118 0.483398 0.594336 0.491796 0.596290 0.498046 0.597656 0.502734 0.601954 0.497266 0.607618 0.484960 0.602930 0.490234 0.600196 0.491796 0.598632 0.486914
1 0.579882 0.581446 0.582618 0.588672 0.579492 0.595508 0.577540 0.600000 0.578516 0.602734 0.588086 0.601172 0.591602 0.601954 0.599218 0.606640 0.601954 0.607226 0.602344 0.600782 0.591992 0.592188 0.585352 0.582422 0.583398 0.579102
1 0.626758 0.678710 0.636914 0.693946 0.643750 0.700976 0.647070 0.699024 0.644922 0.707618 0.643554 0.711132 0.643164 0.721094 0.647070 0.716210 0.651954 0.703124 0.657812 0.702344 0.667382 0.701954 0.660742 0.698242 0.657812 0.694726 0.656054 0.690234 0.652540 0.684766 0.649414 0.689648 0.645898 0.688086 0.644726 0.694532 0.640820 0.687500 0.633790 0.682812 0.631054 0.679882 0.628320 0.677344
1 0.618164 0.717382 0.616992 0.724024 0.611524 0.728124 0.610938 0.734570 0.607032 0.734766 0.609570 0.741016 0.618164 0.734376 0.621680 0.733790 0.622656 0.727540 0.625782 0.732032 0.626954 0.735938 0.631054 0.726562 0.631640 0.722852 0.627148 0.717968 0.622852 0.712304
1 0.603516 0.769532 0.605274 0.779296 0.607618 0.786718 0.605078 0.790234 0.602344 0.799610 0.603710 0.801562 0.611328 0.792578 0.614648 0.795508 0.623828 0.793750 0.622656 0.788086 0.614648 0.781836 0.611328 0.774414 0.607422 0.768750 0.605860 0.767188
1 0.546680 0.898438 0.544726 0.908594 0.542382 0.912890 0.537890 0.910546 0.535156 0.902148 0.534376 0.895312 0.528906 0.897266 0.519336 0.903516 0.515624 0.906054 0.514844 0.911132 0.529492 0.904102 0.533008 0.913086 0.533984 0.917578 0.538086 0.920118 0.544532 0.924218 0.550782 0.926954 0.554882 0.926172 0.557812 0.921290 0.562110 0.916210 0.564062 0.908984 0.565040 0.901954 0.566602 0.897852 0.565040 0.896680 0.560742 0.900390 0.558594 0.905860 0.553906 0.910156 0.550782 0.904296 0.550390 0.900196
1 0.618360 0.866016 0.620118 0.877344 0.619922 0.885938 0.621484 0.889844 0.632812 0.897460 0.631446 0.901954 0.627148 0.900000 0.616406 0.891796 0.606836 0.887304 0.601954 0.880860 0.603906 0.877540 0.609766 0.884374 0.615234 0.885742 0.615234 0.878126 0.616210 0.870508
1 0.694922 0.913868 0.698046 0.927344 0.701368 0.937304 0.705468 0.941016 0.707812 0.933984 0.714844 0.931446 0.718554 0.929688 0.721876 0.928906 0.723828 0.916210 0.722070 0.917968 0.713282 0.926562 0.704688 0.927148 0.702148 0.917968 0.698828 0.909376 0.695898 0.911524
1 0.703516 0.889648 0.705274 0.905664 0.706836 0.909180 0.718164 0.901758 0.720898 0.898046 0.720898 0.899414 0.709960 0.896484 0.709180 0.890234 0.707812 0.887500 0.704882 0.888086
1 0.986130 0.001616 0.989608 0.006584 0.991844 0.014288 0.997312 0.006584
1 0.973954 0.048332 0.959790 0.053052 0.955316 0.057276 0.944880 0.057526 0.940904 0.053300 0.937426 0.054544 0.937922 0.060010 0.946620 0.062496 0.946372 0.066968 0.948608 0.068956 0.951838 0.062992 0.957802 0.063240 0.959540 0.066222 0.957802 0.072186 0.955068 0.078398 0.954572 0.082374 0.965008 0.072186 0.968736 0.071440 0.975942 0.065974 0.972710 0.063986 0.964014 0.064732 0.963268 0.060258 0.966996 0.056034 0.970474 0.052556
1 0.994330 0.030936 0.986626 0.043858 0.984638 0.047088 0.985384 0.056034 0.985632 0.059016 0.977148 0.056836 0.977680 0.056532 0.979668 0.062992 0.983644 0.066470 0.988118 0.073180 0.988614 0.083120 0.989360 0.090574 0.992590 0.087592 0.990602 0.062744 0.990354 0.045100 0.993088 0.035410 0.996814 0.028700 0.995572 0.027706
1 0.993088 0.143006 0.988366 0.157914 0.982898 0.161146 0.983644 0.167108 0.985880 0.171830 0.991844 0.167854 0.992382 0.162500 0.995820 0.157170 0.997808 0.144994 0.996068 0.138782
1 0.956062 0.159158 0.967244 0.162388 0.973456 0.164872 0.974202 0.169594 0.976438 0.172576 0.978178 0.179534 0.978924 0.185994 0.981408 0.187486 0.981160 0.166612 0.977344 0.164844 0.978674 0.157666 0.976438 0.153442 0.971966 0.159158 0.964510 0.156176 0.958548 0.156176
1 0.957554 0.167108 0.953080 0.180030 0.946680 0.173046 0.947862 0.179534 0.956310 0.186492 0.960352 0.189062 0.966002 0.191212 0.967990 0.194692 0.965504 0.184504 0.957304 0.181024 0.958548 0.172328
1 0.995324 0.226994 0.991596 0.234202 0.984638 0.235196 0.974698 0.235196 0.969978 0.236686 0.963672 0.236914 0.965256 0.240662 0.966748 0.248862 0.970972 0.251844 0.976190 0.249608 0.976936 0.246874 0.992838 0.242152 0.996318 0.233704 0.998046 0.228516 0.998046 0.224610
1 0.968486 0.262032 0.976686 0.274954 0.976190 0.283154 0.967492 0.287130 0.966002 0.294086 0.972462 0.294086 0.979172 0.290112 0.980166 0.296074 0.982154 0.301294 0.985136 0.301294 0.985632 0.288372 0.987372 0.273960 0.987372 0.270480 0.980662 0.267002 0.975196 0.260790 0.969978 0.257310 0.968984 0.258552
1 0.968486 0.308250 0.974202 0.316202 0.972462 0.325396 0.969730 0.336828 0.969730 0.342046 0.972710 0.348010 0.976190 0.344282 0.980912 0.326142 0.984390 0.335088 0.986874 0.344034 0.991348 0.351488 0.993088 0.347264 0.979918 0.314960 0.973704 0.301542 0.967742 0.300548 0.964014 0.302784 0.961280 0.306512 0.960286 0.313718 0.963766 0.311978
1 0.938668 0.152200 0.938170 0.165370 0.915806 0.164624 0.915558 0.167358 0.917050 0.173322 0.921680 0.170118 0.930468 0.170090 0.932952 0.171334 0.932456 0.179036 0.928976 0.185000 0.928976 0.194194 0.936432 0.180528 0.940656 0.168102 0.946620 0.160152 0.947614 0.149218 0.942892 0.147976
1 0.968736 0.373106 0.965430 0.390820 0.967244 0.392986 0.965008 0.396464 0.959044 0.398452 0.956062 0.401932 0.960038 0.403422 0.972462 0.401434 0.974450 0.397210 0.971220 0.382550 0.973456 0.370124 0.972960 0.366894
1 0.945128 0.413858 0.948110 0.424296 0.954322 0.432246 0.951092 0.438708 0.942644 0.453368 0.941152 0.463556 0.950596 0.461072 0.958548 0.444672 0.964014 0.433738 0.966996 0.429016 0.988366 0.428768 0.989112 0.473248 0.989360 0.482690 0.992590 0.490642 0.994140 0.492968 0.995324 0.480206 0.992094 0.449890 0.994826 0.428520 0.990106 0.424046 0.979172 0.421562 0.967244 0.417338 0.964014 0.416344 0.955814 0.415598 0.950098 0.411374 0.946620 0.411374
1 0.925586 0.410742 0.923758 0.409138 0.920776 0.429762 0.919534 0.436968 0.917050 0.445914 0.924256 0.442434 0.927734 0.441690 0.934444 0.438708 0.931710 0.435974 0.925994 0.435726 0.925994 0.422308 0.926492 0.413114
1 0.929970 0.466042 0.930716 0.481200 0.936432 0.487164 0.941898 0.489150 0.945128 0.493126 0.945626 0.501576 0.949850 0.500830 0.947614 0.491388 0.950346 0.482690 0.943886 0.481944 0.934940 0.475982 0.933946 0.470018 0.932704 0.466042
0 0.968486 0.477472 0.967968 0.490820 0.966250 0.497352 0.961528 0.501078 0.955566 0.500084 0.952584 0.511018 0.952334 0.516484 0.945874 0.516734 0.940656 0.516236 0.937674 0.519716 0.933946 0.527170 0.936184 0.531892 0.945128 0.531146 0.944632 0.529158 0.939164 0.527916 0.949104 0.523690 0.955078 0.526368 0.959292 0.518970 0.961778 0.520710 0.967492 0.513752 0.977930 0.501824 0.980662 0.507540 0.984390 0.513254 0.987124 0.513006 0.982402 0.496606 0.980414 0.486914 0.977184 0.494370 0.974450 0.490144 0.972960 0.480950 0.969532 0.471290
0 0.919782 0.546800 0.923758 0.558230 0.927486 0.561710 0.925000 0.570406 0.925498 0.581092 0.927982 0.587552 0.932456 0.588796 0.934196 0.594262 0.932208 0.601220 0.933450 0.603456 0.937674 0.600722 0.939414 0.609420 0.937674 0.611408 0.927238 0.610414 0.924256 0.613396 0.930220 0.614886 0.932952 0.621348 0.933450 0.626566 0.945626 0.627808 0.957802 0.625074 0.967990 0.622838 0.967990 0.618614 0.954074 0.622092 0.939662 0.622342 0.945626 0.617122 0.947116 0.608426 0.954572 0.598734 0.964262 0.600474 0.969232 0.600226 0.964760 0.594510 0.950596 0.589540 0.945874 0.570904 0.944134 0.564194 0.952086 0.559722 0.949352 0.556492 0.941402 0.559970 0.933946 0.552516 0.930220 0.547794 0.921290 0.540430
1 0.916552 0.623086 0.908600 0.632778 0.904376 0.626068 0.901146 0.631784 0.903382 0.642468 0.898412 0.643214 0.900400 0.653154 0.906116 0.661602 0.912328 0.660112 0.916552 0.653650 0.922516 0.649178 0.930716 0.646694 0.933698 0.637500 0.929970 0.634268 0.929970 0.628304 0.923758 0.623832 0.920280 0.622092
1 0.922020 0.654148 0.924504 0.675518 0.928976 0.691670 0.930468 0.701610 0.938916 0.705834 0.959540 0.702354 0.975692 0.704592 0.984142 0.710306 0.989360 0.720742 0.995074 0.733664 0.998046 0.728516 0.990354 0.710058 0.978178 0.702852 0.951092 0.692416 0.943140 0.689930 0.935438 0.678500 0.927486 0.662100
1 0.949602 0.665826 0.952086 0.678996 0.955814 0.684960 0.959292 0.688688 0.961778 0.681978 0.961132 0.681250 0.964510 0.685208 0.974450 0.685208 0.979420 0.686700 0.977432 0.680488 0.971716 0.677008 0.960784 0.673530 0.957304 0.668560 0.954572 0.665082
0 0.933984 0.753516 0.932208 0.779634 0.928728 0.794048 0.923758 0.802248 0.923262 0.810696 0.925746 0.815168 0.930220 0.809454 0.931710 0.815914 0.936680 0.819642 0.942644 0.814424 0.948608 0.801998 0.949352 0.787338 0.948608 0.782120 0.943390 0.801750 0.938420 0.813430 0.934692 0.803490 0.941152 0.781126 0.944134 0.778144 0.950844 0.780628 0.954322 0.785598 0.958050 0.785102 0.953826 0.776652 0.953826 0.769944 0.949104 0.774168 0.948110 0.763980 0.947266 0.750586 0.940408 0.773672 0.936680 0.772678 0.937176 0.759258 0.934940 0.756276
0 0.955566 0.860394 0.940656 0.879030 0.929226 0.888722 0.925498 0.902388 0.924008 0.913322 0.924008 0.921274 0.926244 0.929722 0.935438 0.930964 0.947366 0.930716 0.940656 0.918292 0.937674 0.906364 0.946868 0.900152 0.951340 0.903880 0.956808 0.899904 0.952832 0.889964 0.952584 0.878534 0.954820 0.870334 0.958050 0.864618 0.959790 0.859400
1 0.977930 0.733168 0.981408 0.742362 0.984886 0.745840 0.988366 0.752302 0.989360 0.762240 0.991348 0.766714 0.991844 0.757270 0.994826 0.742610 0.995074 0.739380 0.988366 0.739876 0.983644 0.733168 0.980664 0.730664 0.980414 0.731676
1 0.958594 0.775782 0.965256 0.779138 0.969978 0.780628 0.978178 0.781872 0.980166 0.777896 0.975692 0.772926 0.975942 0.761496 0.972214 0.773174 0.971716 0.775658 0.966002 0.769944 0.963020 0.769446
1 0.920280 0.850702 0.920528 0.862382 0.921274 0.870084 0.926740 0.871576 0.933450 0.871576 0.938170 0.867600 0.928232 0.860642 0.926244 0.849958 0.922764 0.847472
1 0.874558 0.903134 0.874310 0.908352 0.874310 0.912080 0.870334 0.916552 0.873812 0.922020 0.881266 0.923014 0.886982 0.925000 0.892946 0.926740 0.906364 0.928728 0.895928 0.916800 0.886236 0.914812 0.883254 0.908104 0.880770 0.903630
1 0.909594 0.997312 0.911832 0.986626 0.918044 0.983644 0.923510 0.986626 0.930716 0.979668 0.942146 0.975444 0.951092 0.976686 0.956062 0.977930 0.968360 0.972266 0.971680 0.975782 0.963672 0.980078 0.953080 0.981408 0.932952 0.985136 0.920776 0.992094 0.919922 0.998046 0.916016 0.998046 0.911832 0.995820
0 0.978924 0.954820 0.983644 0.962772 0.989360 0.967244 0.991100 0.969730 0.980414 0.971716 0.977930 0.977930 0.977930 0.985880 0.979492 0.989844 0.980414 0.987868 0.986130 0.979420 0.996290 0.979102 0.998046 0.974610 0.998046 0.964844 0.998046 0.960938 0.991348 0.960286 0.985880 0.956560 0.983644 0.953328
1 0.749414 0.045118 0.749414 0.058204 0.749414 0.067578 0.750976 0.069532 0.753710 0.060156 0.755664 0.058984 0.753126 0.051172 0.752148 0.044532
1 0.759570 0.046290 0.760546 0.058008 0.762500 0.064844 0.765040 0.066016 0.767968 0.054882 0.767968 0.050976 0.773438 0.046484 0.773242 0.040430 0.768946 0.046484 0.765040 0.050976 0.763476 0.045704
1 0.062122 0.203482 0.065494 0.216970 0.067050 0.226048 0.067828 0.228384 0.075610 0.223456 0.079760 0.219046 0.081316 0.211004 0.075350 0.212562 0.068346 0.209708 0.067828 0.204520 0.065234 0.199332 0.061084 0.200630
1 0.027106 0.214636 0.033590 0.228384 0.037740 0.242390 0.040334 0.259768 0.042150 0.263658 0.049930 0.263918 0.057972 0.264696 0.057452 0.260806 0.052006 0.256916 0.043446 0.250690 0.044224 0.236424 0.052524 0.233830 0.053562 0.227346 0.045780 0.229940 0.040074 0.226828 0.032552 0.214118 0.030736 0.211264
1 0.006096 0.289596 0.011282 0.294526 0.016212 0.294784 0.027364 0.293746 0.032812 0.289078 0.026326 0.287782 0.019842 0.289596 0.011282 0.283890 0.006874 0.283632
1 0.157594 0.727990 0.155494 0.736602 0.149404 0.745422 0.139742 0.755502 0.131552 0.766634 0.128612 0.776294 0.127772 0.782174 0.138272 0.784904 0.143104 0.787844 0.149404 0.782594 0.154024 0.792464 0.160114 0.799816 0.164104 0.799816 0.156964 0.789524 0.162214 0.788684 0.160534 0.784484 0.149404 0.774194 0.151294 0.761172 0.146884 0.764532 0.143314 0.775874 0.141424 0.779444 0.134282 0.774614 0.144154 0.761382 0.152344 0.752772 0.159484 0.742272 0.163054 0.732610 0.161164 0.727570
1 0.395276 0.974940 0.395492 0.980348 0.388138 0.984024 0.386408 0.989216 0.393328 0.991378 0.400898 0.988350 0.406090 0.991378 0.414310 0.995488 0.416040 0.992676 0.410416 0.984240 0.413444 0.977104 0.413012 0.962396 0.409984 0.970614 0.405874 0.975806 0.401332 0.976670 0.404360 0.966938 0.399384 0.968236 0.395492 0.971912
1 0.780358 0.168558 0.777088 0.172720 0.774412 0.165288 0.767872 0.168260 0.766386 0.180152 0.768764 0.187584 0.776790 0.185800 0.780656 0.180448 0.784818 0.167070 0.779764 0.165584
1 0.941484 0.270822 0.937618 0.289550 0.940592 0.294604 0.949808 0.296982 0.946834 0.286874 0.946834 0.274388 0.945942 0.269336
1 0.552760 0.133182 0.551972 0.135814 0.545654 0.140024 0.539074 0.142130 0.538284 0.145026 0.550918 0.144762 0.556710 0.146080 0.560130 0.151080 0.560658 0.145026 0.567502 0.140288 0.558814 0.138182 0.556446 0.135286