0 0.011868 0.003540 0.010202 0.008538 0.003124 0.004372
0 0.001874 0.031442 0.025194 0.024362 0.033108 0.013534 0.039354 0.003540 0.028942 0.008120 0.019782 0.013534 0.010620 0.015200 0.001874 0.015616 0.006454 0.011868 0.006454 0.008954
0 0.001042 0.114314 0.008120 0.112648 0.007288 0.158040 0.018116 0.152210 0.028110 0.145130 0.032690 0.131804 0.036856 0.132222 0.036438 0.140550 0.031442 0.148878 0.021864 0.158040 0.012286 0.162622
0 0.001874 0.229670 0.000624 0.221340 0.003956 0.227170 0.003540 0.235916 0.001042 0.242578 0.001874 0.251324 0.008954 0.236332 0.009370 0.218426 0.002706 0.202600
1 0.106612 0.985092 0.092538 0.977842 0.091686 0.972724 0.097230 0.973150 0.105332 0.976562 0.105332 0.971446 0.109170 0.971446 0.111302 0.978268 0.115994 0.985518 0.117272 0.992768 0.113862 0.995752 0.106612 0.991488
0 0.315198 0.014032 0.278664 0.007944 0.259930 0.002792 0.251030 0.002792 0.244474 0.007944 0.237448 0.011222 0.228548 0.012628 0.224802 0.015906 0.241194 0.019654 0.251030 0.021994 0.245410 0.025274 0.230890 0.022464 0.217776 0.022464 0.211218 0.018716 0.205598 0.014970 0.207472 0.010286 0.214498 0.008880 0.224334 0.005602 0.230422 0.006070 0.281006 0.001386 0.295526 0.003260 0.306298 0.006070
1 0.263676 0.192484 0.254310 0.192016 0.246346 0.182648 0.244004 0.171876 0.244474 0.165318 0.246816 0.167660 0.251968 0.174686 0.250094 0.165318 0.249156 0.157824 0.254778 0.157356 0.262272 0.160166 0.270234 0.168596 0.272108 0.172812 0.272108 0.179370 0.272576 0.185458
0 0.206066 0.201382 0.228080 0.207472 0.229954 0.202788 0.212624 0.192484 0.217308 0.189204 0.237916 0.202320 0.234638 0.215902 0.221992 0.215902 0.204662 0.210750 0.196230 0.207940 0.187332 0.199510 0.183116 0.199978 0.175154 0.201852 0.175622 0.197636 0.184522 0.190610 0.192952 0.190610 0.199040 0.189204 0.200446 0.181242 0.194826 0.177496 0.184052 0.173748 0.178900 0.168128 0.187332 0.169534 0.198572 0.173748 0.208408 0.173748 0.214028 0.175154 0.214028 0.178900 0.210750 0.184522 0.206534 0.186864 0.206534 0.192016
1 0.116138 0.264144 0.107708 0.271638 0.098808 0.271170 0.098340 0.265550 0.106302 0.257120 0.109112 0.247752 0.112392 0.232296 0.118480 0.234168 0.118012 0.251498 0.118948 0.257588 0.127380 0.264614 0.125038 0.268828
0 0.197168 0.321286 0.196230 0.310046 0.181242 0.300210 0.180774 0.292716 0.183584 0.282880 0.192484 0.282412 0.198104 0.284754 0.204192 0.286626 0.212156 0.276322 0.221054 0.269298 0.234168 0.264614 0.246816 0.263676 0.253372 0.265550 0.249626 0.284754 0.246816 0.296462 0.238384 0.307704 0.236510 0.298804 0.242132 0.288968 0.248688 0.268828 0.232296 0.270702 0.221992 0.273044 0.211218 0.282412 0.208408 0.290842 0.214028 0.294120 0.219650 0.291780 0.227144 0.291780 0.231828 0.295994 0.235106 0.303488 0.235574 0.310046 0.230890 0.310514 0.227144 0.304894 0.222928 0.304894 0.219180 0.306768 0.214028 0.307236 0.206534 0.307704 0.201852 0.308172 0.201852 0.311450 0.200446 0.315198
1 0.125974 0.346110 0.125974 0.333932 0.120354 0.326908 0.127380 0.325034 0.130190 0.320350 0.139088 0.315666 0.142368 0.319414 0.140494 0.330654 0.133000 0.333464 0.132532 0.342832
0 0.218712 0.425734 0.203256 0.412152 0.189204 0.397164 0.183116 0.386860 0.184990 0.375618 0.196698 0.373276 0.204192 0.374682 0.219180 0.378896 0.224334 0.382644 0.210750 0.383112 0.208876 0.385922 0.202788 0.394822 0.199510 0.393884 0.203256 0.400910 0.210750 0.394822 0.214028 0.390606 0.217776 0.392480 0.220118 0.396226 0.216840 0.397164 0.211218 0.401848 0.209346 0.404658 0.218712 0.414494 0.221054 0.420582
0 0.184052 0.559222 0.194826 0.534398 0.187332 0.509106 0.175622 0.497864 0.172344 0.495990 0.157356 0.495522 0.157356 0.488966 0.167192 0.488028 0.171876 0.482876 0.177028 0.476788 0.201852 0.495522 0.215902 0.506764 0.208408 0.507232 0.198572 0.499270 0.184990 0.487560 0.180306 0.487092 0.194826 0.501142 0.199978 0.512852 0.201382 0.528776 0.199510 0.541892 0.196698 0.551258 0.193888 0.558284 0.190142 0.563906
1 0.156886 0.540486 0.149862 0.529714 0.148456 0.518942 0.143772 0.510042 0.139088 0.502080 0.143304 0.501142 0.148924 0.503954 0.157356 0.501142 0.164380 0.501142 0.173280 0.502548 0.171406 0.510978 0.172344 0.514258 0.179838 0.512384 0.184522 0.515194 0.187332 0.521752 0.190142 0.527840 0.188736 0.532992 0.182180 0.538612 0.174216 0.541424 0.164380 0.541424
0 0.121542 0.730456 0.134844 0.715944 0.151170 0.710502 0.163264 0.718364 0.173544 0.721992 0.181404 0.725014 0.192894 0.732270 0.209824 0.734084 0.218290 0.730456 0.223128 0.726224 0.225546 0.720178 0.216476 0.720782 0.209220 0.726828 0.197126 0.727434 0.189870 0.721992 0.178986 0.718364 0.183824 0.715944 0.199546 0.717758 0.208010 0.717758 0.200754 0.712316 0.183824 0.711712 0.171730 0.706270 0.163264 0.703246 0.149962 0.703246 0.140286 0.705060 0.128798 0.708084 0.120936 0.714734 0.117914 0.717758 0.116704 0.723200
1 0.178986 0.621010 0.163264 0.617986 0.145124 0.607706 0.134240 0.595612 0.137262 0.590170 0.149356 0.600450 0.154798 0.603474 0.149356 0.591380 0.140286 0.581704 0.148148 0.581100 0.153590 0.584124 0.151776 0.570216 0.158426 0.572030 0.163264 0.588960 0.163870 0.579286 0.169312 0.576262 0.175358 0.576262 0.188660 0.579890 0.199546 0.587752 0.203174 0.595008 0.202568 0.605288 0.199546 0.615566 0.194708 0.622824 0.188660 0.624638
1 0.260820 0.917340 0.267588 0.908154 0.281608 0.902836 0.290794 0.904770 0.293694 0.912506 0.291276 0.921208 0.284024 0.928460 0.272906 0.934260 0.264204 0.932810 0.258402 0.927492
0 0.208124 0.812432 0.201356 0.810498 0.188302 0.818234 0.174766 0.828870 0.167514 0.836604 0.164130 0.848208 0.162196 0.852558 0.155428 0.850142 0.146726 0.848690 0.142858 0.851108 0.146726 0.856426 0.157362 0.859810 0.158328 0.868512 0.161712 0.878182 0.167514 0.882048 0.179118 0.880114 0.174766 0.876248 0.167998 0.872864 0.165580 0.867546 0.168964 0.864162 0.182502 0.862228 0.186368 0.859326 0.181534 0.847240 0.185886 0.843372 0.197488 0.841440 0.207640 0.837088 0.210058 0.832254 0.210058 0.824518 0.205706 0.826452 0.199906 0.829352 0.194588 0.830320 0.196038 0.825486 0.199906 0.820168
0 0.174282 0.945864 0.171382 0.940546 0.158812 0.933778 0.154944 0.920240 0.153494 0.903804 0.160746 0.887366 0.175732 0.881082 0.192170 0.880114 0.198454 0.879632 0.206674 0.877214 0.211024 0.878182 0.208608 0.881082 0.199906 0.884950 0.189270 0.886400 0.178634 0.887366 0.170898 0.889300 0.163646 0.895102 0.161712 0.901870 0.162680 0.907188 0.169448 0.900904 0.178634 0.897518 0.186368 0.897518 0.185402 0.901386 0.170414 0.906704 0.164614 0.913956 0.164614 0.921692 0.168482 0.926526 0.175250 0.931844 0.181534 0.935712 0.186368 0.940546 0.186368 0.945380 0.189752 0.948280 0.180084 0.948280
1 0.201840 0.939096 0.205706 0.929426 0.211508 0.927492 0.214892 0.932328 0.212958 0.939096 0.208608 0.944896 0.200388 0.944414 0.193136 0.943930 0.189752 0.941512 0.192170 0.937646
0 0.550554 0.010608 0.539206 0.011802 0.529650 0.012400 0.527858 0.019568 0.541594 0.021956 0.548762 0.024346 0.559514 0.025540 0.573848 0.021358 0.589378 0.011206 0.591768 0.004634 0.582210 0.006426 0.571460 0.011206 0.562500 0.012996 0.554736 0.013594 0.566682 0.001648
1 0.469920 0.099006 0.460962 0.087658 0.453794 0.073920 0.452002 0.060182 0.457974 0.060182 0.460962 0.055404 0.468726 0.059586 0.472310 0.054210 0.478880 0.056002 0.489034 0.060182 0.498590 0.063168 0.503966 0.069740 0.505758 0.076906 0.505160 0.085866 0.498590 0.091838 0.490228 0.094826 0.483060 0.094826
1 0.559514 0.070934 0.535622 0.064364 0.536816 0.058390 0.558916 0.059586 0.558916 0.043458 0.566682 0.061378 0.584002 0.070934 0.585794 0.076310 0.572056 0.073920 0.563694 0.077504
1 0.491848 0.111752 0.498980 0.112432 0.504416 0.110734 0.503736 0.106318 0.497282 0.104620 0.491848 0.106998 0.484376 0.098846 0.481318 0.097486 0.479960 0.099184 0.483016 0.104960 0.481658 0.110394 0.480298 0.115490 0.478600 0.121942 0.483356 0.123302 0.487432 0.115150
0 0.522686 0.177052 0.521628 0.200340 0.522686 0.213574 0.529038 0.222572 0.538036 0.229452 0.542270 0.242156 0.555502 0.245860 0.566618 0.237922 0.575616 0.225218 0.578262 0.214102 0.573498 0.218338 0.568206 0.227336 0.564500 0.227864 0.557620 0.235274 0.551268 0.235274 0.545446 0.228394 0.536448 0.222572 0.533272 0.210926 0.528508 0.201928 0.526392 0.190284
0 0.523994 0.322726 0.516054 0.325108 0.518832 0.329474 0.522008 0.332254 0.525582 0.337018 0.528756 0.332650 0.530344 0.321932 0.529154 0.314786 0.526376 0.310816 0.524788 0.305656 0.529948 0.307642 0.534712 0.314390 0.536300 0.319154 0.536300 0.325902 0.535902 0.334238 0.534712 0.340590 0.546224 0.342574 0.554958 0.349720 0.558530 0.357660 0.563294 0.365202 0.566470 0.370760 0.569248 0.377112 0.573218 0.382272 0.579174 0.386640 0.584334 0.392198 0.583936 0.395372 0.578380 0.391800 0.566072 0.385052 0.556546 0.373540 0.553370 0.365996 0.545034 0.358850 0.539476 0.351308 0.533124 0.348530 0.528756 0.350118 0.516848 0.349720 0.510100 0.348926 0.504144 0.346942 0.501366 0.339796 0.506130 0.340988 0.521214 0.344560 0.518832 0.339400 0.510100 0.333048 0.505336 0.330268 0.504542 0.323124 0.507320 0.318360 0.514862 0.316772 0.520024 0.316772 0.526376 0.315580 0.528360 0.318756 0.528360 0.321932
1 0.468814 0.487472 0.464446 0.481120 0.451744 0.468416 0.457698 0.468416 0.465240 0.471990 0.462462 0.464844 0.461668 0.456904 0.469210 0.462462 0.468020 0.454522 0.471990 0.455316 0.475562 0.456508 0.477944 0.454920 0.483502 0.455714 0.489854 0.458492 0.492236 0.464844 0.491442 0.471990 0.493824 0.476356 0.495014 0.478340 0.492632 0.482708 0.483898 0.482310 0.477548 0.480326 0.475562 0.481914
0 0.506924 0.460478 0.512480 0.457302 0.514862 0.468416 0.518832 0.475960 0.527964 0.480722 0.538682 0.483502 0.557736 0.483104 0.556546 0.478340 0.550194 0.477150 0.532726 0.475960 0.524390 0.470798 0.520024 0.463652 0.517244 0.453332 0.520024 0.447774 0.519626 0.439438 0.521214 0.433482 0.517642 0.428718 0.513672 0.433482 0.510100 0.439040 0.506924 0.443010 0.504542 0.445788 0.499380 0.450552 0.500968 0.454522 0.500968 0.461668 0.501366 0.469608 0.506924 0.467622
0 0.515656 0.489854 0.510100 0.506924 0.508114 0.518038 0.505336 0.528756 0.504938 0.533918 0.498984 0.533124 0.491044 0.534712 0.499380 0.538284 0.504144 0.542254 0.508114 0.549002 0.511290 0.553370 0.507718 0.557340 0.508512 0.562500 0.510496 0.566470 0.512084 0.569646 0.516054 0.573616 0.529550 0.575204 0.537888 0.569646 0.545034 0.562500 0.548208 0.554958 0.547414 0.550988 0.540270 0.558134 0.532330 0.565278 0.527566 0.566866 0.521612 0.567660 0.521214 0.560118 0.519626 0.555752 0.518832 0.548208 0.526376 0.543842 0.535506 0.539872 0.543446 0.537094 0.543842 0.531932 0.536300 0.533918 0.526376 0.539476 0.519230 0.542652 0.514466 0.544240 0.512480 0.536696 0.519230 0.523596 0.519626 0.512878
0 0.518436 0.576792 0.508114 0.587112 0.505732 0.595052 0.503350 0.602198 0.500968 0.608152 0.499380 0.613314 0.493426 0.613710 0.490250 0.617680 0.495808 0.622046 0.499380 0.626016 0.502160 0.639514 0.504144 0.643880 0.503748 0.655790 0.504542 0.663332 0.508512 0.664522 0.512084 0.655790 0.513672 0.648246 0.522406 0.654996 0.537490 0.656186 0.558134 0.654598 0.570836 0.649438 0.558134 0.648246 0.546224 0.650628 0.531138 0.648246 0.518832 0.644278 0.524788 0.639116 0.530742 0.638322 0.539078 0.637926 0.545034 0.638322 0.552178 0.639910 0.562104 0.643086 0.568852 0.645468 0.564484 0.639910 0.556942 0.636338 0.542254 0.631970 0.529948 0.632368 0.523200 0.635544 0.513672 0.640308 0.508908 0.638720 0.510496 0.626810 0.512480 0.616886 0.516450 0.599418 0.518038 0.585524
1 0.433506 0.899252 0.415352 0.882976 0.418482 0.880472 0.434132 0.889862 0.441644 0.887984 0.447904 0.887358 0.451660 0.889236 0.444148 0.895496 0.452912 0.899878 0.458546 0.906764 0.456042 0.912398 0.446026 0.905512 0.439766 0.903008 0.436636 0.908642 0.430376 0.911772
0 0.448086 0.963422 0.451692 0.970636 0.474368 0.971666 0.473852 0.979396 0.479520 0.979396 0.482612 0.973212 0.485704 0.978366 0.493434 0.995888 0.498588 0.996402 0.493434 0.982488 0.496526 0.981458 0.503906 0.998046 0.513018 0.997434 0.508894 0.983004 0.502196 0.973212 0.507348 0.970636 0.506834 0.962906 0.499618 0.964452 0.492920 0.965998 0.489828 0.953114 0.493434 0.950022 0.511472 0.951054 0.509410 0.946416 0.491374 0.942292 0.489828 0.926832 0.486736 0.925802 0.484674 0.942808 0.471276 0.943838 0.468698 0.959298 0.469730 0.962390 0.458392 0.962390
1 0.548148 0.898836 0.569364 0.910068 0.579972 0.916308 0.583716 0.904452 0.577476 0.894468 0.568116 0.878868 0.559380 0.878244 0.559380 0.886980 0.564372 0.896340 0.560628 0.899460
1 0.491988 0.835188 0.493860 0.850164 0.491988 0.862644 0.486996 0.870756 0.484500 0.878244 0.491988 0.888852 0.498228 0.897588 0.501972 0.893220 0.494484 0.879492 0.503844 0.875124 0.506964 0.868884 0.501348 0.866388 0.497604 0.866388 0.498228 0.848292
0 0.779210 0.073670 0.788536 0.064344 0.794022 0.059954 0.797314 0.063794 0.787438 0.074768 0.800058 0.084642 0.803348 0.092324 0.802252 0.106040 0.790182 0.120852 0.780306 0.136762 0.779758 0.132922 0.791278 0.113172 0.796216 0.105490 0.796216 0.091226 0.789634 0.087934 0.790182 0.093420 0.790182 0.098358 0.785244 0.101650 0.779210 0.096164 0.775918 0.093970 0.761104 0.094518 0.768236 0.089032 0.763298 0.078060 0.766590 0.075864 0.777014 0.086288 0.779758 0.081900
0 0.721602 0.173520 0.733124 0.169680 0.745194 0.168584 0.751778 0.172424 0.757264 0.177362 0.763298 0.183944 0.765494 0.186688 0.762202 0.192174 0.756716 0.197112 0.750132 0.200404 0.749034 0.191626 0.753424 0.185042 0.755070 0.179008 0.750132 0.178458 0.746840 0.183396 0.744646 0.196014 0.747388 0.203146 0.757264 0.206988 0.764944 0.200404 0.772076 0.194368 0.779210 0.175716 0.778660 0.165840 0.773174 0.162548 0.768786 0.155964 0.761652 0.154318 0.755618 0.154318 0.755070 0.162548 0.746292 0.155964 0.737514 0.154868 0.728736 0.155416 0.729832 0.160354 0.735318 0.163646 0.724894 0.165292 0.719408 0.166938
0 0.744646 0.289830 0.753972 0.298060 0.761104 0.307936 0.770980 0.304644 0.780306 0.305192 0.780306 0.287636 0.776466 0.270628 0.772626 0.259108 0.787988 0.241552 0.787988 0.237162 0.777564 0.242100 0.770432 0.250330 0.763848 0.255266 0.753972 0.249780 0.751778 0.254718 0.758362 0.259108 0.757812 0.265142 0.755070 0.275566 0.751778 0.283248
0 0.728186 0.386938 0.733672 0.389132 0.738610 0.395168 0.740256 0.403398 0.743000 0.403946 0.746292 0.392974 0.751228 0.394620 0.759458 0.408334 0.765494 0.420954 0.769334 0.435218 0.774272 0.433024 0.770980 0.416564 0.758362 0.396264 0.763848 0.394070 0.775368 0.394070 0.783598 0.395716 0.794570 0.400654 0.803898 0.402300 0.808286 0.397910 0.803348 0.396264 0.796766 0.391876 0.783050 0.382000 0.761652 0.379806 0.763298 0.368284 0.761652 0.359506 0.758910 0.373772 0.755618 0.369930 0.756166 0.350180 0.752874 0.350728 0.750680 0.368834 0.740256 0.361152 0.739160 0.364444 0.750132 0.377612 0.748486 0.382000 0.742450 0.381452 0.734770 0.379806 0.729284 0.380904
0 0.688244 0.979662 0.659722 0.968502 0.662822 0.974702 0.681424 0.987104 0.679688 0.998046 0.689454 0.998046 0.701172 0.998046 0.709326 0.993304 0.714286 0.985244 0.736608 0.984002 0.740328 0.979042 0.731026 0.977182 0.719866 0.977802 0.726686 0.962922 0.727306 0.955482 0.729786 0.948040 0.721726 0.957962 0.704986 0.975942 0.697544 0.980282
0 0.721106 0.822792 0.714286 0.825892 0.696304 0.820932 0.701884 0.815972 0.714286 0.806672 0.724206 0.799232 0.733506 0.799232 0.740328 0.794270 0.750248 0.793030 0.753968 0.780630 0.757068 0.781870 0.757068 0.793650 0.749628 0.801092 0.740328 0.805432 0.734748 0.809152 0.735988 0.819692 0.737228 0.831474 0.733506 0.832094 0.730406 0.826512
0 0.775824 0.713910 0.780890 0.718976 0.779764 0.727418 0.769632 0.740364 0.753872 0.745430 0.742052 0.742616 0.732484 0.735860 0.724604 0.730796 0.704904 0.717286 0.704904 0.709970 0.720100 0.716160 0.727980 0.713346 0.723478 0.702652 0.720664 0.689706 0.725730 0.687454 0.730232 0.697586 0.734736 0.709970 0.742052 0.707718 0.742052 0.712784 0.738112 0.720664 0.751622 0.718976 0.767382 0.716724 0.766818 0.721226 0.741490 0.725730 0.746556 0.731358 0.760626 0.733046 0.770196 0.729106
0 0.714472 0.458370 0.716160 0.475256 0.721226 0.492142 0.716160 0.497772 0.717286 0.501148 0.724604 0.499460 0.734172 0.508466 0.739800 0.514094 0.743178 0.522536 0.749370 0.525352 0.753310 0.521974 0.763442 0.534356 0.767382 0.548992 0.779202 0.550118 0.791022 0.546740 0.774698 0.542238 0.762878 0.521412 0.758938 0.507902 0.752746 0.496082 0.751058 0.481448 0.747682 0.479760 0.731920 0.466814 0.724040 0.465126
1 0.753872 0.532668 0.744866 0.550118 0.739238 0.543362 0.738676 0.552368 0.718976 0.554620 0.726292 0.561374 0.720664 0.568692 0.713346 0.569818 0.716160 0.575446 0.726292 0.582762 0.737550 0.575446 0.745992 0.576008 0.747118 0.567566 0.750496 0.556872 0.755562 0.547302 0.758376 0.536608
0 0.801046 0.000792 0.807908 0.007126 0.798934 0.013988 0.799462 0.005542
1 0.193010 0.058502 0.180112 0.041918 0.180112 0.052974 0.188402 0.072320 0.193930 0.070478 0.200380 0.066794 0.207750 0.063108
1 0.993606 0.918982 0.981630 0.924510 0.965046 0.926352 0.962282 0.938330 0.969652 0.956754 0.979786 0.956754 0.978866 0.943856 0.991764 0.953070 0.998046 0.953124 0.996370 0.940172 0.987158 0.931880