0 0.052880 0.002116 0.059276 0.006380 0.057996 0.011496 0.060982 0.018320 0.062688 0.034098 0.067378 0.033672 0.068658 0.007232 0.072922 0.006806 0.076760 0.012350 0.081878 0.017040 0.082730 0.037084 0.088274 0.037510 0.088274 0.022584 0.089554 0.014482 0.089128 0.002542 0.087890 0.000000
0 0.039660 0.032392 0.036674 0.041348 0.031130 0.056700 0.032410 0.069920 0.036674 0.084846 0.046482 0.091668 0.052452 0.092948 0.052452 0.095934 0.048188 0.099772 0.038806 0.106594 0.040086 0.111712 0.049468 0.112138 0.055438 0.110432 0.065246 0.106594 0.070364 0.101050 0.076334 0.099772 0.084862 0.100624 0.091260 0.101478 0.098082 0.104462 0.102348 0.107874 0.105332 0.113844 0.109596 0.120668 0.112156 0.125784 0.116420 0.124078 0.111302 0.115550 0.109170 0.107874 0.099362 0.100624 0.090406 0.095080 0.073776 0.094654 0.066952 0.098918 0.067378 0.089964 0.075054 0.081008 0.079746 0.075464 0.088274 0.079728 0.095950 0.086552 0.102348 0.099772 0.105332 0.101904 0.107464 0.100624 0.105758 0.089964 0.096804 0.075464 0.086568 0.064802 0.075054 0.063950 0.072496 0.071200 0.065672 0.068214 0.057996 0.080582 0.055012 0.080154 0.054586 0.061818 0.050748 0.045612 0.048188 0.053288 0.044350 0.062244 0.040938 0.057126 0.041366 0.047744 0.042218 0.038790
0 0.036674 0.205104 0.035396 0.189752 0.028998 0.185488 0.020896 0.186766 0.014926 0.188898 0.008528 0.191030 0.000000 0.193590 0.001280 0.189326 0.009808 0.179944 0.019616 0.176532 0.029852 0.176532 0.039234 0.182502 0.043498 0.189752 0.052026 0.174826 0.064394 0.168856 0.076760 0.162886 0.080598 0.165018 0.057996 0.186766 0.055438 0.194868 0.054158 0.205104 0.059276 0.208088 0.063540 0.210222 0.072496 0.208088 0.078040 0.208088 0.076760 0.211926 0.066100 0.216618 0.060982 0.220456 0.061834 0.225146 0.072496 0.227278 0.083584 0.223868 0.097656 0.219602 0.105332 0.219176 0.107890 0.223868 0.083584 0.232822 0.066100 0.234528 0.061834 0.239220 0.054158 0.233676 0.050320 0.221736 0.044776 0.221736 0.044776 0.216618 0.040938 0.209794
0 0.055012 0.241352 0.050320 0.255850 0.042644 0.275468 0.040512 0.291246 0.040938 0.298922 0.049468 0.291246 0.057570 0.291246 0.065246 0.297642 0.069084 0.289966 0.073776 0.280158 0.077186 0.278878 0.078040 0.288260 0.072922 0.296790 0.069084 0.301908 0.071216 0.308730 0.075054 0.317260 0.081878 0.326640 0.087422 0.332184 0.082730 0.334744 0.073348 0.327068 0.069938 0.318112 0.063114 0.318112 0.055012 0.314274 0.051174 0.312142 0.046056 0.315554 0.051600 0.324936 0.054158 0.335170 0.055012 0.347110 0.053306 0.357772 0.050320 0.366726 0.045630 0.374402 0.040938 0.372698 0.043924 0.363316 0.046482 0.357346 0.046910 0.346684 0.047336 0.336876 0.044776 0.329626 0.039234 0.318112 0.032836 0.309156 0.038806 0.305318 0.031984 0.297216 0.031984 0.286554 0.033690 0.265660 0.039234 0.255424
1 0.014500 0.274188 0.008956 0.268218 0.010662 0.266512 0.013220 0.265660 0.017910 0.269498 0.019616 0.249028 0.023028 0.250734 0.023454 0.270350 0.031130 0.278452 0.029424 0.283996 0.023028 0.280584 0.019616 0.285702 0.014500 0.281864
0 0.028146 0.346684 0.030704 0.387622 0.019190 0.403828 0.018338 0.407666 0.024308 0.410224 0.012366 0.413636 0.013220 0.420032 0.023454 0.420032 0.030704 0.416622 0.038806 0.415768 0.045204 0.413210 0.052452 0.420460 0.060982 0.436664 0.063966 0.445620 0.071644 0.446472 0.071216 0.443060 0.066526 0.437518 0.060128 0.419180 0.052880 0.412356 0.044350 0.409372 0.052026 0.405960 0.062262 0.402122 0.074202 0.399990 0.078466 0.394446 0.085716 0.388476 0.093818 0.382506 0.095950 0.376108 0.087848 0.379520 0.077186 0.379520 0.071644 0.382080 0.064394 0.386344 0.055012 0.389756 0.047762 0.393166 0.044776 0.388902 0.054158 0.382080 0.057570 0.376962 0.054586 0.373124 0.046056 0.379520 0.042644 0.373550 0.038380 0.370138
0 0.003838 0.618330 0.019616 0.616624 0.025586 0.616624 0.028146 0.610228 0.030704 0.603832 0.038380 0.602126 0.041792 0.593170 0.052452 0.591890 0.059702 0.588480 0.061408 0.585920 0.067804 0.570142 0.066100 0.549246 0.063966 0.557774 0.061834 0.571422 0.056290 0.576538 0.034116 0.585068 0.027720 0.588906 0.022176 0.576966 0.014072 0.565878 0.011088 0.556496 0.008528 0.557774 0.008956 0.569716 0.016204 0.585920 0.020470 0.595302 0.020470 0.603404 0.014926 0.601272 0.007676 0.602126 0.000852 0.603404
1 0.031130 0.555216 0.021322 0.545408 0.014926 0.531762 0.005544 0.515130 0.003838 0.495514 0.007250 0.488690 0.012366 0.503190 0.014072 0.514278 0.018338 0.521528 0.024308 0.539438 0.029424 0.536880 0.040086 0.531336 0.043072 0.532188 0.043072 0.540290 0.037954 0.543702 0.036248 0.547114
0 0.000208 0.825718 0.009786 0.818638 0.016450 0.812392 0.024778 0.810726 0.029776 0.812808 0.031026 0.818638 0.031026 0.822386 0.027694 0.824886 0.019364 0.824468 0.013950 0.826550 0.006454 0.834046 0.013534 0.836130 0.021446 0.836962 0.027694 0.840710 0.030192 0.845708 0.017282 0.844042 0.007288 0.842792 0.001042 0.840710 0.004372 0.844874 0.004372 0.847790
0 0.004372 0.943988 0.007704 0.946486 0.022696 0.945238 0.033940 0.946904 0.038938 0.950234 0.029776 0.951484 0.013118 0.952318 0.006454 0.954400 0.006872 0.997294
0 0.292724 0.000920 0.298108 0.006794 0.305940 0.009732 0.309856 0.016584 0.315730 0.013648 0.318668 0.014136 0.325520 0.018542 0.335800 0.031270 0.346080 0.039102 0.354892 0.040080 0.353912 0.034696 0.345590 0.031760 0.340696 0.021968 0.336290 0.018052 0.326990 0.010220 0.319158 0.006794 0.315730 0.000430
0 0.291256 0.148750 0.295172 0.128682 0.295662 0.123786 0.300556 0.115954 0.307410 0.115464 0.318178 0.114974 0.328948 0.117912 0.329436 0.121338 0.315730 0.119870 0.311814 0.122808 0.310346 0.132108 0.306430 0.143856 0.311814 0.151198 0.314752 0.158540 0.315730 0.165394 0.319646 0.175184 0.321604 0.179100 0.320626 0.182526 0.311814 0.180568 0.308388 0.174206 0.304472 0.163436 0.301046 0.157562 0.292724 0.155604 0.290276 0.159520 0.280976 0.166862 0.275592 0.169310 0.281466 0.159520 0.285382 0.152666
0 0.293214 0.191828 0.277060 0.170290 0.274122 0.172248 0.274612 0.201128 0.277060 0.201618 0.278038 0.181548 0.280976 0.186442 0.282444 0.195254 0.285870 0.202106 0.287340 0.210428 0.285870 0.214344 0.280976 0.218260 0.280486 0.225114 0.279508 0.231966 0.265802 0.243226 0.269228 0.248120 0.282444 0.236862 0.284402 0.229520 0.285382 0.221688 0.287828 0.230008 0.288808 0.237840 0.292234 0.232946 0.295172 0.223156 0.305940 0.212876 0.312794 0.207980 0.320626 0.200638 0.324542 0.188890 0.329436 0.181058 0.331884 0.175184 0.323562 0.179100 0.315730 0.187912 0.306920 0.196232 0.295172 0.207492 0.293214 0.204064
0 0.284920 0.384706 0.272490 0.383522 0.261246 0.385890 0.255918 0.381748 0.261246 0.378196 0.267756 0.375828 0.269532 0.369910 0.273674 0.370502 0.277818 0.366358 0.275276 0.352624 0.277928 0.342018 0.279694 0.333622 0.281020 0.323458 0.283230 0.323458 0.284998 0.344228 0.287206 0.339808 0.291626 0.338482 0.294276 0.339366 0.300904 0.346436 0.306650 0.339808 0.311952 0.338482 0.317254 0.336274 0.322558 0.336274 0.323882 0.338040 0.321674 0.342902 0.315930 0.345552 0.312836 0.349972 0.320348 0.349972 0.326092 0.351298 0.336256 0.362344 0.341116 0.369414 0.347744 0.372508 0.344652 0.374718 0.334488 0.368972 0.323442 0.359694 0.314162 0.356158 0.308858 0.359694 0.297812 0.369414 0.293392 0.375600
0 0.265554 0.402998 0.265554 0.421556 0.268648 0.429510 0.272182 0.441442 0.272182 0.454698 0.271740 0.463094 0.263344 0.460000 0.253624 0.458234 0.247438 0.459116 0.248762 0.464420 0.255832 0.467512 0.264670 0.470606 0.260694 0.470606 0.249204 0.467954 0.249204 0.473700 0.257600 0.478560 0.269532 0.479002 0.269974 0.482094 0.276602 0.481652 0.277486 0.473700 0.281020 0.477676 0.288974 0.481212 0.297812 0.482094 0.301346 0.477676 0.292068 0.476350 0.291626 0.473258 0.296928 0.467070 0.297370 0.454256 0.293834 0.445418 0.292068 0.433930 0.289858 0.423324 0.280136 0.410510 0.280578 0.421998 0.284556 0.430394 0.285880 0.434372 0.286764 0.446744 0.288532 0.456024 0.284998 0.457792 0.280136 0.460442 0.278368 0.440558 0.278368 0.428626 0.272182 0.417138
1 0.204284 0.341596 0.218088 0.329864 0.224298 0.323652 0.218088 0.320892 0.204974 0.329174 0.198764 0.332624 0.189792 0.328484 0.190482 0.334696
1 0.252594 0.631460 0.234652 0.621108 0.215326 0.610066 0.209806 0.592122 0.213946 0.569346 0.229820 0.574868 0.242242 0.573488 0.253976 0.574868 0.260876 0.581768 0.264328 0.589360 0.271230 0.593502 0.278130 0.601094 0.279510 0.613516 0.276750 0.622488 0.269848 0.628700 0.264328 0.631460
0 0.303666 0.519656 0.289864 0.520346 0.271920 0.524486 0.269848 0.533458 0.271920 0.546572 0.278130 0.550022 0.283652 0.543810 0.295058 0.543316 0.298336 0.545188 0.294590 0.549872 0.285690 0.548468 0.283348 0.553620 0.275854 0.557366 0.274450 0.565328 0.281006 0.567670 0.281944 0.563924 0.288500 0.562518 0.291780 0.559240 0.297400 0.558772 0.300210 0.560646 0.295058 0.562988 0.294590 0.566734 0.284286 0.574696 0.279602 0.579380 0.282880 0.586874 0.281474 0.594368 0.276792 0.591558 0.271170 0.585938 0.269298 0.587812 0.266018 0.586406 0.263676 0.578444 0.267424 0.570012 0.268360 0.563924 0.262740 0.544252 0.263676 0.526922 0.269298 0.517086 0.284754 0.514744 0.292716 0.514744
0 0.229954 0.636054 0.237916 0.654788 0.240726 0.663688 0.240726 0.671182 0.246816 0.673056 0.248688 0.684296 0.258056 0.686638 0.264614 0.689448 0.273512 0.691790 0.281944 0.680080 0.283348 0.664156 0.276322 0.651042 0.284286 0.644484 0.293184 0.640270 0.300210 0.635586 0.292248 0.635586 0.281006 0.640738 0.267892 0.644484 0.257120 0.642610 0.254778 0.645422 0.256650 0.665092 0.257120 0.673524 0.246346 0.652916 0.239790 0.638864
1 0.196698 0.688512 0.206534 0.689448 0.215902 0.691790 0.225270 0.693664 0.227612 0.684764 0.227612 0.671182 0.222460 0.666030 0.218244 0.661346 0.215902 0.654320 0.208876 0.652446 0.206066 0.657130 0.203256 0.668372 0.203256 0.675398 0.203256 0.680550 0.200446 0.681954
1 0.221522 0.752210 0.210750 0.749868 0.210750 0.746122 0.221992 0.746122 0.221992 0.734880 0.226674 0.735350 0.228080 0.748932 0.234638 0.762984 0.238852 0.767668 0.234168 0.770946 0.229486 0.761578
1 0.193888 0.866962 0.179370 0.859468 0.178432 0.865090 0.186394 0.872114 0.186864 0.877736 0.197636 0.875394 0.206066 0.878672 0.212624 0.879608 0.207940 0.872584 0.214498 0.865090 0.212156 0.859000 0.205130 0.863216
1 0.240258 0.914736 0.235574 0.927384 0.229954 0.927384 0.235574 0.907712 0.236980 0.901622 0.259462 0.892254 0.263208 0.898344 0.257588 0.904902 0.250562 0.908180 0.254310 0.912864 0.255714 0.918016 0.248688 0.918484
0 0.216370 0.996234 0.219180 0.992956 0.230890 0.998576 0.237916 0.980310 0.251030 0.989678 0.267892 0.999982
0 0.589516 0.052580 0.595140 0.047980 0.609456 0.066898 0.621728 0.078146 0.625818 0.086326 0.631954 0.086838 0.639112 0.080190 0.647292 0.084792 0.653428 0.092462 0.660586 0.096552 0.670812 0.100130 0.683594 0.100642 0.695354 0.098086 0.690752 0.092462 0.685638 0.092972 0.674902 0.092462 0.667232 0.088882 0.659564 0.081724 0.651894 0.078656 0.644224 0.076612 0.648826 0.070476 0.650360 0.062806 0.646270 0.062296 0.640646 0.067920 0.633998 0.079168 0.630930 0.075590 0.639622 0.061784 0.650360 0.049514 0.649338 0.042866 0.643202 0.046956 0.635022 0.059228 0.628374 0.065874 0.623262 0.055648 0.615080 0.051558 0.603322 0.042356 0.594630 0.042356 0.586960 0.046956
0 0.566508 0.195742 0.582358 0.185516 0.596164 0.183472 0.602810 0.186538 0.610480 0.187562 0.615592 0.189606 0.619682 0.194720 0.615080 0.198298 0.607922 0.196254 0.600254 0.192162 0.592584 0.188072 0.593096 0.190630 0.599232 0.196764 0.605366 0.200854 0.614570 0.205968 0.623262 0.203922 0.629908 0.198298 0.636556 0.201366 0.641668 0.204946 0.645758 0.201366 0.637066 0.190630 0.631954 0.188584 0.628374 0.186538 0.627864 0.174780 0.622240 0.166088 0.616104 0.156372 0.608946 0.149726 0.604344 0.147680 0.601276 0.154328 0.602298 0.157396 0.593096 0.150748 0.585938 0.146658 0.588494 0.137966 0.590540 0.133364 0.583892 0.133876 0.577756 0.136432 0.566508 0.133876 0.558328 0.131320 0.549124 0.127230 0.553214 0.133876 0.568554 0.141546 0.581336 0.144614 0.579802 0.152794 0.583382 0.158930 0.597698 0.172222 0.603832 0.176312 0.596164 0.174780 0.586960 0.177846 0.578268 0.181426 0.570598 0.186538
2 0.578268 0.121094 0.568042 0.124672 0.565872 0.118800 0.576190 0.116508 0.579248 0.111538 0.583070 0.110010 0.587276 0.101982 0.594156 0.102366 0.597596 0.104658 0.595684 0.110010 0.589950 0.113068 0.592626 0.118036 0.590332 0.121476 0.586894 0.120712 0.587658 0.127210 0.585364 0.131032 0.581160 0.131414
0 0.589950 0.333224 0.603710 0.314112 0.611354 0.309908 0.612502 0.302264 0.638110 0.280478 0.641550 0.261368 0.631994 0.240728 0.631612 0.250282 0.634288 0.262896 0.631994 0.273216 0.622056 0.272834 0.610972 0.277802 0.608680 0.269394 0.594538 0.248372 0.595684 0.258310 0.603710 0.277420 0.603328 0.283154 0.597978 0.287358 0.591098 0.292708 0.589950 0.298824 0.579630 0.290416 0.578866 0.283154 0.575044 0.282772 0.577720 0.292708 0.591862 0.305704 0.596066 0.309144 0.589186 0.317552 0.586894 0.324050
1 0.535622 0.553086 0.543984 0.557866 0.549360 0.551892 0.540998 0.547712 0.533232 0.544724 0.527858 0.530390 0.524274 0.533376 0.526662 0.544128 0.521884 0.548906 0.517106 0.551892 0.521884 0.557268
0 0.531442 0.665376 0.533830 0.679114 0.533232 0.705992 0.540998 0.710770 0.545178 0.718534 0.555332 0.720326 0.569070 0.719132 0.573848 0.723314 0.572056 0.733468 0.579224 0.737050 0.588780 0.720326 0.597740 0.720924 0.601324 0.715548 0.595948 0.711964 0.594156 0.703602 0.579822 0.707784 0.571460 0.702408 0.563098 0.689268 0.564292 0.701810 0.557124 0.705394 0.545776 0.705394 0.543386 0.691658
0 0.617450 0.817088 0.598934 0.801558 0.586392 0.799168 0.567278 0.797376 0.553540 0.797974 0.554138 0.810518 0.559514 0.824852 0.568472 0.831422 0.579224 0.835604 0.584002 0.842770 0.587586 0.837394 0.580418 0.827242 0.572056 0.823658 0.567876 0.815296 0.563694 0.807530 0.579822 0.811114 0.591170 0.814698 0.599532 0.820670 0.595948 0.824852 0.588184 0.827242 0.599532 0.830824 0.610282 0.832616 0.617450 0.842174 0.619242 0.834408 0.613866 0.823658
1 0.451404 0.961630 0.464546 0.963422 0.474698 0.961630 0.482464 0.956254 0.489632 0.945504 0.486048 0.943114 0.480672 0.944310 0.480074 0.931766 0.474698 0.932364 0.471116 0.934752 0.464546 0.937738 0.456780 0.938336 0.450210 0.939530 0.453794 0.946100 0.454988 0.952672 0.450210 0.953268
0 0.540400 0.883386 0.538608 0.887566 0.549956 0.899512 0.548762 0.906680 0.559514 0.925196 0.576238 0.940726 0.595948 0.945504 0.607296 0.947892 0.603116 0.939530 0.594754 0.935350 0.585196 0.931766 0.579224 0.928780 0.566084 0.921014 0.560110 0.906680 0.570862 0.902500 0.582210 0.901902 0.595948 0.903096 0.604310 0.904290 0.602518 0.900110 0.592364 0.895928 0.581016 0.894734 0.569668 0.897720 0.560110 0.894734 0.562500 0.886372 0.558318 0.883984 0.553540 0.886970
1 0.499784 0.904290 0.508744 0.891150 0.506952 0.884580 0.498590 0.888164 0.490826 0.889956 0.489632 0.899512 0.492618 0.908472 0.489034 0.913848 0.492020 0.919224 0.497396 0.921612 0.500980 0.915640 0.507550 0.909666
0 0.554736 0.974770 0.561306 0.981938 0.555332 0.992690 0.552944 0.999856 0.572654 0.993286 0.569070 0.981340 0.563694 0.974770
1 0.751056 0.415806 0.738772 0.406594 0.739386 0.415192 0.742458 0.423178 0.736930 0.428704 0.749828 0.428090 0.765796 0.424406 0.774396 0.418878 0.768254 0.415192 0.757812 0.415192
1 0.800730 0.102626 0.797694 0.095036 0.802754 0.094024 0.807814 0.099084 0.810850 0.095036 0.813380 0.098578 0.810344 0.106168 0.809332 0.113756 0.806802 0.118310 0.802248 0.109202
0 0.827042 0.156260 0.838680 0.138550 0.847282 0.127418 0.852342 0.130960 0.860438 0.136020 0.870052 0.137032 0.866004 0.130454 0.857908 0.128936 0.855378 0.122358 0.855378 0.112238 0.863980 0.104650 0.876630 0.095036 0.883208 0.084916 0.889786 0.068218 0.881690 0.072266 0.873594 0.076820 0.866004 0.083904 0.858920 0.083904 0.854366 0.067712 0.851330 0.070242 0.852342 0.083904 0.848800 0.089470 0.838174 0.091494 0.831090 0.092000 0.829066 0.097566 0.828054 0.107684 0.840704 0.112744 0.846270 0.115780 0.849812 0.122358 0.842222 0.123876 0.835644 0.136020 0.829066 0.148164
1 0.930264 0.033304 0.939878 0.017618 0.945950 0.014076 0.943926 0.025208 0.936336 0.037352 0.943926 0.041906 0.944432 0.046460 0.931276 0.044436 0.923180 0.035328 0.913566 0.031280 0.915084 0.026726 0.922674 0.027738
0 0.866320 0.021284 0.865068 0.014190 0.858808 0.005842 0.850460 0.003756 0.842114 0.004174 0.848792 0.009598 0.854634 0.012102 0.857972 0.018362 0.860060 0.023370 0.866320 0.031300 0.872996 0.043402 0.875084 0.038394 0.870492 0.027126 0.879256 0.027544 0.886768 0.024206 0.891360 0.015024 0.890524 0.003756 0.885934 0.001252 0.887604 0.009182 0.885516 0.015024 0.879674 0.017110 0.874666 0.018780
0 0.844496 0.176110 0.849434 0.187084 0.846142 0.198056 0.844496 0.212868 0.832426 0.210674 0.840656 0.220550 0.840108 0.227682 0.835718 0.236460 0.832426 0.244690 0.826392 0.249626 0.815418 0.247982 0.811030 0.249078 0.800606 0.250176 0.792376 0.249626 0.790182 0.251272 0.793474 0.256210 0.810482 0.257308 0.820356 0.257308 0.823100 0.261696 0.828038 0.257856 0.834620 0.257856 0.842302 0.260600 0.841752 0.255662 0.842302 0.244140 0.845044 0.233168 0.849982 0.233168 0.853274 0.229328 0.852176 0.221646 0.854920 0.220000 0.856018 0.211222 0.858212 0.205188 0.863698 0.204640 0.866442 0.206286 0.868636 0.211772 0.869734 0.217258 0.874670 0.209576 0.868636 0.199152 0.864246 0.197508 0.856018 0.197508 0.857664 0.185986 0.854920 0.178854
0 0.824196 0.273218 0.827488 0.287482 0.831330 0.305588 0.837364 0.321498 0.836816 0.324790 0.828586 0.322594 0.818710 0.322594 0.808286 0.325886 0.808286 0.328630 0.823100 0.330276 0.833524 0.330276 0.841204 0.333568 0.846142 0.337408 0.846142 0.322594 0.849434 0.315462 0.846690 0.296260 0.848336 0.286386 0.846142 0.279252 0.841752 0.283642 0.843398 0.295712 0.837912 0.287482 0.837912 0.278704 0.831878 0.274864
0 0.809932 0.393368 0.820906 0.392270 0.821454 0.413668 0.825294 0.427384 0.824746 0.449328 0.831878 0.465238 0.842850 0.467434 0.856018 0.458106 0.873574 0.442744 0.879608 0.433418 0.874670 0.434516 0.858212 0.446586 0.847240 0.459204 0.840656 0.461398 0.833524 0.455912 0.837364 0.453718 0.845594 0.455364 0.840108 0.448780 0.832426 0.445488 0.830232 0.437808 0.833524 0.422446 0.836816 0.416410 0.846142 0.412570 0.847240 0.407632 0.839558 0.404340 0.832974 0.397208 0.829134 0.395014 0.824196 0.387334 0.817064 0.386784
1 0.881254 0.577708 0.869184 0.570028 0.871928 0.576610 0.879608 0.583742 0.890032 0.592522 0.891678 0.588132 0.887838 0.581000 0.900456 0.580452 0.905942 0.574964 0.901006 0.572770 0.890032 0.574416
0 0.823648 0.482794 0.831878 0.488282 0.828586 0.507484 0.826392 0.518456 0.825842 0.532172 0.821454 0.543144 0.820356 0.553568 0.817064 0.569478 0.813772 0.585938 0.804446 0.596362 0.804446 0.580452 0.808286 0.565090 0.810482 0.547534 0.807738 0.535464 0.802252 0.524490 0.798960 0.492122 0.806092 0.499254 0.809932 0.509678 0.808286 0.521200 0.811030 0.528880 0.815418 0.512970 0.817614 0.503094
0 0.798960 0.670426 0.788536 0.654516 0.783050 0.631474 0.784696 0.623244 0.794570 0.640800 0.788536 0.617210 0.793474 0.619404 0.799508 0.638606 0.810482 0.641350 0.814870 0.643544 0.816516 0.660552 0.814322 0.670426 0.815418 0.679204 0.806640 0.675364 0.808286 0.681948 0.818162 0.697858 0.833524 0.712122 0.847240 0.722546 0.842302 0.724742 0.827488 0.717608 0.813224 0.704442 0.801154 0.685788
0 0.745194 0.859156 0.769334 0.861350 0.784696 0.865740 0.797314 0.873420 0.814870 0.880004 0.824196 0.884392 0.821454 0.873968 0.815968 0.866836 0.812126 0.850378 0.796766 0.824044 0.796216 0.831724 0.806092 0.854218 0.807738 0.860252 0.798412 0.864094 0.794022 0.856412 0.795120 0.851474 0.790182 0.852572 0.784146 0.835564 0.779758 0.838308 0.780306 0.843794 0.769334 0.832272 0.760556 0.833370 0.761652 0.843246 0.773722 0.854218 0.758910 0.850378 0.749584 0.854218
0 0.801154 0.765340 0.811578 0.746686 0.809384 0.738456 0.797862 0.745590 0.793474 0.760402 0.782500 0.753818 0.773722 0.754368 0.785792 0.768082 0.795668 0.777410 0.806092 0.794418 0.817064 0.799904 0.816516 0.793868 0.809932 0.790576 0.813772 0.785640
1 0.670042 0.254226 0.669244 0.266184 0.666056 0.271764 0.658084 0.276546 0.669244 0.290098 0.680404 0.286910 0.682796 0.270170 0.681202 0.255022
1 0.588000 0.341796 0.577148 0.339626 0.569010 0.338542 0.570638 0.345052 0.586372 0.351020 0.588000 0.359158 0.596680 0.354818 0.608616 0.353732 0.620008 0.353732 0.615668 0.348308 0.605902 0.345052 0.606446 0.340170 0.599392 0.339084
0 0.575520 0.616320 0.588542 0.625542 0.605360 0.595704 0.604818 0.587022 0.595594 0.601672 0.587456 0.610894 0.584202 0.607638 0.589626 0.601672 0.588542 0.585938 0.596680 0.583768 0.606446 0.585938 0.625434 0.584852 0.622722 0.580512 0.611328 0.579428 0.599934 0.577256 0.588542 0.580512 0.583116 0.570746 0.589084 0.564236 0.583116 0.564236 0.571724 0.574544 0.571724 0.583768 0.563586 0.589192 0.564670 0.595704 0.571180 0.598958 0.574436 0.604926
0 0.553148 0.436160 0.561702 0.421904 0.571682 0.406934 0.588076 0.397668 0.591640 0.400518 0.573106 0.421190 0.566692 0.434022 0.580234 0.433308 0.583086 0.438298 0.583800 0.444714 0.575246 0.440436 0.568118 0.441150 0.575246 0.459682 0.569542 0.462534 0.565266 0.445426 0.557424 0.446852 0.541030 0.456118 0.531050 0.471088 0.519646 0.498176 0.515368 0.496036 0.528200 0.462534 0.546020 0.446852
1 0.508954 0.492472 0.504676 0.484632 0.501824 0.470376 0.501112 0.479642 0.500400 0.494612 0.493270 0.497462 0.494696 0.506016 0.505388 0.503164
0 0.767790 0.961730 0.756704 0.954340 0.752480 0.948532 0.758288 0.946422 0.772012 0.952756 0.784682 0.940086 0.796294 0.937976 0.789432 0.947476 0.788904 0.952756 0.807908 0.956978 0.821104 0.960674 0.829022 0.965424 0.842748 0.969648 0.836940 0.978622 0.820048 0.986012 0.799990 0.977566 0.799990 0.984428 0.798934 0.990234 0.794710 0.983372 0.790488 0.981260 0.791544 0.986540 0.795766 0.997096 0.807380 0.997096 0.790488 0.990762 0.784682 0.982844 0.779930 0.980204 0.771484 0.978622 0.770428 0.975454
1 0.608724 0.399956 0.609448 0.392000 0.606554 0.384042 0.602936 0.394170 0.596426 0.392722 0.591362 0.383318 0.589192 0.387660 0.599320 0.405020 0.613064 0.407190 0.626808 0.399956 0.631872 0.390552 0.623914 0.389830 0.617404 0.395616