1 0.112850 0.015220 0.101436 0.005074 0.093826 0.006976 0.091290 0.008244 0.097630 0.012682 0.100802 0.013316
2 0.109346 0.111608 0.112282 0.102062 0.114486 0.091782 0.110080 0.087376 0.103472 0.092516 0.102738 0.099124 0.099066 0.102062 0.088786 0.100594 0.081444 0.101328 0.081444 0.105734 0.087318 0.109404 0.093926 0.110138 0.089520 0.120418 0.091724 0.126292 0.099066 0.119684 0.100534 0.114544
0 0.097208 0.080422 0.106884 0.071958 0.110512 0.066516 0.112930 0.059864 0.117768 0.052002 0.120186 0.045352 0.122606 0.043538 0.128048 0.045956 0.128048 0.048374 0.125024 0.047770 0.126234 0.052002 0.127442 0.056236 0.126234 0.062282 0.126234 0.066516 0.126234 0.072562 0.120792 0.070748 0.115350 0.069538 0.111116 0.070748 0.109908 0.074376 0.113536 0.076190 0.118372 0.078004 0.127442 0.078004 0.133490 0.094936 0.141956 0.107634 0.143770 0.102192 0.141350 0.090702 0.137722 0.081028 0.137722 0.072562 0.137722 0.065306 0.143164 0.067724 0.143770 0.053816 0.143770 0.041724 0.140746 0.036280 0.137722 0.034466 0.135304 0.039304 0.135304 0.044142 0.126234 0.036280 0.120186 0.039304 0.114140 0.042932 0.112326 0.047166 0.110512 0.050794 0.110512 0.054422 0.109302 0.060468 0.106884 0.062282 0.102650 0.064702 0.099022 0.069538
1 0.181864 0.156008 0.174608 0.152380 0.171584 0.145124 0.158282 0.140892 0.154654 0.133634 0.148606 0.127588 0.143770 0.126984 0.134094 0.122146 0.139536 0.114286 0.145584 0.108238 0.149212 0.103400 0.155258 0.102192 0.159492 0.103400 0.166748 0.107028 0.172794 0.108842 0.165538 0.101586 0.169770 0.100378 0.176422 0.102796 0.186098 0.108842 0.197586 0.116704 0.199400 0.124564 0.204238 0.130006 0.208470 0.137262 0.207866 0.144520 0.202424 0.148148 0.195772 0.151170
1 0.110426 0.201924 0.114182 0.192908 0.116436 0.186900 0.121694 0.185396 0.120944 0.179388 0.117938 0.180138 0.114934 0.171876 0.110426 0.168118 0.109676 0.173378 0.099910 0.170372 0.096154 0.170372 0.098408 0.176382 0.102914 0.177134 0.107422 0.178636 0.108174 0.185396 0.106670 0.190656
1 0.132212 0.195914 0.141226 0.186148 0.147986 0.189152 0.150240 0.183894 0.148738 0.180890 0.145734 0.175632 0.139724 0.158354 0.135968 0.156100 0.133714 0.165866 0.135968 0.170372 0.136718 0.176382 0.138222 0.177134 0.132212 0.182392 0.129206 0.184646
1 0.026510 0.283750 0.033340 0.285798 0.040852 0.287164 0.043584 0.292628 0.049046 0.296042 0.053828 0.293994 0.053828 0.289896 0.055192 0.286482 0.052462 0.281018 0.046316 0.277604 0.042900 0.270092 0.038802 0.265994 0.036754 0.271458 0.040168 0.276238 0.040168 0.278286 0.034022 0.278970
0 0.134410 0.332920 0.120752 0.332920 0.109826 0.322676 0.107776 0.313798 0.105728 0.301506 0.107776 0.293310 0.112558 0.282384 0.121436 0.271458 0.132362 0.272140 0.140556 0.271458 0.154214 0.266676 0.164458 0.258482 0.173336 0.250286 0.169922 0.248922 0.165142 0.251652 0.156946 0.255750 0.144654 0.261214 0.134410 0.261214 0.115972 0.263262 0.105728 0.271458 0.092006 0.307464 0.098464 0.321992 0.108148 0.331676
0 0.099650 0.426978 0.090680 0.414022 0.083706 0.404556 0.077726 0.397082 0.075734 0.389608 0.076730 0.382634 0.080218 0.376654 0.083706 0.372170 0.088688 0.372170 0.092674 0.372668 0.094666 0.376654 0.098652 0.378148 0.100646 0.373664 0.103636 0.376156 0.095166 0.386120 0.088190 0.389110 0.080218 0.392598 0.083706 0.396584 0.095166 0.392598 0.105130 0.385622 0.108120 0.379644 0.112106 0.373166 0.112604 0.365692 0.110610 0.363202 0.116590 0.353734 0.116590 0.346760 0.113102 0.346262 0.108120 0.348254 0.108618 0.341776 0.106126 0.337292 0.102140 0.339784 0.100646 0.344268 0.098154 0.344766 0.091180 0.345264 0.089186 0.345762 0.089186 0.350248 0.094666 0.352240 0.090182 0.354732 0.081712 0.346760 0.074736 0.348752 0.064772 0.348752 0.061284 0.349250 0.059790 0.355230 0.052316 0.357720 0.047832 0.360710 0.051320 0.367686 0.061782 0.363700 0.065270 0.360212 0.071748 0.360212 0.076232 0.361208 0.080716 0.363700 0.074238 0.371174 0.072246 0.374662 0.070750 0.382134 0.070750 0.388114 0.072744 0.398078 0.078224 0.410036 0.085200 0.417012
0 0.027404 0.468830 0.036372 0.463848 0.042850 0.452388 0.049824 0.446408 0.059292 0.445910 0.068758 0.454380 0.077726 0.462352 0.083706 0.462352 0.095166 0.475806 0.099150 0.487264 0.098154 0.506696 0.095664 0.515166 0.098154 0.521644 0.104632 0.509188 0.106624 0.496732 0.106624 0.481784 0.101144 0.470324 0.108120 0.472816 0.112106 0.475806 0.114596 0.479792 0.122070 0.478794 0.124064 0.473314 0.121074 0.470822 0.116590 0.467834 0.116092 0.462850 0.112106 0.460858 0.094168 0.461854 0.076232 0.440928 0.059790 0.423988 0.053312 0.422992 0.057298 0.430964 0.062280 0.434948 0.065768 0.438436 0.044344 0.439932 0.040358 0.442422 0.033880 0.449896 0.029894 0.458864
1 0.074736 0.501714 0.086694 0.503208 0.091180 0.508192 0.093670 0.502212 0.098154 0.499222 0.097158 0.496732 0.096162 0.490254 0.092176 0.492746 0.091678 0.498724 0.083208 0.497728 0.079222 0.498226
0 0.000498 0.641222 0.012954 0.637736 0.030394 0.639230 0.036372 0.642718 0.042850 0.646704 0.050322 0.649194 0.044842 0.659658 0.043348 0.668626 0.043846 0.671118 0.048828 0.669124 0.051818 0.661152 0.055306 0.651686 0.057796 0.656668 0.059790 0.662648 0.061782 0.670620 0.062280 0.679588 0.069256 0.675602 0.070252 0.668626 0.070750 0.662648 0.068260 0.658662 0.064772 0.650192 0.072246 0.650192 0.078224 0.647202 0.079222 0.642220 0.075236 0.639728 0.068758 0.639728 0.063776 0.642718 0.059292 0.645208 0.052316 0.639728 0.039860 0.633250 0.027902 0.629264 0.011958 0.630760 0.003986 0.634746
1 0.020466 0.807196 0.027584 0.810756 0.033812 0.809866 0.036038 0.804082 0.042266 0.808086 0.052498 0.809422 0.060506 0.808086 0.058282 0.804528 0.051164 0.800968 0.044046 0.800524 0.040932 0.800078 0.036482 0.793850 0.033812 0.792070 0.032034 0.794740 0.032034 0.800078 0.032478 0.803192 0.028918 0.803192
1 0.086312 0.827662 0.099214 0.828108 0.107666 0.824548 0.111670 0.826772 0.119234 0.827662 0.120568 0.822768 0.111670 0.820098 0.111226 0.812090 0.108556 0.804972 0.105886 0.806306 0.105442 0.815650 0.105442 0.822324 0.095654 0.821434 0.087202 0.821434
0 0.110872 0.003914 0.183516 0.008700 0.187866 0.012180 0.184820 0.000870
1 0.177426 0.004350 0.200480 0.005654 0.210050 0.009570 0.210050 0.003480 0.203526 0.000000
0 0.092718 0.523548 0.075162 0.529034 0.077356 0.534520 0.071322 0.536714 0.070224 0.553174 0.074614 0.564694 0.086684 0.573472 0.086684 0.580056 0.074066 0.572924 0.068030 0.563598 0.062544 0.558110 0.055412 0.553722 0.055960 0.538908 0.062544 0.530130 0.077356 0.520256 0.085038 0.520804
2 0.108678 0.722440 0.119444 0.727054 0.126108 0.723978 0.114830 0.717828 0.115342 0.712188 0.123544 0.711676 0.129696 0.709112 0.131746 0.705012 0.123032 0.702960 0.114316 0.703474 0.115342 0.700398 0.119956 0.694758 0.119956 0.690658 0.124570 0.691170 0.119444 0.683480 0.112266 0.689120 0.107652 0.687070 0.104576 0.689632 0.104064 0.699372 0.104064 0.708600 0.097912 0.701424 0.090224 0.704498 0.090736 0.711164 0.096888 0.714752 0.102014 0.716802
1 0.051776 0.763964 0.072282 0.763452 0.083046 0.763964 0.083046 0.756274 0.084584 0.744484 0.079970 0.735256 0.073818 0.732180 0.066130 0.730130 0.054852 0.732694 0.045624 0.738846 0.048188 0.750124
0 0.046650 0.796772 0.044598 0.771140 0.048700 0.761914 0.053314 0.752174 0.041010 0.741920 0.044598 0.732694 0.041524 0.728080 0.036910 0.731668 0.024606 0.722954 0.022556 0.708088 0.023582 0.694758 0.022556 0.682456 0.019480 0.681430 0.017942 0.696810 0.010766 0.694758 0.014866 0.677330 0.013842 0.671690 0.008202 0.678868 0.005638 0.686556 0.000512 0.685532 0.000000 0.705524 0.014866 0.725516 0.029732 0.741408 0.042036 0.749098 0.039986 0.761914 0.038448 0.771140 0.038960 0.781394 0.040498 0.790620
2 0.088172 0.892634 0.099450 0.891610 0.099450 0.881356 0.099964 0.878794 0.106114 0.882894 0.108166 0.876230 0.102526 0.866490 0.095350 0.856238 0.090736 0.854700 0.088172 0.849060 0.084584 0.850598 0.083558 0.861364 0.085610 0.869054 0.085610 0.871616 0.077408 0.867002 0.073818 0.865978 0.075356 0.872642 0.074844 0.880844 0.079970 0.888534
1 0.049726 0.982858 0.043062 0.969530 0.039472 0.972604 0.043062 0.981832 0.041524 0.991060 0.037110 0.998046 0.046876 0.998046 0.050750 0.996186 0.052288 0.991572 0.067154 0.989010 0.073818 0.983370 0.074844 0.980808 0.067668 0.979782 0.062542 0.980294 0.057928 0.982344
1 0.019480 0.931594 0.014354 0.930570 0.001026 0.927494 0.001026 0.888020 0.010252 0.893660 0.014354 0.895710 0.022044 0.904426 0.025632 0.913140 0.023068 0.922880
0 0.001026 0.983370 0.004614 0.986446 0.013328 0.979270 0.013328 0.973118 0.030246 0.973630 0.037934 0.965940 0.034858 0.959276 0.031784 0.953124 0.030758 0.944922 0.025632 0.947486 0.025632 0.955688 0.029732 0.959790 0.032296 0.963378 0.029732 0.967478 0.022556 0.967478 0.017430 0.967478 0.018968 0.961328 0.020506 0.954150 0.024606 0.946460 0.033322 0.941848 0.037422 0.932108 0.042548 0.928006 0.045624 0.927494 0.039986 0.911602 0.038960 0.902374 0.031270 0.899812 0.018454 0.892122 0.015892 0.891096 0.017430 0.899298 0.025118 0.903912 0.031270 0.906476 0.032808 0.912628 0.036396 0.917240 0.036396 0.920830 0.029732 0.929544 0.024606 0.931594 0.021018 0.933646 0.018454 0.941334 0.014354 0.949024 0.007176 0.970042 0.002564 0.972604
0 0.024094 0.891610 0.006664 0.881356 0.008714 0.878794 0.015378 0.881356 0.017430 0.869566 0.020506 0.869054 0.021018 0.861364 0.016404 0.858800 0.016916 0.854700 0.019480 0.849574 0.018454 0.833170 0.018968 0.828042 0.026144 0.840346 0.031270 0.836246 0.031270 0.829580 0.033834 0.824968 0.041524 0.827530 0.041524 0.832144 0.040498 0.848036 0.037422 0.852136 0.034346 0.849060 0.034346 0.841372 0.028708 0.842396 0.033834 0.854188 0.034346 0.866490 0.034858 0.872642 0.037934 0.870078 0.039472 0.890584 0.052288 0.900324 0.051264 0.904938 0.039986 0.897760 0.036396 0.893148 0.030246 0.890584
1 0.450978 0.033558 0.438896 0.028190 0.425472 0.010738 0.428158 0.000000 0.487892 0.004028 0.487220 0.014766 0.480510 0.028860 0.471784 0.033558
0 0.446494 0.147348 0.436046 0.145076 0.441498 0.137354 0.442860 0.131904 0.451944 0.134176 0.455578 0.130088 0.447402 0.127362 0.441042 0.123728 0.444676 0.113282 0.449218 0.103288 0.449672 0.086028 0.447856 0.074672 0.443314 0.066952 0.442406 0.075582 0.440588 0.088754 0.436046 0.100564 0.436046 0.110556 0.437864 0.116006 0.423782 0.114190 0.418786 0.116006 0.413790 0.119186 0.416062 0.122820 0.427416 0.123274 0.432412 0.125090 0.425600 0.128724 0.419240 0.131904 0.416062 0.137354 0.420604 0.143714 0.429234 0.147348 0.438772 0.149618
1 0.500546 0.059230 0.493278 0.052870 0.482376 0.043786 0.476018 0.040606 0.464208 0.037882 0.457848 0.041062 0.452852 0.047874 0.440134 0.046966 0.434684 0.053324 0.436954 0.060138 0.440588 0.066042 0.448764 0.069676 0.448310 0.074218 0.453306 0.071948 0.465570 0.079670 0.471476 0.083758 0.475110 0.088754 0.477834 0.089208 0.476926 0.099654 0.480106 0.103288 0.484194 0.097384 0.481014 0.091478 0.480560 0.086482 0.476018 0.081940 0.471022 0.073310 0.459666 0.068768 0.456032 0.066042 0.457394 0.058776 0.456486 0.054688 0.452852 0.056504 0.451490 0.063318 0.444676 0.062410 0.440588 0.060592 0.440134 0.056050 0.444676 0.053780 0.452398 0.051054 0.458758 0.049692 0.465116 0.047874 0.469658 0.045604 0.477834 0.049692 0.486010 0.053780 0.492370 0.057868
1 0.584574 0.090570 0.587300 0.076944 0.588662 0.067406 0.584120 0.066498 0.581396 0.072402 0.579578 0.085574 0.573674 0.086482 0.564136 0.086482 0.561410 0.088300 0.563226 0.092388 0.570040 0.093296 0.575944 0.093296 0.578670 0.094658 0.580032 0.100110 0.585030 0.106014 0.586392 0.102834 0.585938 0.097384
1 0.359284 0.149618 0.347474 0.146438 0.336120 0.145076 0.338390 0.141442 0.346566 0.140534 0.350200 0.140534 0.352470 0.133720 0.356104 0.132358 0.360192 0.130542 0.366098 0.129178 0.370186 0.131450 0.369732 0.136446 0.367006 0.143714 0.368368 0.148256 0.373364 0.153706 0.375182 0.155978 0.376998 0.160066 0.373820 0.160974 0.368368 0.157340 0.366552 0.154160 0.364280 0.150982
0 0.427870 0.232286 0.425146 0.221384 0.419240 0.217750 0.416970 0.214118 0.412428 0.208212 0.408794 0.201398 0.406522 0.195494 0.405614 0.187772 0.405160 0.180050 0.401072 0.180050 0.399256 0.187318 0.401072 0.198220 0.402434 0.205486 0.404252 0.212754 0.409702 0.222292 0.416516 0.229106 0.423328 0.234556 0.429234 0.240008 0.434230 0.254542 0.432868 0.261356 0.434684 0.265898 0.441042 0.274528 0.442406 0.281340 0.447856 0.284066 0.445586 0.269078 0.439680 0.262718 0.438772 0.248184 0.434230 0.236828 0.440588 0.232740 0.447402 0.229106 0.451944 0.226836 0.445130 0.220022 0.438318 0.222748
1 0.390170 0.240008 0.401072 0.239554 0.407886 0.248638 0.413336 0.252272 0.412428 0.242278 0.409248 0.235010 0.407430 0.227744 0.404706 0.222292 0.402888 0.215480 0.400164 0.215480 0.401072 0.225472 0.401072 0.230922 0.401072 0.234102 0.398800 0.235920 0.393350 0.235920
1 0.341796 0.386120 0.346282 0.375160 0.352260 0.380640 0.357740 0.379146 0.351762 0.372668 0.356744 0.362704 0.353256 0.354732 0.350268 0.363700 0.345782 0.370176 0.337312 0.365692 0.334324 0.364198 0.335818 0.370176 0.341796 0.373664 0.341298 0.378648
0 0.390624 0.340282 0.401586 0.356226 0.406070 0.353734 0.410056 0.352240 0.410056 0.359216 0.412548 0.363700 0.414042 0.359714 0.415040 0.352240 0.418028 0.359216 0.419524 0.366690 0.423510 0.368682 0.423510 0.358718 0.422512 0.345762 0.422512 0.340282 0.421018 0.328822 0.422014 0.322346 0.413046 0.320352 0.405074 0.311384 0.401586 0.306900 0.401586 0.300920 0.407068 0.295440 0.417032 0.287966 0.417530 0.280492 0.411552 0.281988 0.401088 0.288464 0.395608 0.296436 0.396106 0.309390 0.402084 0.324338 0.409060 0.327826 0.411054 0.334304 0.413046 0.342276 0.410056 0.346262 0.404078 0.348752 0.397600 0.341776
0 0.355250 0.423988 0.358238 0.414520 0.361726 0.414520 0.368204 0.409040 0.383152 0.401068 0.391622 0.401566 0.401586 0.398078 0.405074 0.399076 0.409558 0.407048 0.410554 0.412030 0.403580 0.417510 0.395110 0.423490 0.400092 0.426978 0.410554 0.424486 0.416534 0.414520 0.422512 0.407546 0.421516 0.399076 0.421772 0.394440 0.414634 0.391196 0.416580 0.399632 0.417230 0.406120 0.415282 0.411960 0.413336 0.398334 0.410740 0.388600 0.407496 0.384058 0.399060 0.384058 0.394518 0.381462 0.399060 0.377570 0.395816 0.366538 0.387380 0.352264 0.386732 0.360698 0.388678 0.368486 0.386732 0.376272 0.390624 0.384058 0.395816 0.390548 0.383488 0.389250 0.373106 0.393142 0.364670 0.398982 0.359478 0.404174 0.353638 0.415854
1 0.260200 0.416502 0.279666 0.422992 0.293942 0.424938 0.309516 0.429480 0.329630 0.431426 0.345852 0.422342 0.347800 0.408066 0.348448 0.397036 0.341310 0.389250 0.332226 0.384058 0.320546 0.376272 0.311462 0.378868 0.305622 0.383410 0.299134 0.390548 0.286804 0.397684 0.276422 0.397036 0.260850 0.404822
1 0.424366 0.478794 0.432154 0.467114 0.441238 0.461924 0.441238 0.456732 0.436046 0.453488 0.431504 0.451542 0.429558 0.459328 0.416580 0.455436 0.418526 0.463222 0.424366 0.466466 0.420474 0.471008
1 0.438642 0.439862 0.432802 0.437266 0.428908 0.435320 0.430206 0.428182 0.441238 0.432724 0.448376 0.432076 0.456162 0.417800 0.460056 0.421044 0.456810 0.432076 0.455512 0.438564 0.459406 0.443756 0.456810 0.448946 0.452268 0.447000 0.449672 0.440510
0 0.414634 0.550172 0.401656 0.540438 0.392572 0.524216 0.390624 0.511238 0.384786 0.500208 0.375700 0.500856 0.370510 0.493070 0.370510 0.483336 0.374404 0.479444 0.375052 0.471008 0.380242 0.474252 0.385434 0.481390 0.391274 0.483986 0.399060 0.486582 0.391922 0.489826 0.395168 0.496964 0.400358 0.503452 0.402954 0.513834 0.404252 0.522918 0.406846 0.533300
1 0.358830 0.463222 0.363372 0.450244 0.373106 0.464520 0.376350 0.471656 0.380892 0.474252 0.381540 0.467764 0.395816 0.472954 0.400358 0.467764 0.383488 0.459328 0.369860 0.450244 0.363372 0.439862 0.354288 0.433374 0.344554 0.426236 0.347150 0.434022 0.352342 0.438564 0.355586 0.444404 0.355586 0.450244
1 0.412038 0.513834 0.404252 0.510590 0.410092 0.504100 0.410092 0.493718 0.408144 0.480742 0.406198 0.474252 0.413984 0.478146 0.419176 0.482688 0.421122 0.491124 0.428260 0.498262 0.431504 0.504750 0.433450 0.511238 0.422420 0.506048 0.419824 0.500856 0.416580 0.502154 0.425664 0.511888 0.428908 0.514482 0.427612 0.518376 0.419176 0.513834
2 0.402954 0.568340 0.391922 0.553416 0.391274 0.548224 0.405550 0.556660 0.409458 0.552740 0.409458 0.552740 0.409458 0.552740 0.412366 0.554194 0.412366 0.564856 0.417698 0.567278 0.419152 0.569702 0.413336 0.571640 0.420120 0.577456 0.427390 0.583756 0.427874 0.589088 0.419152 0.585210 0.412850 0.580848 0.412366 0.585696 0.410912 0.590056 0.406066 0.584242 0.406066 0.577940 0.400734 0.575518
0 0.385710 0.635614 0.381348 0.623982 0.377472 0.618166 0.371656 0.609928 0.373110 0.602658 0.379894 0.597326 0.382318 0.597812 0.383288 0.602658 0.380864 0.610896 0.379410 0.613804 0.382802 0.616712 0.387164 0.607988 0.388134 0.602174 0.388134 0.592480 0.389104 0.589088 0.397826 0.583756 0.400734 0.579394 0.403158 0.569702 0.398312 0.567764 0.389588 0.575032 0.381348 0.585696 0.371656 0.591026 0.362448 0.593934 0.357116 0.597812 0.361478 0.607988 0.367294 0.616228 0.372626 0.623498 0.376988 0.629798
1 0.453076 0.708310 0.442414 0.706856 0.440476 0.704434 0.449684 0.701042 0.449684 0.690864 0.450654 0.686016 0.455016 0.687956 0.455500 0.698134 0.456954 0.703948 0.460346 0.709280 0.462284 0.713158 0.462284 0.718488 0.456954 0.717034
1 0.311076 0.693286 0.307682 0.685532 0.305260 0.684078 0.301866 0.690378 0.291690 0.690378 0.287328 0.692802 0.288782 0.698618 0.306228 0.698618 0.318830 0.706856 0.323192 0.703464
1 0.255826 0.718004 0.257280 0.708310 0.256310 0.700072 0.259218 0.693286 0.255340 0.691348 0.253886 0.695710 0.245164 0.687956 0.242256 0.687470 0.244678 0.694740 0.250494 0.700556 0.251948 0.706856 0.251464 0.710250 0.248556 0.712188
0 0.317562 0.727250 0.333798 0.711492 0.347170 0.705762 0.374388 0.700508 0.393968 0.694300 0.393490 0.687614 0.379642 0.690958 0.370090 0.691434 0.355288 0.693822 0.341916 0.696688 0.329978 0.704328 0.325202 0.711492 0.323292 0.716744
0 0.317084 0.830876 0.325202 0.813206 0.335708 0.798880 0.348602 0.791718 0.358152 0.786942 0.365316 0.794582 0.368180 0.792672 0.359586 0.779302 0.361972 0.770228 0.369136 0.754948 0.370090 0.747306 0.366748 0.746830 0.349080 0.776914 0.346214 0.784078 0.330932 0.788852 0.329022 0.795060 0.320428 0.804612 0.317084 0.810820 0.315174 0.817504 0.313264 0.823236
1 0.366748 0.851410 0.357198 0.849978 0.351466 0.846156 0.361496 0.844246 0.366270 0.843770 0.367704 0.837084 0.372478 0.837084 0.373434 0.843770 0.374388 0.849978 0.378210 0.859528 0.378686 0.861916 0.373912 0.862394
2 0.316606 0.907760 0.316130 0.896298 0.320428 0.894388 0.324724 0.899164 0.328546 0.897254 0.325202 0.890090 0.322338 0.884838 0.323292 0.877196 0.323292 0.866214 0.319950 0.860482 0.314220 0.861916 0.313264 0.872422 0.311354 0.879106 0.308966 0.880062 0.306102 0.874332 0.303236 0.874808 0.303236 0.881494 0.306578 0.884360 0.306102 0.888658 0.300848 0.885792 0.299894 0.887702 0.302280 0.891522 0.306102 0.892956 0.302280 0.894866 0.297982 0.895344 0.298460 0.899164 0.303236 0.900596 0.307056 0.895820 0.310398 0.893432 0.311832 0.893910 0.311832 0.897254 0.311354 0.901074 0.311354 0.904416
0 0.283124 0.970452 0.278792 0.962970 0.271312 0.960606 0.269342 0.955882 0.265404 0.952732 0.263042 0.953124 0.262254 0.961000 0.266586 0.966120 0.275248 0.970452 0.263830 0.971238 0.257922 0.971238 0.252016 0.973996 0.248866 0.977932 0.247290 0.985020 0.253198 0.983446 0.259104 0.976752 0.266980 0.975964 0.273280 0.976358 0.280762 0.977540 0.286274 0.980690 0.292182 0.983840 0.303600 0.985808 0.310294 0.987384 0.309508 0.992896 0.310294 0.995258 0.308594 0.998046 0.314454 0.998046 0.316596 0.992896 0.319352 0.988564 0.324470 0.988170 0.329590 0.989746 0.341010 0.990928 0.342190 0.982658 0.341796 0.979114 0.338252 0.975176 0.342584 0.968876 0.341796 0.965332 0.338252 0.965332 0.332346 0.973602 0.323684 0.969270 0.319746 0.968482 0.313838 0.970844 0.316596 0.973996 0.322108 0.976358 0.325652 0.979114 0.328014 0.982658 0.324470 0.983446 0.316990 0.979114 0.313446 0.976358 0.312264 0.973208 0.313446 0.965332 0.317776 0.961788 0.317382 0.956668 0.314232 0.955882 0.311082 0.958638 0.307538 0.963364 0.306750 0.971632 0.305964 0.975176 0.291788 0.972814 0.287456 0.970844
0 0.544696 0.997478 0.551700 0.986584 0.553256 0.975690 0.568394 0.969296 0.572464 0.961158 0.581764 0.951858 0.586996 0.941976 0.586414 0.929768 0.583508 0.926862 0.582346 0.918144 0.578858 0.915236 0.572464 0.911168 0.569556 0.911168 0.573044 0.916400 0.575950 0.919886 0.575370 0.925118 0.572036 0.920076 0.565812 0.915288 0.564376 0.915288 0.564856 0.922468 0.571558 0.929170 0.575386 0.931564 0.578260 0.936830 0.579216 0.940660 0.578738 0.949276 0.572036 0.953584 0.567248 0.955500 0.560546 0.962202 0.556238 0.965552 0.557196 0.959330 0.559110 0.948798 0.563420 0.945926 0.567248 0.947840 0.572514 0.948798 0.575866 0.946404 0.573950 0.942574 0.567728 0.941138 0.564376 0.938744 0.562940 0.933478 0.562940 0.927256 0.561504 0.922948 0.558154 0.921032 0.554802 0.921512 0.553366 0.932042 0.554324 0.944490 0.546664 0.936352 0.535176 0.924384 0.522730 0.911938 0.517942 0.909064 0.517942 0.915288 0.523686 0.921032 0.530868 0.929650 0.538048 0.937788 0.543314 0.943532 0.548580 0.947840 0.544270 0.950712 0.543314 0.954542 0.542834 0.965552 0.541398 0.975606 0.541398 0.980870 0.541398 0.991402
0 0.620250 0.878688 0.618074 0.871728 0.617204 0.861724 0.612854 0.853024 0.603720 0.844760 0.598500 0.840410 0.582840 0.840410 0.576316 0.836930 0.570226 0.834320 0.570226 0.838670 0.571530 0.847370 0.565440 0.844324 0.561526 0.841280 0.557610 0.843020 0.551086 0.838234 0.549780 0.844760 0.547606 0.849980 0.549780 0.854330 0.549346 0.858244 0.544996 0.858244 0.538906 0.851284 0.538470 0.847370 0.537600 0.842150 0.536296 0.838234 0.530206 0.837364 0.531946 0.843890 0.533686 0.848674 0.534556 0.854330 0.535860 0.857810 0.539776 0.859548 0.539776 0.869554 0.537600 0.874774 0.534990 0.875644 0.534556 0.866508 0.532380 0.866074 0.528032 0.866508 0.526726 0.861724 0.529336 0.858680 0.527596 0.854764 0.522376 0.854330 0.514982 0.850850 0.517156 0.848240 0.522376 0.846934 0.526726 0.846064 0.524986 0.842150 0.524552 0.836494 0.532380 0.829970 0.541950 0.826490 0.549346 0.824314 0.561090 0.824750 0.549780 0.814744 0.550650 0.811700 0.564136 0.817790 0.572400 0.828230 0.578926 0.829534 0.589366 0.829970 0.597630 0.830404 0.601546 0.831274 0.605026 0.827360 0.605896 0.820834 0.603286 0.819530 0.595456 0.815180 0.595456 0.811264 0.601980 0.811264 0.607200 0.813440 0.610680 0.810394 0.616770 0.803434 0.620684 0.799520 0.623294 0.801694 0.620250 0.812570 0.613724 0.817790 0.610244 0.822574 0.609810 0.833884 0.613290 0.841280 0.617204 0.850414 0.621120 0.855634 0.623294 0.863898 0.625034 0.871294 0.625470 0.879124
1 0.509544 0.658212 0.502774 0.657246 0.493106 0.656762 0.488756 0.653862 0.492140 0.648544 0.501324 0.649028 0.509544 0.649028 0.510026 0.640808 0.512928 0.635490 0.514378 0.632590 0.518246 0.635490 0.517762 0.646126 0.517762 0.651444 0.520662 0.656762 0.522112 0.660630 0.525496 0.666432 0.525014 0.670298 0.519212 0.667398 0.517278 0.663530 0.514862 0.659664
1 0.460232 0.982122 0.452496 0.978738 0.448628 0.976804 0.446696 0.972936 0.453464 0.971486 0.460232 0.973904 0.461682 0.968586 0.464582 0.970036 0.464582 0.975838 0.466516 0.979222 0.471834 0.984056 0.468450 0.986474
1 0.560256 0.613186 0.548768 0.611834 0.547416 0.605752 0.558228 0.606428 0.559580 0.600346 0.565662 0.603726 0.570394 0.613186 0.575124 0.618594 0.576476 0.622648 0.570394 0.621972
1 0.615674 0.727400 0.605536 0.719290 0.590668 0.718614 0.587290 0.715236 0.604860 0.711180 0.609592 0.710504 0.607564 0.702396 0.608240 0.696312 0.604184 0.684148 0.603508 0.678066 0.609592 0.680768 0.611618 0.678742 0.624460 0.684824 0.629190 0.689554 0.622432 0.690906 0.618376 0.694962 0.617702 0.701720 0.620404 0.711180 0.614322 0.706450 0.613646 0.711856 0.609592 0.713208
0 0.601482 0.530060 0.581206 0.538170 0.581882 0.549660 0.588640 0.557094 0.596074 0.557094 0.602158 0.555066 0.614998 0.565204 0.617702 0.571962 0.614998 0.582774 0.609592 0.594264 0.607564 0.603726 0.613646 0.603726 0.617702 0.594940 0.620404 0.586154 0.620404 0.578044 0.620404 0.573988 0.625810 0.573988 0.627162 0.580072 0.631894 0.580748 0.631218 0.569258 0.637976 0.569258 0.648788 0.573314 0.646086 0.568582 0.640680 0.562500 0.628514 0.564528 0.622432 0.561148 0.617702 0.553714 0.618376 0.545604 0.627838 0.540874 0.627162 0.532764 0.627838 0.526682 0.623108 0.521274 0.617702 0.532764 0.613646 0.537494 0.608240 0.540198 0.600806 0.542902 0.591344 0.544252 0.587290 0.543576 0.590668 0.540874 0.597426 0.538170
1 0.674470 0.509786 0.676498 0.496946 0.683256 0.492890 0.687986 0.487484 0.692042 0.477346 0.682580 0.477346 0.679876 0.482078 0.672442 0.478022 0.668388 0.479374 0.670416 0.487484 0.670416 0.495594 0.669740 0.502352
1 0.668388 0.553038 0.674470 0.543576 0.678526 0.540874 0.682580 0.544252 0.687310 0.549660 0.692718 0.544252 0.687310 0.538846 0.683256 0.534116 0.691366 0.532088 0.696772 0.532764 0.698800 0.539522 0.703530 0.544252 0.707586 0.540198 0.704882 0.531412 0.700828 0.523978 0.694068 0.519924 0.689190 0.523964 0.681992 0.525216 0.676358 0.526154 0.667712 0.517220 0.667036 0.520600 0.665684 0.526682 0.665684 0.534116 0.664332 0.539522 0.663658 0.547632
1 0.752906 0.470566 0.742006 0.455124 0.737464 0.450582 0.736556 0.436046 0.732922 0.425146 0.747456 0.415152 0.763808 0.420604 0.774710 0.437864 0.781976 0.452398 0.776526 0.456940
1 0.623914 0.676432 0.633410 0.666938 0.642904 0.667616 0.653754 0.665582 0.656468 0.659478 0.643582 0.658122 0.640870 0.656766 0.636800 0.650662 0.632052 0.648628 0.623914 0.649984 0.621202 0.654730 0.621880 0.660834 0.615098 0.664904 0.611708 0.666260
1 0.725640 0.572672 0.726996 0.563178 0.733778 0.555040 0.743272 0.548258 0.741916 0.540120 0.739204 0.540120 0.733100 0.545546 0.725640 0.549614 0.716824 0.552328 0.709364 0.554362 0.708008 0.561822 0.709364 0.567248 0.714790 0.561144 0.716824 0.555718 0.720894 0.557074 0.721572 0.561144
0 0.578478 0.477728 0.606282 0.456706 0.623914 0.441108 0.629340 0.432970 0.636122 0.430936 0.642226 0.430258 0.644938 0.436360 0.642904 0.443142 0.630696 0.455350 0.627984 0.464844 0.628662 0.469590 0.638156 0.462132 0.650364 0.446534 0.653754 0.435682 0.649686 0.426188 0.645616 0.424154 0.652398 0.414660 0.651720 0.407200 0.647650 0.405844 0.634088 0.419406 0.624594 0.424832 0.613064 0.430936 0.592720 0.432292 0.585260 0.427544 0.575764 0.427544 0.575086 0.435004 0.583902 0.439752 0.594076 0.443820 0.598144 0.445176 0.589328 0.454672 0.581868 0.462810 0.579156 0.466878
2 0.674100 0.420084 0.666640 0.407878 0.655788 0.404486 0.644938 0.402452 0.642226 0.401096 0.650364 0.393636 0.647650 0.387532 0.642904 0.374648 0.638156 0.367866 0.638156 0.359050 0.640870 0.352268 0.651720 0.377360 0.657146 0.380072 0.663926 0.378038 0.659180 0.369900 0.657146 0.363796 0.661892 0.362440 0.667996 0.367866 0.672744 0.371934 0.678846 0.371934 0.684272 0.383464 0.693088 0.381430 0.698514 0.377360 0.700548 0.382108 0.694444 0.388888 0.685628 0.392958 0.676812 0.394314 0.678168 0.395670 0.675456 0.401096 0.673422 0.401774 0.677490 0.408556
1 0.635444 0.387532 0.625950 0.384820 0.621880 0.381430 0.630018 0.378716 0.635444 0.380750 0.639512 0.373292 0.643582 0.376004 0.644938 0.381430 0.642226 0.386854 0.644260 0.393636 0.637478 0.394314
1 0.601536 0.308186 0.594754 0.308866 0.596110 0.300726 0.601536 0.296658 0.601536 0.288520 0.611708 0.287842 0.609674 0.298692 0.614420 0.303440 0.620524 0.308186 0.625950 0.306830 0.625950 0.314968 0.632052 0.315646 0.633410 0.321750 0.625950 0.323106 0.622558 0.328532 0.622558 0.334636 0.631374 0.344130 0.632732 0.352268 0.623236 0.348198 0.615776 0.338704 0.615776 0.328532 0.616456 0.319716 0.611030 0.321750 0.599500 0.321072 0.604248 0.317004
1 0.562880 0.226128 0.565592 0.217990 0.579834 0.225450 0.581190 0.220024 0.576444 0.214600 0.567626 0.210530 0.567626 0.203748 0.570340 0.194254 0.568984 0.186794 0.562880 0.192220 0.561524 0.203748 0.555420 0.205784 0.550672 0.205784 0.552708 0.212566 0.556098 0.213922
0 0.594754 0.214600 0.609674 0.228162 0.627306 0.229520 0.641548 0.240370 0.656468 0.245118 0.667318 0.245118 0.670708 0.241048 0.674778 0.241726 0.679524 0.238336 0.676134 0.234266 0.662570 0.232232 0.651042 0.226128 0.642226 0.213244 0.637478 0.196290 0.631374 0.186794 0.630696 0.197646 0.631374 0.209852 0.638156 0.223416 0.628662 0.219346 0.622558 0.216634 0.617812 0.217312 0.604248 0.211886
1 0.658502 0.209852 0.653754 0.195610 0.652398 0.190186 0.643582 0.186116 0.637478 0.182726 0.635444 0.175944 0.641548 0.175944 0.650364 0.182048 0.658502 0.182726 0.667996 0.188830 0.673422 0.188152 0.676812 0.199680 0.672064 0.199002 0.668674 0.198324 0.671386 0.205106 0.674778 0.211886 0.667318 0.211208 0.664606 0.203748 0.664606 0.196290 0.665962 0.192220 0.660536 0.192220 0.657824 0.189508 0.657146 0.190186 0.660536 0.196968
0 0.635118 0.170688 0.644072 0.161734 0.646870 0.144946 0.651348 0.143266 0.656944 0.147184 0.664220 0.148862 0.668696 0.149982 0.673174 0.165092 0.678770 0.173486 0.684366 0.179084 0.692200 0.184120 0.701156 0.187478 0.709550 0.187478 0.711228 0.184120 0.703394 0.183560 0.693880 0.180202 0.686604 0.175726 0.681568 0.170128 0.679888 0.163414 0.679330 0.159496 0.677650 0.150542 0.674292 0.143266 0.674852 0.137670 0.681008 0.128716 0.689962 0.121440 0.693880 0.118082 0.693320 0.114166 0.686044 0.115284 0.679330 0.119202 0.673732 0.125918 0.668696 0.133194 0.668136 0.139908 0.664778 0.139908 0.664778 0.130394 0.660862 0.126478 0.658064 0.127038 0.657504 0.134872 0.655824 0.135992 0.649668 0.130394 0.644072 0.123680 0.641834 0.123120 0.640714 0.125918 0.642954 0.132634 0.645192 0.135992 0.640154 0.141588 0.639596 0.148304 0.636798 0.158376
2 0.687724 0.147184 0.681008 0.144946 0.676532 0.143266 0.677650 0.138230 0.683246 0.136550 0.685486 0.133752 0.687724 0.129836 0.692760 0.128156 0.692200 0.135992 0.696118 0.136550 0.703394 0.138230 0.710668 0.139350 0.715706 0.139350 0.718504 0.135432 0.720742 0.139350 0.721862 0.147744 0.719064 0.156138 0.714586 0.161734 0.710110 0.156698 0.702834 0.156138 0.696678 0.151660 0.690522 0.153900
2 0.730256 0.085624 0.724100 0.090660 0.725220 0.082266 0.719064 0.076110 0.727458 0.074992 0.723540 0.067716 0.725780 0.062680 0.732494 0.051486 0.736412 0.048688 0.735852 0.041972 0.741448 0.042532 0.743128 0.048128 0.740330 0.055404 0.732494 0.059880 0.732494 0.065478 0.737532 0.070514 0.739210 0.065478 0.742568 0.066596 0.744246 0.062120 0.747604 0.073872 0.754880 0.085064 0.756000 0.088982 0.746486 0.081706 0.743128 0.079468 0.746486 0.087862 0.748724 0.093458 0.742568 0.093458 0.739770 0.085624 0.736972 0.086744
0 0.665338 0.077230 0.674292 0.066596 0.678210 0.066596 0.682688 0.074432 0.686604 0.085624 0.690522 0.092900 0.696678 0.088422 0.692200 0.079468 0.687724 0.073312 0.683806 0.066036 0.688284 0.066036 0.695000 0.069394 0.701156 0.073312 0.706752 0.077230 0.709550 0.082266 0.709550 0.086744 0.708430 0.094018 0.702834 0.097936 0.697798 0.100734 0.692760 0.104092 0.691642 0.108010 0.692760 0.110248 0.701156 0.108570 0.711788 0.103532 0.715146 0.097936 0.716824 0.082266 0.716266 0.076110 0.705632 0.064358 0.695000 0.058202 0.688284 0.056524 0.677650 0.055404 0.675412 0.049248 0.681568 0.045890 0.682688 0.039174 0.680448 0.035816 0.672614 0.036936 0.667578 0.040854 0.661980 0.038056 0.655266 0.036936 0.651908 0.039174 0.649668 0.044212 0.656944 0.047010 0.658622 0.052606 0.663100 0.057642 0.660302 0.061560 0.653026 0.064358 0.650788 0.069394 0.658064 0.069954 0.661980 0.067716
1 0.568298 0.043144 0.577082 0.043662 0.581732 0.046244 0.585348 0.050378 0.588966 0.050378 0.589998 0.044178 0.589998 0.037978 0.588448 0.029710 0.585866 0.025576 0.583798 0.029710 0.583798 0.035910 0.583798 0.037978 0.579664 0.037460 0.576048 0.037460 0.571914 0.037978
1 0.533316 0.374192 0.527682 0.365742 0.525804 0.359638 0.530498 0.359168 0.531438 0.363394 0.531908 0.358698 0.533316 0.357760 0.536132 0.360576 0.536132 0.367620 0.538010 0.371844 0.541298 0.376070 0.545992 0.380296 0.546932 0.385930 0.543176 0.381704 0.541298 0.377010 0.537542 0.380766 0.538950 0.387338 0.544114 0.392034 0.548810 0.393912 0.553504 0.396260 0.556790 0.400484 0.553504 0.401424 0.546932 0.397668 0.545992 0.397198 0.544114 0.399546 0.545054 0.403302 0.542236 0.405180 0.538480 0.403772 0.536602 0.397198 0.534724 0.390156 0.533316 0.383112 0.528620 0.381234 0.527682 0.377010 0.528620 0.374192
1 0.734262 0.004696 0.736140 0.011268 0.739896 0.013146 0.741304 0.006574
0 0.948050 0.300066 0.962812 0.301202 0.973030 0.298362 0.982684 0.294956 0.994038 0.286440 0.999148 0.279058 0.998580 0.293820 0.988360 0.297794 0.982116 0.305744 0.990632 0.304608 0.999148 0.172886 0.996310 0.174588 0.996878 0.185944 0.998580 0.196164 0.995174 0.204680 0.986658 0.202410 0.977006 0.205248 0.967354 0.208088 0.957134 0.212062 0.950320 0.216604 0.943506 0.225120 0.940668 0.231366 0.937830 0.240450 0.953160 0.221146 0.963378 0.217172 0.975302 0.215468 0.983818 0.217172 0.993470 0.218308 0.999148 0.267136 0.990632 0.267704 0.980980 0.268838 0.972464 0.272812 0.967354 0.279626 0.961108 0.285304 0.956566 0.289846 0.951456 0.294388
0 0.979276 0.419866 0.979276 0.407374 0.979844 0.397154 0.967354 0.397154 0.961108 0.394884 0.955998 0.391476 0.951456 0.386934 0.946346 0.382960 0.941804 0.377282 0.937830 0.373876 0.937830 0.361952 0.938398 0.352300 0.938398 0.347758 0.942372 0.347190 0.944642 0.351166 0.945210 0.365360 0.946914 0.373308 0.951456 0.376146 0.955998 0.382392 0.961108 0.384664 0.968488 0.385798 0.968488 0.380122 0.962244 0.370470 0.957134 0.368198 0.948616 0.362520 0.953160 0.358546 0.962812 0.361384 0.970760 0.368766 0.976438 0.378418 0.980412 0.386366 0.984954 0.389774 0.988360 0.392612 0.990064 0.398290 0.990064 0.406806 0.988360 0.410214 0.988360 0.420432 0.986090 0.426110 0.977006 0.426110 0.969624 0.426678 0.959972 0.425542 0.953726 0.424976 0.944642 0.423272 0.939532 0.420432 0.935558 0.415890 0.930448 0.407374 0.938398 0.409646 0.944074 0.413052 0.950888 0.415890 0.957134 0.418162 0.963946 0.418730 0.968488 0.419298
0 0.980412 0.484022 0.980980 0.470964 0.986090 0.460176 0.994038 0.450524 0.998580 0.440304 0.997446 0.436898 0.990632 0.439738 0.984386 0.446550 0.979844 0.454500 0.977006 0.463584 0.975870 0.475506 0.972464 0.467558 0.968488 0.462448 0.965650 0.458474 0.959404 0.451092 0.954862 0.446550 0.948616 0.445982 0.946346 0.446550 0.953160 0.456202 0.958268 0.461312 0.960540 0.466990 0.961676 0.472100 0.962244 0.476642 0.967354 0.479480 0.962812 0.487998 0.960540 0.497082 0.960540 0.506166 0.967354 0.511276 0.976438 0.512980 0.983250 0.509004 0.989496 0.504462 0.985522 0.501624 0.979844 0.503894 0.971896 0.503894 0.967922 0.503328 0.969624 0.495946 0.971896 0.490268
0 0.933854 0.859886 0.946914 0.858750 0.955430 0.860454 0.965650 0.863860 0.968488 0.866132 0.970192 0.870674 0.970192 0.876920 0.968488 0.880894 0.974166 0.880894 0.974734 0.870106 0.973598 0.864996 0.965650 0.858750 0.960540 0.855344 0.953726 0.850802 0.946346 0.848530 0.933854 0.846828 0.923636 0.845692 0.916254 0.836040 0.912280 0.832634 0.908874 0.829794 0.910008 0.824116 0.908874 0.818438 0.905466 0.817872 0.903196 0.823548 0.893544 0.819006 0.887298 0.816168 0.881620 0.818438 0.886162 0.824684 0.893544 0.828658 0.896382 0.833768 0.894112 0.840014 0.892408 0.847396 0.891272 0.857048 0.891840 0.862724 0.895246 0.868402 0.898654 0.871242 0.904898 0.874648 0.911712 0.876352 0.910008 0.872376 0.903196 0.867266 0.898654 0.862158 0.897518 0.856480 0.900356 0.851938 0.902060 0.851370 0.902628 0.859886 0.906034 0.863860 0.907738 0.863860 0.908874 0.855912 0.911144 0.853072 0.918526 0.852504 0.924770 0.853640
0 0.904898 0.973440 0.899788 0.962652 0.894112 0.956974 0.885026 0.953568 0.875942 0.950162 0.870264 0.945620 0.872536 0.941076 0.882188 0.941076 0.890704 0.942212 0.887298 0.935968 0.883892 0.926314 0.878782 0.916662 0.886730 0.919502 0.895246 0.937102 0.900924 0.949594 0.907738 0.952432 0.915686 0.953568 0.912848 0.959814 0.915686 0.963788 0.921932 0.966058 0.925906 0.967194 0.922500 0.970600 0.926474 0.979118 0.930448 0.988770 0.935558 0.996150 0.931640 0.998046 0.927042 0.995582 0.919660 0.988202 0.914550 0.977414 0.913416 0.976846 0.912280 0.984228 0.908306 0.990472 0.903196 0.994448 0.902060 0.987634
1 0.838470 0.991040 0.829954 0.995582 0.824844 0.991608 0.829954 0.982524 0.832224 0.974576 0.829954 0.967762 0.836198 0.967194 0.841876 0.974576 0.846418 0.975710 0.853232 0.976278 0.852664 0.980820 0.846418 0.980820 0.839038 0.980252 0.843012 0.985930 0.846418 0.987634 0.846986 0.991040
1 0.976562 0.988380 0.983614 0.978508 0.989254 0.971458 0.989960 0.963702 0.983614 0.962292 0.980794 0.965816 0.973742 0.964406 0.971626 0.967226 0.975152 0.973572
1 0.825672 0.721148 0.837658 0.716212 0.850350 0.722558 0.851054 0.715506 0.846824 0.711982 0.855286 0.707750 0.860926 0.709160 0.863746 0.713392 0.870798 0.716212 0.871502 0.709866 0.872208 0.705636 0.866568 0.698584 0.863042 0.691534 0.858810 0.692238 0.859516 0.701404 0.851054 0.702110 0.844708 0.704930 0.841184 0.707046 0.834838 0.708456 0.828492 0.714096
0 0.924052 0.799436 0.918288 0.790472 0.913806 0.784708 0.912526 0.777024 0.921490 0.775102 0.936220 0.775742 0.940062 0.779586 0.933658 0.783428 0.926614 0.783428 0.920210 0.784068 0.915088 0.783428 0.906762 0.781506 0.905482 0.784068 0.914446 0.788550 0.924052 0.790472 0.934938 0.790472 0.942622 0.787910 0.943904 0.779586 0.944544 0.771260 0.949026 0.764856 0.950308 0.758452 0.947106 0.755892 0.943264 0.756532 0.938780 0.766138 0.933658 0.767418 0.929176 0.765496 0.926614 0.759734 0.929816 0.753970 0.924692 0.752050 0.920850 0.753330 0.917008 0.754610 0.918930 0.759094 0.914446 0.761014 0.907402 0.764216 0.897156 0.765496 0.895876 0.769980 0.904842 0.771900 0.908684 0.773182 0.911886 0.789190
1 0.867700 0.638704 0.867700 0.632940 0.866420 0.621414 0.860016 0.623976 0.858734 0.632940 0.856814 0.640624 0.851050 0.647028 0.853612 0.650230 0.860656 0.643826 0.861296 0.650230 0.867060 0.647028 0.871542 0.647670
1 0.869792 0.528690 0.856322 0.524200 0.841730 0.512976 0.843974 0.488282 0.856322 0.481546 0.875404 0.486036 0.884384 0.492772 0.888874 0.508486 0.886628 0.519710
1 0.917544 0.516380 0.911096 0.520066 0.903554 0.528180 0.902930 0.520068 0.906674 0.513828 0.908546 0.506340 0.908546 0.502596 0.913538 0.505092 0.918530 0.507588 0.926018 0.508212 0.926018 0.511956
1 0.985224 0.004618 0.974144 0.005080 0.977376 0.000000 0.997230 0.003694 0.997230 0.010620 0.994460 0.014776 0.992150 0.009234
1 0.968140 0.200854 0.968140 0.189310 0.969988 0.185154 0.970910 0.176844 0.971834 0.172226 0.967678 0.171302 0.965832 0.177766 0.964446 0.186078 0.959830 0.184692 0.956136 0.184230 0.956136 0.188386 0.960752 0.190696 0.961214 0.196236 0.961214 0.199930
1 0.895302 0.563402 0.881216 0.566688 0.876052 0.565280 0.882156 0.561524 0.889668 0.558236 0.899996 0.555890 0.901404 0.546030 0.905160 0.544152 0.907978 0.547438 0.904692 0.556358 0.901874 0.559646 0.904222 0.564340
1 0.882156 0.617394 0.886850 0.623968 0.895770 0.626314 0.902814 0.619742 0.901874 0.615516 0.896240 0.615986 0.892484 0.618802 0.887790 0.616456
1 0.999060 0.568566 0.991548 0.559176 0.995304 0.557298
1 0.992958 0.615046 0.992958 0.611760 0.993896 0.599084 0.999060 0.589224 0.991548 0.592980 0.986384 0.595798 0.986384 0.600492 0.987324 0.604718
0 0.996714 0.588286 0.987324 0.569504 0.976056 0.560114 0.967604 0.562932 0.961032 0.566218 0.958684 0.572322 0.947886 0.574200 0.938964 0.576078 0.939434 0.579834 0.944130 0.585468 0.943190 0.589224 0.936148 0.585938 0.933330 0.584998 0.936148 0.593920 0.936618 0.605188 0.938026 0.610822 0.938964 0.621620 0.939434 0.627724 0.949294 0.627254 0.953050 0.622090 0.948354 0.613168 0.950702 0.610352 0.950232 0.605188 0.946008 0.597676 0.951642 0.589694 0.964788 0.581712 0.971830 0.575608 0.977464 0.572792 0.982628 0.577956 0.987792 0.585938 0.990140 0.589224
0 0.933330 0.685942 0.937086 0.671856 0.941312 0.660118 0.949764 0.655424 0.955398 0.660588 0.960562 0.671386 0.964788 0.678898 0.971830 0.686410 0.980750 0.692044 0.998122 0.697210 0.998122 0.690166 0.989202 0.683124 0.984036 0.679368 0.969952 0.665284 0.963378 0.656832 0.964318 0.645094 0.966666 0.637582 0.963848 0.632418 0.960092 0.636174 0.959622 0.649790 0.955398 0.653076 0.946476 0.650728 0.939904 0.652606 0.935678 0.657772 0.933330 0.664814 0.932392 0.669978
2 0.928636 0.655894 0.936148 0.649790 0.941312 0.640870 0.948824 0.649320 0.953520 0.648382 0.947416 0.639460 0.950702 0.636644 0.958214 0.638992 0.968544 0.642278 0.969482 0.637582 0.959622 0.633826 0.953988 0.631010 0.949294 0.631948 0.944130 0.629602 0.940374 0.634766 0.932392 0.631010 0.929574 0.630070 0.931922 0.635236 0.937086 0.637114 0.935678 0.640870 0.932392 0.644156 0.929574 0.646972 0.927696 0.649790
1 0.900276 0.361214 0.886948 0.345128 0.875920 0.338236 0.875460 0.319852 0.873622 0.309284 0.883732 0.319852 0.893382 0.329504 0.906250 0.333640 0.911764 0.336398 0.906250 0.340534 0.902114 0.346048 0.902574 0.353400
1 0.909008 0.321692 0.892922 0.325828 0.891544 0.322610 0.906250 0.315258 0.905790 0.304228 0.912684 0.302390 0.914062 0.304688 0.911764 0.310662 0.920036 0.314798 0.924172 0.319394 0.927390 0.323530 0.919578 0.323530 0.914522 0.320312
1 0.946692 0.259650 0.957720 0.254136 0.961398 0.244486 0.960478 0.236672 0.956342 0.229780 0.954504 0.233916 0.948530 0.233916 0.944394 0.233456 0.946232 0.238512 0.946692 0.245404 0.943014 0.249080 0.942096 0.254136
1 0.920496 0.267464 0.906250 0.265166 0.910386 0.260570 0.920036 0.256434 0.921416 0.247242 0.928308 0.249540 0.932904 0.256894 0.939338 0.262408 0.939338 0.267464 0.940258 0.272978 0.934742 0.267004 0.932444 0.270220 0.933824 0.276654 0.936122 0.283088 0.937040 0.287684 0.932904 0.289522 0.928308 0.286764 0.923254 0.281250 0.922794 0.275276 0.927850 0.272978 0.927850 0.268842
1 0.931066 0.237132 0.923714 0.241728 0.919578 0.238052 0.923254 0.233456 0.917738 0.227942 0.917280 0.219670 0.920036 0.221048 0.923714 0.227482 0.926930 0.229320 0.931066 0.227482 0.933824 0.223346 0.937960 0.223806 0.937500 0.230238 0.933364 0.232078
0 0.951286 0.097886 0.955422 0.110754 0.966452 0.120404 0.965074 0.125000 0.957720 0.130974 0.960478 0.138328 0.976102 0.139246 0.983456 0.142464 0.997242 0.152114 0.992648 0.143382 0.992648 0.133732 0.982078 0.130974 0.990808 0.125000 0.983916 0.122702 0.981158 0.114430 0.980238 0.120864 0.975644 0.125920 0.975644 0.109376 0.965992 0.103860 0.956342 0.097426
1 0.963694 0.162224 0.962776 0.156710 0.970588 0.156710 0.979320 0.163144 0.984834 0.160846 0.978400 0.154412 0.971508 0.150736 0.968750 0.143382 0.963694 0.141084 0.964614 0.147518 0.959558 0.149356 0.953124 0.147518 0.950368 0.146140 0.948988 0.150736 0.950368 0.157628 0.959100 0.163144
1 0.031044 0.386590 0.023282 0.384002 0.025870 0.379476 0.034276 0.378828 0.032984 0.370422 0.037510 0.371714 0.038804 0.383356 0.043978 0.393056 0.039450 0.393704
1 0.346000 0.727416 0.353114 0.737118 0.353762 0.730004 0.352468 0.715776 0.351174 0.709954 0.348588 0.717068 0.345354 0.720302
1 0.265160 0.784976 0.255458 0.776568 0.247050 0.767514 0.241878 0.751992 0.243170 0.742938 0.261278 0.749406 0.269040 0.752638 0.269686 0.764926
1 0.305256 0.250776 0.322072 0.244956 0.343414 0.247542 0.361522 0.245602 0.363462 0.217792 0.353114 0.211972 0.331772 0.203564 0.333712 0.214560 0.325952 0.211972 0.318838 0.207446 0.326598 0.221026 0.324658 0.231374 0.318192 0.215852 0.314310 0.217146 0.316252 0.223614 0.315604 0.232668 0.312370 0.241722
1 0.375104 0.001138 0.366696 0.010840 0.375104 0.012780 0.385452 0.005666
1 0.536140 0.645282 0.543900 0.650456 0.540666 0.635580 0.538726 0.625880 0.532258 0.609712 0.530318 0.621352 0.533552 0.634288 0.531612 0.639460
1 0.633796 0.816018 0.637030 0.814724 0.640910 0.827012 0.644144 0.810198 0.646084 0.790150 0.645436 0.783682 0.639616 0.782388 0.628622 0.754578 0.628622 0.766866 0.621508 0.764280 0.631208 0.777214 0.622802 0.786268 0.635088 0.786916 0.638322 0.798556 0.627328 0.795322 0.633148 0.803084
1 0.935738 0.021564 0.926458 0.017852 0.921356 0.010892 0.931562 0.011356 0.938520 0.013212 0.941768 0.004862 0.952902 0.011820 0.954758 0.020636 0.958470 0.027130 0.951510 0.025274 0.942696 0.028058 0.934810 0.036872 0.931098 0.047080 0.929706 0.063780 0.926922 0.054502 0.931098 0.038264 0.933418 0.029450