0 0.498698 0.029296 0.492188 0.033854 0.479818 0.029948 0.477864 0.024088 0.469402 0.026692 0.457682 0.020182 0.468750 0.018230 0.477214 0.010416
0 0.497396 0.042968 0.490886 0.062500 0.484376 0.063152 0.481120 0.078124 0.488282 0.087240 0.513020 0.103516 0.522136 0.107422 0.511068 0.110026 0.488282 0.103516 0.513672 0.128256 0.504558 0.128256 0.479166 0.108072 0.464192 0.110678 0.465494 0.101562 0.482422 0.096354 0.468750 0.087890 0.470704 0.070964
0 0.210938 0.811198 0.237630 0.818360 0.245442 0.819662 0.250652 0.827474 0.242838 0.845704 0.254558 0.858724 0.257162 0.844402 0.270182 0.833334 0.267578 0.825520 0.277344 0.823568 0.275390 0.816406 0.263672 0.817708 0.264974 0.810546 0.272786 0.798828 0.265624 0.789062 0.252604 0.800782 0.248698 0.811848 0.218750 0.805990
0 0.438152 0.866536 0.445312 0.884766 0.457032 0.897786 0.458334 0.904296 0.472006 0.917968 0.469402 0.940756 0.461588 0.943360 0.464192 0.931640 0.461588 0.920572 0.459636 0.932292 0.453124 0.930990 0.454428 0.912760 0.447266 0.910156 0.434896 0.925130 0.434896 0.917968 0.445964 0.901042 0.438802 0.888020
0 0.804688 0.076172 0.806640 0.066406 0.812500 0.061198 0.819662 0.066406 0.810546 0.070312 0.812500 0.078776 0.821614 0.078776 0.827474 0.089192 0.835938 0.087240 0.864584 0.115234 0.863932 0.100912 0.845052 0.082032 0.842448 0.076822 0.829428 0.061848 0.836588 0.058594 0.843098 0.057292 0.842448 0.050130 0.828776 0.052084 0.830078 0.039714 0.823568 0.027994 0.821614 0.046876 0.818360 0.054688 0.804688 0.054688 0.796876 0.067058
0 0.834636 0.123698 0.832682 0.140624 0.822916 0.153646 0.827474 0.161458 0.837240 0.161458 0.843750 0.158204 0.833334 0.139322 0.846354 0.148438 0.852214 0.125000 0.852864 0.161458 0.847656 0.180990 0.837890 0.188152 0.827474 0.196614 0.808594 0.203776 0.830078 0.184244 0.815104 0.171876 0.807292 0.156902 0.814454 0.149740 0.820964 0.136068
0 0.758464 0.236980 0.780598 0.242838 0.815756 0.238932 0.840494 0.251302 0.861328 0.251954 0.861328 0.244140 0.847006 0.241536 0.836588 0.240234 0.844402 0.235026 0.863932 0.231770 0.871744 0.221354 0.857422 0.223958 0.836588 0.225260 0.830078 0.233724 0.830730 0.221354 0.850260 0.199218 0.826822 0.214192 0.826172 0.230468 0.819010 0.218750 0.812500 0.203776 0.809896 0.222006 0.816406 0.231770 0.801432 0.227864 0.772786 0.233724
0 0.798828 0.345704 0.807942 0.347006 0.813152 0.342448 0.815756 0.357422 0.818360 0.356120 0.823568 0.370442 0.841146 0.382162 0.863282 0.378906 0.874348 0.363282 0.860026 0.373046 0.842448 0.373046 0.835286 0.367188 0.848308 0.343098 0.833984 0.349610 0.827474 0.333334 0.817058 0.333984
0 0.804688 0.464192 0.816406 0.458334 0.852864 0.458984 0.852864 0.450520 0.848308 0.450520 0.848308 0.436848 0.847656 0.421876 0.861328 0.404296 0.858072 0.401042 0.845704 0.406250 0.841146 0.400390 0.864584 0.391276 0.853516 0.386718 0.835286 0.391276 0.835286 0.382162 0.822916 0.381510 0.820964 0.396484 0.812500 0.411458 0.799480 0.406250 0.799480 0.423178 0.810546 0.433594 0.802734 0.441406
0 0.796876 0.496744 0.800782 0.507812 0.810546 0.502604 0.810546 0.522786 0.820964 0.499348 0.822916 0.524088 0.833334 0.522136 0.852214 0.533204 0.856120 0.546224 0.850912 0.555990 0.833334 0.565756 0.830078 0.559896 0.841796 0.554688 0.850260 0.545572 0.846354 0.537110 0.829428 0.531902 0.825520 0.546224 0.808594 0.590494 0.820312 0.605468 0.827474 0.627604 0.818360 0.628256 0.803386 0.601562 0.798178 0.593750 0.802734 0.571614 0.805990 0.554036 0.805338 0.546876 0.807292 0.536458 0.792968 0.520834 0.785156 0.514322 0.794270 0.511718
0 0.798828 0.837890 0.835286 0.837240 0.835286 0.830078 0.828124 0.828124 0.828124 0.807292 0.820312 0.822266 0.810546 0.809896 0.803386 0.777994 0.798828 0.767578 0.790364 0.772786 0.794270 0.784506 0.795572 0.801432 0.783854 0.793620 0.805990 0.820312 0.807292 0.826172
0 0.780598 0.878256 0.784506 0.894532 0.807292 0.902994 0.823568 0.923178 0.832682 0.921224 0.828124 0.911458 0.854166 0.908854 0.874348 0.898438 0.852864 0.902994 0.837240 0.904948 0.813152 0.897786 0.818360 0.877604 0.815756 0.871094 0.807292 0.891276 0.792968 0.873698 0.794270 0.860678 0.787760 0.858724
0 0.795572 0.973958 0.815756 0.953776 0.841796 0.949218 0.841146 0.955730 0.828124 0.960286 0.822266 0.970052 0.833984 0.961588 0.830730 0.973958 0.806640 0.990886 0.801432 0.996744 0.778646 0.996744 0.785808 0.986980 0.772136 0.944010 0.785156 0.953776
1 0.007812 0.048828 0.008464 0.066406 0.046224 0.062500 0.045572 0.049480 0.033854 0.039714 0.033854 0.050130 0.017578 0.048828
1 0.012370 0.113932 0.021484 0.136718 0.018230 0.144532 0.033854 0.154296 0.041016 0.140624 0.039062 0.126302 0.053386 0.105468 0.031250 0.118490 0.031250 0.133464 0.027994 0.128256 0.024740 0.115886
1 0.046224 0.167318 0.077474 0.177734 0.080078 0.166016 0.072266 0.156902 0.068360 0.145182 0.048828 0.140624 0.046224 0.144532 0.059244 0.152344 0.059244 0.160156
1 0.079428 0.248698 0.072266 0.260416 0.081380 0.277994 0.091146 0.266928 0.098308 0.261068 0.091146 0.253906
1 0.181640 0.102214 0.203124 0.111980 0.210286 0.124348 0.211588 0.152344 0.201822 0.153646 0.191406 0.139322 0.181640 0.128906
1 0.220704 0.020182 0.222006 0.039062 0.237630 0.054688 0.252604 0.044922 0.254558 0.018230 0.239584 0.011718
1 0.250652 0.057942 0.253906 0.069010 0.261068 0.070964 0.254558 0.077474 0.267578 0.087240 0.283854 0.099610 0.305990 0.097006 0.316406 0.082032 0.316406 0.065756 0.302084 0.060546 0.280598 0.057292 0.268880 0.047526 0.255860 0.044270
1 0.323568 0.167968 0.321614 0.183594 0.330730 0.195964 0.354818 0.194010 0.363282 0.181640 0.352214 0.166666 0.332682 0.166666
1 0.173178 0.183594 0.178386 0.214192 0.195312 0.231120 0.225260 0.218098 0.233072 0.211588 0.225912 0.188802 0.216796 0.180338 0.196614 0.175782
1 0.262370 0.189454 0.279296 0.184244 0.300130 0.191406 0.314454 0.180990 0.314454 0.203124 0.297526 0.200520 0.288412 0.203124 0.302734 0.212890 0.304036 0.221354 0.305338 0.248046 0.281902 0.250000 0.255860 0.250652 0.255208 0.240886 0.239584 0.225260 0.259114 0.223308 0.270182 0.218750 0.273438 0.210286 0.273438 0.201172
1 0.184244 0.346354 0.183594 0.363282 0.198568 0.375652 0.221354 0.380860 0.221354 0.356120 0.207682 0.348308
1 0.427734 0.220052 0.445312 0.256510 0.458334 0.267578 0.462240 0.281250 0.456380 0.287110 0.450520 0.294922 0.464844 0.312500 0.484376 0.322266 0.494140 0.334636 0.498046 0.329428 0.493490 0.317708 0.497396 0.313152 0.490234 0.299480 0.483072 0.295572 0.472656 0.296876 0.472656 0.289714 0.477864 0.283204 0.475260 0.235678 0.470704 0.235678 0.468750 0.255208 0.458334 0.236328 0.445312 0.226562
1 0.452474 0.194662 0.458984 0.214192 0.451822 0.218098 0.463542 0.233072 0.478516 0.235678 0.477214 0.223308 0.496094 0.222006 0.511068 0.241536 0.512370 0.229166 0.512370 0.218750 0.514974 0.191406 0.506510 0.190756 0.501954 0.211588 0.489584 0.212240 0.486980 0.208334 0.491536 0.190756 0.486980 0.181640 0.479166 0.206380 0.467448 0.199870
1 0.456380 0.374348 0.458984 0.397136 0.486328 0.402994 0.485026 0.385416 0.477214 0.374348 0.487630 0.362630
1 0.458334 0.475260 0.496094 0.481120 0.491536 0.457032 0.468750 0.458984
1 0.486328 0.542318 0.496744 0.557292 0.521484 0.572916 0.540364 0.563802 0.551432 0.544270 0.548178 0.531250 0.526692 0.520182 0.508464 0.517578 0.498698 0.527344
1 0.408854 0.583984 0.410808 0.610026 0.417318 0.625000 0.436848 0.625000 0.463542 0.636068 0.490234 0.626954 0.502604 0.610026 0.486980 0.615886 0.477214 0.609376 0.466796 0.592448 0.472006 0.570312 0.458984 0.556640 0.440104 0.569010 0.421876 0.574870
1 0.433594 0.694662 0.446614 0.696614 0.462240 0.708334 0.468750 0.699870 0.470052 0.684244 0.459636 0.689454 0.451172 0.682292 0.442058 0.687500 0.436848 0.688802
1 0.019532 0.350260 0.035156 0.356120 0.051432 0.365234 0.055990 0.347656 0.061198 0.330730 0.048178 0.343098 0.036458 0.348308 0.033204 0.343098 0.045572 0.339192 0.046224 0.325520 0.041016 0.319010 0.048178 0.303386 0.034506 0.311848 0.024088 0.317708 0.015624 0.330078 0.020834 0.340494
1 0.031250 0.371744 0.042968 0.406902 0.026692 0.418620 0.014322 0.418620 0.003906 0.412110 0.001954 0.393880 0.009766 0.378256 0.023438 0.369792
1 0.009114 0.414062 0.016928 0.421876 0.021484 0.417318 0.025390 0.436198 0.039714 0.449218 0.020182 0.443360 0.002604 0.440104 0.012370 0.434244
1 0.009114 0.503906 0.012370 0.479166 0.009766 0.470704
1 0.024740 0.597006 0.023438 0.589844 0.003906 0.582032
1 0.078124 0.396484 0.065756 0.419922 0.080730 0.445964 0.093750 0.463542 0.123046 0.460286 0.127604 0.449870 0.111328 0.428386 0.101562 0.428386 0.089844 0.402344
1 0.151042 0.545572 0.146484 0.567708 0.160156 0.588542 0.190756 0.593098 0.217448 0.594402 0.225912 0.582682 0.256510 0.574870 0.261068 0.557942 0.257162 0.552734 0.240886 0.552734 0.223958 0.547526 0.210286 0.541016 0.183594 0.527994 0.173178 0.532552 0.154296 0.539714
1 0.262370 0.652344 0.277994 0.639322 0.277994 0.627604 0.260416 0.630860
1 0.207032 0.730468 0.216146 0.736980 0.220704 0.727214 0.238932 0.722006 0.264322 0.724610 0.251954 0.700520 0.234376 0.705078 0.212890 0.704428 0.204428 0.710938
1 0.374348 0.796876 0.366536 0.817708 0.374348 0.837890 0.387370 0.861328 0.402344 0.873046 0.408854 0.859376 0.423828 0.848308 0.413412 0.819662 0.402994 0.802734 0.382812 0.797526
1 0.427734 0.842448 0.445964 0.847656 0.442058 0.839844 0.433594 0.835938 0.430990 0.822266 0.426432 0.820964
1 0.309244 0.878256 0.332682 0.882812 0.349610 0.885416 0.339192 0.906902 0.320964 0.913412 0.302084 0.914714 0.283204 0.910156 0.272786 0.903646 0.274740 0.895182 0.302084 0.893230
1 0.319662 0.826172 0.327474 0.850260 0.330078 0.857422 0.356120 0.867838 0.364584 0.855468 0.352214 0.838542 0.345052 0.818360 0.326822 0.813802
1 0.152994 0.929036 0.177084 0.927734 0.200520 0.946614 0.206380 0.973308 0.196614 0.985026 0.171224 0.985678 0.156250 0.973958 0.156250 0.952474 0.152344 0.935546
1 0.214192 0.970052 0.240234 0.966796 0.255860 0.972656 0.266928 0.992838 0.231770 0.994140 0.218750 0.986980
1 0.423178 0.937500 0.437500 0.955730 0.471354 0.965494 0.468098 0.956380 0.457682 0.949870 0.449218 0.936198 0.447916 0.945964 0.430990 0.938152
1 0.430990 0.809896 0.446614 0.835286 0.453124 0.831380 0.462890 0.829428 0.478516 0.860026 0.478516 0.839192 0.473308 0.822266 0.511068 0.794270 0.516928 0.780598 0.511068 0.781902 0.469402 0.816406 0.473308 0.804036 0.464844 0.794270 0.444662 0.794270 0.438802 0.803386 0.451172 0.802084 0.466146 0.802084 0.460938 0.812500 0.460938 0.820964 0.454428 0.809896 0.451822 0.822266 0.448568 0.820312 0.444662 0.815104 0.448568 0.805338 0.441406 0.806640 0.438802 0.811848
1 0.429688 0.996744 0.419270 0.970052 0.423178 0.966796 0.436848 0.981120 0.443360 0.959636 0.449870 0.963542 0.443360 0.987630 0.450520 0.994140 0.458334 0.989584 0.485026 0.986980 0.494792 0.983072 0.493490 0.993490 0.471354 0.996094
1 0.830730 0.001302 0.838542 0.002604 0.847006 0.016276 0.853516 0.005860
1 0.858724 0.014322 0.873698 0.023438 0.859376 0.033854
1 0.972656 0.068360 0.974610 0.086588 0.995442 0.096354 0.956380 0.097656 0.956380 0.089192 0.966146 0.086588
1 0.791016 0.000000 0.800130 0.019532 0.817058 0.026042 0.817708 0.036458 0.768230 0.050782 0.770182 0.042968 0.789714 0.032552 0.787760 0.014974
1 0.732422 0.088542 0.733072 0.098958 0.749348 0.116536 0.753256 0.138020 0.778646 0.138020 0.785156 0.123698 0.786458 0.113282 0.777344 0.094402 0.774088 0.104166 0.763672 0.100912 0.757162 0.106120 0.743490 0.098958
1 0.856120 0.173828 0.876302 0.178386 0.886068 0.162110 0.882162 0.158854 0.872396 0.166666 0.854818 0.167318
1 0.957682 0.281250 0.983072 0.287110 0.983724 0.261068 0.973308 0.272786
1 0.942708 0.335938 0.969402 0.367188 0.972006 0.360678 0.973308 0.341146 0.962890 0.342448
1 0.718750 0.552084 0.733724 0.569662 0.755208 0.573568 0.765624 0.587240 0.752604 0.602864 0.766928 0.621744 0.798178 0.636068 0.805338 0.614584 0.798178 0.597006 0.798178 0.577474 0.802734 0.551432 0.792968 0.558594 0.785808 0.551432 0.783204 0.565756 0.771484 0.555990 0.761068 0.555990 0.753256 0.549480 0.758464 0.539714 0.755860 0.533854 0.730468 0.529948 0.733072 0.543620
1 0.805990 0.736980 0.824870 0.748046 0.832682 0.722006 0.820312 0.714844 0.805338 0.719402
1 0.944010 0.799480 0.974610 0.813152 0.966146 0.837890 0.961588 0.823568
1 0.979818 0.695312 0.998046 0.716796 0.997396 0.697266
1 0.964844 0.647786 0.998046 0.637370 0.996094 0.628256 0.976562 0.632162
1 0.972656 0.827474 0.994140 0.832032 0.998046 0.821614
1 0.378124 0.434374 0.407812 0.443750 0.418750 0.423438 0.412500 0.395312 0.392188 0.395312 0.382812 0.410938
1 0.285808 0.315756 0.294922 0.341796 0.333334 0.341796 0.348308 0.338542 0.347656 0.318360 0.328124 0.297526 0.320964 0.293620 0.309244 0.294922 0.317058 0.313802
1 0.343098 0.283854 0.353516 0.293620 0.375000 0.307292 0.388672 0.281902 0.380860 0.271484 0.365886 0.268230 0.351562 0.280598
1 0.360678 0.352214 0.369792 0.369792 0.378256 0.385416 0.389322 0.376302 0.389974 0.360678 0.395834 0.347656 0.390624 0.343098 0.380208 0.345704