1 0.143156 0.045500 0.157624 0.056352 0.161964 0.053458 0.149668 0.040436 0.158348 0.020906 0.154730 0.018736 0.140986 0.033926 0.135924 0.031756 0.133752 0.034650
1 0.410084 0.037544 0.394892 0.033926 0.394892 0.029586 0.409360 0.030310 0.411530 0.018736 0.415870 0.018012 0.416594 0.032480 0.422382 0.041884 0.420212 0.045500
1 0.483868 0.089626 0.469402 0.101200 0.473742 0.104094 0.492550 0.091796 0.478082 0.067202 0.479528 0.077330
0 0.106264 0.144604 0.106264 0.138094 0.111328 0.125796 0.130136 0.112052 0.119286 0.096860 0.121456 0.089626 0.129412 0.083840 0.124348 0.078052 0.102648 0.103370 0.095414 0.106988 0.090350 0.108434 0.088904 0.130136 0.092520 0.135200 0.083840 0.138094 0.085286 0.143880 0.097584 0.142434
1 0.101924 0.210432 0.112774 0.197410 0.117116 0.198134 0.120732 0.190900 0.128690 0.179326 0.127966 0.175708 0.116392 0.186560 0.108434 0.183666 0.108434 0.189454 0.110604 0.193794
1 0.225622 0.290002 0.232856 0.278428 0.243706 0.273366 0.247324 0.266854 0.259620 0.261068 0.263962 0.272642 0.266854 0.281322 0.269024 0.295790 0.259620 0.293620 0.252388 0.290726 0.246600 0.286386 0.241536 0.290002 0.232856 0.292896
1 0.118562 0.253834 0.124348 0.243706 0.135924 0.235750 0.141710 0.224898 0.133030 0.227792 0.121456 0.235026 0.110604 0.231410 0.106988 0.232856 0.109158 0.241536 0.114946 0.243706
0 0.084564 0.274088 0.065756 0.271918 0.062138 0.266132 0.067202 0.256728 0.075160 0.253110 0.080222 0.246600 0.085286 0.237196 0.091796 0.231410 0.090350 0.240814 0.080222 0.258898 0.086734 0.261068 0.097584 0.261792 0.106264 0.261068 0.103370 0.248770 0.102648 0.245876 0.108434 0.249494 0.111328 0.258174 0.124348 0.259620 0.126520 0.265408 0.122178 0.269024 0.114222 0.266132 0.108434 0.269748 0.103370 0.276982 0.095414 0.279152 0.094690 0.271918
0 0.117838 0.300854 0.099030 0.311704 0.094690 0.319662 0.091074 0.331236 0.090350 0.347150 0.103370 0.348596 0.110604 0.353660 0.123626 0.349320 0.123626 0.339192 0.109882 0.324726 0.106988 0.316768 0.120732 0.321108 0.126520 0.327618 0.130860 0.316768 0.134476 0.315322 0.133030 0.329066 0.139540 0.335576 0.137370 0.348596 0.140264 0.360170 0.135924 0.360894 0.128690 0.352936 0.121456 0.356554 0.113498 0.358000 0.105542 0.358000 0.093968 0.355830 0.086734 0.363064 0.070818 0.368852 0.072266 0.363788 0.087456 0.357278 0.080222 0.354384 0.070096 0.354384 0.065756 0.347150 0.067926 0.343532 0.081670 0.347150 0.086010 0.344980 0.078776 0.337746 0.083116 0.325448 0.087456 0.315322 0.092520 0.309534 0.102648 0.304470 0.108434 0.300130
0 0.093968 0.412254 0.093968 0.397786 0.099754 0.381872 0.097584 0.375362 0.091796 0.386212 0.090350 0.391276 0.078052 0.384766 0.078776 0.392000 0.086734 0.398510 0.080222 0.402126 0.087456 0.407914
1 0.093968 0.488208 0.109158 0.479528 0.116392 0.488932 0.120732 0.484592 0.113498 0.477358 0.114946 0.450594 0.110604 0.451316 0.106988 0.470124 0.101924 0.477358
0 0.059244 0.501954 0.073712 0.483146 0.075160 0.471572 0.080946 0.457104 0.086010 0.440466 0.091796 0.433232 0.121456 0.413700 0.108434 0.416594 0.088904 0.423828 0.079500 0.434678 0.070096 0.446976 0.064308 0.451316 0.066478 0.465060 0.065756 0.474464 0.057798 0.481698 0.049118 0.490380 0.052010 0.495442
0 0.008608 0.535952 0.026692 0.544632 0.002822 0.548250
1 0.012226 0.514250 0.018736 0.496890 0.014396 0.496166 0.007884 0.504124 0.000652 0.507016 0.000000 0.513672 0.005714 0.522932 0.012948 0.526548
1 0.398510 0.767434 0.410084 0.750796 0.405744 0.747178 0.397786 0.758030 0.386212 0.757306 0.389830 0.766710 0.389106 0.774668 0.396340 0.776838
1 0.406468 0.866536 0.397064 0.836154 0.405744 0.824580 0.429616 0.820964 0.441912 0.826028 0.447700 0.842664 0.444082 0.851346 0.414424 0.864366
1 0.009332 0.649522 0.000000 0.638672 0.000000 0.630860 0.013672 0.643012 0.023800 0.640842 0.025970 0.646630 0.018736 0.650246 0.022352 0.662544 0.021630 0.674118 0.015118 0.687862 0.018012 0.700160 0.015118 0.702330 0.010054 0.692202 0.002098 0.692926 0.007884 0.683522 0.017288 0.670500 0.014396 0.659650
0 0.070818 0.693648 0.057798 0.678458 0.040436 0.663990 0.033204 0.650970 0.036096 0.634332 0.047670 0.630714 0.062862 0.627822 0.072990 0.626374 0.075160 0.632162 0.054182 0.637226 0.045500 0.643736 0.044054 0.648800 0.049840 0.657480 0.058522 0.643012 0.067926 0.640842 0.080946 0.639396 0.084564 0.645182 0.069372 0.648800 0.059968 0.653862 0.057074 0.666884 0.063586 0.677010 0.065756 0.665436 0.066478 0.653862 0.071542 0.656032 0.073712 0.676288 0.078776 0.671948 0.088904 0.650246 0.093968 0.653140 0.091796 0.669778 0.104094 0.674840 0.108434 0.679904 0.093244 0.682798 0.085286 0.682798 0.071542 0.681352 0.078776 0.688586
1 0.104094 0.730542 0.096138 0.737774 0.093244 0.734158 0.099030 0.724030 0.089626 0.716074 0.087456 0.711010 0.096860 0.713180 0.104094 0.719690 0.117116 0.714626 0.127966 0.714626 0.127966 0.718968 0.116392 0.725478
1 0.112052 0.888962 0.113498 0.870154 0.118562 0.870876 0.122902 0.886792 0.131582 0.899088 0.136646 0.907046 0.133752 0.908492 0.120008 0.899812 0.108434 0.896918 0.099754 0.896196 0.098308 0.892578
1 0.171206 0.994766 0.177602 0.998702 0.181046 0.993782 0.187932 0.990338 0.196788 0.990830 0.199248 0.995750
0 0.034930 0.982958 0.022138 0.975578 0.004428 0.957376 0.000492 0.945076 0.004920 0.939172 0.007872 0.943108 0.018202 0.958852 0.021154 0.958852 0.023614 0.968198 0.032470 0.974594 0.027550 0.966724 0.028042 0.962296 0.030994 0.962296 0.033454 0.953932 0.036406 0.949012 0.049198 0.942616 0.051164 0.946552 0.041818 0.955408 0.040834 0.970658 0.042310 0.978038 0.045262 0.981974 0.052148 0.979514 0.058544 0.982466 0.066416 0.983450 0.067892 0.990338 0.056576 0.996242 0.044770 0.990830
1 0.517822 0.018496 0.506778 0.016752 0.498640 0.010358 0.510266 0.009196 0.520148 0.012102 0.530610 0.013264 0.538748 0.016752 0.539330 0.021984 0.532936 0.019078 0.526542 0.020822 0.527122 0.026634 0.527122 0.030704 0.521892 0.029542
1 0.601528 0.030704 0.609666 0.032448 0.614316 0.026634 0.620128 0.020240 0.629430 0.029542 0.638730 0.037098 0.635824 0.028960 0.626522 0.018496 0.629430 0.015008 0.624780 0.009778 0.619548 0.016172 0.610246 0.016172 0.604434 0.016752 0.609666 0.019660 0.608504 0.024310
0 0.663726 0.032448 0.668376 0.040004 0.665470 0.046398 0.670700 0.051048 0.667794 0.055118 0.662562 0.053374 0.655006 0.058606 0.646286 0.058606 0.642218 0.055698 0.642218 0.045818 0.647450 0.035354 0.638148 0.024310 0.630010 0.018496 0.630592 0.015590 0.624780 0.009196 0.621292 0.006290 0.616060 0.000476 0.646484 0.000000 0.655588 0.006290 0.655588 0.013846 0.655006 0.020822 0.653844 0.027216 0.653844 0.031866 0.651518 0.042910 0.649774 0.049886 0.649774 0.053956 0.653262 0.053374 0.658494 0.046398 0.663726 0.040586
0 0.645124 0.063256 0.636404 0.075462 0.634080 0.081856 0.620128 0.086508 0.614898 0.093482 0.614316 0.096970 0.620128 0.092902 0.628266 0.088252 0.630010 0.092320 0.630010 0.100458 0.632336 0.106270 0.622454 0.102202 0.616642 0.097552 0.614316 0.102784 0.618384 0.112084 0.628266 0.120222 0.642800 0.128360 0.655588 0.134172 0.666050 0.137080 0.667214 0.133010 0.666050 0.128942 0.655588 0.128942 0.649774 0.126616 0.645706 0.124290 0.651518 0.121384 0.648612 0.114990 0.651518 0.106270 0.656750 0.100458 0.663726 0.094646 0.671282 0.091738 0.680582 0.089414 0.675932 0.084764 0.660818 0.087670 0.650938 0.091738 0.648030 0.097552 0.645124 0.090576 0.645124 0.085926 0.646286 0.076626
0 0.586414 0.249268 0.595134 0.236480 0.603852 0.227178 0.610828 0.219622 0.616060 0.221366 0.620710 0.229504 0.616642 0.231248 0.611410 0.231828 0.603852 0.240548 0.600366 0.247524 0.609666 0.241130 0.618384 0.237642 0.624198 0.237060 0.631174 0.245198 0.632918 0.246362 0.643962 0.258568 0.650938 0.255662 0.656750 0.256244 0.657912 0.252174 0.649774 0.243454 0.646286 0.236480 0.643962 0.228342 0.641636 0.227178 0.641056 0.237060 0.641056 0.244618 0.635824 0.242292 0.632336 0.230086 0.628266 0.217296 0.624198 0.213810 0.617804 0.213810 0.609084 0.214390 0.603272 0.217296 0.598622 0.222528 0.593390 0.230086 0.588740 0.238224
1 0.571882 0.304490 0.566650 0.299258 0.563744 0.291702 0.550374 0.285308 0.542818 0.279494 0.538168 0.267288 0.532936 0.255662 0.538168 0.252756 0.550374 0.264382 0.556188 0.266124 0.565488 0.261474 0.571882 0.261474 0.570720 0.249848 0.576532 0.253336 0.584090 0.259150 0.584670 0.267288 0.586414 0.279494 0.588740 0.287052 0.585832 0.291702 0.576532 0.296352
0 0.623616 0.326578 0.613734 0.323092 0.607922 0.316116 0.605596 0.303908 0.610828 0.307396 0.618384 0.316116 0.619548 0.312628 0.617804 0.304490 0.628848 0.294608 0.637568 0.286470 0.635242 0.276006 0.639312 0.275426 0.641636 0.283564 0.647450 0.278332 0.653844 0.275426 0.657912 0.279494 0.655006 0.280658 0.652100 0.283564 0.649194 0.287632 0.657912 0.284726 0.658494 0.288214 0.647450 0.292864 0.649194 0.307396 0.646286 0.316696 0.651518 0.330066 0.654424 0.338204 0.650356 0.344018 0.647450 0.342854 0.643962 0.346924 0.638148 0.346924 0.625942 0.333554
0 0.620128 0.464344 0.613154 0.468994 0.602108 0.469576 0.595134 0.463762 0.593970 0.460856 0.588158 0.457368 0.590484 0.450392 0.595134 0.446324 0.599784 0.443418 0.595714 0.436442 0.586996 0.434116 0.585252 0.427722 0.587576 0.425978 0.596878 0.427722 0.606760 0.423072 0.614898 0.420166 0.622454 0.417840 0.630592 0.412610 0.630592 0.417260 0.624780 0.421328 0.628266 0.426560 0.631754 0.431210 0.636404 0.430048 0.638730 0.423072 0.643380 0.422492 0.643380 0.441092 0.635824 0.453880 0.630592 0.457368 0.627104 0.459112 0.630010 0.471900 0.633498 0.491084 0.631754 0.510266 0.627686 0.512590 0.625942 0.506778 0.625360 0.485852 0.621292 0.473064
1 0.571300 0.337042 0.557350 0.342854 0.558512 0.334716 0.567812 0.330648 0.567232 0.314954 0.571300 0.315534 0.575370 0.328904 0.582926 0.324834 0.585832 0.327742 0.579438 0.333554
1 0.538324 0.597168 0.517666 0.614696 0.505772 0.618452 0.498260 0.639736 0.504520 0.661020 0.509528 0.674166 0.525178 0.680426 0.539576 0.684808 0.552722 0.686686 0.565868 0.680426 0.570250 0.666028 0.569624 0.647874 0.569624 0.639110 0.560234 0.622208 0.552722 0.615322
1 0.301968 0.612602 0.284636 0.599936 0.285970 0.595270 0.305968 0.606602 0.308634 0.594604 0.311966 0.596604 0.313300 0.607936 0.310634 0.613268 0.309300 0.630600 0.305300 0.636598 0.302634 0.627266
1 0.345296 0.626600 0.351962 0.621268 0.351962 0.615934 0.346630 0.613934 0.342630 0.615934 0.339964 0.621934 0.333298 0.619934 0.326632 0.621268 0.324632 0.622600 0.331298 0.627934 0.335964 0.630600 0.340630 0.635266 0.345296 0.641264 0.350630 0.640598 0.349962 0.633932
1 0.633932 0.598602 0.614602 0.592604 0.603936 0.588604 0.605936 0.584604 0.637932 0.591270 0.645932 0.581272 0.649930 0.582604 0.641264 0.596604 0.643932 0.609268 0.643932 0.617268 0.638598 0.613934
0 0.560606 0.541942 0.565274 0.529276 0.571938 0.519278 0.582604 0.511946 0.593936 0.511278 0.603936 0.516612 0.606602 0.523278 0.601270 0.521278 0.594604 0.519944 0.597270 0.527944 0.607268 0.541276 0.606602 0.555274 0.605936 0.567940 0.611934 0.567272 0.611934 0.545276 0.615268 0.552608 0.627934 0.562606 0.629266 0.557274 0.623266 0.552608 0.616600 0.542608 0.621934 0.530610 0.614602 0.519278 0.605936 0.508612 0.599936 0.505946 0.581938 0.505946 0.574606 0.510612 0.567940 0.516612 0.559940 0.529944
0 0.598602 0.679260 0.611934 0.665928 0.615268 0.653264 0.607936 0.633266 0.602602 0.621934 0.595936 0.611934 0.592604 0.609934 0.581272 0.607936 0.573938 0.595270 0.583272 0.593270 0.593936 0.589270 0.596604 0.582604 0.603268 0.573272 0.595936 0.555274 0.599936 0.555274 0.603936 0.564606 0.607268 0.571272 0.608602 0.579938 0.606602 0.592604 0.603936 0.603936 0.609934 0.615934 0.618600 0.629932 0.622600 0.640598 0.623266 0.651930 0.621934 0.663262 0.619268 0.670596 0.611934 0.679928
1 0.660596 0.732588 0.637266 0.728588 0.637266 0.724590 0.654596 0.721922 0.657264 0.703924 0.660596 0.703258 0.665928 0.715924 0.666596 0.727922 0.674594 0.733256 0.676594 0.737922 0.673262 0.739922 0.667262 0.734588
0 0.566606 0.795916 0.575938 0.782584 0.586604 0.767252 0.595936 0.764586 0.599936 0.775918 0.606602 0.775250 0.611268 0.773918 0.617934 0.777250 0.624600 0.777250 0.619268 0.766584 0.619268 0.760586 0.621934 0.752586 0.617268 0.747920 0.609934 0.745920 0.599936 0.751920 0.597270 0.742588 0.600602 0.735922 0.611934 0.732588 0.619934 0.727922 0.627266 0.717924 0.631932 0.706592 0.627266 0.706592 0.623934 0.715258 0.615934 0.719924 0.606602 0.721922 0.611268 0.717256 0.615268 0.713258 0.612602 0.708592 0.602602 0.712590 0.595270 0.717924 0.594604 0.726590 0.589938 0.726590 0.579938 0.721922 0.580604 0.725922 0.585270 0.729256 0.583272 0.736588 0.583272 0.742588 0.582604 0.747920 0.593936 0.755252 0.581272 0.763252 0.575938 0.772584 0.570606 0.778584 0.567940 0.784582
1 0.691260 0.697926 0.675262 0.679260 0.675262 0.684594 0.681260 0.695926 0.681928 0.701926 0.688594 0.705924 0.695926 0.713924 0.701926 0.713924 0.695260 0.705258 0.699258 0.702592 0.709924 0.703924 0.709258 0.700592 0.703258 0.696592
1 0.404624 0.955898 0.405956 0.943900 0.407290 0.929234 0.401290 0.931234 0.397958 0.949232 0.393958 0.953232 0.397958 0.962564 0.407956 0.966564 0.417956 0.969230 0.418622 0.965896
1 0.561940 0.885238 0.549942 0.881240 0.545276 0.887906 0.541276 0.883240 0.530610 0.871906 0.529944 0.860574 0.530610 0.853908 0.528610 0.849242 0.529276 0.831244 0.533944 0.829912 0.536610 0.847242 0.541276 0.850576 0.545276 0.854576 0.550608 0.855242 0.547942 0.858576 0.535942 0.855908 0.534610 0.861242 0.535942 0.869240 0.543942 0.875240 0.551274 0.875906 0.557274 0.877240
0 0.596604 0.805914 0.598602 0.812580 0.589270 0.830578 0.573938 0.848576 0.565274 0.845244 0.561274 0.853242 0.569940 0.861908 0.581938 0.866574 0.593936 0.875906 0.601936 0.883906 0.605268 0.877906 0.607936 0.861242 0.612602 0.854576 0.618600 0.845244 0.615934 0.839244 0.611934 0.847910 0.605936 0.852576 0.601936 0.863242 0.595936 0.860574 0.589270 0.856576 0.590604 0.863908 0.586604 0.863242 0.579938 0.856576 0.585938 0.849242 0.593270 0.839244 0.599270 0.827912 0.603268 0.815912 0.603268 0.807914
1 0.549274 0.999226 0.536610 0.988562 0.529276 0.975896 0.537276 0.977896 0.549942 0.989894 0.559274 0.991894 0.565274 0.989228 0.569272 0.991228
0 0.553940 0.971230 0.526610 0.967230 0.527944 0.963230 0.548608 0.963898 0.557940 0.957898 0.571938 0.945900 0.571938 0.950566 0.563940 0.963898 0.578604 0.968564 0.587270 0.967896 0.579272 0.956564 0.581938 0.955232 0.592604 0.962564 0.591270 0.972562 0.600602 0.977896 0.609268 0.985228 0.601936 0.987228 0.591936 0.981228 0.592604 0.987894 0.595270 0.991228 0.583938 0.988562 0.575272 0.987228 0.567940 0.985894 0.555274 0.981896 0.557274 0.977230
0 0.985500 0.590612 0.997442 0.610654 0.994882 0.597008 0.988912 0.587626
0 0.977720 0.828634 0.968142 0.817390 0.961478 0.799066 0.958564 0.785322 0.962312 0.785322 0.978136 0.806562 0.979386 0.820720 0.981884 0.811558 0.985216 0.796566 0.988132 0.799898 0.986466 0.820720 0.992712 0.830716 0.998958 0.850704 0.998126 0.854870 0.993962 0.856118 0.990630 0.857368 0.983966 0.860282 0.978554 0.857784 0.980218 0.850288 0.971474 0.844042 0.963562 0.836546 0.962728 0.831132 0.971058 0.834464 0.976470 0.837794
0 0.985216 0.956482 0.966060 0.942322 0.967726 0.937326 0.975222 0.940656 0.993128 0.949818 0.998542 0.946070 0.998958 0.962728 0.995628 0.969808 0.997294 0.973972 0.998542 0.984800 0.996876 0.996044 0.990214 0.985216 0.986882 0.973556 0.987298 0.961062
1 0.110748 0.685928 0.119852 0.680134 0.130612 0.676824 0.143852 0.671858 0.133094 0.663582 0.128128 0.654478 0.123162 0.655306 0.116542 0.669376
1 0.419894 0.372614 0.414266 0.372050 0.406386 0.372050 0.401320 0.372050 0.396816 0.375428 0.390062 0.379930 0.379930 0.381620 0.378242 0.373740 0.373740 0.365860 0.372050 0.356854 0.372050 0.352914 0.375990 0.358542 0.379930 0.364170 0.382744 0.367548 0.383870 0.370924 0.392314 0.371488 0.401882 0.367548 0.407510 0.366984 0.419894 0.364170 0.423834 0.364170