0 0.004082 0.139532 0.001256 0.133252 0.000942 0.130112 0.004396 0.129484 0.010990 0.138590 0.024178 0.138590 0.031400 0.138590 0.036110 0.141730 0.037994 0.144242 0.016014 0.144870 0.016014 0.152720 0.014758 0.154918 0.011618 0.156488 0.010048 0.161512 0.010362 0.163710 0.013502 0.168106 0.016014 0.173132 0.016014 0.177842 0.015386 0.182866 0.011618 0.183180 0.008478 0.176900 0.007222 0.171876 0.005652 0.164966 0.003768 0.162140 0.000628 0.161826 0.000000 0.141730
0 0.026690 0.039364 0.040506 0.038108 0.049614 0.035596 0.058720 0.031828 0.065000 0.025862 0.070024 0.013930 0.071908 0.012046 0.073478 0.018640 0.072850 0.025234 0.069710 0.030886 0.063430 0.035282 0.057778 0.040934 0.047730 0.044074 0.039564 0.045330 0.030458 0.046900 0.031086 0.048784 0.041762 0.049098 0.047416 0.049098 0.047102 0.052866 0.044276 0.056006 0.033284 0.056006 0.021352 0.054436 0.016956 0.052552 0.010990 0.049726 0.007850 0.048784 0.004082 0.050354 0.000628 0.050982 0.000314 0.043446 0.004082 0.041876 0.003454 0.039678 0.000314 0.038422 0.000000 0.026490 0.001884 0.024920 0.005024 0.020524 0.012246 0.019268 0.018526 0.020838 0.022922 0.024292 0.024178 0.026176 0.026062 0.031200 0.026062 0.033398
0 0.001542 0.238134 0.007742 0.240460 0.013556 0.242010 0.017044 0.245496 0.019368 0.252084 0.017818 0.255186 0.015880 0.257510 0.014330 0.262936 0.011618 0.269136 0.010842 0.286188 0.008130 0.295100 0.004642 0.295488 0.004256 0.283862 0.004642 0.271462 0.003092 0.260222 0.002318 0.254798 0.000768 0.254022
1 0.040560 0.342450 0.036206 0.340128 0.033304 0.337226 0.031274 0.333454 0.031854 0.331132 0.036206 0.331132 0.039690 0.335194 0.042302 0.336936 0.043462 0.333454 0.045494 0.331422 0.047816 0.332582 0.047816 0.337516 0.048396 0.340708 0.049556 0.344192 0.051298 0.347094 0.052168 0.349996 0.052168 0.352898 0.050136 0.354348 0.048396 0.349996 0.047234 0.346512 0.045784 0.345642
0 0.000000 0.568672 0.004720 0.570124 0.007986 0.571938 0.014158 0.578836 0.017426 0.579200 0.019966 0.574118 0.022146 0.572302 0.026502 0.571938 0.029406 0.572664 0.035214 0.574480 0.040660 0.574118 0.045742 0.571576 0.048646 0.562864 0.046106 0.561048 0.042476 0.559232 0.042112 0.553062 0.039208 0.551608 0.037392 0.563226 0.030494 0.562864 0.022508 0.559596 0.012706 0.554150 0.007986 0.551608 0.003630 0.550882 0.000364 0.549430 0.000726 0.562864
0 0.183332 0.939692 0.188414 0.930980 0.194586 0.929164 0.198580 0.931706 0.205478 0.935336 0.205840 0.932070 0.201122 0.925898 0.199668 0.922630 0.201848 0.916458 0.205478 0.910286 0.210196 0.900122 0.214916 0.896492 0.214554 0.891772 0.218546 0.887778 0.226896 0.885600 0.234884 0.885238 0.235610 0.883060 0.230890 0.880156 0.218910 0.880518 0.204752 0.890320 0.200394 0.895402 0.192772 0.907382 0.185874 0.919362 0.184422 0.905930 0.180066 0.895040 0.173894 0.887778 0.170626 0.888868 0.169900 0.894676 0.175708 0.905930 0.179702 0.923356 0.180792 0.935336
1 0.129240 0.934610 0.138316 0.940782 0.137226 0.941508 0.143762 0.944776 0.147028 0.948042 0.151748 0.946590 0.155742 0.948042 0.159372 0.949494 0.162276 0.948042 0.161188 0.943686 0.154652 0.943324 0.156830 0.940056 0.163002 0.938240 0.166632 0.939330 0.169174 0.942598 0.168810 0.946590 0.166270 0.949132 0.165906 0.953124 0.168448 0.955666 0.173530 0.951310 0.176072 0.946954 0.177160 0.943324 0.181154 0.944050 0.183696 0.941508 0.179702 0.939692 0.177160 0.938240 0.174620 0.937152 0.170990 0.935336 0.166996 0.934610 0.163366 0.934610 0.162640 0.929890 0.165906 0.925172 0.165906 0.920088 0.163728 0.918274 0.157556 0.924446 0.150660 0.936788 0.147392 0.935336 0.139406 0.931706 0.131782 0.931706
0 0.182244 0.844214 0.185874 0.843488 0.188414 0.837318 0.198942 0.837318 0.210922 0.837680 0.215642 0.837318 0.219998 0.837680 0.223630 0.839496 0.227986 0.843488 0.231616 0.843126 0.230526 0.835502 0.221450 0.827152 0.217820 0.825700 0.207292 0.819892 0.198580 0.820254 0.188052 0.822070 0.183696 0.827516 0.182244 0.833686 0.181880 0.837318 0.172078 0.835138 0.163002 0.836590 0.160824 0.838770 0.154290 0.841310 0.147028 0.841310 0.137590 0.846756 0.131418 0.851112 0.128152 0.854016 0.127062 0.857284 0.135412 0.852564 0.146666 0.848934 0.152112 0.847118 0.159372 0.846030 0.163728 0.843126 0.168810 0.842036 0.174256 0.842036 0.167358 0.851112 0.167358 0.855832 0.168810 0.860188 0.174256 0.856920 0.178250 0.849660
1 0.258450 0.683572 0.265736 0.696756 0.271980 0.703000 0.278918 0.709938 0.288286 0.714448 0.297306 0.718264 0.300428 0.711326 0.299040 0.697450 0.298346 0.686002 0.297306 0.683572 0.294876 0.689470 0.292102 0.688430 0.291408 0.681492 0.287938 0.680450 0.285858 0.688082 0.281348 0.685308 0.275796 0.683572 0.274408 0.677676 0.272328 0.674554 0.270592 0.678716 0.266430 0.679410 0.261574 0.681492
0 0.177272 0.704388 0.177966 0.710286 0.184212 0.716182 0.194966 0.720346 0.199128 0.724508 0.206760 0.735264 0.212312 0.743242 0.226882 0.760934 0.230698 0.759894 0.226534 0.748098 0.219944 0.741508 0.213698 0.735610 0.213698 0.728672 0.219944 0.730406 0.228270 0.725896 0.232432 0.716182 0.234860 0.707856 0.233820 0.693634 0.231738 0.682186 0.227922 0.675594 0.225494 0.677676 0.226534 0.688430 0.226534 0.698144 0.227922 0.705428 0.227922 0.712714 0.222718 0.716876 0.218208 0.719652 0.210924 0.719306 0.209536 0.712714 0.211618 0.704388 0.213006 0.696062 0.208148 0.683226 0.200864 0.669002 0.198782 0.669002 0.200170 0.709244 0.198088 0.707856 0.195660 0.704734 0.195312 0.712366 0.189762 0.709244 0.185252 0.703694
1 0.237290 0.532318 0.234166 0.535094 0.231392 0.545154 0.234166 0.555214 0.241106 0.562154 0.250472 0.569092 0.259838 0.571866 0.268164 0.567356 0.270592 0.559030 0.267124 0.546888 0.261920 0.540298 0.255328 0.536828 0.248390 0.534054 0.242146 0.532318
1 0.208842 0.627372 0.207454 0.616272 0.205374 0.609334 0.200170 0.604130 0.194272 0.601702 0.189762 0.599966 0.189068 0.594416 0.192884 0.593376 0.200516 0.592334 0.208496 0.596498 0.213006 0.601702 0.215780 0.610028 0.215780 0.611414 0.218902 0.614884 0.218208 0.618006 0.217168 0.622864 0.222024 0.626680 0.234860 0.630842 0.235208 0.634312 0.233474 0.636740 0.224454 0.634658 0.215434 0.632924 0.212312 0.635004 0.209190 0.640902 0.204680 0.642984 0.199476 0.643678 0.197394 0.638822 0.201556 0.635352 0.205374 0.632230
0 0.214392 0.509422 0.210924 0.502136 0.210924 0.497974 0.215086 0.497280 0.218208 0.500056 0.222024 0.493812 0.226534 0.484792 0.235902 0.474730 0.237290 0.476466 0.233820 0.493118 0.234860 0.502830 0.237636 0.500750 0.246308 0.496586 0.253940 0.496240 0.259492 0.497628 0.259144 0.499362 0.251860 0.500750 0.247350 0.502484 0.253248 0.505260 0.262960 0.508728 0.271980 0.512198 0.274756 0.514972 0.274408 0.517748 0.241798 0.511504 0.235554 0.508034 0.231392 0.506646 0.228270 0.518788 0.226882 0.525728 0.227228 0.531278 0.226188 0.539256 0.224106 0.546888 0.222718 0.552092 0.226882 0.553480 0.228616 0.554174 0.227576 0.557644 0.223412 0.557990 0.215086 0.556602 0.213698 0.548970 0.214740 0.538910 0.215434 0.525728
1 0.238760 0.463422 0.231452 0.468702 0.229422 0.472762 0.229422 0.475604 0.232428 0.476708 0.236078 0.474274 0.240034 0.470928 0.242468 0.468190 0.244596 0.469408 0.246422 0.471840 0.248856 0.472754 0.249768 0.470928 0.250378 0.467582 0.252506 0.466670 0.255854 0.464540 0.254940 0.460888 0.251290 0.460888 0.246726 0.463626 0.243380 0.463322 0.239730 0.455716 0.237600 0.452674 0.236688 0.456934
0 0.205014 0.397138 0.211764 0.404732 0.225264 0.414856 0.226106 0.417808 0.232434 0.433838 0.237074 0.441010 0.255214 0.435526 0.253526 0.414856 0.251418 0.397138 0.258588 0.385748 0.263650 0.377312 0.260698 0.374780 0.252262 0.386592 0.249730 0.383640 0.248042 0.384904 0.237496 0.396716 0.233700 0.395450 0.231590 0.386170 0.238762 0.384482 0.245090 0.381952 0.258588 0.368874 0.259854 0.364234 0.242558 0.372250 0.231170 0.377312 0.225686 0.381952 0.226528 0.401356 0.228216 0.409372 0.220622 0.402200 0.213874 0.393764 0.209234 0.391654
0 0.228252 0.301774 0.228566 0.293524 0.225620 0.290578 0.221832 0.285106 0.221410 0.278370 0.215096 0.264900 0.211308 0.247222 0.212992 0.243012 0.217622 0.253956 0.226462 0.270374 0.234460 0.283002 0.237826 0.291420 0.238668 0.297312 0.242036 0.298154 0.249612 0.299418 0.250034 0.301522 0.242036 0.302364 0.241616 0.306574 0.241616 0.311624 0.248350 0.312466 0.256768 0.315412 0.262240 0.320884 0.267292 0.325516 0.267292 0.330146 0.266450 0.334354 0.263082 0.339826 0.256768 0.340248 0.249192 0.337302 0.242456 0.333092 0.239510 0.324252 0.236142 0.314150 0.231092 0.312466 0.223936 0.312046 0.216780 0.314150 0.211728 0.315834 0.202048 0.318780 0.196576 0.321726 0.192366 0.323832 0.191104 0.318360 0.198680 0.311204 0.205414 0.307836 0.213412 0.306152 0.218042 0.305732 0.222674 0.305732
0 0.225198 0.213126 0.225620 0.201340 0.231092 0.190396 0.239090 0.185344 0.246666 0.182398 0.256768 0.181978 0.263082 0.184502 0.262662 0.185766 0.256348 0.185766 0.245824 0.187450 0.236142 0.192922 0.232354 0.201762 0.232354 0.212284 0.239090 0.211022 0.244982 0.207654 0.250034 0.201340 0.255506 0.200078 0.263924 0.198394 0.276132 0.193342 0.285392 0.193764 0.288760 0.197552 0.290864 0.203866 0.293390 0.214810 0.294652 0.224492 0.294652 0.229964 0.292126 0.231648 0.287918 0.229964 0.290022 0.220704 0.289180 0.211022 0.285812 0.204708 0.282446 0.201340 0.272344 0.203444 0.268554 0.204286 0.265608 0.208076 0.262240 0.210180 0.257190 0.211864 0.251718 0.214810 0.250034 0.219020 0.247508 0.222808 0.243720 0.224070 0.234880 0.220704 0.228146 0.217756
1 0.192366 0.219440 0.199942 0.219440 0.206678 0.219020 0.210886 0.218598 0.216780 0.218178 0.218464 0.221966 0.219306 0.227018 0.223094 0.228700 0.225198 0.221966 0.223936 0.218178 0.220990 0.209758 0.221410 0.202604 0.218042 0.200078 0.217200 0.204708 0.218042 0.211022 0.211308 0.210180 0.205836 0.211022 0.200784 0.213548 0.195734 0.215652
0 0.261646 0.159766 0.262698 0.133970 0.262698 0.125548 0.260592 0.119230 0.250064 0.106596 0.243746 0.096592 0.240060 0.081852 0.234270 0.082906 0.223214 0.086590 0.220582 0.081852 0.238482 0.076588 0.239534 0.070270 0.232164 0.057110 0.234270 0.055530 0.241114 0.064480 0.244272 0.050792 0.249010 0.050266 0.246904 0.072376 0.254802 0.073956 0.259012 0.074482 0.259012 0.080272 0.262172 0.078168 0.264278 0.081852 0.266384 0.085538 0.275332 0.077640 0.276912 0.077640 0.267962 0.103964 0.265330 0.108174 0.271122 0.117124 0.272700 0.125548 0.272700 0.136602 0.271648 0.145552 0.270594 0.155556 0.267962 0.160294
0 0.259012 0.007096 0.250590 0.001306 0.263224 0.002884 0.272700 0.007622 0.282176 0.011308 0.289546 0.016046 0.292180 0.022364 0.291126 0.027628 0.287442 0.025522 0.284282 0.019204 0.279544 0.021838 0.272174 0.021310 0.267436 0.021310 0.268488 0.031314 0.265330 0.042368 0.260066 0.040790 0.261118 0.026048 0.261646 0.021310 0.258486 0.019204
1 0.498870 0.142530 0.488194 0.137786 0.485032 0.129484 0.481472 0.119600 0.480286 0.110506 0.489776 0.102994 0.492938 0.096668 0.496892 0.085598 0.504404 0.090738 0.510334 0.099040 0.517846 0.108924 0.521406 0.118414 0.524172 0.125926 0.522196 0.133438 0.516660 0.137786 0.511916 0.140158
1 0.693786 0.039340 0.689042 0.040130 0.678762 0.040526 0.674018 0.045270 0.670854 0.053572 0.674808 0.063456 0.679948 0.066224 0.692996 0.066224 0.702090 0.058316 0.706438 0.044874 0.704462 0.041712 0.699322 0.040130
0 0.539592 0.192742 0.527336 0.191162 0.523778 0.183254 0.515870 0.181276 0.498870 0.182858 0.481868 0.186022 0.478310 0.182068 0.488986 0.180486 0.508358 0.176532 0.526940 0.178510 0.534058 0.183254 0.539988 0.186812 0.544336 0.184440 0.546314 0.176928 0.546708 0.168626 0.545128 0.164672 0.541174 0.155182 0.540384 0.151228 0.546708 0.153996 0.550662 0.160322 0.553430 0.172184 0.558570 0.167438 0.569246 0.164276 0.583874 0.163486 0.592572 0.163090 0.594944 0.164672 0.594548 0.170206 0.589804 0.172184 0.577548 0.174160 0.571618 0.176928 0.577548 0.180486 0.584270 0.187208 0.588222 0.191952 0.589014 0.197882 0.586246 0.197488 0.579920 0.189580 0.572408 0.186416 0.560152 0.186812 0.546708 0.189184 0.535638 0.193928
0 0.494916 0.271422 0.504404 0.271816 0.509940 0.277352 0.525358 0.282096 0.533266 0.282492 0.533266 0.288026 0.536824 0.291980 0.545128 0.292772 0.548290 0.291980 0.552244 0.295538 0.556988 0.296724 0.556988 0.293958 0.553034 0.289608 0.555012 0.288026 0.560152 0.288818 0.562128 0.296724 0.562920 0.316098 0.564106 0.328354 0.568454 0.327564 0.569246 0.311354 0.566478 0.289608 0.574384 0.288422 0.584270 0.286840 0.589804 0.285260 0.587036 0.281306 0.572012 0.280120 0.553826 0.278538 0.551454 0.274980 0.552244 0.269048 0.556988 0.265490 0.560942 0.261142 0.558570 0.257584 0.552244 0.256792 0.542360 0.261536 0.538406 0.265886 0.520220 0.262328 0.510334 0.262328 0.503614 0.264700 0.499660 0.265490
1 0.589408 0.298306 0.602060 0.295934 0.609178 0.293958 0.609178 0.290004 0.602852 0.287632 0.598106 0.289212 0.593758 0.290004 0.590200 0.291190 0.586642 0.292376 0.585060 0.289212 0.582292 0.289608 0.583478 0.294748 0.580710 0.297120 0.575966 0.302260 0.578338 0.305422 0.584270 0.300678
0 0.510730 0.421662 0.513498 0.404266 0.513894 0.393590 0.517056 0.385288 0.522196 0.381334 0.525754 0.376590 0.535244 0.363542 0.540384 0.357216 0.541174 0.368682 0.539592 0.381334 0.538010 0.384892 0.533266 0.380148 0.528126 0.386078 0.521406 0.388846 0.519824 0.394776 0.520220 0.401102 0.524568 0.400312 0.524568 0.392404 0.530104 0.391218 0.530104 0.397148 0.528522 0.403870 0.528522 0.409010 0.532080 0.414940 0.540384 0.426010 0.542360 0.435104 0.542360 0.443012 0.536430 0.435104 0.532872 0.430360 0.526940 0.425220 0.524964 0.419684 0.521406 0.418104 0.517846 0.418894 0.516266 0.422056
1 0.652272 0.469106 0.659784 0.465548 0.664924 0.463570 0.667296 0.458430 0.664924 0.456850 0.657808 0.459616 0.651086 0.461594 0.647924 0.458826 0.645552 0.457640 0.644760 0.460012 0.646342 0.463570 0.644760 0.467128 0.641598 0.471082 0.641992 0.474246 0.645552 0.475432
0 0.525358 0.461594 0.516660 0.477804 0.513894 0.488478 0.513894 0.495200 0.510334 0.496386 0.509940 0.504294 0.511126 0.515364 0.507568 0.517340 0.502822 0.514178 0.498870 0.510620 0.495310 0.509038 0.494916 0.511410 0.501636 0.519318 0.507962 0.522480 0.508754 0.527226 0.513102 0.528412 0.514684 0.522086 0.518638 0.520108 0.524172 0.516550 0.532872 0.521294 0.540778 0.524852 0.545128 0.524852 0.542756 0.519318 0.539988 0.518132 0.534848 0.516946 0.529708 0.514178 0.527336 0.507456 0.524964 0.499944 0.529312 0.495200 0.531290 0.487688 0.534058 0.480176 0.532080 0.476222 0.527336 0.482944 0.523778 0.492432 0.520220 0.494014 0.522592 0.483734 0.526546 0.474246 0.527336 0.465548
0 0.504404 0.656116 0.503614 0.664022 0.502822 0.673908 0.502428 0.684186 0.501242 0.690512 0.498870 0.695258 0.495310 0.700002 0.496102 0.677466 0.497288 0.669954 0.499264 0.658488 0.496102 0.657302 0.488986 0.655324 0.484240 0.650580 0.485426 0.643068 0.490566 0.640696 0.490962 0.630416 0.496892 0.615392 0.503218 0.607090 0.507962 0.599974 0.511522 0.601554 0.507962 0.611438 0.504404 0.617370 0.504010 0.621324 0.506776 0.627648 0.506776 0.641092 0.509940 0.643860 0.517846 0.635952 0.530104 0.621718 0.532476 0.616184 0.536430 0.604718 0.538406 0.610648 0.539988 0.616974 0.536430 0.627648 0.519428 0.647418 0.514288 0.650976 0.510334 0.653348
1 0.420190 0.684582 0.423750 0.680234 0.428494 0.681814 0.430470 0.688932 0.428494 0.694862 0.423354 0.702374 0.419400 0.710676 0.416632 0.714630 0.411492 0.716608 0.405958 0.717794 0.397654 0.714630 0.392910 0.709886 0.391328 0.695258 0.394888 0.684186 0.400422 0.677466 0.410702 0.675488 0.415446 0.675884 0.418214 0.681024
1 0.594834 0.682338 0.590526 0.678028 0.586936 0.676234 0.583346 0.677310 0.583704 0.679464 0.586218 0.683056 0.590526 0.685210 0.594834 0.687364 0.596630 0.690236 0.599142 0.692390 0.601656 0.690236 0.599142 0.686286 0.601656 0.683414 0.604528 0.679106 0.602732 0.676592 0.598424 0.678028
0 0.476714 0.925042 0.486766 0.933300 0.499692 0.946584 0.500768 0.952328 0.503282 0.957354 0.505436 0.961662 0.505076 0.969202 0.505076 0.976024 0.507230 0.977102 0.510822 0.967766 0.508308 0.942276 0.500050 0.928990 0.492510 0.919656 0.483894 0.913552 0.479586 0.911398 0.479944 0.905294 0.478868 0.894166 0.476714 0.890934 0.472404 0.890574 0.469174 0.892010 0.470250 0.895960 0.470610 0.903500 0.469892 0.908168 0.467378 0.909244 0.464148 0.908886 0.460198 0.909244 0.457684 0.909962 0.458044 0.914270 0.462352 0.916066 0.465584 0.917862 0.470610 0.919656 0.470610 0.921452 0.469532 0.923246 0.472046 0.926118
1 0.389468 0.955918 0.395572 0.947660 0.407062 0.939762 0.409216 0.928990 0.408498 0.922888 0.404190 0.914988 0.398086 0.910680 0.385878 0.909244 0.374390 0.913194 0.366132 0.920016 0.363260 0.930786 0.362182 0.940838 0.362182 0.951968 0.366490 0.958790 0.371518 0.962740 0.375826 0.964894 0.380134 0.967048 0.385520 0.964176
1 0.429680 0.790046 0.425372 0.780352 0.428604 0.779276 0.436502 0.785378 0.439374 0.777480 0.437578 0.771736 0.438656 0.764556 0.442246 0.765274 0.445478 0.770658 0.449068 0.766710 0.451582 0.768504 0.451222 0.772454 0.447990 0.779276 0.444760 0.782866 0.444042 0.788610 0.441170 0.790764 0.437578 0.788970 0.433988 0.788610
0 0.481740 0.782866 0.482458 0.774966 0.487126 0.764914 0.493588 0.759528 0.501486 0.755220 0.500768 0.751630 0.493946 0.753426 0.486048 0.758452 0.480304 0.766710 0.477072 0.777122 0.476714 0.781430 0.474200 0.786096 0.468456 0.785378 0.465224 0.784660 0.459838 0.785378 0.458044 0.787174 0.461274 0.791842 0.463070 0.796150 0.463430 0.800818 0.463788 0.803690 0.468456 0.805126 0.472764 0.802972 0.475996 0.800818 0.479944 0.801176 0.481380 0.796868 0.490356 0.804766 0.491792 0.810870 0.492152 0.820922 0.495382 0.820204 0.496100 0.807280 0.503282 0.812666 0.505076 0.811230 0.492870 0.794354 0.487126 0.786456 0.491074 0.781070 0.492510 0.774248 0.493228 0.766710 0.489280 0.767068 0.487844 0.774966 0.487126 0.780352
0 0.464148 0.978178 0.469174 0.969920 0.475996 0.962740 0.484612 0.958790 0.489280 0.958790 0.489280 0.960586 0.473842 0.971356 0.470250 0.976024 0.469892 0.981050 0.475996 0.978538 0.481740 0.973152 0.485690 0.973870 0.485330 0.978178 0.479226 0.984282 0.474918 0.989668 0.471328 0.989308 0.465942 0.988950 0.465942 0.993616 0.464844 0.998046 0.458984 0.998046 0.450146 0.991462 0.446554 0.982486 0.440810 0.973152 0.436860 0.970280 0.436860 0.978178 0.439374 0.983922 0.441528 0.987512 0.442246 0.992180 0.438298 0.993976 0.428962 0.990026 0.424654 0.990026 0.414960 0.988230 0.407780 0.987872 0.402754 0.988590 0.402394 0.983204 0.412806 0.981410 0.426450 0.985358 0.431834 0.985000 0.432552 0.974228 0.431116 0.968484 0.427168 0.959508 0.429680 0.955918 0.436502 0.965254 0.441528 0.969202 0.450146 0.969202 0.456608 0.969562
0 0.793338 0.000740 0.792584 0.008674 0.788050 0.015096 0.788806 0.035496 0.786162 0.035118 0.782762 0.017740 0.785406 0.002630 0.779362 0.007918 0.778984 0.020762 0.780872 0.030962 0.783894 0.037386 0.782762 0.044940 0.780872 0.054764 0.779738 0.071764 0.784272 0.084608 0.792206 0.097074 0.796362 0.097074 0.792962 0.091408 0.789562 0.078564 0.789184 0.056652 0.795606 0.030586 0.800140 0.024162 0.804672 0.023408 0.809206 0.024162 0.811472 0.015852 0.809584 0.014718 0.804294 0.015096 0.803162 0.006030
0 0.782792 0.124588 0.782278 0.118422 0.779708 0.114824 0.778166 0.104544 0.773026 0.103002 0.762232 0.089124 0.741160 0.076788 0.738590 0.080386 0.760176 0.107114 0.762232 0.112768 0.741674 0.115338 0.744244 0.119962 0.765830 0.122532 0.779194 0.128700 0.792044 0.137952 0.800268 0.144120 0.803352 0.140008 0.804380 0.132812 0.796156 0.128186 0.790502 0.126130
0 0.759662 0.223788 0.756064 0.205284 0.751954 0.189350 0.736534 0.172902 0.730366 0.168792 0.733964 0.164680 0.757606 0.180098 0.766858 0.195004 0.767372 0.209910 0.771484 0.219162 0.778166 0.223274 0.781764 0.233038 0.778680 0.244860 0.774568 0.251542 0.769942 0.258224 0.764802 0.260280 0.758120 0.261822 0.755550 0.256168 0.763260 0.252570 0.769942 0.245888 0.772512 0.239720 0.771998 0.233038 0.768914 0.225842 0.766858 0.222760 0.764802 0.216592 0.762746 0.213508 0.761718 0.217106
1 0.731908 0.245888 0.724198 0.250514 0.718030 0.252056 0.707236 0.245888 0.707750 0.236636 0.712890 0.232010 0.719572 0.229440 0.718030 0.225842 0.715974 0.217620 0.718544 0.201686 0.722656 0.197060 0.730366 0.196032 0.745786 0.197060 0.752468 0.200144 0.757092 0.217106 0.757606 0.226356 0.763774 0.231496 0.767886 0.235608 0.767886 0.242804 0.762232 0.247944 0.754010 0.252056 0.745272 0.248458 0.740646 0.246402
0 0.747328 0.326584 0.737562 0.324014 0.720086 0.322472 0.711348 0.323500 0.713404 0.316818 0.722142 0.313220 0.741674 0.315790 0.752468 0.318874 0.756064 0.315276 0.759662 0.311164 0.765316 0.310650 0.766344 0.303968 0.769428 0.302940 0.774054 0.294716 0.785876 0.286492 0.788446 0.287006 0.780736 0.299856 0.780222 0.307052 0.775596 0.311678 0.778166 0.316304 0.781764 0.316818 0.780736 0.325042 0.778680 0.330180 0.777652 0.324014 0.769942 0.326070 0.763774 0.328638 0.763774 0.333264 0.771484 0.334806 0.783820 0.334806 0.794100 0.331208 0.800268 0.329152 0.800268 0.335320 0.786390 0.344572 0.767886 0.347656 0.759148 0.345086 0.750926 0.343544 0.745786 0.335320
0 0.748356 0.365646 0.750926 0.374898 0.754010 0.387232 0.754010 0.403166 0.751954 0.411904 0.748356 0.419614 0.742702 0.421156 0.735506 0.422698 0.727796 0.425268 0.726254 0.426296 0.727282 0.428866 0.733450 0.430922 0.730366 0.434004 0.732936 0.438116 0.745272 0.433490 0.753496 0.428352 0.765830 0.423212 0.773026 0.423726 0.784848 0.434518 0.789988 0.434004 0.777652 0.421156 0.782278 0.414474 0.796156 0.412418 0.806950 0.415502 0.814658 0.420128 0.819798 0.422184 0.818256 0.413446 0.797184 0.403680 0.770970 0.404708 0.758634 0.417558 0.761718 0.404194 0.762746 0.383634 0.757092 0.372328
0 0.741674 0.472040 0.732936 0.466900 0.726768 0.465358 0.728310 0.473068 0.735506 0.478722 0.733450 0.487972 0.726768 0.490028 0.712376 0.489514 0.705694 0.492084 0.708778 0.495168 0.728824 0.497224 0.731394 0.498766 0.720086 0.516242 0.715460 0.526008 0.711862 0.543996 0.712376 0.550678 0.718030 0.549136 0.725740 0.529092 0.732422 0.520868 0.734478 0.512644 0.738590 0.511616 0.740646 0.529092 0.746300 0.529606 0.746300 0.513158 0.757092 0.509046 0.759148 0.500308 0.748870 0.501850 0.743216 0.501850 0.743216 0.481806
2 0.677654 0.531632 0.675432 0.525598 0.675750 0.518292 0.678926 0.516388 0.680514 0.524962 0.683054 0.529726 0.686548 0.532266 0.692898 0.534172 0.696074 0.537348 0.695440 0.541158 0.693216 0.543700 0.688452 0.545604 0.683690 0.546876 0.685594 0.551004 0.687182 0.554814 0.684642 0.557038 0.680830 0.554814 0.680514 0.546240 0.677020 0.547192 0.672574 0.553226 0.666540 0.556084 0.663046 0.554180 0.668762 0.548462 0.663998 0.544334 0.667174 0.540840 0.668128 0.540524 0.664316 0.535124 0.656694 0.524326 0.657964 0.518928 0.660824 0.523692 0.664634 0.530360 0.666540 0.530996 0.668446 0.529408 0.669080 0.526232 0.672574 0.529408 0.674480 0.531948
0 0.724022 0.606580 0.731326 0.594512 0.739584 0.585938 0.750064 0.579586 0.755462 0.579904 0.754192 0.583396 0.747522 0.586572 0.741172 0.595464 0.737678 0.603722 0.735138 0.608804 0.736726 0.617060 0.741172 0.621190 0.741806 0.631986 0.739584 0.638974 0.738630 0.643102 0.735454 0.672320 0.731962 0.671366 0.731644 0.656440 0.726562 0.659298 0.724974 0.674226 0.722434 0.681212 0.718940 0.683752 0.719258 0.673590 0.723070 0.657394 0.728150 0.649454 0.730692 0.641514 0.729738 0.636116 0.725292 0.636116 0.721164 0.644690 0.720210 0.651994 0.719894 0.658664 0.716400 0.674226 0.712588 0.674860 0.709730 0.671684 0.710366 0.664380 0.708460 0.649772 0.711954 0.635162 0.719576 0.629128 0.725292 0.626270 0.727516 0.622460 0.726562 0.618648 0.719576 0.612932 0.714812 0.611662 0.711002 0.611026 0.713542 0.609438 0.718940 0.606898
0 0.733866 0.715828 0.742124 0.701854 0.743076 0.693598 0.744348 0.677400 0.745618 0.674542 0.748476 0.679306 0.750064 0.690422 0.750064 0.700584 0.749746 0.709794 0.748158 0.716780 0.748158 0.724720 0.757686 0.734566 0.764990 0.742506 0.774200 0.758702 0.778964 0.765054 0.778964 0.769182 0.771342 0.763148 0.759274 0.750762 0.752604 0.744092 0.744030 0.737742 0.734184 0.731390 0.732596 0.733296 0.731962 0.739646 0.731644 0.750128 0.728468 0.763784 0.726244 0.764418 0.724658 0.750444 0.724658 0.728850 0.724022 0.725356 0.720528 0.724720 0.713224 0.722180 0.705920 0.722498 0.699886 0.721862 0.697346 0.712970 0.700838 0.708206 0.705602 0.707254 0.709414 0.707572 0.712588 0.707254 0.711636 0.700266 0.712588 0.698362 0.715764 0.700584 0.717670 0.707254 0.717036 0.712334 0.713542 0.714240 0.712906 0.717416 0.717988 0.717734 0.721798 0.717416 0.722116 0.712334 0.721798 0.706300 0.722116 0.701854 0.724340 0.701220 0.727832 0.706618 0.728468 0.712970 0.730374 0.716464
0 0.709414 0.853340 0.714494 0.846990 0.715448 0.842860 0.735138 0.820312 0.739266 0.815232 0.749110 0.812690 0.748794 0.817136 0.742442 0.826664 0.736090 0.831428 0.733866 0.834286 0.732278 0.839050 0.735454 0.840638 0.739584 0.841272 0.740218 0.845084 0.734184 0.848578 0.725610 0.853976 0.720846 0.859058 0.715764 0.877478 0.713224 0.882240 0.710366 0.893356 0.709096 0.903202 0.708142 0.910824 0.707190 0.916222 0.703696 0.916858 0.702108 0.908918 0.702108 0.891768 0.707826 0.872396 0.709730 0.864774 0.707508 0.864138 0.702744 0.867632 0.689088 0.877160 0.684324 0.880018 0.681784 0.881288 0.682736 0.875890 0.688452 0.867632 0.697662 0.860962 0.703380 0.857470
0 0.670350 0.885734 0.670668 0.900978 0.677020 0.915904 0.684324 0.930196 0.689088 0.937182 0.695122 0.940040 0.695122 0.947028 0.695122 0.955602 0.696074 0.963860 0.698932 0.973704 0.702744 0.980692 0.702744 0.988948 0.704332 0.990536 0.708142 0.984820 0.714494 0.970846 0.715130 0.960684 0.713542 0.953380 0.720846 0.961954 0.727516 0.967670 0.731962 0.969258 0.734502 0.963860 0.731644 0.957508 0.720210 0.947980 0.713860 0.945122 0.705284 0.934642 0.700520 0.918128 0.687500 0.898756 0.678608 0.890816
1 0.813982 0.704578 0.809306 0.706376 0.805350 0.710692 0.801392 0.715368 0.797796 0.720404 0.795278 0.723282 0.789522 0.730476 0.784128 0.740906 0.784128 0.750978 0.782688 0.757094 0.785566 0.759252 0.796358 0.763568 0.803910 0.757452 0.810744 0.752058 0.818298 0.743784 0.822974 0.735872 0.822614 0.722562 0.818298 0.713210
1 0.192344 0.738618 0.188214 0.736258 0.184084 0.735962 0.176118 0.736258 0.171692 0.736258 0.169922 0.740388 0.174938 0.742158 0.179658 0.743634 0.184084 0.744518 0.191164 0.745994 0.194114 0.749238 0.195000 0.755140 0.196770 0.758090 0.200900 0.755730 0.200016 0.751600 0.198836 0.745404 0.200900 0.740978 0.201786 0.736552 0.199426 0.733306 0.198246 0.730356 0.195000 0.730356 0.193820 0.734782
1 0.434142 0.932110 0.423502 0.927648 0.415950 0.925932 0.414578 0.920440 0.424532 0.924216 0.435516 0.926276 0.444440 0.927992 0.456798 0.926962 0.467782 0.926618 0.468468 0.929022 0.460230 0.932110 0.447186 0.932454 0.450962 0.936230 0.452678 0.940692 0.451650 0.945154 0.448560 0.940006 0.442038 0.933484
1 0.516184 0.571086 0.515646 0.564110 0.522086 0.563036 0.525842 0.570012 0.521548 0.577524 0.514574 0.583426 0.507062 0.585036 0.510818 0.578598