0 0.985550 0.893650 0.985324 0.908554 0.994580 0.921876 0.998646 0.954390 0.993000 0.910360 0.990516 0.904488
1 0.994356 0.953486 0.991646 0.958906 0.988710 0.963196 0.999548 0.974936 0.984872 0.980130 0.995484 0.984194 0.995258 0.990290
1 0.228574 0.110536 0.222490 0.115808 0.217014 0.118242 0.211538 0.123110 0.213160 0.131222 0.211740 0.136496 0.225330 0.141160 0.230806 0.148056 0.238716 0.152720 0.246828 0.149070 0.254534 0.137306 0.254534 0.128180 0.250682 0.115402 0.246626 0.110940 0.236282 0.111550 0.233036 0.110536
1 0.500330 0.351150 0.495052 0.361478 0.491838 0.370658 0.487936 0.378920 0.485412 0.385346 0.487478 0.393380 0.495510 0.403936 0.501708 0.406462 0.522134 0.406462 0.534298 0.403936 0.531314 0.394298 0.529020 0.383970 0.528102 0.377084 0.526036 0.367444 0.521216 0.356658 0.511806 0.354134 0.507904 0.356658
0 0.816392 0.092756 0.812566 0.103274 0.820216 0.119530 0.835756 0.130528 0.848666 0.138894 0.860858 0.142720 0.881894 0.136982 0.885720 0.136982 0.886198 0.145826 0.890262 0.133156 0.877592 0.128136 0.863248 0.129332 0.880938 0.110686 0.862052 0.127180 0.853446 0.129810 0.833366 0.121204 0.824042 0.107338 0.817348 0.097298
0 0.788422 0.615342 0.815674 0.632794 0.822130 0.639008 0.814240 0.647616 0.802288 0.634944 0.800852 0.638530 0.810416 0.651918 0.824998 0.643312 0.850816 0.662916 0.871854 0.680366 0.864922 0.662676 0.838386 0.640444 0.843644 0.632316 0.838624 0.633988 0.829780 0.628012 0.841254 0.617254 0.872572 0.607214 0.866356 0.612474 0.845558 0.619166 0.880460 0.613908 0.882612 0.613430 0.872332 0.597652 0.868508 0.590240 0.868268 0.603150 0.854164 0.606258 0.845558 0.613430 0.832648 0.618210 0.822130 0.625860 0.824280 0.631360 0.814240 0.622274 0.807786 0.621796 0.800374 0.617494
0 0.817110 0.677258 0.809698 0.687778 0.805396 0.688494 0.808742 0.717182 0.821890 0.747782 0.805396 0.745870 0.785074 0.757344 0.814480 0.749694 0.829302 0.756866 0.841016 0.774556 0.837668 0.760452 0.855358 0.743956 0.856316 0.721724 0.843166 0.751606 0.835278 0.753040 0.836472 0.734394 0.846752 0.728656 0.843884 0.720050 0.837430 0.730092 0.843644 0.711444 0.842210 0.704272 0.835756 0.718856 0.831452 0.752084 0.824998 0.737502 0.819738 0.721962 0.814240 0.709770 0.814480 0.687538
1 0.044722 0.556428 0.044416 0.574376 0.048068 0.583504 0.058106 0.600236 0.062974 0.612100 0.045938 0.607538 0.041678 0.609972 0.036202 0.617272 0.040158 0.622444 0.044416 0.630050 0.052022 0.646478 0.040766 0.646782 0.035290 0.639176 0.039854 0.650434 0.047154 0.660168 0.041678 0.662906 0.032552 0.669600 0.040766 0.669904 0.056586 0.672034 0.062670 0.669600 0.073318 0.659864 0.078490 0.662906 0.075448 0.652258 0.079098 0.643436 0.084574 0.644044 0.093702 0.648304 0.089138 0.639786 0.088530 0.630658 0.090050 0.621836 0.092484 0.610580 0.101002 0.602670 0.104350 0.600236 0.088834 0.595368 0.087922 0.584112 0.083358 0.593238 0.078490 0.588068 0.075144 0.570726 0.064496 0.572248 0.053544 0.572856 0.048068 0.566468
1 0.140552 0.771210 0.135684 0.781250 0.144506 0.789768 0.138422 0.792506 0.133250 0.797982 0.133860 0.805588 0.141768 0.801938 0.152720 0.803458 0.156676 0.802546 0.159110 0.794940 0.161848 0.791290 0.157892 0.782772 0.157284 0.778816 0.152416 0.780946 0.147550 0.781250 0.144202 0.779424 0.141768 0.775166
0 0.070846 0.187144 0.065660 0.204922 0.066402 0.225416 0.070846 0.238504 0.074550 0.242208 0.073562 0.251838 0.071340 0.256528 0.076524 0.254800 0.081958 0.254554 0.094304 0.259244 0.111834 0.255540 0.119982 0.249120 0.122946 0.238504 0.114056 0.248874 0.099242 0.254554 0.090846 0.253318 0.082698 0.242948 0.080476 0.238750 0.077018 0.234058 0.074302 0.223936 0.079488 0.225416 0.085168 0.233812 0.086648 0.226158 0.079982 0.218750 0.074056 0.211342 0.072822 0.201960
0 0.037512 0.359000 0.037758 0.374556 0.039982 0.386408 0.042944 0.394310 0.051340 0.401716 0.062698 0.410112 0.066648 0.416778 0.076032 0.432334 0.084426 0.440730 0.086402 0.441718 0.098500 0.440976 0.101464 0.435544 0.111340 0.420730 0.098500 0.428384 0.092328 0.437520 0.089858 0.438014 0.082452 0.431840 0.074550 0.423198 0.073562 0.412580 0.072328 0.407396 0.074302 0.391840 0.070106 0.374062 0.064672 0.371592 0.064672 0.375790 0.066648 0.390358 0.067636 0.405668 0.061216 0.403198 0.059488 0.398012 0.054550 0.393074 0.049610 0.388136 0.046648 0.383198 0.042450 0.373814 0.041956 0.368876 0.041462 0.362456
0 0.535938 0.022656 0.544140 0.041992 0.535156 0.040234 0.547460 0.050976 0.553710 0.063086 0.565040 0.071680 0.577344 0.078124 0.567188 0.070312 0.583008 0.069336 0.593554 0.065820 0.602734 0.055468 0.605274 0.044336 0.606640 0.038086 0.603126 0.046484 0.599610 0.053124 0.595898 0.058984 0.586132 0.063672 0.577734 0.065626 0.569922 0.067382 0.566016 0.066016 0.561132 0.059570 0.556250 0.052734 0.554102 0.047266 0.549610 0.038868 0.544726 0.030664 0.540430 0.024610
1 0.599414 0.109570 0.598438 0.118946 0.598046 0.128516 0.593750 0.134766 0.591796 0.146876 0.594336 0.158204 0.594922 0.170312 0.604492 0.169922 0.635938 0.172070 0.650000 0.171484 0.658984 0.163282 0.655078 0.154492 0.641210 0.144336 0.633790 0.138672 0.625196 0.127540 0.619532 0.118750 0.616992 0.115040 0.608790 0.113282
0 0.561328 0.195898 0.556640 0.203710 0.547656 0.214648 0.542578 0.222656 0.540234 0.225586 0.536914 0.212304 0.535156 0.211914 0.534960 0.215820 0.535156 0.225782 0.536914 0.233008 0.547852 0.244336 0.554296 0.257226 0.562500 0.268164 0.559960 0.256250 0.556640 0.244532 0.551368 0.239062 0.557226 0.231250 0.559960 0.224804 0.557032 0.223242 0.553516 0.227734 0.548242 0.234960 0.544532 0.228320 0.546876 0.223046 0.558008 0.211132 0.563086 0.206446 0.564258 0.199804
1 0.623046 0.363476 0.624024 0.371876 0.629882 0.375390 0.629688 0.389844 0.633398 0.390040 0.632422 0.378320 0.651954 0.366796 0.650782 0.365040 0.639258 0.370508 0.631054 0.372852 0.626954 0.368554
1 0.615040 0.336914 0.611132 0.343750 0.601368 0.341016 0.595704 0.343360 0.595312 0.344922 0.610938 0.347656 0.616602 0.351758 0.620898 0.357226 0.627344 0.357422 0.620312 0.350196 0.616210 0.348046 0.613672 0.344336 0.614844 0.340820
1 0.020784 0.138680 0.014498 0.143200 0.012926 0.152828 0.011746 0.160098 0.002708 0.159508 0.001136 0.160884 0.001332 0.164224 0.011942 0.164420 0.018230 0.164814 0.023928 0.172870 0.023340 0.159704 0.017838 0.157936 0.021964 0.141824
0 0.107438 0.020784 0.097416 0.024714 0.086216 0.033360 0.078946 0.036308 0.073838 0.039452 0.075998 0.046132 0.069712 0.043578 0.065192 0.038470 0.064012 0.037684 0.065782 0.029626 0.070890 0.026484 0.076982 0.023928 0.062442 0.029038 0.061656 0.031984 0.063030 0.038666 0.064406 0.045542 0.070104 0.050848 0.058904 0.051634 0.065584 0.055368 0.081304 0.056350 0.080714 0.063030 0.075212 0.069122 0.072462 0.075212 0.072462 0.081108 0.072462 0.084448 0.071086 0.091718 0.070694 0.092898 0.070498 0.100756 0.070300 0.107438 0.071480 0.115886 0.073838 0.117066 0.078946 0.117852 0.077768 0.124532 0.077374 0.126104 0.069318 0.119424 0.065388 0.119424 0.065782 0.121978 0.070498 0.126104 0.071676 0.129838 0.070300 0.134356 0.077178 0.130624 0.080126 0.125514 0.084448 0.125318 0.085234 0.121584 0.082090 0.118442 0.085430 0.113332 0.084448 0.111760 0.078750 0.109402 0.077570 0.106062 0.079536 0.094862 0.082876 0.081108 0.082484 0.071872 0.084056 0.064602 0.087396 0.054974 0.080714 0.051438 0.079340 0.048686 0.079928 0.045936 0.082090 0.040042 0.087788 0.033950 0.094470 0.030020 0.105472 0.022750
1 0.109402 0.034540 0.110188 0.047508 0.100756 0.038666 0.093094 0.036308 0.093880 0.040434 0.099382 0.048884 0.102526 0.055564 0.095058 0.051634 0.087592 0.041416 0.087002 0.048686 0.086414 0.050652 0.086414 0.053010 0.087984 0.056940 0.090736 0.060280 0.106652 0.064210 0.106652 0.069318 0.104294 0.070694 0.104098 0.074034 0.100756 0.078160 0.102722 0.082484 0.104884 0.084644 0.109992 0.075802 0.118638 0.075016 0.123942 0.075606 0.131802 0.069122 0.140448 0.059886 0.137108 0.053598 0.136714 0.043184 0.132588 0.036504 0.125712 0.038862 0.122568 0.037684 0.120602 0.033754 0.118048 0.043578 0.115494 0.043578 0.111564 0.036112
1 0.222386 0.026484 0.214328 0.031002 0.211774 0.038076 0.209810 0.044364 0.210792 0.051634 0.215900 0.057528 0.217080 0.063030 0.211774 0.063424 0.202932 0.059690 0.201164 0.061852 0.219634 0.073444 0.222582 0.074428 0.225922 0.067156 0.228870 0.059100 0.231620 0.047704 0.231424 0.038470 0.227494 0.033950 0.223564 0.030216
1 0.155382 0.068926 0.152434 0.073838 0.151648 0.080518 0.153416 0.087198 0.158328 0.091128 0.160098 0.086806 0.159704 0.083270 0.155774 0.079142 0.155382 0.077178 0.156954 0.073642
1 0.001136 0.397066 0.009584 0.398638 0.011746 0.403158 0.023928 0.400014 0.036898 0.398638 0.038076 0.399620 0.029626 0.404336 0.022554 0.405908 0.012140 0.405122 0.013318 0.411802 0.011942 0.412786 0.009388 0.405122 0.005458 0.402568 0.000546 0.400996
1 0.242428 0.480182 0.248518 0.490596 0.248714 0.498848 0.247340 0.504546 0.235746 0.502974 0.240462 0.506904 0.244196 0.509852 0.242624 0.519088 0.242624 0.529502 0.242624 0.545810 0.243606 0.546792 0.262272 0.541880 0.266400 0.537950 0.267972 0.528912 0.268758 0.523410 0.271508 0.518694 0.273276 0.503958 0.266792 0.493150 0.264630 0.490202 0.254020 0.487648 0.247536 0.484112
0 0.032968 0.471340 0.040042 0.476252 0.050258 0.482736 0.053206 0.490202 0.061066 0.496884 0.070694 0.502386 0.079142 0.506708 0.078750 0.510048 0.078946 0.512996 0.072266 0.517712 0.076392 0.519088 0.083858 0.521446 0.086414 0.527732 0.090540 0.533432 0.093684 0.524392 0.096828 0.520266 0.110188 0.517712 0.107634 0.516336 0.096434 0.517516 0.090736 0.521248 0.084252 0.515550 0.083662 0.512014 0.085234 0.507494 0.091326 0.507298 0.097416 0.510048 0.106258 0.509852 0.104098 0.507690 0.089556 0.505530 0.084842 0.502386 0.087788 0.497080 0.091326 0.497474 0.100560 0.499438 0.096434 0.495902 0.092898 0.489024 0.092112 0.480574 0.086414 0.472518 0.078946 0.468196 0.078750 0.471340 0.083466 0.478806 0.087002 0.488632 0.081500 0.492560 0.077570 0.490400 0.071676 0.482736 0.073052 0.488042 0.076982 0.496294 0.072266 0.497670 0.065388 0.492758 0.057922 0.482540 0.046918 0.477038 0.038272 0.473502
1 0.062048 0.442260 0.063620 0.446188 0.065782 0.451494 0.068336 0.447760 0.075998 0.447172 0.081108 0.446188 0.080912 0.444420 0.073052 0.444814 0.066764 0.446188 0.064798 0.444420
1 0.100168 0.609276 0.097416 0.611634 0.096434 0.622246 0.095452 0.624406 0.091326 0.628926 0.092898 0.629712 0.098792 0.623818 0.105080 0.627746 0.106652 0.627746 0.103508 0.623228 0.100756 0.620476 0.100364 0.615958
1 0.097416 0.705164 0.097416 0.712238 0.100954 0.718526 0.102132 0.719704 0.100756 0.721670 0.096630 0.723438 0.093880 0.725796 0.093486 0.731102 0.093486 0.740534 0.096630 0.735620 0.101740 0.724420 0.103508 0.720490 0.107634 0.714792 0.104294 0.712434 0.099774 0.711648
1 0.085234 0.652504 0.087002 0.662722 0.086610 0.665866 0.082680 0.671368 0.084056 0.678246 0.087002 0.676476 0.088574 0.669600 0.091128 0.663902 0.093486 0.662722 0.105866 0.661150 0.105276 0.660168 0.100168 0.659578 0.090932 0.659776 0.088968 0.657024
0 0.025500 0.714006 0.042398 0.713810 0.050848 0.721670 0.053992 0.725010 0.065782 0.720884 0.079928 0.713418 0.091326 0.721080 0.093880 0.719116 0.092898 0.715578 0.082484 0.710666 0.092112 0.707130 0.093684 0.701234 0.089164 0.702806 0.080912 0.707130 0.067550 0.711648 0.057726 0.714596 0.057528 0.718330 0.052028 0.714204 0.057332 0.708112 0.070104 0.699074 0.065584 0.701432 0.049866 0.712042 0.046918 0.712434 0.040434 0.708308 0.031592 0.710076 0.023536 0.711256 0.021964 0.714400
0 0.091326 0.754288 0.085824 0.767452 0.082090 0.775706 0.085628 0.777080 0.087002 0.788280 0.083662 0.796140 0.083858 0.799874 0.095844 0.787298 0.099970 0.782190 0.092504 0.785334 0.090342 0.772954 0.091914 0.768042 0.092308 0.759004
1 0.059100 0.770006 0.059494 0.778456 0.064798 0.779634 0.071480 0.771578 0.067942 0.769810 0.063620 0.774330 0.061262 0.772168
1 0.164616 0.871592 0.159312 0.883186 0.155774 0.884758 0.146540 0.883776 0.141628 0.879846 0.138286 0.878666 0.142610 0.888884 0.134356 0.892618 0.129248 0.887312 0.132196 0.893404 0.134750 0.900280 0.134554 0.905192 0.141628 0.909122 0.147128 0.910498 0.154792 0.907550 0.165206 0.907158 0.166386 0.899692 0.165600 0.890064 0.165796 0.880434 0.165600 0.876506
1 0.097416 0.844280 0.091914 0.845066 0.086216 0.847818 0.083858 0.850764 0.080126 0.853122 0.078356 0.854498 0.081698 0.863536 0.084252 0.866878 0.085430 0.861572 0.084842 0.856266 0.084252 0.853320 0.087396 0.850962 0.092308 0.848210 0.098398 0.847818 0.098596 0.845852
1 0.051044 0.827578 0.059100 0.836618 0.065978 0.837404 0.077768 0.843494 0.079732 0.841136 0.076588 0.834848 0.068532 0.834456 0.062834 0.834260 0.058314 0.826792
1 0.041220 0.835046 0.044168 0.844870 0.030610 0.850764 0.037094 0.851158 0.052028 0.847818 0.050652 0.845066 0.048686 0.844084 0.048098 0.840154 0.047508 0.837796 0.044364 0.835438
0 0.082680 0.882400 0.077178 0.895762 0.073838 0.899888 0.062244 0.905782 0.055564 0.909908 0.052420 0.912070 0.049080 0.908926 0.043578 0.909320 0.039058 0.914820 0.031002 0.926610 0.032378 0.933880 0.040826 0.947636 0.055564 0.951762 0.048490 0.946064 0.043184 0.936828 0.042398 0.925824 0.045542 0.921502 0.048686 0.918554 0.055368 0.918358 0.060084 0.920716 0.063030 0.914624 0.066174 0.914820 0.073838 0.912266 0.082286 0.901460 0.082090 0.895368 0.083270 0.888492 0.085038 0.882990 0.084448 0.881220
1 0.083466 0.962176 0.083466 0.970232 0.068140 0.972982 0.069712 0.975930 0.084842 0.973964 0.088378 0.970428 0.086610 0.962962
1 0.134356 0.934274 0.124926 0.944294 0.128658 0.944688 0.129052 0.952350 0.132000 0.951762 0.132196 0.940758 0.135536 0.937024 0.136322 0.933488
0 0.058512 0.949796 0.058904 0.957066 0.056546 0.964336 0.053206 0.977894 0.050062 0.983004 0.043382 0.990274 0.042006 0.983592 0.037486 0.984968 0.037684 0.999902 0.087396 0.999116 0.079340 0.992632 0.075410 0.993024 0.078160 0.996562 0.055760 0.989094 0.059886 0.979860 0.060280 0.971804 0.061262 0.965122 0.060870 0.954906
1 0.902408 0.027836 0.896704 0.047230 0.890314 0.049284 0.891912 0.051110 0.898756 0.050654 0.909938 0.060692 0.907656 0.054304 0.901952 0.047916 0.904462 0.036736 0.906058 0.029206
0 0.835076 0.000834 0.831616 0.007324 0.832914 0.010784 0.843728 0.023114 0.855192 0.027438 0.851948 0.029386 0.841350 0.028952 0.832482 0.029386 0.826424 0.033278 0.830102 0.037172 0.834212 0.037172 0.856922 0.029818 0.854760 0.036956 0.851948 0.048636 0.840916 0.065940 0.838322 0.076104 0.849352 0.062910 0.853028 0.050798 0.860166 0.042580 0.864060 0.033062 0.863194 0.028736 0.876388 0.025492 0.880282 0.019004 0.886338 0.012514 0.891746 0.000618 0.888718 0.000618 0.885906 0.005810 0.880066 0.017056 0.868602 0.023546 0.859086 0.022680 0.852380 0.017056 0.850650 0.010352 0.847656 0.000000 0.846540 0.001052 0.841566 0.005160 0.838754 0.001700
1 0.755468 0.886718 0.754688 0.893164 0.763672 0.907226 0.760938 0.914062 0.760742 0.921680 0.765624 0.918554 0.768946 0.910546 0.770312 0.909180 0.776562 0.907226 0.779882 0.903124 0.779688 0.900586 0.773828 0.904492 0.770312 0.907226 0.765430 0.903320 0.761914 0.898438 0.759960 0.893946
1 0.613248 0.522932 0.611822 0.526194 0.609986 0.535572 0.614880 0.546990 0.616306 0.549844 0.631190 0.547600 0.632616 0.543116 0.641996 0.542708 0.652800 0.542912 0.654636 0.536184 0.656062 0.529252 0.647908 0.519670 0.643830 0.517632 0.636898 0.525786 0.629966 0.526806 0.627928 0.522728 0.624258 0.520894 0.616510 0.522524
0 0.870540 0.812638 0.854434 0.814270 0.845258 0.816512 0.839346 0.819162 0.829560 0.831802 0.826910 0.846278 0.828948 0.856064 0.827930 0.859530 0.826298 0.862180 0.818754 0.859122 0.817124 0.862588 0.824260 0.867684 0.829356 0.871354 0.833434 0.863812 0.838938 0.864016 0.845054 0.864220 0.841386 0.861568 0.832822 0.859122 0.833230 0.855248 0.835472 0.853618 0.841386 0.851374 0.845462 0.847094 0.853618 0.845870 0.862792 0.847298 0.871762 0.853006 0.872374 0.847910 0.867482 0.846482 0.866870 0.843424 0.871354 0.836696 0.866258 0.836900 0.861568 0.840978 0.857492 0.844240 0.859530 0.839142 0.864422 0.834046 0.859734 0.832414 0.855044 0.833638 0.849540 0.829764 0.847298 0.830376 0.850152 0.834046 0.855248 0.837920 0.849948 0.843016 0.838734 0.841588 0.838734 0.835472 0.842404 0.832006 0.844036 0.829764 0.840162 0.827930 0.843016 0.821814 0.848316 0.819162 0.860958 0.816512 0.869928 0.815086
0 0.832618 0.918858 0.812028 0.921508 0.804688 0.933944 0.806318 0.940264 0.817532 0.950050 0.801834 0.953720 0.802240 0.958002 0.836696 0.953516 0.849132 0.957390 0.854230 0.953924 0.862996 0.958410 0.885422 0.968604 0.891538 0.968400 0.877064 0.963302 0.861976 0.951886 0.860550 0.945158 0.847094 0.944342 0.832618 0.943526 0.826910 0.946584 0.827318 0.941284 0.830172 0.937002 0.833842 0.933332 0.823852 0.935984 0.821406 0.941284 0.819366 0.938226 0.818144 0.935576 0.812028 0.937410 0.810396 0.934148 0.811008 0.929052 0.814678 0.924158 0.817940 0.923546 0.827318 0.922324
0 0.825076 0.977574 0.828338 0.981856 0.824464 0.989194 0.819570 0.996126 0.806930 0.997758 0.803668 0.999184 0.823444 0.999592 0.828338 0.992660 0.830580 0.986544 0.829764 0.977982 0.828134 0.975534
0 0.858306 0.194488 0.853822 0.199790 0.850152 0.207130 0.848520 0.212226 0.845870 0.216100 0.844444 0.219158 0.845870 0.224254 0.843628 0.231594 0.838938 0.227516 0.836288 0.223236 0.835880 0.217934 0.837104 0.210188 0.833638 0.204682 0.832822 0.210594 0.830988 0.215080 0.827318 0.209984 0.825686 0.203052 0.826910 0.213654 0.829560 0.219158 0.831802 0.225274 0.827930 0.233632 0.833026 0.236284 0.841996 0.247088 0.843016 0.249332 0.841996 0.252390 0.833026 0.256670 0.832210 0.261564 0.836288 0.263398 0.835676 0.265846 0.834046 0.275020 0.835676 0.274816 0.840774 0.267884 0.845666 0.259322 0.850968 0.253612 0.871558 0.246884 0.878286 0.248108 0.886034 0.257282 0.898674 0.271758 0.904382 0.276242 0.904178 0.267680 0.893578 0.260748 0.884606 0.251982 0.877674 0.245458 0.888888 0.242808 0.893374 0.238730 0.897654 0.234856 0.891538 0.236488 0.876860 0.245050 0.857696 0.248516 0.854434 0.248720 0.860550 0.238118 0.860754 0.229964 0.858102 0.235264 0.853414 0.234040 0.850764 0.219974 0.853822 0.210594 0.856880 0.204478
0 0.806726 0.345968 0.825686 0.372268 0.813658 0.373288 0.791436 0.371248 0.785930 0.370840 0.788174 0.375122 0.798978 0.377364 0.808766 0.379200 0.815290 0.378384 0.808154 0.382258 0.802648 0.385928 0.804076 0.387762 0.822628 0.382870 0.830784 0.381442 0.828948 0.383074 0.817940 0.395918 0.817736 0.407538 0.822832 0.401218 0.831600 0.392248 0.835676 0.380220 0.839754 0.381850 0.843832 0.386540 0.845870 0.380016 0.848112 0.373696 0.851986 0.368190 0.854230 0.365336 0.855452 0.355754 0.866054 0.354530 0.877268 0.352084 0.880530 0.344542 0.872374 0.348210 0.858510 0.350658 0.848724 0.350862 0.843220 0.355754 0.836900 0.368394 0.841182 0.369822 0.845054 0.362278 0.845666 0.370230 0.842812 0.373288 0.834250 0.367986 0.827930 0.361054 0.820998 0.354530 0.814678 0.348822 0.811008 0.347600
1 0.933116 0.468040 0.930548 0.474556 0.928772 0.486602 0.924624 0.490750 0.935486 0.499044 0.946742 0.500230 0.958196 0.502006 0.968860 0.502402 0.971032 0.496674 0.979524 0.490750 0.971822 0.483838 0.972218 0.479296 0.963134 0.469224 0.951482 0.474162 0.945162 0.470606 0.939830 0.469618 0.935880 0.468434
1 0.979722 0.493712 0.975576 0.498452 0.973798 0.503586 0.972218 0.509314 0.964910 0.516028 0.957998 0.520570 0.957998 0.522348 0.967280 0.519978 0.975772 0.509116 0.977154 0.506154 0.979524 0.514448 0.985054 0.516226 0.984856 0.512868 0.982882 0.507142 0.984462 0.499044 0.984462 0.494304
1 0.983080 0.787766 0.977154 0.793100 0.965504 0.795864 0.962344 0.797642 0.974588 0.799222 0.980908 0.796852 0.983870 0.797444 0.986634 0.799418 0.984660 0.801590 0.993942 0.800800 0.994534 0.797642 0.988610 0.797444 0.984264 0.794876 0.983672 0.792506
0 0.333196 0.183674 0.331424 0.188482 0.328894 0.200626 0.330160 0.214288 0.332184 0.223142 0.324594 0.221624 0.311944 0.222890 0.300052 0.237056 0.299040 0.239080 0.303342 0.239586 0.322822 0.234020 0.331172 0.233768 0.317510 0.239840 0.309920 0.245406 0.313714 0.249454 0.313462 0.251984 0.326364 0.241864 0.333196 0.237310 0.346604 0.236550 0.354952 0.243128 0.370892 0.249454 0.384554 0.249454 0.373674 0.245912 0.359760 0.239334 0.355206 0.231996 0.354952 0.220866 0.343314 0.214794 0.339772 0.215806 0.343314 0.220106 0.352676 0.229214 0.345338 0.235032 0.336736 0.224406 0.334460 0.207204 0.335724 0.194048 0.335472 0.188482
1 0.472104 0.070614 0.470214 0.072976 0.482968 0.079826 0.482496 0.091870 0.485566 0.087382 0.486746 0.076046 0.499736 0.071560 0.498318 0.068726 0.483204 0.077228 0.476118 0.071796
1 0.585938 0.035190 0.573420 0.038496 0.559486 0.034954 0.549094 0.024562 0.542010 0.001890 0.543190 0.001180 0.563974 0.001180 0.568934 0.002126 0.574130 0.003306 0.573656 0.013226 0.576964 0.015352 0.579560 0.015588 0.580742 0.021728 0.585466 0.032592
1 0.616876 0.040622 0.625142 0.053374 0.626322 0.060696 0.638604 0.059514 0.647342 0.058806 0.646396 0.049832 0.641674 0.051012 0.637894 0.052430 0.634352 0.044636 0.632462 0.042274 0.620890 0.039676 0.618292 0.038260
1 0.582158 0.252466 0.565864 0.253882 0.564918 0.260732 0.566808 0.263802 0.559958 0.269942 0.557834 0.273720 0.560432 0.281986 0.564210 0.286002 0.574838 0.286710 0.562792 0.297810 0.561612 0.311508 0.569878 0.312216 0.577908 0.300644 0.585466 0.286002 0.590898 0.266872 0.591370 0.259786 0.593022 0.250104 0.588536 0.252466 0.584520 0.253646
0 0.563266 0.287654 0.552638 0.293086 0.544608 0.300644 0.541066 0.311272 0.537996 0.316468 0.535398 0.314106 0.539884 0.302534 0.538940 0.291198 0.537286 0.287418 0.535634 0.293796 0.531854 0.305840 0.528076 0.314578 0.519574 0.321192 0.529492 0.320482 0.536342 0.319302 0.535634 0.322372 0.548386 0.321192 0.550984 0.318358 0.549332 0.310092 0.548622 0.302770 0.555000 0.296394 0.561140 0.291670
0 0.525390 0.141796 0.532226 0.126954 0.536524 0.120118 0.545704 0.120508 0.556836 0.125196 0.554102 0.133204 0.563476 0.135938 0.564258 0.139062 0.555664 0.136718 0.556250 0.145508 0.550976 0.145118 0.547070 0.134570 0.542968 0.126758 0.537304 0.131836 0.530078 0.133594 0.527540 0.139844
0 0.534180 0.388282 0.549610 0.382618 0.552930 0.388282 0.554688 0.396874 0.553320 0.408204 0.552148 0.413476 0.549218 0.415820 0.549804 0.418946 0.558984 0.424414 0.556250 0.431054 0.552540 0.434766 0.548828 0.431250 0.553320 0.424414 0.549414 0.425782 0.544922 0.430468 0.538476 0.432812 0.535938 0.433984 0.547460 0.437304 0.547656 0.438476 0.532226 0.442774 0.526758 0.439062 0.530664 0.427734 0.533594 0.419922 0.524024 0.414258 0.524218 0.408204 0.531054 0.413282 0.539844 0.417578 0.541602 0.418554 0.539454 0.408790 0.541210 0.404688 0.547266 0.397656 0.548438 0.390624 0.541602 0.391796 0.534766 0.391406 0.531446 0.388868
1 0.568360 0.487110 0.569922 0.496290 0.575390 0.501368 0.576758 0.510352 0.579102 0.512500 0.578516 0.502734 0.576562 0.498632 0.574024 0.491992 0.571876 0.488086
1 0.584374 0.484180 0.579882 0.492382 0.580274 0.496290 0.586718 0.501172 0.589844 0.509766 0.591602 0.505468 0.588086 0.499804 0.583398 0.493946 0.583984 0.491602 0.586524 0.486718
0 0.573046 0.427540 0.565234 0.434570 0.556250 0.441602 0.551562 0.444140 0.545118 0.447460 0.535742 0.450586 0.534766 0.451368 0.540040 0.453516 0.540040 0.459570 0.539648 0.470118 0.534960 0.469532 0.529102 0.463672 0.518554 0.450586 0.511132 0.442188 0.516992 0.436524 0.515430 0.433984 0.512500 0.437304 0.509766 0.444140 0.509960 0.450782 0.518554 0.461132 0.527148 0.472266 0.525782 0.474610 0.521874 0.481640 0.524610 0.486914 0.520508 0.504296 0.529882 0.498828 0.529296 0.493946 0.531446 0.480468 0.532812 0.474218 0.538672 0.473828 0.547852 0.475390 0.547852 0.475390 0.552930 0.467382 0.561328 0.458204 0.557422 0.455078 0.556054 0.449610 0.552148 0.447656 0.551562 0.453320 0.547266 0.466992 0.545312 0.466796 0.545898 0.449804 0.548828 0.447460 0.558984 0.443360 0.567188 0.439062 0.570508 0.433008
0 0.559766 0.557618 0.559374 0.576758 0.542774 0.574610 0.538086 0.577344 0.529882 0.586132 0.522460 0.585938 0.512696 0.574804 0.510742 0.579102 0.514258 0.584374 0.529296 0.600976 0.531054 0.605274 0.532226 0.598632 0.537110 0.602930 0.548828 0.608790 0.554688 0.609570 0.557618 0.605274 0.568750 0.594726 0.570898 0.588868 0.570118 0.588868 0.553320 0.599804 0.547266 0.601368 0.534960 0.595508 0.532032 0.589844 0.534570 0.586132 0.541406 0.582226 0.553320 0.579882 0.562500 0.580860 0.575000 0.584570 0.583204 0.583594 0.589258 0.576172 0.582812 0.577344 0.563086 0.576758 0.563868 0.568164 0.563282 0.558984
0 0.550782 0.630274 0.553906 0.639258 0.542774 0.644532 0.532812 0.648828 0.527930 0.653710 0.525390 0.656640 0.525782 0.667382 0.529102 0.674024 0.533594 0.677734 0.543164 0.681836 0.542968 0.691602 0.545508 0.698632 0.532032 0.703906 0.541602 0.704492 0.551172 0.698438 0.550782 0.693360 0.549218 0.682422 0.553710 0.665626 0.557422 0.660742 0.562890 0.650196 0.558984 0.654492 0.553906 0.658984 0.551172 0.655078 0.551954 0.649024 0.547852 0.652930 0.548046 0.656250 0.546680 0.661132 0.545118 0.672070 0.538672 0.670898 0.538868 0.666406 0.544532 0.654492 0.545898 0.647852 0.546484 0.646680 0.533790 0.663672 0.531836 0.667188 0.533398 0.659766 0.536718 0.649804 0.540820 0.647852 0.552540 0.647070 0.566210 0.649024 0.571290 0.649414 0.566796 0.642578 0.570508 0.638282 0.570898 0.630664 0.566016 0.636524 0.561132 0.646094 0.559180 0.639844 0.554882 0.628126 0.551368 0.628126
1 0.563476 0.721094 0.563086 0.730274 0.567382 0.741210 0.563086 0.742968 0.569336 0.747460 0.570118 0.743164 0.571680 0.735156 0.569336 0.728906 0.567578 0.725586
1 0.587500 0.759180 0.581054 0.766016 0.564062 0.763868 0.562890 0.765624 0.565430 0.767968 0.581446 0.772656 0.584180 0.773438 0.587890 0.780468 0.592578 0.783204 0.586328 0.772656 0.582812 0.769922 0.582422 0.768164 0.588086 0.766210
1 0.543554 0.738282 0.537110 0.745508 0.530664 0.752930 0.520508 0.762304 0.514648 0.767968 0.515624 0.771874 0.525586 0.777930 0.527734 0.784376 0.526758 0.788476 0.513868 0.786524 0.510742 0.790040 0.520508 0.795312 0.528710 0.801954 0.535352 0.807032 0.537500 0.811718 0.544726 0.819726 0.552148 0.815820 0.560352 0.808008 0.562500 0.806446 0.571094 0.807032 0.573438 0.801562 0.575586 0.785742 0.565820 0.775586 0.557032 0.774804 0.554882 0.771874 0.553710 0.763868 0.553320 0.758594 0.553516 0.750976 0.547852 0.745898 0.544922 0.740430
1 0.508594 0.744726 0.496484 0.754492 0.497852 0.761132 0.496876 0.763672 0.491796 0.761914 0.484376 0.759960 0.482422 0.763282 0.481640 0.764258 0.488476 0.765624 0.497070 0.765040 0.503710 0.762500 0.505468 0.758594 0.508398 0.748632
0 0.341888 0.032852 0.337620 0.045654 0.330842 0.055446 0.329838 0.057454 0.334858 0.066994 0.353938 0.072014 0.369252 0.079044 0.372514 0.079044 0.381552 0.071010 0.384314 0.062726 0.376280 0.074274 0.365234 0.075278 0.363728 0.069504 0.373268 0.062976 0.375528 0.059212 0.370506 0.059714 0.367494 0.063228 0.357452 0.066742 0.353686 0.064986 0.348916 0.061972 0.348666 0.057706 0.350924 0.052936 0.358206 0.045152 0.358206 0.043396 0.347662 0.050926 0.342640 0.060968 0.336866 0.055446 0.341636 0.047412 0.343644 0.040886
0 0.333854 0.072768 0.334356 0.087078 0.334356 0.103646 0.340380 0.114944 0.351176 0.133270 0.347912 0.144566 0.340884 0.141302 0.353938 0.152098 0.355444 0.157872 0.345402 0.163646 0.334858 0.169168 0.333100 0.176450 0.321302 0.183478 0.318038 0.186742 0.317284 0.188248 0.325820 0.185988 0.334104 0.177454 0.341636 0.169670 0.363980 0.161638 0.378790 0.153856 0.384314 0.146826 0.386824 0.137036 0.390338 0.129252 0.386574 0.118458 0.384062 0.118458 0.380298 0.123730 0.372514 0.121972 0.379042 0.134022 0.379292 0.142306 0.375276 0.148834 0.377034 0.133520 0.371510 0.137538 0.364984 0.155864 0.356698 0.154106 0.357954 0.147328 0.360214 0.132768 0.362222 0.122726 0.373518 0.114692 0.382808 0.107914 0.381050 0.105654 0.373518 0.110424 0.366992 0.117202 0.354690 0.126742 0.343394 0.109420 0.338624 0.101386 0.338624 0.073520
0 0.874706 0.432824 0.867000 0.436844 0.860970 0.441534 0.851590 0.454934 0.837854 0.469340 0.834838 0.471350 0.832828 0.463644 0.832828 0.458954 0.836514 0.448568 0.839864 0.439188 0.834838 0.444214 0.831154 0.452254 0.828138 0.463644 0.826464 0.470344 0.826128 0.461970 0.825794 0.455604 0.823114 0.456944 0.821104 0.464314 0.818424 0.469340 0.807032 0.471014 0.800668 0.476040 0.798992 0.487430 0.799662 0.492120 0.802008 0.481736 0.805692 0.476040 0.811722 0.473024 0.826798 0.473024 0.826464 0.477714 0.830484 0.476374 0.835508 0.475370 0.838524 0.477714 0.843884 0.476040 0.850920 0.470344 0.860300 0.466994 0.858960 0.463644 0.851254 0.466660 0.848240 0.465320 0.857954 0.452924 0.860970 0.444548 0.865660 0.440194
0 0.815408 0.486760 0.821438 0.494466 0.822108 0.507532 0.826128 0.535338 0.835174 0.558454 0.828138 0.562138 0.814738 0.559124 0.801338 0.564148 0.786596 0.570178 0.797988 0.572188 0.806698 0.568838 0.827468 0.565488 0.835844 0.564148 0.834504 0.568838 0.825124 0.573528 0.816412 0.581568 0.817082 0.587934 0.823784 0.584584 0.832828 0.575874 0.838188 0.568838 0.841204 0.567834 0.847904 0.569508 0.859630 0.570514 0.876716 0.565488 0.889780 0.560128 0.893130 0.555102 0.883080 0.562138 0.854604 0.567498 0.841874 0.565824 0.839528 0.560798 0.840534 0.555102 0.851590 0.549408 0.868340 0.540028 0.872696 0.535002 0.878726 0.523276 0.885760 0.516576 0.883416 0.508536 0.879060 0.515906 0.872360 0.528636 0.856280 0.538352 0.840868 0.544718 0.837518 0.553092 0.837184 0.541032 0.840868 0.532992 0.832494 0.529306 0.830148 0.524616 0.826798 0.502506 0.826128 0.495470 0.826128 0.488436 0.826128 0.482406 0.822108 0.483410 0.819764 0.486090
1 0.833084 0.408870 0.827280 0.413432 0.813802 0.417994 0.812972 0.421726 0.812766 0.434788 0.817534 0.441008 0.829974 0.444118 0.839304 0.446192 0.845110 0.447850 0.850086 0.441630 0.855062 0.434788 0.856514 0.424836 0.856306 0.413640 0.853612 0.415506 0.849050 0.431264 0.845524 0.427324 0.845940 0.417578 0.845110 0.408042 0.837854 0.405968 0.835366 0.407626
1 0.374566 0.392514 0.373148 0.408810 0.371496 0.417784 0.372440 0.429356 0.376218 0.427940 0.375510 0.424870 0.373384 0.417076 0.376218 0.413534 0.381178 0.417076 0.386846 0.417784 0.387082 0.415896 0.377400 0.410936 0.378816 0.401016 0.378344 0.398182 0.376454 0.395348
1 0.403614 0.445652 0.392986 0.446124 0.392514 0.448014 0.397238 0.461476 0.401724 0.468088 0.408338 0.478244 0.421564 0.482732 0.427704 0.488164 0.439748 0.494776 0.460296 0.497138 0.469978 0.493832 0.478008 0.485802 0.474230 0.469978 0.470922 0.453210 0.466436 0.452738 0.432428 0.451556 0.417548 0.450848 0.412352 0.450612 0.406684 0.449196
1 0.588536 0.793530 0.607666 0.788808 0.614514 0.786446 0.629156 0.781014 0.633408 0.776998 0.634352 0.778180 0.640256 0.782194 0.655136 0.782904 0.654662 0.785264 0.645924 0.785502 0.633880 0.785264 0.631282 0.788808 0.634352 0.792822 0.638840 0.797546 0.631282 0.795420 0.627268 0.787862 0.623724 0.789516 0.620890 0.792350 0.604122 0.793530 0.598218 0.794948 0.591134 0.796602
1 0.606484 0.831790 0.597982 0.833208 0.593732 0.837222 0.598690 0.845488 0.605068 0.854936 0.621126 0.854226 0.626322 0.852100 0.629628 0.845960 0.624670 0.830374 0.613570 0.829900
0 0.569706 0.814036 0.550504 0.819594 0.539892 0.820606 0.522962 0.831976 0.526752 0.835260 0.530542 0.836524 0.531554 0.845114 0.527764 0.852442 0.518162 0.864064 0.518162 0.868360 0.527006 0.862548 0.531806 0.855222 0.536102 0.843598 0.539134 0.836272 0.543428 0.830460 0.556820 0.823384 0.567180 0.819848 0.572486 0.817068
1 0.475714 0.916366 0.476218 0.925716 0.482536 0.944160 0.502496 0.960584 0.510330 0.964374 0.518162 0.971702 0.526500 0.980292 0.538122 0.977766 0.537870 0.970690 0.530542 0.964880 0.531806 0.942896 0.518414 0.934812 0.512098 0.926978 0.501992 0.923188 0.492642 0.921926 0.478998 0.918894
0 0.538628 0.983830 0.527258 0.995704 0.563136 0.990652 0.552524 0.997220 0.537112 0.991410 0.540902 0.985598
0 0.317290 0.909544 0.317038 0.933548 0.321080 0.961090 0.305416 0.971702 0.292782 0.981302 0.290760 0.974734 0.285708 0.966648 0.282928 0.956542 0.279896 0.953256 0.278380 0.957804 0.277622 0.959826 0.272820 0.954772 0.271558 0.960078 0.271810 0.975996 0.274084 0.976250 0.281412 0.972964 0.283686 0.975996 0.282676 0.982818 0.276864 0.988378 0.279644 0.992420 0.284192 0.992926 0.289498 0.993684 0.295056 0.981556 0.309206 0.974228 0.324618 0.966142 0.337252 0.968164 0.350390 0.958816 0.341546 0.923442 0.343316 0.949466 0.343568 0.957300 0.334724 0.963616 0.328914 0.959826 0.324870 0.951488 0.323354 0.941380 0.321586 0.910050
0 0.373130 0.321838 0.361508 0.326640 0.351906 0.339020 0.342810 0.347610 0.341294 0.343820 0.335482 0.342052 0.332956 0.339526 0.330176 0.333208 0.326134 0.333714 0.323608 0.335736 0.321080 0.339778 0.311984 0.343062 0.311984 0.350138 0.324618 0.352916 0.325376 0.350138 0.316532 0.348116 0.316786 0.344832 0.325376 0.343568 0.327650 0.339778 0.328914 0.341042 0.330682 0.350138 0.328156 0.355444 0.332198 0.355190 0.333714 0.353928 0.333966 0.362012 0.333462 0.382984 0.330934 0.385258 0.316532 0.377930 0.314764 0.380710 0.317796 0.387532 0.322850 0.394354 0.308194 0.401176 0.323102 0.401430 0.321586 0.387786 0.335230 0.396882 0.333714 0.401934 0.335230 0.426190 0.337252 0.399408 0.339020 0.359234 0.336494 0.348116 0.354686 0.355948 0.350642 0.348874 0.364034 0.330176
1 0.301372 0.288740 0.299856 0.297836 0.295814 0.300868 0.301878 0.318302 0.295056 0.324618 0.280402 0.326386 0.315522 0.333462 0.327650 0.334220 0.329924 0.327398 0.317038 0.303394 0.313754 0.310974 0.309206 0.304910 0.308194 0.295562
0 0.306174 0.481524 0.307690 0.493148 0.301372 0.489610 0.308448 0.499970 0.289244 0.509066 0.314006 0.503508 0.329166 0.512350 0.356706 0.527764 0.337756 0.512098 0.336746 0.501738 0.329672 0.503508 0.323608 0.498706 0.315774 0.495168 0.312490 0.492136 0.309964 0.482788 0.309710 0.480766
0 0.319564 0.561368 0.328914 0.572486 0.338262 0.568696 0.341042 0.601794 0.320576 0.592952 0.287476 0.590930 0.319564 0.602300 0.336746 0.603564 0.344578 0.605584 0.350642 0.618724 0.355948 0.622262 0.365044 0.619230 0.375656 0.601542 0.355190 0.619230 0.348622 0.605584 0.356202 0.596488 0.357718 0.577286 0.365802 0.572486 0.352664 0.570716 0.352916 0.571980 0.354938 0.580318 0.350390 0.582844 0.349126 0.592194 0.345084 0.600532 0.346852 0.571980 0.343568 0.568442 0.329924 0.566674 0.326892 0.565158 0.326386 0.558842 0.327650 0.543428 0.327144 0.545702 0.321838 0.559346 0.322850 0.562126
1 0.365550 0.660666 0.363782 0.677596 0.353422 0.688460 0.364792 0.680122 0.372878 0.690228 0.372624 0.685680 0.370098 0.674310 0.369088 0.658898
1 0.257408 0.642222 0.259682 0.655866 0.238206 0.669004 0.253366 0.680880 0.265746 0.692756 0.273832 0.691998 0.283686 0.684670 0.299352 0.677342 0.314512 0.673300 0.312238 0.665468 0.292276 0.663698 0.289244 0.658140 0.287224 0.651824 0.271558 0.651318 0.267768 0.649802
1 0.005078 0.090430 0.005468 0.097070 0.022266 0.103124 0.023242 0.108398 0.027540 0.099218 0.029296 0.096094 0.027930 0.095118 0.023632 0.099414 0.013868 0.098438 0.011132 0.096094 0.008790 0.094140
1 0.095312 0.112304 0.107226 0.121484 0.117578 0.118750 0.120508 0.117774 0.128906 0.111914 0.129102 0.110352 0.121094 0.106446 0.111914 0.100976 0.100586 0.094726 0.101562 0.099024 0.112110 0.103710 0.121290 0.111132 0.114258 0.113476 0.111328 0.109766 0.109960 0.107226 0.108204 0.109376 0.108008 0.115040 0.101954 0.114258 0.099610 0.111718 0.097852 0.110742
1 0.153126 0.154688 0.149218 0.164258 0.147460 0.159570 0.142968 0.165040 0.137696 0.177930 0.139062 0.182812 0.139648 0.183790 0.152148 0.175976 0.159766 0.172070 0.157226 0.157422 0.155468 0.152930
1 0.096876 0.536524 0.094922 0.548438 0.091796 0.550782 0.085156 0.544922 0.072070 0.533594 0.069532 0.536524 0.081250 0.548046 0.088086 0.554296 0.078906 0.555664 0.069532 0.547460 0.054102 0.532032 0.053124 0.531446 0.053906 0.536328 0.076758 0.559766 0.083204 0.565820 0.085352 0.574414 0.085546 0.581250 0.106446 0.584180 0.113476 0.585156 0.118360 0.579492 0.114062 0.576172 0.107812 0.573046 0.111524 0.556836 0.108594 0.548242 0.109766 0.544726 0.100586 0.548632 0.100000 0.544532
1 0.334960 0.004882 0.334180 0.023438 0.324218 0.027344 0.308984 0.032422 0.306640 0.036524 0.297070 0.033984 0.288868 0.036132 0.301172 0.039844 0.306054 0.042774 0.308790 0.043164 0.321094 0.041602 0.314258 0.037696 0.315234 0.035352 0.321484 0.032226 0.331250 0.027930 0.340820 0.025586 0.344140 0.025000 0.340626 0.021484 0.338282 0.017968 0.338086 0.010546 0.338672 0.006446
1 0.280078 0.049024 0.292188 0.064648 0.280078 0.062890 0.283204 0.067382 0.282812 0.074414 0.281446 0.076758 0.287890 0.082618 0.288476 0.085352 0.281640 0.090430 0.277540 0.091992 0.264062 0.090234 0.262304 0.092382 0.272460 0.094922 0.282032 0.098242 0.287304 0.104102 0.292188 0.109376 0.291406 0.106836 0.286132 0.100000 0.285742 0.094922 0.290626 0.084766 0.296876 0.084376 0.288282 0.079688 0.288282 0.070898 0.288868 0.066602 0.295508 0.066016 0.308398 0.067774 0.300000 0.066016 0.294532 0.061328 0.289258 0.055664 0.285546 0.050586 0.283594 0.048438
1 0.278126 0.195898 0.278516 0.204882 0.285156 0.208594 0.292578 0.216992 0.298438 0.226562 0.298242 0.217774 0.298828 0.213672 0.303320 0.211524 0.300586 0.201368 0.299414 0.204882 0.296290 0.211132 0.288672 0.206446 0.285938 0.203906 0.285742 0.199610
1 0.314454 0.255468 0.315820 0.263086 0.307812 0.274414 0.308204 0.280078 0.311914 0.273632 0.316992 0.264844 0.327540 0.265040 0.327734 0.262890 0.328320 0.261328 0.321484 0.260546 0.318554 0.258398
1 0.310352 0.360156 0.304296 0.369532 0.298632 0.371290 0.283594 0.365624 0.281836 0.365820 0.282032 0.370312 0.290626 0.383008 0.282812 0.388086 0.301368 0.385938 0.313086 0.384376 0.314648 0.380078 0.316406 0.375390 0.317188 0.368360 0.314648 0.367968 0.310938 0.364844
1 0.296290 0.565820 0.303124 0.573046 0.293360 0.581640 0.301562 0.581446 0.305468 0.576172 0.307422 0.571680 0.318164 0.574218 0.321094 0.574414 0.316210 0.568360 0.308398 0.567968 0.304688 0.570312 0.300390 0.564844 0.300390 0.562500
1 0.288476 0.601758 0.303710 0.618554 0.311718 0.616796 0.316210 0.617774 0.317382 0.613868 0.313282 0.615040 0.301954 0.613282 0.299218 0.608398 0.293750 0.601562 0.290626 0.599610
1 0.220312 0.608594 0.233984 0.629102 0.241406 0.625586 0.234570 0.629102 0.228906 0.635742 0.231250 0.635938 0.243946 0.628906 0.258008 0.627930 0.260156 0.626758 0.247070 0.622852 0.243360 0.622070 0.237890 0.620118 0.230078 0.618164 0.229296 0.613672 0.227540 0.610938 0.238672 0.612500 0.253516 0.616016 0.245898 0.611328 0.236132 0.610742 0.229492 0.606640 0.225390 0.605274 0.222266 0.605664
1 0.294336 0.682422 0.296094 0.694922 0.293360 0.702734 0.292968 0.706446 0.292578 0.711524 0.292774 0.714648 0.296094 0.709180 0.298242 0.701758 0.301368 0.705274 0.305664 0.711524 0.306836 0.708984 0.304102 0.698632 0.300390 0.692382 0.299218 0.685546 0.299024 0.680274 0.295312 0.680078
1 0.284570 0.686914 0.281640 0.695898 0.280274 0.700390 0.273242 0.707812 0.274218 0.706836 0.286718 0.701172 0.285352 0.694726 0.286914 0.685546 0.286718 0.684570
1 0.366796 0.712500 0.364648 0.725390 0.358204 0.727344 0.362500 0.729492 0.367188 0.731836 0.369922 0.739844 0.374804 0.748828 0.373828 0.738868 0.371680 0.727930 0.370312 0.714258 0.369336 0.711524
1 0.358398 0.728516 0.346680 0.731250 0.340234 0.738672 0.331836 0.753320 0.331250 0.744922 0.331250 0.742188 0.328516 0.750000 0.324414 0.751562 0.316602 0.751758 0.305468 0.753710 0.307226 0.756836 0.318750 0.754492 0.325782 0.754688 0.322460 0.758204 0.329296 0.757226 0.330664 0.755664 0.333008 0.758984 0.337304 0.761914 0.338672 0.760156 0.341016 0.740624 0.342578 0.737304 0.350586 0.733594 0.358008 0.732032
1 0.224218 0.732812 0.205468 0.743360 0.207812 0.746874 0.212110 0.747852 0.214258 0.742774 0.222266 0.746680 0.229688 0.753126 0.222656 0.752734 0.218164 0.753906 0.220508 0.764648 0.222070 0.769140 0.231250 0.769726 0.237500 0.771680 0.243750 0.769336 0.241602 0.760352 0.237304 0.756250 0.235352 0.760938 0.226172 0.767382 0.227734 0.758398 0.228516 0.754296 0.234376 0.748828 0.233008 0.743946 0.230468 0.739258 0.231446 0.731836 0.227734 0.731446
1 0.280886 0.248948 0.279798 0.258942 0.263722 0.260680 0.264590 0.263504 0.291096 0.263722 0.288054 0.260246 0.283926 0.260246 0.282624 0.255032
1 0.386036 0.268502 0.392988 0.277626 0.384734 0.280234 0.394944 0.282406 0.400376 0.284362 0.402982 0.277844 0.403634 0.272630 0.401028 0.276758 0.396682 0.278712 0.393206 0.271108 0.389948 0.268936 0.388210 0.266546
1 0.414714 0.339544 0.419276 0.334330 0.430140 0.339978 0.436658 0.347800 0.439264 0.353232 0.430356 0.346496 0.424708 0.342802 0.422318 0.342586 0.416018 0.342802
1 0.246124 0.407328 0.239606 0.424926 0.240258 0.439482 0.234610 0.427098 0.228092 0.417974 0.224616 0.421666 0.224616 0.436874 0.232002 0.440134 0.238520 0.444696 0.228310 0.446650 0.217230 0.444478 0.226354 0.453168 0.234610 0.452734 0.235696 0.448606 0.242214 0.447086 0.245256 0.449258 0.255900 0.467290 0.255032 0.456428 0.243518 0.445782 0.245690 0.438830 0.244386 0.431226 0.244604 0.421450 0.245690 0.411020
1 0.218532 0.807078 0.218968 0.817072 0.227874 0.821634 0.229612 0.821198 0.233958 0.820112 0.232220 0.827064 0.246558 0.827500 0.236782 0.819896 0.230264 0.815984 0.223530 0.810554
1 0.374088 0.826848 0.375826 0.839882 0.378432 0.847270 0.389948 0.850312 0.402330 0.851398 0.397552 0.845748 0.387774 0.844880 0.383646 0.844446 0.380606 0.839448 0.379736 0.832062 0.377564 0.827282
1 0.369308 0.783830 0.363008 0.788176 0.369090 0.791870 0.384082 0.803602 0.395596 0.806208 0.403416 0.807730 0.397552 0.802080 0.391902 0.798604 0.391686 0.788176 0.388644 0.795998 0.381908 0.797084 0.374304 0.791870 0.370176 0.788176
1 0.336502 0.821634 0.337154 0.830540 0.333460 0.832496 0.344106 0.843142 0.345410 0.842056 0.344758 0.836842 0.341500 0.831844 0.339544 0.821634
1 0.351276 0.975232 0.338674 0.981316 0.325856 0.991310 0.319774 0.999782 0.329768 0.998696 0.331940 0.993266 0.336502 0.988268 0.340412 0.983272 0.348452 0.979796 0.350190 0.977406
1 0.457576 0.159910 0.455844 0.171776 0.443482 0.173506 0.438538 0.170046 0.431368 0.164112 0.419502 0.159662 0.419502 0.163370 0.432110 0.168810 0.440022 0.177462 0.442988 0.179934 0.445956 0.184384 0.463508 0.188836 0.470432 0.194522 0.466970 0.198230 0.463508 0.202928 0.458564 0.203422 0.460790 0.206142 0.460294 0.213064 0.465486 0.217020 0.468700 0.210096 0.470184 0.208120 0.477106 0.208860 0.483534 0.209850 0.484028 0.209850 0.483040 0.207378 0.476118 0.203916 0.474634 0.188836 0.476860 0.186116 0.480074 0.179934 0.478838 0.174496 0.472410 0.159662 0.472162 0.158426 0.470432 0.173506 0.462272 0.170540 0.462272 0.163618
1 0.304786 0.432110 0.302314 0.441010 0.312698 0.446202 0.317148 0.450158 0.316406 0.452384 0.321846 0.455102 0.325306 0.452878 0.323576 0.449910 0.315170 0.446944 0.315418 0.444472 0.312698 0.436066 0.308742 0.433840
1 0.993710 0.677238 0.990400 0.673266 0.993710 0.684190 0.996028 0.702728
1 0.670180 0.937930 0.652472 0.942222 0.644424 0.941686 0.637448 0.922368 0.625644 0.912710 0.615450 0.915394 0.607400 0.923442 0.612230 0.936320 0.634230 0.959392 0.645498 0.969050 0.660522 0.979782 0.692716 0.974416 0.704520 0.964222 0.694862 0.951880 0.677692 0.948124
1 0.566640 0.860062 0.550090 0.861566 0.551594 0.871498 0.558516 0.877816 0.566340 0.882932 0.572960 0.880526 0.582892 0.877816 0.579582 0.873904 0.573562 0.866982 0.571456 0.860964
1 0.583192 0.947034 0.595230 0.950344 0.608774 0.936802 0.604560 0.946432 0.602454 0.952752 0.599444 0.958770 0.596736 0.966596 0.594628 0.956364 0.592824 0.953654 0.585600 0.951848
1 0.559766 0.944140 0.552930 0.953516 0.547070 0.950782 0.544726 0.950586 0.543360 0.953320 0.551758 0.956640 0.559180 0.957812 0.559374 0.952148
1 0.551758 0.965820 0.547266 0.983790 0.558008 0.985938 0.552148 0.977734 0.554102 0.968360
1 0.745282 0.566198 0.725288 0.571414 0.740936 0.583584 0.745862 0.589380 0.754846 0.588220 0.752816 0.585034 0.767306 0.589670 0.771652 0.587062 0.769334 0.584454 0.755714 0.583584 0.754556 0.580396 0.756584 0.572284 0.749630 0.568226
1 0.788750 0.026626 0.780926 0.032420 0.779186 0.042564 0.774260 0.044302 0.763538 0.045172 0.767886 0.047780 0.782664 0.048358 0.784402 0.050098 0.787590 0.059950 0.795414 0.064876 0.785272 0.055314 0.782664 0.045460 0.784114 0.034738 0.788460 0.030392
1 0.931612 0.098490 0.941174 0.108634 0.938566 0.112980 0.946100 0.120804 0.942624 0.129498 0.925816 0.137902 0.922628 0.139640 0.939726 0.134714 0.948998 0.127468 0.948418 0.118486 0.944652 0.110952 0.940016 0.104286
1 0.985510 0.151810 0.981454 0.158766 0.973340 0.159056 0.979716 0.163112 0.985510 0.170066 0.987540 0.172386 0.985800 0.164272 0.985800 0.158766
1 0.960590 0.351180 0.953636 0.346254 0.944652 0.344804 0.937986 0.350020 0.938856 0.358134 0.949578 0.361612 0.957692 0.362772 0.965226 0.358134 0.965226 0.352628
1 0.922918 0.389142 0.921760 0.394936 0.909588 0.396676 0.902344 0.400442 0.915094 0.401312 0.923498 0.401312 0.928134 0.396386 0.928424 0.385664
1 0.973920 0.412034 0.985222 0.414352 0.980584 0.423046 0.993624 0.414352 0.995944 0.410874 0.998262 0.405948 0.993046 0.409426 0.982614 0.411744 0.973630 0.407978
1 0.790366 0.089612 0.784688 0.097760 0.771106 0.096526 0.766908 0.097760 0.781724 0.099488 0.786168 0.098748 0.790860 0.093068
1 0.797034 0.189614 0.785180 0.202700 0.775304 0.215294 0.767402 0.232330 0.771600 0.238504 0.776044 0.234800 0.777526 0.222948 0.784440 0.210848 0.789626 0.201466
1 0.948640 0.174304 0.946418 0.182452 0.943456 0.187638 0.947654 0.192576 0.951850 0.206404 0.956048 0.196280 0.956542 0.194306 0.949134 0.187392 0.950122 0.180478 0.951110 0.176034
1 0.971358 0.224676 0.983950 0.220972 0.990370 0.224430 0.987654 0.227886 0.984444 0.226898 0.981974 0.227392 0.977284 0.228626
1 0.983704 0.274060 0.999754 0.284184 0.997036 0.277270 0.990618 0.273072
1 0.939998 0.276528 0.945184 0.293566 0.959012 0.293320 0.959012 0.289616 0.947160 0.289368 0.944444 0.280232
1 0.888392 0.383692 0.882960 0.390852 0.885676 0.398506 0.887406 0.402952 0.887900 0.390852 0.896048 0.394802 0.900492 0.392828 0.905678 0.388136 0.902468 0.380976 0.896294 0.373814 0.896542 0.379988 0.899258 0.388630 0.893578 0.388630
1 0.808638 0.774070 0.814812 0.789872 0.815552 0.797526 0.813576 0.803700 0.820244 0.793576 0.826664 0.792094 0.821724 0.788884 0.816786 0.784934 0.813330 0.771354 0.811848 0.770612
1 0.793174 0.483172 0.787212 0.489700 0.786076 0.517522 0.786928 0.520360 0.783804 0.516386 0.780682 0.519508 0.778978 0.526606 0.778978 0.528592 0.787780 0.530864 0.804528 0.529728 0.792322 0.527174 0.791186 0.525186 0.791754 0.509856 0.792038 0.500204 0.805948 0.504462 0.807652 0.499920 0.805948 0.493392 0.800270 0.495378 0.793740 0.492824 0.793458 0.487998
1 0.767340 0.704602 0.773870 0.714822 0.775004 0.725040 0.778412 0.717092 0.778696 0.712550 0.777560 0.709144 0.774436 0.707724
1 0.777560 0.749738 0.775856 0.755416 0.764784 0.759674 0.773586 0.758824 0.778128 0.757120
1 0.756268 0.799418 0.764500 0.808502 0.774720 0.816452 0.778696 0.819290 0.780114 0.819574 0.777560 0.813612 0.773870 0.811626 0.782386 0.810774 0.786076 0.810206 0.786644 0.808220 0.781818 0.801122 0.780966 0.803960 0.781534 0.809354 0.775004 0.808786 0.769042 0.806232 0.761946 0.801406
1 0.908594 0.934960 0.909570 0.946484 0.915040 0.942968 0.923632 0.939258 0.921680 0.938672 0.912110 0.942382 0.911718 0.940040 0.910352 0.935938 0.910742 0.933594
1 0.504154 0.476382 0.507768 0.493768 0.505510 0.497380 0.517024 0.496704 0.519734 0.496478 0.519734 0.493316 0.514090 0.493542 0.511606 0.492188 0.506638 0.476608
1 0.490382 0.513412 0.490156 0.527638 0.485640 0.528314 0.495348 0.533282 0.499638 0.535766 0.495122 0.531928 0.493542 0.527638 0.493768 0.517250
1 0.440820 0.525976 0.442188 0.536524 0.444140 0.546484 0.448438 0.557422 0.450976 0.553516 0.452930 0.550000 0.449610 0.549414 0.448438 0.545704 0.446094 0.541210 0.443750 0.530664
1 0.454882 0.556640 0.461132 0.566406 0.466016 0.576562 0.473632 0.587304 0.479688 0.590234 0.482422 0.591406 0.477930 0.581446 0.475196 0.575390 0.470898 0.573632 0.468164 0.570704 0.465234 0.566016 0.464454 0.563476 0.460156 0.561524 0.457618 0.560546
1 0.497070 0.604882 0.495704 0.627148 0.499414 0.626368 0.504296 0.622460 0.502734 0.622070 0.497852 0.622460 0.498046 0.616406 0.497070 0.608984
1 0.495118 0.635352 0.494140 0.651172 0.496290 0.645898 0.497656 0.642774 0.500976 0.643360 0.503320 0.648242 0.508204 0.650782 0.511132 0.651758 0.507226 0.644922 0.505860 0.642774 0.499414 0.640820 0.498046 0.639454 0.497460 0.635742 0.497266 0.634180
1 0.503710 0.682812 0.502148 0.695312 0.499804 0.692968 0.492774 0.694140 0.480274 0.698242 0.479688 0.699414 0.483594 0.708008 0.483790 0.711718 0.484376 0.701368 0.490234 0.698828 0.503320 0.697070 0.505468 0.696876 0.507226 0.691016 0.505468 0.684570
1 0.556250 0.677540 0.555078 0.690234 0.559374 0.691210 0.558008 0.695312 0.561328 0.691406 0.559766 0.689258 0.557618 0.686914 0.558594 0.682618 0.558790 0.677930
1 0.432812 0.760156 0.437110 0.749610 0.435938 0.748438 0.442578 0.748828 0.437890 0.756250 0.435742 0.762110 0.432032 0.765234
1 0.447266 0.751368 0.451368 0.755274 0.461718 0.762696 0.464454 0.766796 0.456250 0.771290 0.452930 0.763868 0.452930 0.767188 0.455274 0.770704 0.464844 0.773828 0.466992 0.772266 0.468750 0.766992 0.468750 0.762890 0.473046 0.759766 0.466210 0.759180 0.459180 0.757422 0.457032 0.754296
1 0.414062 0.770312 0.412696 0.772656 0.422656 0.777930 0.431640 0.780468 0.439844 0.781250 0.455078 0.784960 0.453906 0.781250 0.439844 0.779296 0.435938 0.777734 0.424610 0.775976 0.422266 0.773828
1 0.530468 0.863086 0.535352 0.868750 0.538282 0.869336 0.542774 0.866406 0.547656 0.862304 0.546290 0.859766 0.539062 0.862890 0.536524 0.863476 0.533790 0.860742 0.531640 0.858790 0.530468 0.860352
1 0.595898 0.869336 0.592578 0.870898 0.596876 0.873632 0.599414 0.874610 0.603516 0.874804 0.605860 0.874218 0.609376 0.871680 0.611328 0.873242 0.615040 0.866210 0.611914 0.866992 0.607812 0.870312 0.602930 0.872070 0.601758 0.870508
1 0.511524 0.876172 0.521094 0.889062 0.522266 0.901562 0.522852 0.905274 0.524804 0.897266 0.525000 0.889844 0.527540 0.888476 0.527540 0.886718 0.521680 0.883008 0.517968 0.877930 0.513086 0.871874
1 0.467968 0.876172 0.481640 0.887500 0.489062 0.893164 0.493946 0.891602 0.491406 0.887304 0.486718 0.885352 0.481250 0.885742 0.477344 0.879102 0.472266 0.877540
1 0.445508 0.924024 0.438868 0.936328 0.429882 0.937304 0.422656 0.941406 0.433008 0.941796 0.436718 0.939454 0.442382 0.938476 0.442774 0.934570 0.446876 0.930274
1 0.447852 0.942774 0.441992 0.948632 0.440624 0.958398 0.441406 0.968360 0.440040 0.970704 0.435938 0.972852 0.424218 0.970508 0.429296 0.974414 0.433790 0.977344 0.433398 0.986524 0.433790 0.988086 0.437304 0.976954 0.441406 0.974024 0.443750 0.966796 0.443946 0.960352 0.446094 0.948828 0.447266 0.945118
1 0.589140 0.858894 0.586938 0.861696 0.583336 0.864898 0.579534 0.863298 0.576732 0.860696 0.575732 0.864498 0.577332 0.866900 0.583936 0.869700 0.586338 0.875704 0.588538 0.872702
1 0.797952 0.113236 0.803440 0.127206 0.803440 0.133442 0.814166 0.133442 0.809926 0.127954 0.804688 0.124212 0.802692 0.111990 0.801444 0.110244
1 0.729356 0.139926 0.728110 0.150902 0.727860 0.163872 0.731602 0.163624 0.735842 0.167366 0.743574 0.175348 0.749062 0.175846 0.744572 0.172852 0.736840 0.162376 0.736092 0.156140 0.737838 0.144416 0.735094 0.149406 0.730104 0.160880 0.730604 0.148158
1 0.791468 0.228978 0.792216 0.238456 0.789222 0.241200 0.795958 0.244692 0.798202 0.245940 0.797204 0.241948 0.794710 0.239704 0.794210 0.237956 0.794210 0.234464 0.793462 0.230724
1 0.901368 0.224804 0.914844 0.239258 0.911524 0.230860 0.915234 0.225782 0.908204 0.227540
1 0.807812 0.263282 0.797852 0.272656 0.786328 0.282812 0.767188 0.291016 0.769532 0.293360 0.773438 0.291992 0.792578 0.282422 0.797852 0.277734 0.800000 0.276758 0.808790 0.280468 0.818164 0.281640 0.818946 0.285938 0.819922 0.278126 0.817188 0.276954 0.805274 0.276368 0.803124 0.274218 0.803124 0.272070 0.809570 0.266406
1 0.779492 0.388672 0.767188 0.396680 0.762890 0.398828 0.760352 0.409766 0.763868 0.433204 0.766796 0.464648 0.766992 0.478126 0.766796 0.464062 0.767578 0.453320 0.773828 0.469726 0.779102 0.478906 0.778320 0.472266 0.774610 0.464844 0.772266 0.454296 0.770118 0.445508 0.768946 0.441406 0.768750 0.428124 0.771484 0.420508 0.772460 0.409570 0.769336 0.418554 0.764844 0.423046 0.764648 0.415040 0.765234 0.404296 0.766602 0.401172 0.776368 0.396094 0.778516 0.394140
1 0.764648 0.683398 0.754882 0.685156 0.754688 0.677148 0.757032 0.676758 0.755664 0.666602 0.755078 0.659570 0.761914 0.661914 0.768360 0.666016 0.762500 0.669140 0.760156 0.666210 0.759180 0.667968 0.760546 0.673242 0.762110 0.682032
1 0.768164 0.675976 0.778516 0.678710 0.780860 0.685156 0.788086 0.691016 0.788086 0.687304 0.783594 0.678906 0.778710 0.674218 0.775196 0.673438 0.774218 0.673438