1 0.002610 0.107208 0.014644 0.109986 0.022974 0.106284 0.024826 0.094250 0.028528 0.090548 0.037786 0.081290 0.046116 0.072034 0.039636 0.060926 0.023900 0.047042 0.014644 0.046116 0.008164 0.049818 0.000760 0.054446
0 0.006382 0.135740 0.019574 0.137868 0.029786 0.137442 0.036594 0.135314 0.037020 0.130208 0.047232 0.142548 0.061274 0.155314 0.072338 0.168930 0.067658 0.173612 0.068934 0.178292 0.074892 0.176590 0.078296 0.172334 0.077870 0.167228 0.072764 0.154462 0.064678 0.142974 0.057444 0.130634 0.047658 0.125102 0.047232 0.121272 0.045956 0.119570 0.045530 0.116166 0.049786 0.110210 0.058296 0.104252 0.066380 0.100422 0.068508 0.097444 0.065530 0.093614 0.059572 0.095742 0.054892 0.097870 0.051062 0.099996 0.047232 0.102124 0.044254 0.106380 0.040850 0.112336 0.040850 0.117442 0.037446 0.118294 0.037872 0.110634 0.036594 0.105954 0.035318 0.103400 0.033190 0.099572 0.029360 0.097444 0.025956 0.097444 0.028510 0.102124 0.031062 0.107230 0.031062 0.112762 0.031062 0.116592 0.024680 0.112336 0.020424 0.112336 0.017446 0.114038 0.016170 0.116166 0.016596 0.119570 0.019148 0.120846 0.022126 0.124676
1 0.152760 0.070210 0.146804 0.062976 0.139144 0.058296 0.131910 0.053616 0.128506 0.044680 0.126378 0.037446 0.128080 0.031062 0.127656 0.026382 0.136592 0.030212 0.143824 0.033190 0.150634 0.034466 0.156164 0.046806 0.158718 0.056594 0.158718 0.050636 0.158718 0.045104 0.166378 0.045530 0.169782 0.051062 0.168504 0.058722 0.168080 0.065104 0.168080 0.071062 0.164676 0.073188 0.161272 0.067658
1 0.173186 0.046382 0.182546 0.044254 0.182546 0.039574 0.178292 0.037872 0.171910 0.039574 0.169356 0.039148 0.164250 0.034042 0.160420 0.031914 0.155740 0.033190 0.162548 0.039148 0.163824 0.044254 0.166378 0.046382
1 0.217440 0.048934 0.209780 0.048084 0.205950 0.045104 0.202120 0.045104 0.196164 0.046382 0.191058 0.046382 0.183398 0.045956 0.186376 0.038722 0.185100 0.034466 0.182122 0.034042 0.179568 0.031488 0.180420 0.027658 0.184674 0.027658 0.188930 0.027658 0.191482 0.025532 0.193610 0.025532 0.197440 0.027234 0.200418 0.027234 0.202120 0.010212 0.205100 0.005532 0.208930 0.020000 0.208504 0.028084 0.209780 0.029360 0.215738 0.027234 0.215312 0.030212 0.211482 0.032764 0.209354 0.037020 0.208078 0.037872
1 0.179944 0.122800 0.188472 0.119388 0.192310 0.114270 0.194442 0.109154 0.195296 0.107022 0.199560 0.108300 0.201266 0.116402 0.203824 0.118962 0.206384 0.114270 0.205530 0.109154 0.212780 0.108726 0.212354 0.099344 0.211074 0.093802 0.210222 0.089536 0.208088 0.075890 0.205530 0.074184 0.203824 0.078876 0.204250 0.088684 0.205956 0.099344 0.199986 0.098492 0.199134 0.091242 0.201266 0.088684 0.199986 0.083140 0.197002 0.080154 0.193164 0.078450 0.193590 0.083992 0.195296 0.087830 0.195722 0.092948 0.196574 0.099344 0.194016 0.099772 0.188046 0.097640 0.186340 0.099344 0.191030 0.101904 0.192310 0.103182 0.187620 0.108726 0.181650 0.115550
1 0.068350 0.067072 0.067710 0.063236 0.071226 0.062916 0.079538 0.070908 0.084014 0.072506 0.088168 0.074104 0.090086 0.077300 0.090726 0.070268 0.091046 0.065792 0.094882 0.066752 0.096160 0.071866 0.100316 0.072186 0.101594 0.078578 0.104152 0.077940 0.103512 0.083054 0.097120 0.084972 0.093284 0.082734 0.094882 0.088488 0.100636 0.089448 0.105750 0.101594 0.104472 0.105750 0.100316 0.102554 0.097120 0.093284 0.092964 0.094562 0.091684 0.092644 0.091366 0.087850 0.084332 0.085292 0.082414 0.082414 0.083374 0.079538 0.076660 0.078578 0.074424 0.075062
1 0.319130 0.082870 0.315554 0.077996 0.314904 0.066296 0.304506 0.056222 0.297680 0.047772 0.296056 0.041272 0.304830 0.047446 0.313280 0.056546 0.317830 0.062720 0.322054 0.063696 0.334078 0.062396 0.329204 0.059146 0.322054 0.056222 0.324654 0.051022 0.328878 0.053296 0.334078 0.056222 0.335704 0.050372 0.339604 0.051346 0.339278 0.060446 0.344802 0.067920 0.349352 0.079620 0.346428 0.082544 0.337004 0.066296 0.321404 0.066296
1 0.247634 0.096194 0.239184 0.090344 0.231710 0.085470 0.228136 0.082870 0.228460 0.077670 0.227486 0.072470 0.232360 0.069870 0.233660 0.067270 0.230736 0.064996 0.238860 0.063696 0.246334 0.064020 0.250234 0.068570 0.252834 0.069870 0.258034 0.070196 0.261284 0.074420 0.265184 0.070196 0.268108 0.081244 0.271682 0.082544 0.271682 0.088720 0.276882 0.090344 0.272658 0.096194 0.266482 0.096518 0.262584 0.099768 0.258684 0.097494
0 0.250234 0.098794 0.254784 0.106594 0.251534 0.107244 0.245684 0.110818 0.254134 0.123818 0.241460 0.124792 0.242110 0.129016 0.255108 0.131292 0.257384 0.132266 0.258358 0.137142 0.259008 0.145266 0.284682 0.177438 0.289556 0.175814 0.287606 0.171914 0.271358 0.139416 0.270708 0.135192 0.273958 0.130966 0.274608 0.120568 0.274608 0.109518 0.271682 0.110168 0.268432 0.118942 0.267132 0.119918 0.263884 0.112768 0.259984 0.104644 0.258684 0.100094
1 0.293782 0.116992 0.291182 0.111792 0.293456 0.104644 0.295082 0.098794 0.292482 0.091644 0.291506 0.085144 0.291182 0.079944 0.294756 0.080920 0.297356 0.084820 0.298330 0.088070 0.299306 0.092294 0.303206 0.092620 0.304506 0.095218 0.300280 0.099768 0.304180 0.101068 0.308730 0.102694 0.311656 0.097818 0.317180 0.098468 0.318480 0.101068 0.312954 0.106268 0.313930 0.113092 0.311330 0.116342 0.311980 0.122192 0.309056 0.127066 0.304180 0.124142 0.304506 0.118942 0.306780 0.114392 0.304830 0.107894 0.302556 0.105294 0.302230 0.104644 0.299956 0.108544 0.297680 0.113418
0 0.034258 0.174672 0.033730 0.170450 0.035314 0.166754 0.030564 0.167810 0.027396 0.175728 0.022646 0.184174 0.021062 0.192620 0.021062 0.196844 0.022118 0.201594 0.024758 0.203178 0.032148 0.200010 0.038482 0.201594 0.043232 0.204762 0.034258 0.205818 0.031620 0.205818 0.021590 0.208456 0.010504 0.206872 0.009448 0.202650 0.015784 0.196844 0.014200 0.195260 0.013144 0.187342 0.014728 0.179424 0.020006 0.167810 0.030564 0.159892 0.036898 0.159364 0.041122 0.162004 0.041122 0.167282
1 0.092852 0.300306 0.083350 0.287638 0.077016 0.286054 0.067514 0.284470 0.066986 0.279720 0.077544 0.280248 0.083878 0.257020 0.085990 0.255964 0.088102 0.267578 0.089686 0.276552 0.091270 0.283942 0.099188 0.285526 0.104466 0.288166 0.107634 0.290276 0.101298 0.291860 0.093380 0.287638 0.091796 0.287638
0 0.035466 0.290018 0.029720 0.288222 0.022540 0.283196 0.018950 0.279606 0.017872 0.276734 0.023258 0.273502 0.030438 0.269912 0.032952 0.265962 0.027926 0.264886 0.019308 0.269912 0.016796 0.269194 0.019668 0.263450 0.025772 0.258064 0.030438 0.253038 0.038338 0.251960 0.048032 0.252320 0.058442 0.252678 0.065982 0.252678 0.066342 0.250884 0.061674 0.248730 0.045518 0.245138 0.027926 0.245856 0.021462 0.249088 0.015000 0.256628 0.015000 0.266322 0.009256 0.264886 0.003870 0.262372 0.000000 0.261718 0.000000 0.275390 0.003870 0.281760 0.007820 0.282478 0.004948 0.274580 0.005666 0.270988 0.009974 0.270988 0.012128 0.272426 0.013924 0.277452 0.015360 0.284274 0.024694 0.289658 0.028644 0.293248
1 0.193080 0.304020 0.198464 0.300070 0.199900 0.292530 0.208158 0.290736 0.217494 0.287504 0.216776 0.282836 0.202414 0.283914 0.198824 0.285710 0.192002 0.280682 0.180514 0.275298 0.181590 0.281400 0.186616 0.283554 0.194156 0.288582 0.193798 0.296122
0 0.001358 0.372594 0.007102 0.382288 0.017514 0.385160 0.024336 0.388392 0.029720 0.399162 0.032952 0.411370 0.032234 0.418550 0.029720 0.418550 0.028644 0.412088 0.026130 0.405626 0.022898 0.400598 0.018590 0.399880 0.021104 0.404908 0.022180 0.409216 0.019668 0.411370 0.015718 0.407420 0.014282 0.403472 0.011770 0.408498 0.007102 0.414242 0.002794 0.414602 0.000280 0.411370 0.006024 0.408498 0.008178 0.400598 0.006742 0.397368 0.003870 0.397368 0.000640 0.398804
0 0.000998 0.464866 0.010332 0.473482 0.017872 0.473482 0.022898 0.479944 0.030798 0.483176 0.037260 0.486048 0.043722 0.487484 0.050186 0.492510 0.053776 0.491074 0.048032 0.484970 0.043004 0.482458 0.031156 0.472046 0.020026 0.466660 0.015360 0.461634 0.016436 0.458762 0.024336 0.459120 0.032592 0.457684 0.035466 0.453018 0.035106 0.451222 0.012488 0.452300 0.007460 0.452300 0.000280 0.453736
1 0.033670 0.597348 0.033670 0.588730 0.027208 0.588012 0.016796 0.588730 0.015000 0.585500 0.016078 0.582268 0.028284 0.583346 0.031874 0.579754 0.032592 0.575446 0.034388 0.571138 0.035466 0.568266 0.039414 0.570062 0.039414 0.575806 0.039414 0.580474 0.040850 0.584782 0.046594 0.587852 0.047870 0.591682 0.038934 0.591044
1 0.287000 0.244976 0.286044 0.224442 0.276016 0.223964 0.272674 0.221100 0.280792 0.218234 0.287000 0.218712 0.289864 0.211072 0.293686 0.204386 0.298460 0.199610 0.302280 0.201042 0.297506 0.212026 0.292730 0.222054 0.292730 0.228262 0.291774 0.236380 0.291774 0.241634
0 0.294400 0.201752 0.290108 0.198890 0.285100 0.197458 0.281522 0.197816 0.278660 0.200678 0.274368 0.200678 0.270432 0.205686 0.269002 0.209264 0.268644 0.216060 0.265782 0.220710 0.261490 0.222142 0.262206 0.226076 0.259344 0.230010 0.256840 0.228938 0.251116 0.235734 0.258628 0.245034 0.273652 0.252546 0.279376 0.253620 0.281164 0.250400 0.291538 0.259702 0.295472 0.263636 0.291538 0.265066 0.285100 0.259344 0.280806 0.260416 0.265424 0.256840 0.257198 0.250758 0.248612 0.241100 0.243604 0.237880 0.241458 0.236808 0.243962 0.232872 0.245034 0.225360 0.251116 0.222498 0.252904 0.211768 0.251474 0.198174 0.252546 0.183866 0.255408 0.179216 0.258270 0.181362 0.260416 0.204970 0.262562 0.204614 0.272578 0.192808 0.285456 0.191378 0.294042 0.194240 0.297262 0.198532
0 0.255408 0.256840 0.245392 0.255408 0.240384 0.257198 0.236092 0.260416 0.236450 0.267214 0.244678 0.280448 0.251832 0.292968 0.256840 0.296188 0.258628 0.299766 0.260774 0.301196 0.258270 0.304416 0.256482 0.305132 0.252904 0.311212 0.248254 0.310140 0.242174 0.315504 0.228580 0.318724 0.219638 0.320156 0.221068 0.317294 0.236808 0.311928 0.245034 0.308350 0.247538 0.305488 0.247538 0.301554 0.233946 0.298692 0.222498 0.294758 0.219638 0.292968 0.225718 0.291180 0.244678 0.294758 0.243246 0.290822 0.237880 0.287960 0.231800 0.285100 0.228222 0.277944 0.226792 0.266856 0.229654 0.264352 0.231800 0.255766 0.233588 0.252904 0.245750 0.251474 0.251474 0.252904
1 0.309782 0.237166 0.306920 0.248970 0.306562 0.251116 0.300480 0.251116 0.299408 0.255050 0.302628 0.255766 0.301196 0.261848 0.297976 0.265066 0.292968 0.267570 0.285100 0.266498 0.285814 0.268644 0.292254 0.271506 0.300838 0.272936 0.300124 0.281164 0.302628 0.285100 0.309066 0.283310 0.309066 0.277944 0.305846 0.272578 0.303342 0.271148 0.304774 0.264352 0.308350 0.261132 0.314790 0.263278 0.320870 0.267570 0.323732 0.262920 0.316936 0.258986 0.312644 0.256482 0.310854 0.252546 0.312286 0.246824
1 0.243962 0.414234 0.245392 0.418884 0.255766 0.429258 0.261490 0.429616 0.261848 0.436412 0.255766 0.438916 0.260058 0.443566 0.269002 0.444282 0.272936 0.444282 0.272936 0.448218 0.276514 0.455730 0.281164 0.458948 0.283668 0.453940 0.279376 0.449290 0.278302 0.445356 0.279018 0.441420 0.284742 0.439990 0.282952 0.436770 0.279376 0.435698 0.280448 0.426754 0.280448 0.417096 0.277586 0.414592 0.275082 0.418884 0.273652 0.425682 0.265424 0.426038 0.261848 0.424966 0.257912 0.423892 0.256840 0.423534 0.249686 0.416738
0 0.261262 0.620942 0.249086 0.605216 0.220170 0.578836 0.214590 0.572240 0.212560 0.569196 0.201908 0.550934 0.196834 0.550934 0.199370 0.557528 0.201908 0.567674 0.195312 0.563616 0.190746 0.563108 0.189224 0.559050 0.184152 0.562602 0.187702 0.573762 0.196834 0.581880 0.212560 0.583400 0.215604 0.585938 0.214590 0.596590 0.211546 0.603694 0.205966 0.604708 0.196834 0.609780 0.191762 0.611810 0.193790 0.616884 0.204444 0.613840 0.211546 0.609274 0.218142 0.601156 0.218648 0.594562 0.218648 0.589996 0.232346 0.602678 0.244014 0.612824
0 0.181440 0.629558 0.184702 0.643422 0.191226 0.657694 0.195304 0.667480 0.201012 0.669110 0.200198 0.674412 0.191226 0.672780 0.184296 0.671964 0.175324 0.671556 0.175324 0.675226 0.184702 0.678080 0.192042 0.678080 0.195304 0.679304 0.192858 0.685828 0.191226 0.689906 0.192858 0.694798 0.198566 0.696022 0.202236 0.692760 0.201012 0.687052 0.201828 0.682566 0.203460 0.678896 0.207130 0.682158 0.211206 0.684198 0.214468 0.681342 0.214468 0.676042 0.212022 0.674818 0.207130 0.675634 0.207536 0.666256 0.204274 0.658508 0.193674 0.644238 0.185518 0.630782
1 0.204274 0.639752 0.194082 0.640160 0.194488 0.643422 0.200198 0.646684 0.207130 0.646684 0.208760 0.651170 0.210798 0.654432 0.212430 0.660140 0.214876 0.659324 0.215284 0.651984 0.214060 0.648316 0.214876 0.645460 0.220992 0.649130 0.226294 0.652800 0.232410 0.662586 0.236488 0.662586 0.234040 0.653208 0.231594 0.647908 0.226702 0.644238 0.219362 0.642198 0.212022 0.640976 0.214468 0.633228 0.216916 0.626704 0.218546 0.620588 0.215692 0.619364 0.212430 0.625074 0.209168 0.632006
1 0.044436 0.789804 0.049330 0.779204 0.049330 0.775126 0.055038 0.775942 0.060338 0.777572 0.059524 0.769824 0.054222 0.766970 0.048106 0.766156 0.045660 0.762078 0.032612 0.749846 0.031796 0.751884 0.037912 0.762486 0.038728 0.769824 0.044436 0.773494 0.042398 0.777980 0.039952 0.784912
1 0.135366 0.713556 0.141074 0.711108 0.144744 0.706624 0.150860 0.703362 0.154122 0.698876 0.152490 0.697246 0.147190 0.698468 0.146374 0.694390 0.144336 0.693168 0.140666 0.695206 0.140666 0.699692 0.138628 0.702954 0.134142 0.705400 0.133734 0.708254
1 0.125580 0.744544 0.129656 0.740466 0.133734 0.737612 0.139034 0.743322 0.143520 0.745768 0.143928 0.741690 0.141890 0.735982 0.139034 0.731904 0.133734 0.727826 0.130472 0.724564 0.124356 0.722934 0.122318 0.723750 0.125580 0.727418 0.128434 0.729050 0.130472 0.731496 0.126394 0.733536 0.122318 0.736798 0.121910 0.740466
1 0.205498 0.736390 0.212430 0.744544 0.215284 0.746990 0.218546 0.749030 0.223846 0.749030 0.229556 0.746990 0.232818 0.744952 0.234448 0.740466 0.231594 0.738836 0.224254 0.741282 0.221400 0.742914 0.217322 0.740466 0.212430 0.738020 0.209984 0.737204
1 0.243418 0.658102 0.245458 0.644646 0.249536 0.640568 0.254428 0.635268 0.250350 0.632412 0.246274 0.634044 0.242604 0.635674 0.240156 0.637306 0.236894 0.637714 0.238118 0.639752 0.237710 0.646684 0.237302 0.651578 0.240156 0.654432
1 0.170840 0.756776 0.176548 0.768194 0.177364 0.773086 0.178586 0.776348 0.181848 0.778388 0.183888 0.774718 0.187150 0.776348 0.192858 0.777572 0.194896 0.775126 0.192450 0.771864 0.189188 0.770640 0.183480 0.771048 0.180626 0.765340 0.178586 0.764116 0.176956 0.758408
1 0.175732 0.805706 0.177772 0.800406 0.182664 0.792252 0.189188 0.789396 0.194488 0.791436 0.200606 0.789804 0.198158 0.786950 0.199382 0.783280 0.206722 0.780426 0.214468 0.780834 0.216100 0.782466 0.218138 0.786950 0.222216 0.781650 0.218954 0.777164 0.218954 0.773494 0.220992 0.769418 0.219362 0.766156 0.214876 0.771048 0.210392 0.775534 0.202644 0.775942 0.195712 0.778796 0.191226 0.780834 0.190820 0.784096 0.187150 0.784096 0.183072 0.785320 0.173286 0.792252 0.170432 0.796736 0.170024 0.799590
1 0.222216 0.787766 0.226294 0.788990 0.230778 0.794698 0.236488 0.795920 0.240972 0.798776 0.244642 0.803668 0.248720 0.808562 0.249536 0.806114 0.247904 0.802038 0.248312 0.797960 0.254428 0.799182 0.259322 0.799182 0.264622 0.796736 0.268700 0.793882 0.268700 0.788174 0.267068 0.784504 0.262990 0.789396 0.258914 0.790620 0.252390 0.791844 0.247904 0.790620 0.245866 0.794290 0.243418 0.795106 0.233632 0.792252 0.231594 0.786950 0.239750 0.788990 0.242604 0.787358 0.245050 0.783688 0.243418 0.779610 0.237302 0.781242 0.233226 0.782872 0.229964 0.779204 0.227108 0.777980 0.225070 0.774310 0.223032 0.773086 0.221808 0.773086 0.221400 0.775534 0.223846 0.776756 0.225478 0.779204 0.225478 0.781650 0.225478 0.784096
1 0.213246 0.821610 0.214468 0.816716 0.215692 0.810600 0.216508 0.806522 0.213246 0.801630 0.209576 0.797144 0.206314 0.790212 0.205090 0.786134 0.209984 0.784096 0.212838 0.790212 0.216508 0.793474 0.218546 0.796736 0.220992 0.801222 0.223440 0.804892 0.227516 0.805706 0.232002 0.804892 0.235264 0.804892 0.235672 0.807746 0.232818 0.808968 0.228740 0.810192 0.224254 0.808968 0.222624 0.811824 0.220178 0.816716
1 0.156160 0.817532 0.151268 0.815492 0.147598 0.813454 0.142296 0.811008 0.140258 0.812230 0.140666 0.816308 0.144336 0.817940 0.146374 0.819162 0.149636 0.821202 0.146782 0.823648 0.143928 0.824464 0.142704 0.828540 0.147190 0.830580 0.152898 0.828540 0.155752 0.826502 0.159830 0.826502 0.162684 0.828134 0.164724 0.829356 0.167986 0.832618 0.172062 0.830988 0.170024 0.826502 0.166354 0.824872 0.173286 0.823648 0.176956 0.820386 0.178178 0.817532 0.173694 0.815086 0.167986 0.815086 0.163092 0.815492
0 0.155344 0.897858 0.146782 0.888072 0.141890 0.883180 0.139034 0.875840 0.139850 0.870132 0.132104 0.870540 0.127618 0.868908 0.134142 0.866870 0.139850 0.866054 0.143112 0.861160 0.156160 0.864830 0.160238 0.861568 0.171248 0.870540 0.177772 0.877878 0.179810 0.909684 0.176140 0.914576 0.173286 0.922324 0.170840 0.928032 0.165130 0.934148 0.157384 0.934964 0.155344 0.932110 0.162276 0.925586 0.168392 0.919470 0.169616 0.916208 0.169208 0.909276 0.169208 0.903974 0.173286 0.898266 0.173286 0.889704 0.172878 0.882364 0.170840 0.877470 0.165946 0.876248 0.161462 0.877064 0.159014 0.877064 0.155344 0.875024 0.150452 0.873394 0.145966 0.871762 0.141890 0.872578 0.145558 0.877064 0.154122 0.886850
0 0.550312 0.094582 0.559708 0.115388 0.565078 0.118744 0.575816 0.110690 0.575816 0.101966 0.579172 0.095924 0.576488 0.088542 0.571790 0.088542 0.567090 0.087870 0.571118 0.084514 0.569104 0.079816 0.575816 0.074446 0.580514 0.070420 0.583870 0.071762 0.583900 0.074356 0.577534 0.077412 0.582074 0.084342 0.589074 0.091692 0.596424 0.098692 0.602724 0.102192 0.599924 0.104992 0.591874 0.102892 0.587674 0.109894 0.578574 0.119694 0.571222 0.123894 0.562122 0.123544 0.556872 0.118994 0.552322 0.112344 0.550572 0.105692
0 0.538154 0.284308 0.549504 0.283710 0.559656 0.280128 0.565630 0.275348 0.569214 0.266986 0.572798 0.258624 0.590118 0.269974 0.605648 0.277140 0.619386 0.280128 0.616400 0.273556 0.606246 0.270570 0.593702 0.261612 0.582354 0.250262 0.573394 0.246082 0.577576 0.240706 0.575784 0.235928 0.571602 0.236526 0.569214 0.232344 0.567422 0.224580 0.564436 0.223384 0.561448 0.224580 0.554282 0.223982 0.554878 0.229956 0.553086 0.230552 0.545322 0.230552 0.542932 0.236526 0.559656 0.247276 0.566228 0.251458 0.566824 0.258624 0.562644 0.266390 0.553086 0.275946 0.545920 0.278336
0 0.570686 0.204660 0.562322 0.190884 0.558880 0.188424 0.559372 0.183506 0.560846 0.178094 0.558880 0.170222 0.561830 0.161366 0.560356 0.157922 0.553468 0.167270 0.547564 0.179078 0.543628 0.178094 0.548056 0.167270 0.549532 0.161366 0.553468 0.156938 0.553468 0.148576 0.552484 0.137752 0.555436 0.134308 0.560356 0.140212 0.566750 0.139228 0.570686 0.137260 0.573638 0.138244 0.574130 0.159890 0.571178 0.158906 0.571670 0.170222 0.569702 0.176618 0.571178 0.184982 0.574130 0.194328
1 0.524046 0.281356 0.530814 0.279422 0.532266 0.275072 0.525014 0.273622 0.520180 0.276038 0.513410 0.274104 0.500842 0.270238 0.496490 0.266370 0.497940 0.258634 0.494072 0.256700 0.492622 0.261052 0.492622 0.268304 0.491172 0.271204 0.476668 0.265886 0.468934 0.266852 0.467966 0.267820 0.474736 0.274104 0.483438 0.277006 0.490688 0.278456 0.496490 0.280872 0.501808 0.279422 0.505676 0.281356 0.510994 0.284258 0.511960 0.295376 0.514378 0.299728 0.518246 0.294892 0.521630 0.286190
1 0.622424 0.193166 0.615450 0.182972 0.610084 0.187800 0.609010 0.182434 0.611156 0.175996 0.609010 0.165800 0.600424 0.160972 0.602572 0.157216 0.615450 0.159898 0.615986 0.145948 0.620814 0.145948 0.622424 0.165800 0.612766 0.164728 0.615450 0.170094 0.617596 0.177070 0.621888 0.181898 0.624034 0.187264
1 0.636376 0.174386 0.640132 0.167948 0.642814 0.162582 0.637986 0.155070 0.628326 0.143264 0.627790 0.150240 0.630474 0.154532 0.633692 0.162044 0.634766 0.166338
1 0.620278 0.037024 0.610620 0.032730 0.602572 0.024146 0.601498 0.018244 0.614376 0.025218 0.620814 0.030048 0.622424 0.025218 0.630474 0.018780 0.636376 0.016634 0.636376 0.020926 0.629936 0.027902 0.627254 0.033268 0.625108 0.042926 0.621888 0.045072
1 0.607936 0.080486 0.604718 0.076194 0.609546 0.065998 0.612766 0.065462 0.618132 0.068682 0.620278 0.064388 0.616522 0.061706 0.611156 0.058486 0.608474 0.054730 0.600962 0.033268 0.598278 0.034340 0.599888 0.046682 0.601498 0.052584 0.596132 0.054730 0.597742 0.059560 0.603644 0.060632 0.606328 0.060632 0.601498 0.066536 0.600424 0.074584
1 0.520476 0.047218 0.516184 0.053120 0.510280 0.054730 0.511890 0.047218 0.518330 0.041316 0.522622 0.035950 0.518866 0.030048 0.513500 0.026828 0.513500 0.024682 0.523696 0.026292 0.530670 0.028974 0.527988 0.033804 0.527988 0.038634 0.525842 0.042926 0.533354 0.051510 0.531208 0.055266 0.525304 0.052048
1 0.493388 0.130208 0.481260 0.121910 0.478708 0.125102 0.473600 0.127656 0.471048 0.122550 0.474240 0.119358 0.471870 0.116992 0.468296 0.118618 0.466020 0.123168 0.465370 0.118292 0.467970 0.112442 0.473820 0.111468 0.478044 0.113092 0.480644 0.115692 0.486168 0.117968 0.491368 0.123492 0.492994 0.124792 0.495268 0.126416
1 0.497218 0.117318 0.494618 0.107568 0.490394 0.104644 0.489744 0.097818 0.485518 0.099118 0.482270 0.097818 0.483570 0.093594 0.486494 0.090344 0.480970 0.088394 0.480970 0.084170 0.479344 0.078970 0.485194 0.082870 0.486168 0.086444 0.489744 0.087744 0.491044 0.091644 0.493318 0.095868 0.494618 0.099118 0.497868 0.101394 0.499494 0.110818
1 0.510542 0.085470 0.503068 0.080270 0.500468 0.076696 0.496894 0.069870 0.499168 0.067920 0.510218 0.079294 0.512168 0.079944 0.515092 0.075396 0.519642 0.072796 0.518342 0.079620 0.518342 0.082870 0.521916 0.084170 0.526142 0.077670 0.529392 0.075720 0.533616 0.076696 0.533940 0.079294 0.527116 0.086120 0.522892 0.088720 0.519316 0.089044 0.515092 0.087420 0.514768 0.093270 0.511518 0.095868 0.508592 0.092944
1 0.494894 0.214640 0.501506 0.208028 0.507100 0.201924 0.515238 0.192770 0.515238 0.189208 0.506084 0.192260 0.498962 0.196838 0.482686 0.193786 0.476582 0.194296 0.477092 0.198364 0.484720 0.201416 0.492350 0.203960 0.496928 0.204976 0.490824 0.211588
1 0.538126 0.196330 0.531006 0.194804 0.518798 0.190734 0.520834 0.185140 0.529480 0.184632 0.536600 0.185648 0.541178 0.187174 0.549316 0.182088 0.550842 0.182596 0.553894 0.185140 0.550334 0.191752 0.547790 0.193786 0.549316 0.199382 0.547790 0.206502 0.544230 0.205486 0.542704 0.199382
1 0.584412 0.223796 0.581360 0.212098 0.576782 0.211080 0.568136 0.212098 0.565592 0.211080 0.573222 0.205486 0.574240 0.202434 0.575256 0.193278 0.578308 0.192260 0.579834 0.197348 0.581360 0.203450 0.584920 0.206502 0.585428 0.213114 0.584412 0.218710
1 0.607300 0.233460 0.605774 0.226338 0.604248 0.223286 0.608318 0.215658 0.614930 0.204976 0.610860 0.203450 0.605774 0.206502 0.603230 0.212098 0.600180 0.216166 0.593566 0.218200 0.593566 0.223286 0.598654 0.224304 0.601704 0.225322 0.602214 0.230916
1 0.581428 0.324712 0.574836 0.324018 0.570326 0.321590 0.574490 0.318120 0.579346 0.319508 0.580734 0.314998 0.582816 0.311182 0.590448 0.310834 0.596692 0.311528 0.601896 0.311876 0.604324 0.312916 0.609528 0.308060 0.612996 0.302162 0.615426 0.303550 0.615426 0.307018 0.612302 0.314998 0.615078 0.318466 0.615078 0.321242 0.612996 0.321936 0.608834 0.319854 0.605364 0.318120 0.599468 0.319508 0.595998 0.318466 0.591836 0.317080 0.587326 0.317080 0.584550 0.317426 0.586978 0.319854 0.592876 0.321936 0.594958 0.323324 0.595304 0.327834 0.591488 0.329568 0.587672 0.327834 0.584896 0.326446
0 0.500250 0.372586 0.509616 0.381606 0.511352 0.388890 0.515860 0.386116 0.522800 0.384380 0.529044 0.376748 0.546390 0.371198 0.553328 0.364260 0.558532 0.352812 0.560960 0.342058 0.562694 0.339282 0.565122 0.334772 0.569980 0.328528 0.568244 0.324364 0.563042 0.326446 0.557144 0.329222 0.551940 0.331302 0.546390 0.333732 0.538064 0.328874 0.531818 0.328874 0.515514 0.329916 0.511352 0.329222 0.504066 0.327486 0.501984 0.327834 0.504760 0.332344 0.499210 0.335118 0.492964 0.338934 0.488108 0.342750 0.487068 0.346566 0.483598 0.343098 0.481170 0.342404 0.480822 0.345526 0.483598 0.351424 0.485680 0.359402 0.490536 0.363912 0.490884 0.368076 0.486374 0.368770 0.484986 0.371198 0.487414 0.373280 0.487760 0.377790 0.490536 0.378830 0.492618 0.376054 0.496086 0.378136 0.500596 0.381258 0.501984 0.378484 0.496086 0.375014 0.496434 0.370504 0.497474 0.363912 0.493658 0.360096 0.492618 0.355240 0.491230 0.351424 0.495046 0.344486 0.499210 0.343792 0.504066 0.344832 0.511352 0.343444 0.516554 0.340670 0.522452 0.339628 0.527656 0.340322 0.536328 0.342058 0.541880 0.341364 0.547430 0.338934 0.552286 0.339282 0.554716 0.340670 0.555756 0.344138 0.552980 0.350036 0.551940 0.354892 0.546736 0.361484 0.534248 0.369810 0.528696 0.370158 0.518290 0.377096 0.510310 0.375708 0.507188 0.372238 0.503718 0.370158
0 0.523840 0.466946 0.531126 0.458968 0.533206 0.455498 0.534942 0.446826 0.534594 0.436418 0.537022 0.432602 0.542920 0.433990 0.552980 0.439540 0.562694 0.444396 0.573102 0.447518 0.579346 0.446132 0.579000 0.443008 0.569632 0.441274 0.558532 0.435030 0.547084 0.428786 0.546042 0.422888 0.545002 0.418032 0.540492 0.415602 0.537022 0.419766 0.536328 0.426358 0.533554 0.424622 0.531126 0.418378 0.507882 0.414908 0.492618 0.409012 0.486026 0.404154 0.480476 0.397216 0.476660 0.394442 0.476660 0.397216 0.483598 0.407970 0.495392 0.416990 0.504760 0.422542 0.515514 0.427050 0.523494 0.430174 0.530778 0.430868 0.531126 0.437112 0.531472 0.443356 0.530084 0.450294 0.527656 0.454110 0.525574 0.459314
0 0.534594 0.541532 0.529738 0.531818 0.531126 0.529390 0.527656 0.523840 0.526268 0.515514 0.525228 0.499210 0.518636 0.499210 0.515168 0.501984 0.510310 0.505106 0.509964 0.508228 0.511698 0.517248 0.515514 0.523146 0.517596 0.529044 0.518290 0.534942 0.512044 0.536676 0.500250 0.538758 0.491576 0.540838 0.483598 0.539798 0.478742 0.540144 0.479088 0.543268 0.487414 0.547430 0.495392 0.547776 0.505106 0.543960 0.515860 0.542226 0.521064 0.542574 0.522452 0.549164 0.524186 0.557144 0.524186 0.570674 0.521064 0.585244 0.522452 0.592876 0.526962 0.589754 0.528350 0.580386 0.532512 0.569632 0.533206 0.560612 0.533900 0.548818
2 0.444396 0.509616 0.448560 0.506494 0.452028 0.501290 0.456192 0.499902 0.458620 0.505800 0.461742 0.509616 0.463130 0.505800 0.463130 0.501984 0.472150 0.508228 0.477700 0.505454 0.474926 0.500596 0.464518 0.491924 0.462784 0.483944 0.462784 0.476312 0.460702 0.473884 0.457232 0.475966 0.455844 0.486720 0.454110 0.492618 0.446826 0.488108 0.436070 0.488108 0.426358 0.487760 0.423928 0.488802 0.427050 0.491576 0.432948 0.492270 0.437806 0.494700 0.443702 0.495740 0.446132 0.496780 0.445090 0.501638 0.443356 0.502678 0.442316 0.506494
1 0.415950 0.601896 0.422542 0.594610 0.420112 0.591488 0.414216 0.594958 0.408318 0.594958 0.402766 0.594610 0.402420 0.598426 0.405890 0.599814 0.405542 0.603284 0.403808 0.607794 0.407624 0.609874 0.410746 0.607100
1 0.433296 0.592876 0.441968 0.582816 0.449600 0.587326 0.456538 0.588712 0.455498 0.581428 0.451682 0.577612 0.449600 0.569632 0.450642 0.561306 0.452376 0.550552 0.449600 0.539798 0.445090 0.547084 0.445090 0.553674 0.444050 0.558184 0.438846 0.555062 0.436764 0.555410 0.437112 0.558184 0.441622 0.562348 0.441622 0.567204 0.431214 0.565122 0.425316 0.564428 0.425316 0.568244 0.430520 0.571368 0.435030 0.574142 0.437112 0.577264 0.434684 0.579346 0.431908 0.577958 0.431214 0.581774 0.430174 0.588712
0 0.498516 0.645954 0.481864 0.648036 0.469722 0.642832 0.455844 0.632424 0.446826 0.621670 0.438500 0.615078 0.431908 0.603978 0.440928 0.611262 0.448906 0.617506 0.455150 0.624444 0.464518 0.631036 0.480128 0.635546 0.494006 0.636240 0.501984 0.638322 0.512392 0.635546 0.521064 0.634506 0.532860 0.639362 0.541880 0.643178 0.551246 0.645260 0.558532 0.645954 0.561654 0.647342 0.567898 0.651504 0.563388 0.652892 0.557838 0.649770 0.543960 0.648382 0.538064 0.647688 0.526962 0.645954 0.522106 0.645606 0.515860 0.649076 0.507882 0.649422 0.519676 0.662606 0.524880 0.669196 0.529044 0.674400 0.526616 0.679952 0.521412 0.677870 0.513780 0.668156 0.507534 0.657748
1 0.430742 0.762870 0.423490 0.753200 0.412854 0.751750 0.414304 0.748366 0.421556 0.745466 0.427358 0.748366 0.424940 0.741598 0.416722 0.743532 0.407536 0.736280 0.413820 0.734346 0.422522 0.734830 0.427840 0.731928 0.431224 0.731928 0.430742 0.726128 0.435092 0.727578 0.437510 0.728544 0.440410 0.723710 0.443312 0.727094 0.443312 0.733862 0.445728 0.737730 0.447178 0.742082 0.443312 0.742082 0.438476 0.744498 0.436542 0.739180 0.434608 0.737246 0.431224 0.738698 0.431708 0.742564 0.432676 0.748366 0.433158 0.753200 0.436060 0.760452
1 0.199602 0.420286 0.206304 0.424594 0.213484 0.424116 0.213006 0.419806 0.205346 0.417892 0.201996 0.415978 0.200560 0.412148 0.198166 0.408796 0.195294 0.411190 0.194814 0.415498 0.190984 0.418370 0.193378 0.422200
0 0.242674 0.535860 0.233974 0.536296 0.225274 0.532380 0.214836 0.527596 0.205700 0.518026 0.201350 0.513676 0.200480 0.505412 0.205700 0.496712 0.210050 0.492362 0.214400 0.494102 0.215270 0.490622 0.207876 0.484966 0.202220 0.485836 0.190910 0.484096 0.186996 0.479312 0.189606 0.476702 0.196130 0.478006 0.200480 0.479312 0.203090 0.476266 0.214400 0.482792 0.218750 0.485402 0.226144 0.474526 0.230494 0.475396 0.232670 0.479746 0.240934 0.484532 0.247894 0.490622 0.253984 0.500626 0.253550 0.502802 0.249634 0.501496 0.245284 0.494536 0.243544 0.489316 0.239630 0.492362 0.235280 0.494972 0.235280 0.499756 0.239630 0.502366 0.240934 0.505846 0.238324 0.507152 0.233540 0.504542 0.231364 0.501062 0.230060 0.494102 0.235714 0.488882 0.233540 0.484096 0.230494 0.482792 0.226580 0.487576 0.223970 0.491926 0.223534 0.497582 0.223100 0.501932 0.227884 0.508456 0.231364 0.508456 0.237454 0.515416 0.240500 0.518026 0.241370 0.521942 0.237020 0.521506 0.232670 0.518896 0.229624 0.516722 0.223970 0.514112 0.221794 0.509326 0.220490 0.505412 0.216576 0.500626 0.211790 0.500626 0.208746 0.501496 0.207440 0.507586 0.210486 0.514112 0.216576 0.518896 0.223100 0.523682 0.228320 0.526726 0.232234 0.527596 0.238760 0.529772
1 0.257030 0.739004 0.267034 0.734218 0.272690 0.732478 0.268340 0.728564 0.263120 0.730738 0.254854 0.734654 0.253114 0.729868 0.250504 0.728564 0.243110 0.722908 0.242674 0.726824 0.245284 0.733784 0.247894 0.737698 0.249634 0.741614 0.252244 0.745094 0.257030 0.743788
0 0.111306 0.994780 0.116092 0.986516 0.123922 0.983470 0.136102 0.979990 0.143060 0.979120 0.148280 0.985646 0.155240 0.989126 0.155240 0.984776 0.152196 0.977380 0.156980 0.978686 0.162636 0.979120 0.168726 0.986080 0.175250 0.984340 0.179166 0.991736 0.182646 0.988690 0.176120 0.980860 0.172206 0.980860 0.164810 0.973030 0.168290 0.971290 0.173510 0.967810 0.176120 0.961286 0.170900 0.958240 0.162636 0.961720 0.160026 0.965636 0.159590 0.969986 0.149150 0.966506 0.140452 0.966070 0.126966 0.968246 0.118702 0.973030 0.111742 0.980426 0.107826 0.988690 0.108262 0.996956
1 0.188300 0.994780 0.193086 0.999130 0.199610 0.997826 0.197870 0.992606 0.203960 0.993476 0.203960 0.989126 0.200046 0.985646 0.193520 0.985210 0.190476 0.976946 0.187866 0.973030 0.185690 0.977816 0.185690 0.984340 0.186560 0.988690 0.180906 0.993910
1 0.047144 0.985824 0.055142 0.971512 0.053038 0.968986 0.044198 0.973616 0.042514 0.980772 0.034938 0.979930 0.026518 0.982456 0.031990 0.987928 0.036622 0.986664 0.038304 0.991296 0.042094 0.990874
0 0.236652 0.417622 0.226528 0.410874 0.218092 0.412138 0.210920 0.410874 0.203328 0.410874 0.197422 0.411296 0.191938 0.413826 0.179282 0.425216 0.169580 0.431966 0.167470 0.428168 0.171690 0.417200 0.180126 0.407920 0.188984 0.404546 0.200796 0.400328 0.216404 0.398640 0.212608 0.393578 0.210498 0.388516 0.206280 0.376704 0.206280 0.373330 0.210920 0.374596 0.223154 0.396108 0.228638 0.398640 0.235388 0.395266 0.234122 0.388938 0.230748 0.380500 0.231170 0.373752 0.234544 0.371220 0.235388 0.368268 0.240450 0.375016 0.241294 0.381766 0.245090 0.383454 0.250996 0.385984 0.253526 0.396530 0.248464 0.404124 0.240450 0.412138
1 0.256058 0.411296 0.255214 0.409186 0.251418 0.409608 0.255636 0.401592 0.255636 0.394422 0.253526 0.370798 0.253526 0.364470 0.259432 0.372486 0.260698 0.379658 0.264494 0.388094 0.267448 0.390204 0.269134 0.385562 0.272932 0.381766 0.272932 0.386828 0.273354 0.395688 0.271244 0.401592 0.273354 0.406234 0.268712 0.419310 0.267870 0.409186 0.264916 0.408764 0.261120 0.407076
1 0.607874 0.712912 0.602812 0.712068 0.590578 0.720084 0.586782 0.717974 0.591844 0.708694 0.602812 0.703632 0.591844 0.679586 0.601124 0.681696 0.606186 0.690132 0.611670 0.700678 0.618420 0.703632 0.623482 0.704474 0.625168 0.707428 0.618420 0.710802 0.611670 0.710380
1 0.570330 0.778718 0.564424 0.771970 0.564846 0.767752 0.561470 0.759736 0.567798 0.759314 0.572860 0.756784 0.579610 0.754252 0.579188 0.758048 0.572860 0.763532 0.572860 0.767752
1 0.653010 0.768594 0.639934 0.763532 0.629388 0.753830 0.623904 0.754674 0.612092 0.743706 0.622638 0.732738 0.634028 0.726832 0.643308 0.727254 0.653854 0.733160 0.658494 0.728942 0.663978 0.737378 0.666088 0.744550 0.660604 0.757206
1 0.639090 0.781250 0.634028 0.777454 0.634450 0.771548 0.626434 0.769438 0.625168 0.766908 0.628544 0.763532 0.627278 0.759314 0.629388 0.755096 0.637402 0.763110 0.649214 0.766064 0.653010 0.768172 0.649214 0.771970 0.641198 0.771548
1 0.515978 0.805540 0.520520 0.804404 0.525062 0.809514 0.527900 0.811784 0.529604 0.805540 0.524494 0.799294 0.529604 0.793048 0.530740 0.785100 0.527900 0.782260 0.523358 0.786236 0.520520 0.794752 0.520520 0.797590 0.515978 0.799294
0 0.483816 0.834980 0.494580 0.824218 0.494580 0.794722 0.492984 0.787946 0.498166 0.777982 0.498964 0.774792 0.503746 0.780772 0.508530 0.785954 0.510922 0.781968 0.506138 0.777184 0.505342 0.765624 0.494978 0.755262 0.482622 0.762436 0.475846 0.767220 0.471860 0.770408 0.474250 0.775590 0.480628 0.772800 0.482222 0.781170 0.483020 0.787150 0.478636 0.795122 0.473054 0.802296 0.473454 0.806680 0.479830 0.801100 0.483418 0.799904 0.488202 0.805086 0.490594 0.809870 0.489398 0.815450 0.487006 0.822624 0.484614 0.828604
1 0.434198 0.985906 0.443594 0.979864 0.462388 0.974496 0.473798 0.977180 0.483864 0.989932
0 0.472454 0.959730 0.459702 0.946978 0.459032 0.940936 0.469770 0.936910 0.476482 0.930868 0.479838 0.924158 0.478496 0.916774 0.465744 0.917446 0.456346 0.919458 0.459032 0.926170 0.455004 0.932882 0.455676 0.944964 0.459702 0.953688
1 0.597512 0.918068 0.607444 0.913654 0.614616 0.921930 0.620134 0.922482 0.615720 0.914206 0.611858 0.906482 0.610754 0.893792 0.607444 0.884964 0.603582 0.886068 0.604134 0.896550 0.604134 0.905378 0.600272 0.908688
2 0.646310 0.928926 0.656384 0.919412 0.659742 0.923890 0.663660 0.923330 0.661980 0.916054 0.668696 0.908220 0.672054 0.900386 0.664220 0.899826 0.658064 0.903184 0.656944 0.896468 0.650788 0.893110 0.650788 0.897586 0.653026 0.906542 0.649668 0.907100 0.643512 0.904302 0.641834 0.909340 0.648550 0.912696 0.646310 0.918852 0.645192 0.922770
1 0.664778 0.460512 0.656944 0.448760 0.650228 0.450998 0.655824 0.459392 0.653026 0.466668 0.658064 0.470026 0.662540 0.466668 0.667018 0.471704 0.671494 0.470026 0.671494 0.462750 0.678770 0.459952 0.679888 0.455476 0.677090 0.450438 0.671494 0.453236
0 0.688994 0.955424 0.679718 0.952846 0.670958 0.950270 0.654982 0.956454 0.646736 0.954908 0.651890 0.948208 0.667350 0.943570 0.679718 0.941510 0.690026 0.938932 0.699816 0.942024 0.706000 0.935840 0.714762 0.928110 0.721460 0.928626 0.720946 0.936356 0.714246 0.942540 0.707032 0.947178 0.704970 0.947694 0.704970 0.955424 0.700332 0.953362 0.698270 0.952332 0.698786 0.958000 0.697756 0.963154 0.697756 0.969852 0.692602 0.972430 0.691056 0.965214
1 0.514092 0.854160 0.508770 0.849902 0.505578 0.843516 0.513806 0.844488 0.516772 0.847782 0.519406 0.844818 0.522040 0.845476 0.521052 0.848110 0.521052 0.851404 0.522700 0.852722 0.524018 0.855356 0.523030 0.858322 0.520394 0.859638 0.519076 0.862932 0.516112 0.866226 0.514796 0.862274 0.515454 0.858322
1 0.619532 0.824068 0.620192 0.814516 0.614592 0.807270 0.610970 0.799694 0.610640 0.791460 0.615580 0.796730 0.618216 0.801670 0.623484 0.808258 0.628754 0.811880 0.636988 0.813528 0.638306 0.816492 0.633696 0.818138 0.629084 0.817150 0.625790 0.815174 0.625462 0.817810 0.625462 0.821102 0.623484 0.826702
1 0.719238 0.995774 0.725342 0.990140 0.730506 0.991548 0.732384 0.996244 0.740836 0.995774 0.740836 0.989670 0.745060 0.986384 0.751634 0.984036 0.755390 0.980750 0.759146 0.974646 0.758206 0.970422 0.755860 0.969952 0.752104 0.973708 0.748348 0.975586 0.742714 0.975586 0.738488 0.973708 0.734262 0.971360 0.730506 0.968544 0.728158 0.972300 0.730036 0.976524 0.727220 0.978402 0.723464 0.980280 0.722524 0.985446 0.719238 0.986854 0.718300 0.989202
1 0.702806 0.989202 0.702806 0.984976 0.706562 0.975586 0.707032 0.968544 0.711256 0.966196 0.715012 0.964318 0.716422 0.961500 0.715952 0.957276 0.711726 0.955866 0.707032 0.958214 0.704684 0.961032 0.702336 0.962440 0.699988 0.961032 0.697642 0.967134 0.699050 0.972768 0.698110 0.978872 0.697642 0.982158
1 0.745530 0.959622 0.750226 0.957744 0.753042 0.953520 0.754920 0.950232 0.759616 0.949764 0.763372 0.952580 0.765718 0.954928 0.768066 0.955866 0.769944 0.956336 0.774640 0.961500 0.781212 0.967134 0.783560 0.962440 0.779804 0.955866 0.777926 0.949294 0.779334 0.943660 0.776986 0.939434 0.773700 0.939904 0.769474 0.941782 0.765718 0.940374 0.763372 0.936618 0.764780 0.929106 0.763840 0.923940 0.760084 0.925350 0.758676 0.930044 0.753512 0.926758 0.753512 0.933330 0.750694 0.939434 0.742714 0.951172
1 0.746470 0.904222 0.747878 0.896710 0.751164 0.888728 0.755860 0.879338 0.754450 0.872766 0.749286 0.875112 0.745530 0.882624 0.743652 0.890136 0.737080 0.887790 0.731914 0.885442 0.731914 0.890136 0.739426 0.893892 0.739896 0.899526 0.739896 0.904692
1 0.725812 0.948824 0.726750 0.938964 0.726750 0.931452 0.724872 0.923940 0.721116 0.923002 0.712666 0.921124 0.712666 0.917838 0.718768 0.916428 0.724402 0.916898 0.730506 0.917368 0.737548 0.917368 0.743182 0.916898 0.745530 0.911264 0.745530 0.908916 0.751164 0.912672 0.750694 0.918776 0.748816 0.924410 0.749756 0.931922 0.745530 0.932862 0.739426 0.930984 0.735202 0.932392 0.734732 0.936618 0.735670 0.939904
0 0.693416 0.899526 0.697172 0.895302 0.705154 0.897648 0.712196 0.899058 0.712666 0.895302 0.706092 0.891076 0.701398 0.888258 0.697642 0.886850 0.695764 0.880278 0.694824 0.877460 0.692946 0.869478 0.689660 0.864314 0.694824 0.857742 0.692008 0.854454 0.689190 0.847412 0.683086 0.846004 0.675106 0.842248 0.670410 0.840840 0.669940 0.845534 0.676514 0.852576 0.683556 0.856332 0.685434 0.860088 0.685904 0.866662 0.687312 0.873704 0.688252 0.879338 0.687782 0.883564 0.680740 0.881216 0.673696 0.883094 0.669472 0.884034 0.670410 0.887790 0.677452 0.890136 0.682618 0.890136 0.686374 0.892014 0.689660 0.893892
1 0.665246 0.887320 0.666184 0.878400 0.664306 0.866192 0.667124 0.859150 0.669002 0.851638 0.666184 0.849760 0.661960 0.853986 0.661020 0.857272 0.650692 0.853986 0.645058 0.850230 0.638014 0.847882 0.637546 0.850698 0.643648 0.854454 0.648814 0.860558 0.654448 0.863376 0.657264 0.864784 0.658672 0.869478 0.659142 0.876990 0.659612 0.881216 0.660550 0.884972
0 0.692476 0.845534 0.701398 0.842718 0.708440 0.840840 0.714074 0.847882 0.721116 0.851168 0.724872 0.848820 0.720646 0.842248 0.717830 0.838492 0.720178 0.832388 0.725812 0.832388 0.728628 0.834736 0.728628 0.839430 0.728158 0.846004 0.729098 0.852576 0.733324 0.849290 0.735670 0.841778 0.734262 0.834736 0.731914 0.827224 0.727690 0.825346 0.722524 0.822998 0.720646 0.816426 0.720646 0.811730 0.717360 0.810322 0.713134 0.817834 0.711256 0.822060 0.705154 0.823938 0.689190 0.828632 0.684496 0.833796 0.683556 0.839430 0.685434 0.844596
1 0.715012 0.881216 0.722994 0.881216 0.727690 0.878400 0.722056 0.874644 0.719238 0.874174 0.717830 0.868540 0.715012 0.865254 0.712196 0.870418 0.711726 0.875112 0.705622 0.875582 0.702336 0.875582 0.702806 0.880278 0.707500 0.882624
1 0.773230 0.837552 0.758676 0.830040 0.752572 0.824876 0.748348 0.819242 0.752104 0.817364 0.759616 0.821120 0.767128 0.823938 0.772292 0.825346 0.770884 0.819242 0.771352 0.811260 0.771822 0.805626 0.769006 0.797176 0.774170 0.795298 0.776048 0.800462 0.777456 0.805626 0.777456 0.812200 0.778396 0.817834 0.779334 0.825346 0.783090 0.824406 0.787786 0.823938 0.788254 0.828162 0.787786 0.832388 0.782152 0.835206 0.783090 0.844596 0.779334 0.846474
0 0.684964 0.808914 0.678862 0.799992 0.677922 0.792950 0.680270 0.784498 0.682618 0.776986 0.686842 0.767596 0.686842 0.764310 0.680740 0.760084 0.677922 0.755390 0.683086 0.753982 0.689190 0.757738 0.694824 0.759146 0.698580 0.758676 0.703744 0.757738 0.699988 0.751634 0.701866 0.748816 0.708910 0.756798 0.715952 0.759146 0.720646 0.761494 0.724872 0.765718 0.730036 0.766658 0.735202 0.768536 0.743652 0.772292 0.746000 0.773700 0.746470 0.777456 0.739426 0.774170 0.731914 0.771822 0.731914 0.781212 0.728158 0.782152 0.726750 0.776518 0.725812 0.771822 0.722524 0.768066 0.719708 0.766658 0.717830 0.769474 0.719238 0.774170 0.722524 0.778864 0.722994 0.783090 0.721116 0.784968 0.717830 0.780742 0.716422 0.776986 0.713134 0.775578 0.711256 0.774640 0.712666 0.778396 0.711256 0.784030 0.707032 0.788254 0.700458 0.793888 0.695764 0.797176 0.691538 0.797176 0.694354 0.791072 0.699988 0.785908 0.703276 0.783560 0.704214 0.778864 0.705154 0.773230 0.702336 0.771822 0.698580 0.770414 0.695764 0.770414 0.692946 0.770884 0.688720 0.777926 0.685434 0.785438 0.683556 0.793888 0.684496 0.798584 0.685434 0.802810
1 0.735670 0.759146 0.745060 0.764310 0.753042 0.767128 0.758676 0.767128 0.755860 0.762902 0.750226 0.761494 0.745060 0.758676 0.743182 0.757268 0.747408 0.753982 0.747878 0.750226 0.741774 0.749286 0.738488 0.750694 0.735670 0.753042 0.730036 0.746470 0.724872 0.744592 0.721586 0.744122 0.722056 0.747408 0.724872 0.751164 0.726750 0.753982
1 0.697172 0.738958 0.704214 0.741774 0.707970 0.740366 0.708910 0.738488 0.700928 0.734262 0.693886 0.730506 0.688252 0.727220 0.683556 0.724872 0.682148 0.725342 0.684964 0.731914 0.691068 0.734732
0 0.744592 0.744592 0.734262 0.733324 0.729098 0.724872 0.728158 0.710318 0.731914 0.702336 0.735202 0.695764 0.736140 0.692008 0.736610 0.683086 0.734732 0.677452 0.739896 0.677922 0.741774 0.684964 0.744592 0.691068 0.746470 0.692476 0.748816 0.688252 0.746000 0.682618 0.742714 0.676984 0.740366 0.672758 0.735202 0.667594 0.731914 0.663368 0.729098 0.658204 0.724872 0.654916 0.719238 0.654916 0.716890 0.659142 0.714544 0.662898 0.713134 0.672288 0.706562 0.674636 0.700458 0.676984 0.694824 0.680740 0.696232 0.683556 0.703276 0.684496 0.707970 0.682148 0.710788 0.682618 0.712196 0.688252 0.711256 0.694824 0.715482 0.697642 0.718768 0.696232 0.716422 0.691538 0.715952 0.682618 0.718300 0.677452 0.718768 0.670410 0.720178 0.662898 0.722994 0.664776 0.724872 0.671818 0.726750 0.676984 0.725342 0.684496 0.724402 0.692008 0.723464 0.700928 0.721586 0.710318 0.722056 0.722056 0.724402 0.727220 0.727690 0.732384 0.730976 0.737080 0.735202 0.741774
1 0.684496 0.708440 0.690130 0.707032 0.694354 0.705154 0.698110 0.703276 0.702806 0.704684 0.709378 0.704684 0.710788 0.698110 0.709378 0.694824 0.706092 0.695294 0.702806 0.696702 0.700458 0.693416 0.698580 0.690598 0.694824 0.691538 0.694354 0.694824 0.691538 0.695764 0.685904 0.699050
1 0.644588 0.666184 0.653508 0.666654 0.659612 0.667594 0.661960 0.659142 0.662898 0.651160 0.661960 0.643648 0.658672 0.637546 0.655386 0.641302 0.656326 0.649282 0.657264 0.656794 0.654448 0.658672 0.646466 0.660082 0.643648 0.661020
1 0.781682 0.729098 0.793420 0.729098 0.796236 0.727220 0.799522 0.729568 0.805626 0.731446 0.807036 0.726750 0.803748 0.722994 0.799522 0.721116 0.798114 0.716422 0.796706 0.715482 0.793420 0.717830 0.793420 0.721116 0.789194 0.722524 0.783560 0.722994
0 0.763372 0.638954 0.756328 0.634258 0.750226 0.632380 0.751634 0.624400 0.751634 0.618766 0.747878 0.614540 0.742714 0.610314 0.738958 0.606088 0.737080 0.601394 0.741304 0.598106 0.741774 0.594820 0.738958 0.593882 0.736140 0.593882 0.735670 0.587778 0.739896 0.583082 0.742714 0.581204 0.741304 0.574162 0.741774 0.564302 0.745060 0.559138 0.748816 0.553504 0.754450 0.549748 0.760554 0.550218 0.766188 0.553034 0.769006 0.558200 0.770884 0.561956 0.769006 0.565242 0.762902 0.568998 0.758676 0.573224 0.757268 0.578388 0.755390 0.587308 0.756328 0.591534 0.760084 0.598576 0.761962 0.604680 0.763840 0.609376 0.767128 0.614540 0.773230 0.616888 0.774640 0.618766 0.768066 0.620644 0.762902 0.621582 0.762432 0.623930 0.764310 0.628624 0.764310 0.632850
0 0.728158 0.519230 0.743652 0.517822 0.754920 0.514066 0.762432 0.504676 0.766658 0.493408 0.761024 0.486836 0.760084 0.474628 0.760084 0.466646 0.761024 0.458196 0.764310 0.446928 0.762902 0.442702 0.756798 0.445988 0.754920 0.453500 0.753512 0.462890 0.752572 0.472750 0.749756 0.472750 0.745060 0.469934 0.738488 0.468994 0.732384 0.470402 0.727220 0.473690 0.725812 0.477914 0.727220 0.482610 0.729568 0.492470 0.735202 0.505616 0.740366 0.512188 0.747408 0.519700 0.752572 0.527682 0.751164 0.522048 0.747408 0.512188 0.744122 0.507962 0.740836 0.500920 0.736140 0.492000 0.734732 0.482140 0.735202 0.477914 0.742714 0.477446 0.746470 0.481202 0.752104 0.486836 0.755860 0.492470 0.758676 0.498104 0.758676 0.501860 0.755860 0.504676 0.750226 0.507494 0.745530 0.509840 0.740836 0.511718 0.734732 0.514066
1 0.727220 0.438008 0.726280 0.441764 0.722994 0.446458 0.719708 0.441294 0.720646 0.436130 0.718300 0.429086 0.715012 0.420636 0.712196 0.412654 0.711726 0.408898 0.718300 0.412184 0.722994 0.422514 0.728628 0.431904 0.734262 0.435190 0.738958 0.438008 0.740836 0.441764 0.736610 0.444110
0 0.738472 0.325896 0.765490 0.320830 0.774496 0.314638 0.778998 0.309574 0.782376 0.298316 0.786878 0.301130 0.791944 0.306758 0.801512 0.308448 0.801512 0.303944 0.798698 0.297754 0.792508 0.295502 0.786878 0.289874 0.788004 0.281992 0.785190 0.277490 0.782938 0.270172 0.781812 0.263418 0.777872 0.257228 0.772244 0.258916 0.763238 0.259478 0.757048 0.259478 0.751982 0.262292 0.744664 0.263418 0.733406 0.262856 0.735658 0.266796 0.741850 0.269610 0.747478 0.271298 0.755358 0.270736 0.767178 0.267358 0.772808 0.265108 0.772808 0.267358 0.772808 0.271862 0.775622 0.278052 0.773370 0.281992 0.769430 0.279742 0.763802 0.274112 0.762676 0.280304 0.759862 0.287622 0.753106 0.292124 0.751982 0.297754 0.748604 0.307322 0.745790 0.312950
1 0.733970 0.294376 0.728342 0.289874 0.724402 0.281992 0.731156 0.283118 0.735096 0.285370 0.741850 0.285370 0.744664 0.286496 0.744664 0.290436 0.741286 0.292124 0.741850 0.296628
0 0.801846 0.420004 0.804946 0.413804 0.804430 0.406570 0.810112 0.397786 0.814246 0.395202 0.819414 0.388486 0.826648 0.385386 0.832848 0.382286 0.831814 0.376086 0.827680 0.376086 0.816830 0.382802 0.812696 0.387970 0.803912 0.382286 0.802362 0.377118 0.801846 0.368334 0.798746 0.362650 0.807012 0.359550 0.809596 0.356450 0.810112 0.349216 0.807012 0.344050 0.803396 0.346116 0.800812 0.350766 0.797196 0.353350 0.793578 0.351800 0.789444 0.352316 0.790478 0.356968 0.790478 0.360584 0.784278 0.363168 0.778594 0.361100 0.774460 0.363168 0.768260 0.359034 0.764644 0.359034 0.757410 0.361100 0.753792 0.362134 0.752760 0.364200 0.759476 0.365752 0.764644 0.367302 0.768260 0.369884 0.761544 0.375052 0.750692 0.381252 0.746042 0.386936 0.745526 0.394170 0.748108 0.404504 0.753276 0.409670 0.758442 0.418972 0.767226 0.425172 0.776010 0.431372 0.774460 0.428272 0.765160 0.416904 0.761026 0.409154 0.756892 0.403470 0.752242 0.398304 0.751726 0.391586 0.753276 0.388486 0.762060 0.387452 0.763610 0.393652 0.764126 0.398820 0.771360 0.398820 0.772394 0.394686 0.777044 0.398820 0.786862 0.402954 0.792028 0.398820 0.788928 0.396754 0.780660 0.392102 0.775494 0.387452 0.773944 0.378668 0.778594 0.376602 0.784278 0.377118 0.788412 0.379186 0.790478 0.383318 0.792028 0.387970 0.794612 0.393652 0.796678 0.399854 0.798746 0.404504 0.798746 0.413288
1 0.840598 0.419488 0.832848 0.421038 0.824580 0.420522 0.817346 0.417938 0.820964 0.412770 0.827680 0.411738 0.834914 0.411738 0.838532 0.410188 0.839564 0.404504 0.840082 0.399336 0.843182 0.385902 0.846282 0.387970 0.847316 0.394686 0.848348 0.404504 0.848348 0.409154 0.852998 0.412254 0.857650 0.415354 0.860750 0.421554 0.860750 0.430856 0.858682 0.433956 0.854550 0.425688 0.854032 0.420004 0.850416 0.417938 0.848348 0.420004
1 0.799778 0.279462 0.790994 0.271712 0.785828 0.264478 0.788928 0.261378 0.797712 0.265512 0.801328 0.271196 0.808562 0.272746 0.814246 0.271712 0.813214 0.275846 0.805980 0.280496 0.808562 0.283596 0.811146 0.285146 0.804946 0.289280 0.798746 0.289280
0 0.757926 0.211258 0.770326 0.212292 0.779628 0.208674 0.786344 0.204540 0.786862 0.209192 0.790478 0.212808 0.794096 0.205574 0.796162 0.196274 0.799262 0.202990 0.804430 0.196790 0.807530 0.193174 0.813730 0.193174 0.820964 0.195240 0.828714 0.198858 0.832330 0.202474 0.834914 0.209708 0.838532 0.216942 0.841632 0.213324 0.838532 0.205574 0.835432 0.196274 0.828714 0.193690 0.821480 0.189556 0.814764 0.186972 0.808562 0.185422 0.807530 0.178190 0.801846 0.176122 0.796678 0.177156 0.794096 0.181806 0.781694 0.182840 0.781178 0.186456 0.781178 0.192656 0.779628 0.197824 0.774460 0.201958 0.770326 0.204540 0.767226 0.205574
0 0.807012 0.146154 0.816314 0.122386 0.817346 0.114636 0.817346 0.102234 0.818896 0.087766 0.821480 0.078982 0.825614 0.072782 0.827164 0.084150 0.827680 0.097584 0.827680 0.108434 0.829748 0.115152 0.832848 0.110502 0.833882 0.096550 0.834398 0.086216 0.834398 0.080016 0.832330 0.072782 0.832330 0.066066 0.834398 0.053148 0.833364 0.047464 0.828714 0.052632 0.827680 0.057798 0.824064 0.058832 0.818896 0.057282 0.812696 0.051598 0.808046 0.049530 0.802362 0.046430 0.797712 0.046430 0.799262 0.051080 0.807012 0.055732 0.811662 0.061414 0.812696 0.068648 0.807530 0.065548 0.802880 0.063998 0.803396 0.067616 0.807012 0.073816 0.806496 0.082082 0.803396 0.094484 0.803912 0.100168 0.807530 0.103268 0.809080 0.110502 0.808562 0.116702 0.807012 0.124452 0.807012 0.130136 0.807012 0.136336
1 0.855892 0.204020 0.849672 0.213972 0.840872 0.224610 0.840872 0.228208 0.835218 0.225124 0.830078 0.223582 0.824938 0.221012 0.820826 0.221012 0.820312 0.224096 0.823396 0.228722 0.828022 0.231292 0.831620 0.233348 0.836760 0.237972 0.832134 0.240028 0.829564 0.243112 0.833676 0.246196 0.835218 0.253906 0.842414 0.256476 0.841202 0.247340 0.845732 0.245074 0.841768 0.238848 0.843466 0.233186 0.848562 0.227524 0.853658 0.217900
1 0.839410 0.303696 0.837550 0.296254 0.834450 0.285094 0.841890 0.284474 0.851810 0.280754 0.855530 0.288194 0.856770 0.294394 0.854290 0.301836 0.850570 0.306176 0.848710 0.300596 0.844370 0.298116
1 0.797868 0.327256 0.797248 0.320436 0.803448 0.319816 0.810268 0.319816 0.816468 0.321676 0.823288 0.323536 0.830110 0.326016 0.832590 0.327876 0.831350 0.333458 0.823288 0.337178 0.828870 0.339658 0.838790 0.337798 0.844990 0.337178 0.851190 0.337178 0.854290 0.337178 0.853050 0.370660 0.857390 0.369420 0.858630 0.352678 0.859250 0.337178 0.862352 0.327876 0.864832 0.316716 0.863592 0.304936 0.859872 0.308656 0.858630 0.315476 0.858630 0.324156 0.852430 0.327256 0.841270 0.327256 0.837550 0.321056 0.833830 0.314236 0.827008 0.312996 0.822668 0.306176 0.815228 0.297496 0.809028 0.295634 0.810888 0.304936 0.814608 0.308656 0.817708 0.314236 0.812748 0.312376 0.804688 0.312996 0.796006 0.313616 0.793526 0.315476 0.793526 0.319196
1 0.818328 0.555432 0.815228 0.544890 0.815228 0.536830 0.817708 0.525670 0.816468 0.511408 0.812128 0.509548 0.810268 0.520090 0.811508 0.529390 0.806548 0.531870 0.799728 0.535590 0.800348 0.539310 0.806548 0.540550 0.809028 0.545510 0.809028 0.552952
1 0.862972 0.595114 0.860492 0.586434 0.858630 0.581474 0.862352 0.572792 0.865452 0.561632 0.861112 0.557912 0.856770 0.564112 0.854290 0.571552 0.853050 0.577752 0.848710 0.576512 0.848710 0.579614 0.851810 0.583334 0.848710 0.593254 0.854290 0.593254
1 0.793420 0.814590 0.790688 0.805712 0.783176 0.803664 0.782492 0.800248 0.789322 0.794102 0.794786 0.781810 0.795468 0.791370 0.795468 0.798882 0.800932 0.802298 0.802980 0.790688 0.802980 0.785224 0.809126 0.774980 0.812540 0.778396 0.813224 0.784542 0.812540 0.790688 0.810492 0.797516 0.805028 0.802298
1 0.964318 0.466646 0.984976 0.464768 0.988732 0.431904 0.974646 0.436598 0.966196 0.444110
1 0.999038 0.547186 0.999814 0.539434 0.996714 0.527808 0.990514 0.512308 0.987414 0.513082 0.988188 0.530134 0.992064 0.535560
1 0.999512 0.821998 0.993892 0.816846 0.990614 0.821062 0.996234 0.826214 0.999512 0.831366
0 0.974688 0.804200 0.971410 0.795302 0.977030 0.784060 0.990146 0.770946 0.988272 0.764856 0.983588 0.760174 0.977968 0.762984 0.975158 0.770946 0.971878 0.776566 0.967194 0.775162 0.962042 0.772350 0.964384 0.777972 0.970006 0.780314 0.976562 0.779376 0.969068 0.785466 0.968600 0.790618 0.969536 0.795770
1 0.984522 0.795912 0.981968 0.789848 0.980374 0.785380 0.983564 0.784422 0.987394 0.785698 0.987394 0.781230 0.987714 0.777082 0.992500 0.775486 0.993776 0.779636 0.997926 0.781230 0.999522 0.783784 0.999522 0.787932 0.996968 0.789210 0.994096 0.785698 0.990904 0.785060 0.990904 0.789210 0.990266 0.794316
1 0.970450 0.987994 0.972296 0.985686 0.984762 0.995382 0.989380 0.999076 0.996306 0.999076 0.994920 0.989842 0.997230 0.985686
0 0.990766 0.915504 0.987072 0.909500 0.987072 0.912270
1 0.058734 0.565254 0.057558 0.577608 0.049910 0.584078 0.054616 0.587020 0.056970 0.601138 0.062852 0.596432 0.064030 0.576430
1 0.126976 0.562900 0.135212 0.559958 0.140508 0.563488 0.149920 0.565842 0.154038 0.558194 0.145214 0.548192 0.138742 0.542898 0.140508 0.551722 0.132860 0.552310
1 0.384804 0.997904 0.379630 0.988204 0.375750 0.985616 0.375104 0.993378
0 0.409380 0.859504 0.408086 0.849156 0.388684 0.836222 0.375104 0.823934 0.391918 0.828462 0.389978 0.814880 0.388038 0.801946 0.382218 0.792892 0.397740 0.808412 0.417788 0.807766 0.419728 0.818114 0.415848 0.826522 0.402912 0.827168 0.413908 0.834282 0.419728 0.842042
0 0.466292 0.885374 0.467586 0.862092 0.477934 0.842690 0.471466 0.829754 0.466292 0.820700 0.465646 0.825874 0.445598 0.818760 0.443010 0.823288 0.458532 0.829754 0.463706 0.840102 0.470820 0.842690 0.466940 0.851096 0.463706 0.862738 0.463706 0.873732
1 0.471466 0.230236 0.478580 0.232176 0.485048 0.238644 0.492808 0.241230 0.499276 0.247698 0.499922 0.242524 0.492808 0.237996 0.488928 0.229590 0.494748 0.231530 0.502510 0.232822 0.501216 0.224416 0.496688 0.223122 0.490222 0.224416 0.485694 0.222476 0.479874 0.225708
1 0.703642 0.146808 0.692002 0.143574 0.693942 0.140340 0.699762 0.138400 0.693294 0.133874 0.700408 0.133874 0.704936 0.133226 0.708816 0.140340 0.715930 0.142928 0.719810 0.147454 0.718518 0.150688
1 0.790304 0.025870 0.772842 0.025870 0.778664 0.018756 0.788364 0.015522 0.795478 0.000646 0.800006 0.001940 0.795478 0.014228 0.796772 0.022636
1 0.533552 0.596286 0.540666 0.604692 0.553600 0.607926 0.559422 0.606632 0.551660 0.597578 0.548428 0.582058 0.545194 0.575590 0.545194 0.588524 0.545840 0.595638 0.540666 0.596932
1 0.903502 0.339970 0.895710 0.338510 0.887916 0.336560 0.891814 0.332664 0.902042 0.331204 0.906426 0.328768 0.911296 0.330716 0.912758 0.338996 0.916166 0.343380 0.911296 0.345328
1 0.781846 0.043962 0.774564 0.037672 0.774894 0.033038 0.780852 0.037010 0.789128 0.036680 0.792108 0.039328
1 0.785080 0.438770 0.783712 0.434666 0.785626 0.426460 0.778240 0.421536 0.776874 0.417160 0.780702 0.409226 0.783438 0.404028 0.786174 0.408952 0.789456 0.414150 0.792738 0.419894 0.793286 0.424818 0.797662 0.430016 0.798484 0.436034 0.795748 0.438222 0.795200 0.433298 0.793012 0.427828 0.791372 0.431658 0.789456 0.433846
1 0.853894 0.550580 0.847334 0.556130 0.844306 0.548560 0.847838 0.540486 0.856418 0.540990 0.862978 0.546038 0.866006 0.550074 0.858940 0.548560