1 0.000410 0.017468 0.002542 0.015336 0.006568 0.016058 0.006568 0.018694 0.004460 0.020274 0.002088 0.022120 0.000000 0.021484
1 0.008314 0.246130 0.008834 0.239612 0.006748 0.236222 0.004402 0.237264 0.003098 0.240132 0.002838 0.244304 0.003358 0.246392 0.000230 0.250564 0.000000 0.257812 0.002576 0.257604 0.004402 0.254474 0.005444 0.251084 0.011964 0.250824 0.013006 0.249780 0.014832 0.246130 0.014310 0.243522 0.012486 0.241698
1 0.068810 0.459174 0.068288 0.449004 0.065420 0.448484 0.065160 0.458392 0.059422 0.458392 0.057598 0.459436 0.057598 0.464390 0.059162 0.465694 0.062552 0.465434 0.065160 0.465694 0.067768 0.466736 0.068550 0.468562 0.074548 0.470388 0.077676 0.471170 0.078458 0.469084 0.075852 0.464390
1 0.017478 0.807336 0.018140 0.802702 0.027740 0.791114 0.028734 0.793764 0.028072 0.799060 0.025754 0.801046 0.025092 0.805680 0.023438 0.809322 0.024100 0.811970 0.028072 0.820246 0.028734 0.822232 0.027078 0.823888 0.022444 0.820578 0.018802 0.812632 0.013506 0.812964 0.000926 0.815280 0.000926 0.810316 0.006554 0.806342
0 0.197520 0.168462 0.187956 0.185382 0.185382 0.190530 0.182806 0.189060 0.180600 0.188692 0.179496 0.185014 0.180600 0.181704 0.182806 0.178024 0.183174 0.175450 0.180600 0.173978 0.176554 0.178024 0.176186 0.161106 0.174714 0.157060 0.173612 0.153382 0.172876 0.143450 0.171404 0.140508 0.167358 0.129472 0.164416 0.130576 0.165886 0.134622 0.166990 0.140876 0.167358 0.145656 0.167358 0.155220 0.171404 0.161474 0.172876 0.168094 0.173244 0.185382 0.173612 0.190898 0.178760 0.193474 0.182070 0.196048 0.180968 0.197888 0.177290 0.199726 0.176554 0.228416 0.178024 0.234670 0.183542 0.242394 0.183910 0.246440 0.182070 0.251956 0.183174 0.252324 0.187588 0.245704 0.186484 0.237612 0.184278 0.230624 0.185382 0.204508 0.187956 0.199358 0.199358 0.188324 0.202302 0.182806 0.202668 0.173244 0.201198 0.171772
0 0.146392 0.317060 0.150070 0.312280 0.151542 0.299774 0.155588 0.288004 0.158162 0.282854 0.165152 0.276232 0.171036 0.276968 0.177658 0.282854 0.179864 0.288004 0.179128 0.294992 0.178392 0.300510 0.176186 0.304188 0.172876 0.306762 0.171772 0.313014 0.175818 0.313382 0.180600 0.306026 0.182438 0.299038 0.185014 0.297198 0.188324 0.297198 0.193106 0.303452 0.195312 0.301980 0.196416 0.298670 0.187220 0.288004 0.182070 0.283222 0.179496 0.274762 0.178760 0.249014 0.178024 0.242762 0.175082 0.237980 0.174714 0.248278 0.173978 0.268140 0.171404 0.269980 0.168094 0.270716 0.159634 0.274762 0.150806 0.284692 0.146760 0.294256 0.145656 0.301244 0.145656 0.311176
0 0.162208 0.329566 0.161474 0.325154 0.154116 0.318164 0.148968 0.320004 0.144922 0.323314 0.144922 0.333246 0.146760 0.333246 0.148232 0.325888 0.150806 0.326256 0.152278 0.336188 0.155588 0.338762 0.160738 0.342808 0.161106 0.347590 0.161474 0.350900 0.159634 0.358992 0.157060 0.360464 0.149702 0.360832 0.147496 0.361200 0.142714 0.365982 0.136462 0.369660 0.112920 0.363774 0.105196 0.359728 0.104460 0.362302 0.110346 0.365982 0.123956 0.372234 0.132416 0.374440 0.143450 0.372970 0.153014 0.365982 0.157060 0.363038 0.158898 0.363774 0.154116 0.375912 0.154852 0.380694 0.157794 0.377384 0.162576 0.368188 0.164048 0.358992 0.165886 0.350164 0.169566 0.343544 0.172876 0.340602 0.172876 0.328096 0.170300 0.328096 0.169566 0.336188 0.165520 0.336188
0 0.124324 0.450580 0.125426 0.458304 0.126162 0.460878 0.125794 0.486626 0.125794 0.488466 0.131312 0.485154 0.135726 0.485890 0.140508 0.485154 0.149334 0.488098 0.153748 0.485522 0.155220 0.482948 0.162944 0.492144 0.165886 0.498396 0.167358 0.508328 0.170300 0.505018 0.169566 0.492144 0.157428 0.471914 0.152646 0.473016 0.151910 0.461982 0.149334 0.463086 0.148600 0.477062 0.144922 0.475592 0.140876 0.475224 0.132416 0.479638 0.130944 0.475960 0.130576 0.457200 0.129104 0.451684
1 0.180232 0.107036 0.181704 0.101150 0.180232 0.098576 0.180600 0.092690 0.182438 0.090852 0.186116 0.092690 0.190898 0.097104 0.192738 0.093794 0.197152 0.084598 0.198990 0.085702 0.197888 0.089748 0.196784 0.092322 0.196048 0.097472 0.197152 0.103726 0.199358 0.109242 0.197888 0.112552 0.190164 0.124692 0.187588 0.122116 0.185750 0.119910 0.187220 0.116232 0.193474 0.113288 0.194944 0.109978 0.194210 0.104460 0.191634 0.104094 0.189060 0.103726 0.187220 0.100782 0.185382 0.101518
1 0.203972 0.260478 0.203682 0.251786 0.206290 0.248018 0.208608 0.244250 0.210926 0.243672 0.212954 0.242802 0.216722 0.232950 0.216142 0.230342 0.206580 0.240194 0.204840 0.238166 0.203972 0.234978 0.202522 0.231500 0.199914 0.232950 0.197886 0.236136 0.198466 0.243092 0.198176 0.249466 0.198176 0.254394 0.199044 0.257870
1 0.238504 0.324234 0.244096 0.333180 0.245960 0.335042 0.249314 0.333552 0.247078 0.326098 0.243350 0.322370 0.244842 0.313798 0.242978 0.311934 0.241114 0.314170 0.238878 0.316778 0.238504 0.319760 0.232914 0.314916 0.230304 0.314916 0.229560 0.319016
1 0.229932 0.377908 0.225832 0.374180 0.218750 0.359644 0.216514 0.359270 0.215768 0.364488 0.218378 0.371198 0.221732 0.379026 0.221360 0.380890 0.219122 0.386108 0.218378 0.394680 0.224342 0.390580 0.229932 0.385734 0.229186 0.396172 0.231422 0.396172 0.232542 0.392816 0.233660 0.389090 0.237386 0.389090 0.241486 0.388716 0.242978 0.385734 0.241860 0.382752 0.237014 0.384244 0.238504 0.377162 0.238132 0.373062 0.235896 0.374926 0.233660 0.383498 0.229560 0.384244
1 0.079998 0.331166 0.061620 0.319636 0.060900 0.316032 0.065944 0.316752 0.082882 0.322878 0.084684 0.325762 0.086486 0.331526 0.088648 0.329364 0.091170 0.328284 0.092250 0.330086 0.090450 0.335130 0.095134 0.336212 0.099818 0.334770 0.100178 0.329004 0.102702 0.313508 0.106304 0.312788 0.106304 0.316032 0.103782 0.334050 0.103782 0.337652 0.104502 0.340896 0.101980 0.342338 0.094774 0.344140 0.089008 0.344140 0.086846 0.348464 0.084324 0.348464 0.085044 0.335852 0.082160 0.336572 0.077116 0.346662 0.072432 0.347022 0.064144 0.353148 0.059818 0.351346 0.061982 0.346662 0.067746 0.342698 0.074234 0.339454
1 0.212334 0.427646 0.207226 0.418284 0.207652 0.414454 0.211908 0.413178 0.216162 0.421262 0.220418 0.421262 0.220418 0.416156 0.222546 0.416156 0.224674 0.423390 0.228502 0.421688 0.232758 0.421688 0.234034 0.415730 0.236162 0.416156 0.234886 0.423390 0.233184 0.431474 0.230630 0.437432 0.228078 0.448920 0.226376 0.451048 0.223822 0.446368 0.230204 0.431474 0.228928 0.428922 0.224674 0.428070 0.224674 0.433176 0.217864 0.431900 0.207652 0.442538 0.204674 0.441688
1 0.275736 0.399560 0.274884 0.405092 0.269352 0.407646 0.267650 0.423390 0.271054 0.423816 0.272756 0.421688 0.276160 0.424240 0.280416 0.422964 0.282970 0.419986 0.282970 0.411900
0 0.406050 0.997496 0.410556 0.995492 0.410556 0.984976 0.414062 0.985476 0.418570 0.990484 0.422576 0.994492 0.425080 0.995994 0.428586 0.996494 0.436598 0.992988 0.440104 0.983974 0.435596 0.969452 0.436598 0.960938 0.443610 0.950420 0.445612 0.940404 0.448618 0.938402 0.450120 0.938902 0.445112 0.950922 0.439102 0.966446 0.441106 0.972956 0.445112 0.977964 0.445112 0.986478 0.445612 0.991486 0.446614 0.994492 0.454126 0.994992 0.460638 0.998998
0 0.390524 0.887820 0.397536 0.878806 0.398538 0.872796 0.404548 0.871294 0.411558 0.868790 0.413562 0.870292 0.414062 0.882312 0.416066 0.885818 0.421074 0.892328 0.422076 0.898338 0.422076 0.905348 0.422076 0.911358 0.426582 0.914362 0.431590 0.918870 0.433594 0.927884 0.437600 0.924380 0.439102 0.919872 0.435096 0.909856 0.435596 0.905850 0.438602 0.909856 0.443610 0.914362 0.446114 0.917368 0.447116 0.923378 0.446614 0.931390 0.444110 0.936900 0.437600 0.939904 0.438100 0.942408 0.445612 0.938902 0.451622 0.937400 0.459134 0.933894 0.466146 0.932392 0.467648 0.928386 0.466146 0.921876 0.462140 0.919370 0.456130 0.918370 0.457132 0.921374 0.459636 0.926382 0.457632 0.929388 0.452124 0.931892 0.451122 0.916866 0.457132 0.916866 0.466646 0.918870 0.468150 0.916366 0.467148 0.909856 0.454628 0.910356 0.451622 0.908354 0.449620 0.904346 0.455630 0.903846 0.457132 0.901342 0.444612 0.884314 0.431590 0.874800 0.423578 0.866786 0.420072 0.864784 0.420072 0.856770 0.415064 0.850260 0.412060 0.851262 0.415064 0.856270 0.414564 0.860778 0.411558 0.856270 0.407052 0.853266 0.404548 0.857772 0.407052 0.863282 0.405548 0.865284 0.401042 0.865284 0.397536 0.869290 0.392028 0.876802
0 0.421574 0.801682 0.434094 0.800682 0.439102 0.798678 0.443108 0.801182 0.447116 0.804186 0.447116 0.812700 0.451122 0.805188 0.452624 0.800682 0.455128 0.804186 0.458134 0.807192 0.466646 0.809696 0.468650 0.814704 0.466646 0.821214 0.467148 0.826222 0.456630 0.842748 0.447116 0.850260 0.444612 0.854266 0.442108 0.858774 0.446114 0.860778 0.457632 0.850762 0.462640 0.844752 0.469150 0.837740 0.472156 0.829226 0.474660 0.824720 0.475662 0.809194 0.479166 0.803686 0.486178 0.802184 0.494692 0.800682 0.495192 0.797176 0.480168 0.795172 0.484174 0.791666 0.493190 0.789162 0.503706 0.789162 0.504206 0.784656 0.486178 0.785156 0.476162 0.791166 0.462140 0.794672 0.455630 0.791166 0.454628 0.783154 0.454126 0.758112 0.451622 0.757612 0.450120 0.763622 0.450620 0.773138 0.448618 0.777144 0.444110 0.778646 0.445112 0.786158 0.442608 0.787660 0.431590 0.791666 0.423578 0.796674
0 0.455128 0.743088 0.463142 0.733072 0.463642 0.726062 0.461138 0.719050 0.460638 0.711538 0.456130 0.704528 0.456630 0.701022 0.454126 0.692008 0.456630 0.689002 0.461138 0.687000 0.465144 0.688000 0.467648 0.690004 0.469150 0.694512 0.468650 0.700520 0.469150 0.704026 0.470654 0.708032 0.471654 0.714544 0.471654 0.720552 0.473158 0.727064 0.475662 0.733574 0.477664 0.740084 0.479166 0.744592 0.481170 0.747596 0.486678 0.750100 0.490184 0.750100 0.497196 0.747596 0.500200 0.752104 0.495694 0.754608 0.486678 0.757612 0.479166 0.756610 0.473158 0.748598 0.467648 0.739584 0.468150 0.733072 0.464142 0.739584
0 0.453124 0.610878 0.460638 0.610878 0.464142 0.610878 0.468454 0.610612 0.467218 0.615968 0.464744 0.620088 0.460212 0.625446 0.455268 0.628330 0.449086 0.629566 0.445378 0.627094 0.440022 0.622148 0.435490 0.620500 0.432604 0.620500 0.433840 0.626270 0.435902 0.630802 0.441258 0.634098 0.444966 0.634510 0.451148 0.635334 0.455680 0.634922 0.459800 0.632450 0.463920 0.629978 0.464744 0.629566 0.461448 0.635746 0.454856 0.640278 0.450324 0.642752 0.449910 0.646048 0.456504 0.645224 0.456092 0.657586 0.461448 0.668710 0.468866 0.679836 0.477518 0.683956 0.481226 0.685192 0.481226 0.681072 0.475046 0.677364 0.481226 0.665826 0.483700 0.659234 0.482464 0.656348 0.478754 0.660058 0.475458 0.666650 0.473398 0.670770 0.471338 0.673244 0.464744 0.662530 0.461860 0.655936 0.462684 0.648108 0.465982 0.645224 0.467630 0.642752 0.475458 0.640690 0.479990 0.636570 0.487820 0.624620 0.501006 0.620912 0.504714 0.620088 0.505538 0.608138 0.502242 0.608138 0.500594 0.613496 0.497296 0.608550 0.489056 0.601134 0.493588 0.594542 0.503478 0.590832 0.510070 0.591244 0.512130 0.592068 0.513366 0.597426 0.515840 0.595778 0.517488 0.590832 0.520372 0.590008 0.520784 0.592480 0.522432 0.602370 0.526552 0.613908 0.530262 0.618852 0.533558 0.616380 0.530674 0.608962 0.527788 0.605254 0.526964 0.593304 0.526140 0.589596 0.523256 0.585064 0.526964 0.575586 0.525728 0.570642 0.522020 0.573526 0.519136 0.583828 0.516664 0.584240 0.511306 0.580532 0.506362 0.580944 0.492352 0.583004 0.485348 0.585476 0.478754 0.585476 0.475458 0.585476 0.469690 0.585476 0.465156 0.585888 0.462684 0.591656 0.465568 0.594954 0.474222 0.592480 0.477518 0.594954 0.477106 0.601134 0.476694 0.604842 0.471338 0.603194 0.464332 0.604430 0.458976 0.604842 0.456092 0.604430
0 0.479990 0.534382 0.474222 0.525728 0.475046 0.518724 0.477106 0.515840 0.479990 0.519136 0.485348 0.522432 0.489880 0.525728 0.492764 0.524492 0.494412 0.519960 0.494000 0.517488 0.488644 0.514604 0.485348 0.512954 0.486584 0.510482 0.493176 0.510482 0.500594 0.512954 0.501830 0.516252 0.505126 0.519548 0.509658 0.521196 0.512130 0.518724 0.512542 0.514192 0.514192 0.509246 0.512130 0.508834 0.507598 0.509246 0.502654 0.509246 0.501418 0.501830 0.503478 0.499770 0.507598 0.497708 0.508010 0.491940 0.501418 0.488232 0.496472 0.484524 0.495236 0.480402 0.491528 0.475870 0.489056 0.470102 0.486172 0.469690 0.484936 0.476694 0.482464 0.477106 0.480402 0.473810 0.483700 0.467630 0.484936 0.465568 0.486172 0.459800 0.479578 0.460624 0.466806 0.461036 0.458152 0.465156 0.450324 0.470926 0.443730 0.475870 0.442082 0.481638 0.439610 0.481638 0.440434 0.472574 0.451972 0.461448 0.461448 0.457328 0.471338 0.455680 0.481638 0.454444 0.485760 0.454444 0.489468 0.453620 0.494412 0.448674 0.488644 0.443318 0.484936 0.438374 0.476694 0.431780 0.472162 0.430132 0.475870 0.427248 0.483700 0.426836 0.488644 0.428072 0.495236 0.430956 0.496472 0.436314 0.497708 0.443318 0.501830 0.437550 0.505950 0.432192 0.509658 0.434666 0.510482 0.437550 0.504302 0.447438 0.503890 0.450324 0.512542 0.443318 0.518312 0.439198 0.525316 0.435902 0.528612 0.437550 0.526552 0.443318 0.526552 0.448262 0.525316 0.452384 0.522844 0.451148 0.522432 0.445790 0.510894 0.450736 0.503066 0.456504 0.497708 0.456504 0.497296 0.462684 0.499770 0.470102 0.504302 0.476694 0.510482 0.481226 0.515840 0.486172 0.518724 0.509658 0.516664 0.523668 0.515428 0.528200 0.511718 0.531498 0.508422 0.532734 0.503478 0.560340 0.498946 0.565698 0.486584 0.577648 0.475870 0.580944 0.475046 0.561578 0.477518 0.561990 0.478754 0.575174 0.484936 0.572702 0.497296 0.559104 0.502654 0.550040 0.501418 0.538914 0.498534 0.530262 0.493588 0.530262 0.489468 0.531498 0.489880 0.536030 0.493588 0.543034 0.496472 0.546744 0.496884 0.551276 0.495648 0.554572 0.493176 0.548392 0.487820 0.539738 0.485348 0.539326 0.482876 0.548804 0.479578 0.553748 0.474634 0.556220 0.472574 0.545920 0.476282 0.540150
0 0.486074 0.361074 0.488790 0.355638 0.493206 0.348506 0.499320 0.338316 0.496942 0.333900 0.494566 0.332202 0.496264 0.325068 0.497962 0.324388 0.501698 0.326766 0.503058 0.323370 0.506794 0.319634 0.509510 0.319634 0.510870 0.321672 0.511548 0.326086 0.513926 0.339674 0.516644 0.329484 0.521060 0.324048 0.524456 0.314878 0.527514 0.313180 0.528192 0.315558 0.526494 0.321672 0.526154 0.324048 0.531250 0.325068 0.538044 0.326426 0.539402 0.328464 0.539402 0.331182 0.531930 0.330164 0.527854 0.330164 0.522078 0.333560 0.522418 0.336956 0.524456 0.340354 0.525476 0.344090 0.524456 0.348166 0.524116 0.351222 0.526154 0.357336 0.529552 0.365150 0.531930 0.368886 0.536346 0.374660 0.539402 0.381794 0.543478 0.390964 0.545516 0.397418 0.546876 0.402514 0.548574 0.407608 0.551290 0.412704 0.550952 0.418138 0.549592 0.421196 0.547214 0.414742 0.543478 0.407608 0.541100 0.399796 0.533968 0.386888 0.529552 0.382472 0.524796 0.376358 0.523778 0.372622 0.519362 0.362772 0.518342 0.357336 0.512568 0.362432 0.495244 0.370924 0.487432 0.370584 0.484036 0.369226 0.495924 0.366848 0.503736 0.362432 0.510530 0.358016 0.513926 0.354280 0.512568 0.351222 0.508492 0.343070 0.506114 0.341032 0.503058 0.341372 0.500000 0.347486 0.494904 0.354620 0.491168 0.359036
0 0.481658 0.299932 0.486074 0.288044 0.493886 0.275136 0.503736 0.265624 0.519022 0.262568 0.523778 0.262228 0.531930 0.262228 0.534986 0.263586 0.532948 0.270040 0.530230 0.276834 0.529892 0.280910 0.540082 0.294836 0.555028 0.310802 0.559782 0.313858 0.562840 0.311820 0.562840 0.308084 0.555366 0.302650 0.545856 0.291780 0.533968 0.279552 0.537024 0.275136 0.538722 0.269702 0.538722 0.263586 0.546196 0.265624 0.554348 0.263926 0.557404 0.260190 0.553668 0.256454 0.543478 0.254756 0.538044 0.256794 0.537364 0.252378 0.534986 0.250340 0.532270 0.251020 0.528872 0.253396 0.526154 0.246942 0.526494 0.243886 0.529552 0.234714 0.533968 0.223506 0.533288 0.212296 0.529892 0.215692 0.529552 0.219430 0.526494 0.224864 0.522758 0.229960 0.522078 0.235394 0.521400 0.239470 0.518002 0.239810 0.513586 0.238790 0.511888 0.237092 0.512908 0.225544 0.511548 0.223506 0.509850 0.226902 0.508832 0.231318 0.508492 0.235734 0.504756 0.236074 0.499320 0.235394 0.495584 0.236414 0.493886 0.238790 0.493886 0.244904 0.494904 0.249320 0.491168 0.248980 0.488790 0.244226 0.487772 0.240490 0.484376 0.240828 0.483356 0.244904 0.484714 0.250340 0.487772 0.252718 0.494226 0.255096 0.497282 0.256114 0.502718 0.256794 0.503736 0.259172 0.494226 0.266984 0.482336 0.282608 0.479620 0.291440
0 0.535344 0.165016 0.539462 0.160310 0.541228 0.162368 0.542992 0.167368 0.546228 0.170898 0.550346 0.170604 0.553876 0.172076 0.559170 0.178840 0.568288 0.184134 0.576818 0.187958 0.583290 0.188254 0.589762 0.188254 0.594762 0.188254 0.595644 0.186194 0.591526 0.182076 0.585938 0.181782 0.578290 0.182076 0.574172 0.179134 0.572112 0.175898 0.556522 0.161780 0.556228 0.155898 0.561818 0.149720 0.572996 0.134718 0.574760 0.129718 0.573290 0.127364 0.571524 0.130012 0.562406 0.138542 0.552404 0.147660 0.548876 0.150896 0.547404 0.148838 0.547404 0.143838 0.553582 0.136484 0.553582 0.128836 0.551816 0.129424 0.547110 0.132660 0.542698 0.138836 0.540640 0.143542 0.537404 0.150602 0.535638 0.148250 0.535050 0.142072 0.532992 0.133542 0.529462 0.131778 0.526226 0.130600 0.524756 0.132660 0.526814 0.136190 0.530932 0.143542 0.532108 0.149720 0.528874 0.148250 0.514460 0.148838 0.506518 0.154426 0.503282 0.148250 0.496518 0.137366 0.490046 0.134130 0.485928 0.134718 0.485928 0.137366 0.489752 0.143838 0.492988 0.148544 0.494164 0.152956 0.493576 0.155898 0.489458 0.159426 0.489164 0.164134 0.493870 0.165604 0.493576 0.170016 0.491810 0.173840 0.489752 0.178252 0.486222 0.182664 0.481810 0.187370 0.478868 0.190606 0.475634 0.192666 0.476516 0.195900 0.483870 0.194136 0.487104 0.189430 0.490340 0.185312 0.492400 0.179134 0.497106 0.174428 0.500048 0.167074 0.503870 0.162662 0.507106 0.160604 0.508578 0.163544 0.509166 0.166192 0.512696 0.168546 0.516814 0.164134 0.515048 0.162662 0.512696 0.159720 0.513578 0.155898 0.520344 0.155014 0.525932 0.155308 0.529462 0.156192 0.531226 0.159720 0.531814 0.162074
0 0.544464 0.069712 0.533286 0.060888 0.525344 0.057652 0.515342 0.052064 0.517108 0.047652 0.519166 0.040592 0.520638 0.039122 0.527402 0.043534 0.536226 0.048534 0.540640 0.050592 0.540934 0.044416 0.539756 0.032356 0.540640 0.028826 0.542110 0.030296 0.546522 0.039122 0.548876 0.045298 0.549758 0.050592 0.549758 0.059712 0.550052 0.066182 0.550052 0.071184 0.552700 0.074124 0.556228 0.076772 0.558288 0.079714 0.560052 0.082066 0.562112 0.083538 0.566524 0.086184 0.567406 0.089420 0.567406 0.092068 0.564464 0.093244 0.558876 0.091480 0.553582 0.090302 0.550346 0.090302 0.549170 0.096774 0.544168 0.104422 0.534462 0.109128 0.531814 0.108246 0.539756 0.102656 0.544168 0.092950 0.547110 0.090008 0.533874 0.075008 0.527402 0.063536 0.530638 0.064124 0.537110 0.070006 0.543874 0.075008 0.546228 0.075890
0 0.553926 0.035258 0.549752 0.036186 0.548824 0.026908 0.543256 0.016702 0.532122 0.003248 0.531194 0.000000 0.557174 0.000000 0.561814 0.002784 0.565988 0.006958 0.568308 0.011134 0.572020 0.018558 0.572484 0.026908 0.570628 0.037578 0.567380 0.044536 0.562278 0.049176 0.554854 0.051032 0.554390 0.048248 0.564596 0.040362 0.565988 0.036186 0.561334 0.027060 0.556924 0.019500 0.555350 0.012254 0.556294 0.009734 0.558814 0.011940 0.560704 0.017924 0.564170 0.022020 0.566690 0.023910 0.567634 0.019500 0.567320 0.014774 0.564800 0.011940 0.561334 0.008790 0.559130 0.008160 0.556924 0.009104 0.555034 0.009734 0.552828 0.002488 0.550308 0.002174 0.546214 0.002174 0.545898 0.005324 0.548104 0.009420 0.551568 0.015404 0.553774 0.021704 0.555034 0.027060
0 0.651602 0.917632 0.645288 0.923526 0.640658 0.930680 0.638134 0.937836 0.637292 0.941626 0.637292 0.950886 0.642342 0.956358 0.646552 0.960146 0.648656 0.962250 0.652024 0.962672 0.659180 0.965198 0.665072 0.967302 0.666336 0.971512 0.659600 0.971512 0.655392 0.972354 0.656234 0.976984 0.658758 0.978668 0.663390 0.979088 0.669702 0.980350 0.678122 0.983718 0.678964 0.988348 0.674754 0.988348 0.667178 0.988348 0.661706 0.987506 0.658758 0.989190 0.657496 0.988348 0.654550 0.982456 0.652866 0.979088 0.652024 0.992558 0.649498 0.997188 0.648236 0.992558 0.649498 0.978246 0.642764 0.971512 0.640658 0.976142 0.636450 0.977826 0.635608 0.972774 0.636870 0.966460 0.638974 0.963514 0.630978 0.953412 0.630556 0.942466 0.632660 0.935732 0.636870 0.926472 0.642764 0.919316 0.645710 0.917212
1 0.537110 0.994242 0.535004 0.998030 0.532512 0.995296 0.534594 0.989398 0.534594 0.984888 0.536328 0.980726 0.539798 0.977604 0.543268 0.974828 0.547776 0.975522 0.551940 0.977604 0.557490 0.977604 0.560960 0.974482 0.562000 0.976910 0.560612 0.982460 0.559918 0.985236 0.562694 0.985236 0.564776 0.984542 0.566164 0.986276 0.565470 0.989398 0.563736 0.990786 0.558532 0.992868 0.557490 0.995296 0.553328 0.997378 0.548470 0.999806 0.545002 0.997378 0.542226 0.994948
0 0.646648 0.900242 0.646300 0.883936 0.650116 0.881162 0.654974 0.880120 0.656014 0.881856 0.655668 0.888100 0.658442 0.888794 0.660178 0.888794 0.659484 0.893998 0.653932 0.900588 0.648728 0.904404 0.637280 0.901630 0.628608 0.897814 0.625832 0.899548 0.628260 0.904058 0.632424 0.906832 0.641444 0.909262 0.650116 0.908914 0.650810 0.911690 0.658442 0.901630 0.661564 0.899200 0.664340 0.897814 0.664686 0.885672 0.667810 0.881508 0.670238 0.883936 0.670932 0.885672 0.675094 0.884284 0.676136 0.889488 0.677176 0.891222 0.680992 0.890874 0.682380 0.882896 0.685154 0.883242 0.688970 0.881856 0.692786 0.879080 0.696604 0.877346 0.696950 0.872836 0.693828 0.873530 0.686890 0.874222 0.691746 0.865550 0.690012 0.862428 0.686196 0.865550 0.683420 0.870754 0.681338 0.874570 0.675094 0.874222 0.671972 0.875958 0.668850 0.877692 0.665728 0.874222 0.663300 0.872836 0.666074 0.861388 0.667462 0.853408 0.669544 0.848552 0.666074 0.848552 0.663994 0.854796 0.660870 0.861734 0.659484 0.867978 0.656708 0.868672 0.649770 0.872836 0.646300 0.878386 0.643526 0.885324 0.642484 0.888446 0.643178 0.894690 0.642484 0.898854
0 0.650810 0.721580 0.657054 0.742742 0.660524 0.752456 0.662258 0.761822 0.662258 0.770148 0.670932 0.780904 0.674748 0.783678 0.682032 0.784720 0.690706 0.784372 0.694174 0.784372 0.695216 0.778128 0.689318 0.776740 0.683768 0.776740 0.679258 0.777088 0.679258 0.773270 0.681338 0.771884 0.689318 0.771884 0.693828 0.771884 0.697296 0.768068 0.702154 0.765986 0.704928 0.763904 0.703888 0.759742 0.700072 0.760782 0.693134 0.763558 0.687584 0.766332 0.683420 0.767720 0.679258 0.767720 0.673706 0.764598 0.671278 0.759394 0.671626 0.756272 0.672666 0.751762 0.683420 0.740662 0.682380 0.736846 0.678216 0.739968 0.667810 0.748988 0.665728 0.748640 0.664686 0.743090 0.663300 0.735804 0.662952 0.729906 0.662606 0.718806 0.661912 0.714642 0.658442 0.713948 0.658442 0.718806 0.657748 0.724356 0.656014 0.726090
0 0.664340 0.714296 0.673706 0.708052 0.684462 0.704928 0.689664 0.704928 0.693480 0.708746 0.694522 0.711868 0.695216 0.719500 0.695216 0.725744 0.696604 0.728172 0.700420 0.725050 0.699726 0.717418 0.699726 0.714990 0.699032 0.696950 0.700766 0.690706 0.704236 0.682380 0.713602 0.670932 0.716378 0.667116 0.712908 0.665380 0.707704 0.670932 0.700420 0.683074 0.697644 0.694174 0.695910 0.692786 0.693134 0.692094 0.688624 0.693828 0.687930 0.695562 0.685848 0.691746 0.683074 0.687930 0.680992 0.687930 0.677870 0.689664 0.677522 0.692440 0.679952 0.696604 0.680298 0.698684 0.672666 0.698338 0.669196 0.698338 0.664686 0.701460 0.662952 0.704928 0.662606 0.707010 0.661912 0.710826
1 0.622396 0.588976 0.618924 0.601128 0.621094 0.608940 0.618924 0.612848 0.616754 0.611112 0.615886 0.615886 0.619792 0.619792 0.625000 0.621094 0.628038 0.623264 0.630208 0.624566 0.635416 0.624132 0.640624 0.621962 0.644966 0.618490 0.649740 0.615018 0.651042 0.608506 0.651042 0.603298 0.648872 0.597656 0.645834 0.594184 0.644532 0.592014 0.642796 0.588108 0.641928 0.584636 0.636284 0.586372 0.632812 0.586806 0.629340 0.588108
0 0.686402 0.603614 0.686134 0.597720 0.682918 0.590218 0.683722 0.583520 0.683990 0.576288 0.685866 0.574412 0.689884 0.574412 0.693100 0.577894 0.693636 0.582718 0.693636 0.586468 0.694708 0.587808 0.695778 0.591022 0.694974 0.594506 0.692564 0.599328 0.690688 0.603882 0.689616 0.608438 0.690688 0.611652 0.693904 0.611920 0.695242 0.623440 0.695510 0.629068 0.697386 0.632818 0.700334 0.636300 0.703548 0.637908 0.708638 0.638712 0.712658 0.639248 0.715068 0.637640 0.713462 0.634158 0.708638 0.630406 0.704620 0.629870 0.701404 0.629870 0.700870 0.613260 0.697654 0.610848 0.698458 0.603078 0.698726 0.596916 0.701404 0.589148 0.711586 0.578966 0.711586 0.574948 0.722570 0.560480 0.720428 0.556462 0.718820 0.555122 0.715872 0.561016 0.708102 0.567982 0.705960 0.571196 0.706764 0.576554 0.703012 0.578966 0.701138 0.575216 0.698726 0.571464 0.697118 0.568250 0.696046 0.563694 0.683722 0.569858 0.679436 0.571196 0.675952 0.575484 0.675684 0.582986 0.677292 0.588612 0.679704 0.595042 0.681044 0.599596 0.682650 0.603078
1 0.741860 0.604150 0.742664 0.596114 0.737842 0.585664 0.737306 0.577894 0.738914 0.577090 0.743736 0.583788 0.746148 0.589416 0.748022 0.593434 0.749362 0.593702 0.750970 0.592362 0.753650 0.589148 0.756060 0.589148 0.756328 0.592630 0.754720 0.595578 0.752578 0.597452 0.750702 0.599328 0.749898 0.602276 0.749094 0.604150 0.744808 0.604954
1 0.562060 0.538184 0.548212 0.535796 0.543436 0.530066 0.547258 0.527200 0.557762 0.528156 0.560628 0.524336 0.562060 0.520038 0.565404 0.520992 0.565880 0.528156 0.566358 0.535318 0.569702 0.538184 0.573522 0.541050 0.572566 0.547258 0.568268 0.548212
0 0.693832 0.532778 0.698950 0.530808 0.701708 0.528052 0.710370 0.515846 0.712734 0.517026 0.713126 0.526872 0.712340 0.531202 0.708796 0.536322 0.703676 0.543016 0.696982 0.548922 0.693044 0.552860 0.691076 0.556404 0.698950 0.555224 0.706826 0.549710 0.715490 0.536716 0.717852 0.530022 0.719428 0.516240 0.717064 0.508364 0.717064 0.505608 0.720214 0.505608 0.725728 0.513090 0.732422 0.516240 0.735178 0.513090 0.734390 0.509546 0.720608 0.498520 0.715490 0.496944 0.714702 0.483950 0.713126 0.472530 0.709976 0.471348 0.709582 0.477256 0.709190 0.485918 0.706826 0.484344 0.704464 0.483950 0.702102 0.489462 0.701708 0.498914 0.706826 0.502064 0.708796 0.504820 0.708796 0.508758 0.706432 0.514664 0.703676 0.519784 0.700132 0.524902 0.696588 0.525296 0.695014 0.523722 0.692256 0.525690 0.693044 0.528052
0 0.702494 0.376450 0.698950 0.379600 0.699738 0.383930 0.700920 0.387082 0.705252 0.390624 0.710764 0.394168 0.714702 0.396532 0.715096 0.409526 0.710764 0.418190 0.705646 0.423702 0.698558 0.422520 0.691076 0.417796 0.686350 0.416220 0.685168 0.420552 0.687926 0.423702 0.692650 0.427640 0.698164 0.430396 0.702102 0.431184 0.706038 0.431184 0.708402 0.427640 0.709190 0.424884 0.710764 0.420158 0.715096 0.418976 0.715490 0.423308 0.715490 0.428428 0.714308 0.431578 0.703282 0.439060 0.688320 0.448510 0.679262 0.453630 0.674930 0.460324 0.673750 0.463868 0.681624 0.457174 0.694620 0.449298 0.697770 0.447328 0.703282 0.444178 0.709190 0.440240 0.717064 0.435910 0.719822 0.430396 0.721396 0.420946 0.719822 0.402438 0.718246 0.392594 0.710764 0.384324 0.706432 0.383144 0.704070 0.381174
0 0.710370 0.376842 0.717852 0.366210 0.720214 0.361880 0.722184 0.357154 0.722972 0.349278 0.726122 0.346522 0.726910 0.337072 0.730846 0.331558 0.739510 0.324470 0.743448 0.320140 0.746992 0.315414 0.746992 0.311082 0.742660 0.309114 0.738328 0.308720 0.741084 0.302026 0.740692 0.295332 0.743842 0.289818 0.743054 0.284306 0.741084 0.286274 0.738722 0.291788 0.736754 0.300056 0.735178 0.300056 0.733210 0.300056 0.732816 0.303206 0.730060 0.313446 0.724940 0.324076 0.721790 0.332346 0.720608 0.344160 0.715490 0.358336 0.712734 0.367392 0.710370 0.370936
0 0.707454 0.128296 0.713810 0.125754 0.719742 0.127026 0.726096 0.128296 0.730334 0.131262 0.735418 0.135074 0.740502 0.137194 0.746856 0.137194 0.749822 0.140158 0.753212 0.143124 0.758720 0.146514 0.765922 0.148632 0.771006 0.151598 0.774818 0.154988 0.778208 0.157530 0.776938 0.161766 0.773548 0.167698 0.771852 0.171510 0.774818 0.171934 0.785834 0.158376 0.783292 0.154988 0.769734 0.142700 0.762956 0.138464 0.759990 0.136346 0.754906 0.133380 0.748128 0.128296 0.731604 0.119822 0.721860 0.119822 0.714234 0.118552 0.708302 0.118976 0.706184 0.123212
0 0.753636 0.275310 0.759142 0.268108 0.759566 0.256668 0.760414 0.240992 0.763804 0.243534 0.763380 0.248196 0.765922 0.242688 0.762108 0.235908 0.757448 0.233366 0.754058 0.235486 0.749822 0.241416 0.747280 0.249466 0.746010 0.256244 0.743044 0.263448 0.737960 0.266836 0.734146 0.265566 0.735840 0.259634 0.740502 0.253280 0.741772 0.250738 0.735840 0.252856 0.733298 0.256668 0.731604 0.262600 0.727792 0.264718 0.726520 0.263024 0.726944 0.256668 0.726944 0.249890 0.729486 0.251584 0.730334 0.254126 0.732876 0.248618 0.736688 0.245654 0.741772 0.243534 0.743890 0.240570 0.743890 0.235908 0.741348 0.235486 0.738806 0.239298 0.736688 0.243112 0.732028 0.243534 0.732452 0.239722 0.735418 0.234638 0.739230 0.226588 0.743044 0.225740 0.747280 0.228282 0.750246 0.229554 0.758296 0.228282 0.760838 0.229978 0.765922 0.232942 0.770158 0.237180 0.771006 0.241840 0.769310 0.250314 0.767192 0.258786 0.766346 0.263872 0.770582 0.263872 0.773548 0.266414 0.776090 0.271074 0.777784 0.275734 0.777360 0.279546 0.774394 0.281666 0.770582 0.274462 0.767192 0.270650 0.763804 0.268532 0.761262 0.271920 0.758720 0.274886
0 0.950458 0.945566 0.947604 0.939042 0.944342 0.933332 0.940672 0.927216 0.937818 0.932926 0.938634 0.938226 0.936594 0.942712 0.934148 0.947196 0.932110 0.945566 0.930886 0.940264 0.933332 0.936188 0.935372 0.929664 0.935780 0.925586 0.925586 0.911314 0.921916 0.901120 0.928440 0.903974 0.936188 0.915800 0.941896 0.922324 0.948828 0.927216 0.953720 0.930478 0.957798 0.931294 0.957798 0.926402 0.959022 0.917022 0.962690 0.921916 0.963506 0.934556 0.963914 0.954536 0.968400 0.968808 0.967584 0.976962 0.962284 0.992456 0.954128 0.998980 0.932926 0.998980 0.941896 0.996534 0.952904 0.994088 0.957390 0.988786 0.960244 0.984710 0.963098 0.979000 0.962690 0.970846 0.956166 0.971254 0.955760 0.963914 0.957390 0.960244 0.957390 0.952498 0.953720 0.956574 0.945566 0.954944 0.941080 0.959836 0.929256 0.960244 0.918654 0.957798 0.919062 0.949642 0.925994 0.950050 0.937818 0.950050 0.945566 0.950050 0.949642 0.950050 0.958206 0.949236 0.957798 0.944750 0.955352 0.945974
0 0.951274 0.778796 0.950866 0.773494 0.972884 0.748622 0.971662 0.737204 0.966360 0.737612 0.960244 0.733942 0.964322 0.730274 0.965546 0.725788 0.954536 0.715594 0.949236 0.707440 0.950866 0.697652 0.952090 0.695614 0.954128 0.701322 0.961468 0.711108 0.969622 0.722118 0.973292 0.727826 0.975738 0.722934 0.978594 0.724156 0.978186 0.732312 0.981040 0.737204 0.981856 0.742914 0.981040 0.751476 0.982262 0.767378 0.982262 0.774310 0.979408 0.775942 0.975332 0.752700 0.965952 0.763300 0.956982 0.774718
0 0.960244 0.852190 0.946788 0.846074 0.936594 0.843220 0.933332 0.837920 0.934964 0.832210 0.942712 0.837512 0.951682 0.839142 0.959022 0.841182 0.965546 0.845258 0.968808 0.849744 0.973292 0.845666 0.975332 0.839958 0.976962 0.835472 0.979000 0.833434 0.981856 0.830172 0.985118 0.830580 0.984302 0.833842 0.979816 0.837920 0.979000 0.845666 0.976146 0.850152 0.972070 0.855044 0.973700 0.860754 0.972476 0.868908 0.971254 0.875024 0.962690 0.883994 0.956574 0.884402 0.960244 0.879510 0.966360 0.873394 0.967176 0.869316 0.967992 0.861976 0.966360 0.858714 0.963914 0.859530 0.959428 0.857492
0 0.991316 0.667434 0.994126 0.673406 0.996586 0.677622 0.998694 0.676216 0.997990 0.670246 0.996586 0.665328 0.995532 0.655492 0.995882 0.644602 0.991668 0.637224 0.992722 0.617904 0.999396 0.685350 0.994478 0.683594 0.991668 0.680080 0.990614 0.674460
0 0.976214 0.463644 0.973534 0.468334 0.984254 0.468670
0 0.998662 0.554740 0.996386 0.553114 0.996062 0.547264 0.999962 0.548564 0.997362 0.539790 0.994112 0.534590 0.994112 0.532316
1 0.234000 0.709670 0.230480 0.717882 0.230480 0.724920 0.236932 0.728440 0.246904 0.734892 0.251008 0.735478 0.255114 0.726094 0.256874 0.720228 0.254528 0.715536 0.246904 0.718468 0.243384 0.717882 0.239278 0.715536
1 0.175934 0.760112 0.180626 0.754832 0.183558 0.746036 0.184146 0.738410 0.180626 0.731372 0.174760 0.732546 0.173002 0.734304 0.168896 0.736650 0.166550 0.741342 0.167722 0.747208 0.170068 0.753660
1 0.117282 0.762458 0.121974 0.758938 0.126080 0.755420 0.129012 0.750140 0.132530 0.747208 0.137224 0.748968 0.141422 0.755660 0.144610 0.756058 0.154178 0.756458 0.154178 0.753268 0.148996 0.749682 0.150590 0.745696 0.148596 0.742108 0.144610 0.746890 0.141820 0.745696 0.141820 0.739716 0.139030 0.739716 0.135842 0.742108 0.125876 0.744100 0.126276 0.739716 0.127472 0.735730 0.127870 0.731346 0.124682 0.731346 0.123086 0.734934 0.121890 0.739716 0.119500 0.748884 0.115912 0.748086 0.111528 0.746094 0.107940 0.746890 0.106346 0.750080 0.107940 0.754066 0.109534 0.759248 0.111128 0.761640
1 0.106744 0.629704 0.114318 0.645248 0.118702 0.655612 0.115912 0.661192 0.111528 0.665578 0.105548 0.672354 0.102758 0.675144 0.103156 0.679926 0.107142 0.679130 0.117506 0.670360 0.121094 0.669962 0.123486 0.665976 0.125478 0.664780 0.125478 0.669164 0.127870 0.674346 0.132654 0.678730 0.133848 0.674744 0.131856 0.667172 0.133052 0.661990 0.137038 0.659996 0.139430 0.656010 0.134248 0.656010 0.126674 0.653220
1 0.230594 0.915850 0.233086 0.912110 0.238074 0.910448 0.242644 0.911278 0.247216 0.913356 0.249294 0.910032 0.249294 0.907122 0.249294 0.902968 0.250540 0.899228 0.251786 0.896318 0.252618 0.892994 0.248878 0.891748 0.244306 0.893824 0.240566 0.894656 0.241398 0.883436 0.240566 0.872216 0.238074 0.872216 0.234750 0.875540 0.231840 0.875124 0.233502 0.888006 0.236412 0.894240 0.235996 0.898812 0.234750 0.904214 0.231008 0.909616 0.222698 0.923746 0.220204 0.931226 0.223114 0.930810 0.228932 0.921668