1 0.876396 0.634936 0.861574 0.641150 0.859900 0.648562 0.858944 0.657886 0.872332 0.671034 0.868986 0.675814 0.883568 0.678444 0.881178 0.681314 0.879026 0.685138 0.890022 0.679640 0.893608 0.683704 0.897434 0.683464 0.899824 0.670078 0.906996 0.657408 0.899584 0.645932 0.896238 0.637804 0.885002 0.639000 0.878786 0.637566
0 0.268326 0.805272 0.259808 0.815006 0.259504 0.818050 0.264676 0.821700 0.278670 0.823830 0.287492 0.824742 0.268326 0.825350 0.255854 0.828696 0.250074 0.835086 0.256158 0.832652 0.275628 0.830522 0.288406 0.828392 0.297532 0.830826 0.302400 0.833260 0.303008 0.843908 0.305138 0.840258 0.303312 0.833564 0.303312 0.826872 0.308484 0.825350 0.325216 0.816832 0.337082 0.804054 0.342862 0.786410 0.336472 0.801316 0.331606 0.809226 0.313048 0.822004 0.297532 0.827480 0.295098 0.823526 0.293882 0.820788 0.302096 0.808010 0.312744 0.793712 0.303920 0.798882 0.289926 0.811964 0.290230 0.819570 0.285668 0.814702 0.276540 0.813790 0.267718 0.813182 0.267110 0.809530
0 0.999218 0.717578 0.994922 0.722070 0.993946 0.729102 0.993360 0.738672 0.992968 0.749610 0.995118 0.755860 0.987500 0.789648 0.973632 0.792578 0.976562 0.793750 0.986524 0.794726 0.992578 0.809180 0.995312 0.810546 0.999804 0.808594 0.998438 0.737696 0.998046 0.727734 0.999610 0.720312
0 0.035522 0.008744 0.034736 0.014836 0.037880 0.012478 0.039256 0.010120 0.041220 0.012084 0.040826 0.015228 0.039256 0.016996 0.031198 0.016604 0.031788 0.020336 0.035914 0.021320 0.048098 0.015228 0.051830 0.013656 0.064996 0.014442 0.063816 0.009530 0.081894 0.008548 0.075016 0.017782 0.087788 0.007958 0.094272 0.013264 0.097024 0.010316 0.089360 0.003046 0.081304 0.001080 0.075410 0.003832 0.062834 0.005208 0.057136 0.004422 0.052420 0.000098
1 0.149486 0.254358 0.148898 0.264576 0.141824 0.260842 0.138484 0.263004 0.149290 0.273222 0.154400 0.281474 0.145754 0.277938 0.137500 0.266934 0.130624 0.263396 0.133964 0.269684 0.139466 0.277152 0.137894 0.280688 0.132982 0.291692 0.145950 0.305642 0.145950 0.311340 0.142414 0.312716 0.142216 0.316646 0.142806 0.321754 0.142414 0.324310 0.136714 0.328436 0.133374 0.330794 0.152630 0.356140 0.157936 0.357910 0.163438 0.359482 0.148700 0.348478 0.145950 0.340618 0.145360 0.334920 0.154792 0.335312 0.157936 0.336296 0.169528 0.342976 0.170314 0.338654 0.173066 0.319200 0.171494 0.309768 0.170708 0.299944 0.171494 0.294836 0.179156 0.285404 0.179942 0.278920 0.177782 0.284028 0.177782 0.269684 0.173066 0.261824 0.166974 0.252000 0.169726 0.276562 0.166974 0.282260 0.162062 0.266738 0.162652 0.253966 0.158722 0.251018 0.157936 0.258288
0 0.071284 0.036252 0.073838 0.045880 0.055956 0.051186 0.056940 0.053150 0.076784 0.052364 0.076392 0.056688 0.067746 0.063564 0.057726 0.069852 0.050258 0.078892 0.047704 0.078302 0.041612 0.072210 0.035718 0.070442 0.028252 0.070638 0.015086 0.072996 0.008996 0.081838 0.009584 0.083410 0.016658 0.078498 0.026484 0.077122 0.034932 0.078302 0.040630 0.082036 0.047312 0.084590 0.054582 0.088520 0.060476 0.084196 0.074428 0.072604 0.081304 0.065726 0.092308 0.060224 0.087788 0.056688 0.085430 0.053740 0.076784 0.050008 0.075212 0.049418 0.076784 0.044898 0.075802 0.040182
1 0.095058 0.081052 0.088182 0.087930 0.088968 0.096380 0.088574 0.098736 0.090342 0.098148 0.090146 0.089306 0.094666 0.087536
1 0.072658 0.090878 0.072462 0.094610 0.051830 0.102470 0.067942 0.102078 0.073642 0.098934 0.076196 0.103256 0.086216 0.106204 0.082286 0.099522 0.075802 0.097166 0.075802 0.092646
0 0.047312 0.162990 0.028644 0.173404 0.021570 0.182246 0.021374 0.186176 0.013122 0.179298 0.012140 0.183622 0.007226 0.190498 0.017248 0.191284 0.025500 0.194036 0.025894 0.215060 0.028842 0.227832 0.038470 0.236674 0.045936 0.231762 0.046132 0.224492 0.041810 0.232548 0.038272 0.232154 0.030806 0.219972 0.030412 0.215256 0.031396 0.192464 0.038470 0.192660 0.042202 0.192070 0.041024 0.186766 0.036112 0.185390 0.040826 0.175958 0.048686 0.171438 0.053010 0.166722
0 0.007226 0.222920 0.002904 0.228618 0.004476 0.237264 0.012532 0.257306 0.018820 0.263986 0.026484 0.274008 0.018230 0.274596 0.003298 0.272828 0.000000 0.275390 0.000154 0.278134 0.008602 0.276562 0.019410 0.277152 0.033754 0.279902 0.051242 0.287762 0.053992 0.278134 0.065782 0.273614 0.079928 0.269488 0.089556 0.264380 0.085234 0.264380 0.049276 0.273418 0.043578 0.278724 0.033754 0.269096 0.029038 0.259664 0.035522 0.249838 0.032770 0.245910 0.026876 0.255340 0.020784 0.254162 0.013712 0.238638 0.016266 0.242766 0.026876 0.246892 0.031788 0.244534 0.034540 0.236084 0.027072 0.242962 0.023142 0.244338 0.018230 0.236084 0.011156 0.242176 0.006440 0.233334 0.008798 0.229796
1 0.045150 0.296408 0.042398 0.300140 0.040630 0.303088 0.031198 0.302498 0.037880 0.312912 0.040826 0.317628 0.043578 0.313698 0.049472 0.316056 0.054188 0.316252 0.059886 0.311734 0.063620 0.310752 0.060280 0.303678 0.057528 0.306624 0.043184 0.309768 0.038272 0.307410 0.043184 0.303874 0.046328 0.301712
0 0.040826 0.329024 0.038470 0.337278 0.036112 0.341796 0.034146 0.348478 0.031788 0.354372 0.032968 0.358106 0.041024 0.366752 0.042398 0.376182 0.046918 0.382470 0.052420 0.383256 0.053992 0.390920 0.048098 0.391706 0.056742 0.391706 0.066370 0.393082 0.087788 0.398780 0.098398 0.397010 0.088182 0.394654 0.068532 0.392884 0.058314 0.385810 0.061262 0.375200 0.061262 0.371860 0.058314 0.373824 0.052420 0.378540 0.047900 0.377362 0.050456 0.372646 0.051634 0.368716 0.053796 0.357516 0.051438 0.350246 0.048294 0.361446 0.044364 0.363804 0.037684 0.349460 0.036898 0.346512 0.041810 0.337868
0 0.000350 0.965658 0.000742 0.977250 0.010568 0.983734 0.002118 0.985306 0.000350 0.984716 0.000742 0.987860 0.001528 0.992970 0.008210 0.991594 0.019606 0.987272 0.022750 0.984520 0.029234 0.984324 0.026876 0.982162 0.028056 0.976858 0.030412 0.975482 0.034146 0.975482 0.032968 0.983342 0.038666 0.987860 0.039648 0.988450 0.041024 0.980984 0.035128 0.975678 0.035128 0.970176 0.036898 0.963496 0.035914 0.955636 0.038862 0.953474 0.052616 0.947188 0.067156 0.940506 0.066174 0.939130 0.058118 0.939720 0.049670 0.942274 0.040434 0.945616 0.033164 0.956816 0.025698 0.966246 0.023340 0.970176 0.025304 0.956226 0.031984 0.948562 0.028842 0.951706 0.022160 0.960548 0.020982 0.969194 0.020196 0.979216 0.015284 0.979608 0.008012 0.977644 0.006834 0.973124 0.008210 0.969194 0.005066 0.967426 0.002314 0.966444
1 0.048490 0.961138 0.048686 0.966246 0.046132 0.965068 0.041220 0.966836 0.048490 0.968998 0.050456 0.974696 0.050652 0.978822 0.056350 0.976072 0.061262 0.973516 0.061656 0.975678 0.064996 0.977840 0.069712 0.978036 0.069122 0.973910 0.062834 0.972928 0.056154 0.974302 0.057922 0.971356 0.054582 0.970766 0.050062 0.968998 0.050456 0.965264
1 0.135928 0.898458 0.139270 0.912408 0.140448 0.919874 0.139072 0.925770 0.133768 0.926162 0.128070 0.924590 0.117262 0.933236 0.113136 0.942668 0.112742 0.948170 0.126104 0.944632 0.139072 0.936576 0.141234 0.936380 0.146932 0.951314 0.149880 0.962710 0.163044 0.967426 0.172870 0.965854 0.184856 0.957208 0.186428 0.947188 0.188392 0.940310 0.198216 0.935790 0.209810 0.932058 0.208434 0.930486 0.204898 0.931664 0.206272 0.925572 0.196842 0.931272 0.177782 0.939524 0.180532 0.931468 0.193894 0.918500 0.205684 0.904744 0.197824 0.911426 0.176996 0.926358 0.164420 0.930878 0.164616 0.920858 0.162258 0.917910 0.159114 0.915356 0.160490 0.909264 0.161866 0.900422 0.161670 0.892758 0.157542 0.897082 0.152828 0.902780 0.151844 0.896100 0.157346 0.887258 0.153416 0.886472 0.148112 0.896886 0.144182 0.904352 0.141234 0.897672 0.138876 0.894724
1 0.160686 0.977250 0.156168 0.978036 0.156756 0.983342 0.160490 0.988254 0.158722 0.995524 0.159704 0.997488 0.162110 0.998046 0.175782 0.998046 0.191406 0.998046 0.197266 0.998046 0.199002 0.993756 0.207058 0.994542 0.202932 0.992774 0.198414 0.989826 0.200968 0.985306 0.201754 0.977054 0.198806 0.972534 0.196056 0.983144 0.193108 0.983930 0.192322 0.970962 0.191142 0.977446 0.187802 0.987860 0.186034 0.979804 0.184856 0.973124 0.180140 0.970962 0.185248 0.981376 0.182694 0.989236 0.179550 0.986486 0.177192 0.976858 0.171100 0.974500 0.166778 0.976268
1 0.228870 0.794120 0.229656 0.801194 0.231030 0.811804 0.229852 0.818288 0.221402 0.824576 0.215900 0.826148 0.215704 0.829096 0.219634 0.830078 0.226118 0.829096 0.227298 0.831060 0.229262 0.846190 0.233782 0.850514 0.239480 0.849728 0.240070 0.845600 0.238890 0.845600 0.236140 0.846976 0.235550 0.841278 0.235158 0.828702 0.232210 0.823200 0.233978 0.819272 0.235354 0.812984 0.233782 0.807286 0.233192 0.800998
1 0.005458 0.843636 0.000350 0.845798 0.005066 0.847172 0.012532 0.850120 0.015284 0.848156 0.017444 0.843440 0.022356 0.841082 0.025894 0.835776 0.023340 0.834990 0.012532 0.841672 0.010764 0.846386 0.008996 0.845208
1 0.058904 0.830864 0.056546 0.839706 0.054188 0.846386 0.053206 0.850906 0.050652 0.851496 0.047114 0.848156 0.045346 0.848352 0.043970 0.850710 0.046132 0.851888 0.055170 0.852086 0.056154 0.855426 0.057528 0.855818 0.057332 0.849924 0.057136 0.845600 0.058314 0.840100 0.059298 0.836170
0 0.001726 0.805124 0.000940 0.808660 0.009584 0.815342 0.001136 0.817110 0.000742 0.821432 0.000940 0.823986 0.014498 0.819272 0.022160 0.819074 0.029626 0.820058 0.040238 0.809446 0.046328 0.809446 0.061066 0.815930 0.063816 0.813180 0.053402 0.807678 0.052616 0.803158 0.063030 0.792942 0.066764 0.789208 0.064012 0.786260 0.062442 0.783510 0.060280 0.787046 0.052812 0.784296 0.056546 0.793334 0.053992 0.796282 0.043382 0.804338 0.028644 0.804730 0.023142 0.811804 0.016070 0.813180 0.009782 0.807678
1 0.062442 0.762486 0.068140 0.768380 0.062244 0.776436 0.063228 0.778598 0.066370 0.776828 0.086020 0.759538 0.080518 0.761306 0.073642 0.765040 0.070300 0.762878 0.066568 0.762682
0 0.000790 0.705084 0.000592 0.714168 0.003160 0.719106 0.002370 0.721278 0.000000 0.727400 0.009084 0.727598 0.019748 0.732140 0.024884 0.735496 0.031598 0.744384 0.036140 0.745568 0.043052 0.747346 0.051148 0.749518 0.054308 0.752678 0.059442 0.751888 0.057864 0.749914 0.049964 0.744778 0.048582 0.742014 0.039694 0.742408 0.036534 0.742014 0.036534 0.737274 0.062602 0.733720 0.069318 0.730560 0.066354 0.724240 0.062602 0.719698 0.059838 0.724832 0.053320 0.729770 0.032980 0.734312 0.027056 0.730560 0.016392 0.724636 0.015206 0.719302 0.011850 0.713774 0.007306 0.709232
0 0.995728 0.266794 0.996870 0.285504 0.991850 0.290980 0.985232 0.293488 0.985690 0.295542 0.997098 0.295542
1 0.954202 0.798654 0.956712 0.805956 0.962872 0.812802 0.966752 0.818962 0.969490 0.824666 0.972456 0.828316 0.973368 0.816224 0.983180 0.813942 0.987058 0.805272 0.984320 0.806412 0.974508 0.814170 0.969490 0.814398 0.966980 0.809150 0.961732 0.805500 0.958538 0.802306
1 0.946444 0.819418 0.939828 0.831282 0.934352 0.825350 0.932298 0.826720 0.933894 0.830826 0.934352 0.838812 0.960362 0.842234 0.945988 0.833108 0.943250 0.831968 0.948042 0.824894
1 0.961504 0.863682 0.962872 0.866650 0.970858 0.868474 0.973824 0.870984 0.978160 0.877144 0.985918 0.883534 0.983636 0.877372 0.981810 0.870984 0.981810 0.865508 0.979756 0.867334 0.979072 0.861858 0.976790 0.861172 0.974508 0.866420 0.970630 0.864368 0.964926 0.862542
1 0.996642 0.852046 0.989568 0.848396 0.991622 0.853872 0.997782 0.857294
0 0.814678 0.005912 0.816920 0.012844 0.815900 0.018552 0.804280 0.016514 0.793474 0.020592 0.811212 0.022222 0.817532 0.022222 0.820182 0.019572 0.822832 0.024058 0.819978 0.029154 0.828338 0.032416 0.835064 0.040978 0.840978 0.050154 0.841182 0.043018 0.831802 0.029766 0.840774 0.031192 0.847298 0.033640 0.853618 0.036902 0.851578 0.031396 0.840366 0.028746 0.832006 0.024668 0.829560 0.018756 0.826298 0.018960 0.823444 0.015494 0.819978 0.005096
1 0.753922 0.094394 0.753922 0.101734 0.761058 0.108462 0.754330 0.108870 0.756776 0.111520 0.769418 0.112540 0.771048 0.119470 0.764728 0.121714 0.766970 0.123752 0.783892 0.120490 0.779610 0.115598 0.776144 0.115394 0.773698 0.108462 0.767990 0.108258 0.765340 0.104996 0.762690 0.100510 0.759632 0.098472
0 0.798368 0.099492 0.807746 0.093578 0.814474 0.095210 0.823240 0.094598 0.826094 0.097656 0.826502 0.099696 0.833638 0.092152 0.840162 0.087054 0.849132 0.083996 0.856676 0.083384 0.864830 0.090316 0.885422 0.103160 0.878694 0.102346 0.867684 0.098676 0.860142 0.098676 0.854230 0.104996 0.852394 0.100510 0.854636 0.095414 0.849540 0.097656 0.849336 0.098472 0.851782 0.089706 0.850152 0.087462 0.840162 0.092764 0.837308 0.097044 0.835064 0.104384 0.829968 0.110296 0.829560 0.114986 0.832414 0.113354 0.843832 0.103568 0.849336 0.097860 0.844036 0.108054 0.834862 0.114578 0.827522 0.117636 0.819570 0.113354 0.816920 0.123140 0.813454 0.133130 0.806930 0.142102 0.805300 0.154538 0.800610 0.142916 0.802038 0.131296 0.804280 0.122326 0.806522 0.115394 0.809580 0.111928 0.817328 0.108870 0.818552 0.108258 0.824260 0.103160 0.822832 0.099084 0.819366 0.103976 0.815696 0.107238 0.816104 0.101734 0.816920 0.100510 0.805910 0.099898
0 0.812842 0.139858 0.813454 0.148422 0.816920 0.154130 0.819570 0.161674 0.818348 0.167382 0.815290 0.174518 0.810396 0.178390 0.802648 0.173906 0.797144 0.170440 0.789600 0.168808 0.787970 0.172070 0.792454 0.176148 0.794494 0.179410 0.790620 0.179410 0.796328 0.183284 0.803668 0.185730 0.807746 0.190828 0.796940 0.192254 0.797756 0.194904 0.824464 0.196740 0.822832 0.200818 0.833842 0.200410 0.837308 0.203876 0.845462 0.217738 0.852394 0.233234 0.851578 0.223244 0.845870 0.211010 0.838530 0.197760 0.832414 0.195312 0.829968 0.192458 0.830988 0.192050 0.846890 0.193682 0.861772 0.191642 0.865850 0.185934 0.858306 0.185526 0.827930 0.189400 0.821406 0.191234 0.821406 0.184508 0.822424 0.181448 0.828338 0.175536 0.831802 0.160450 0.832822 0.155556 0.837512 0.151072 0.843424 0.149236 0.849948 0.147198 0.850152 0.144956 0.834862 0.147402 0.828948 0.151888 0.825890 0.146178 0.822424 0.141490 0.817124 0.140674
0 0.805910 0.412236 0.803260 0.424468 0.805300 0.440778 0.802648 0.448118 0.797960 0.447914 0.799998 0.444040 0.796532 0.436090 0.790824 0.425284 0.791232 0.430788 0.791640 0.438944 0.793678 0.448322 0.795920 0.450360 0.796940 0.450972 0.796532 0.454234 0.795920 0.458312 0.799590 0.465244 0.806726 0.479310 0.810396 0.486446 0.819162 0.487058 0.816308 0.484408 0.802240 0.461166 0.805910 0.450564 0.818144 0.451176 0.823240 0.452806 0.826298 0.459738 0.828134 0.456272 0.836084 0.457088 0.838734 0.454846 0.829968 0.452806 0.826706 0.449952 0.832210 0.444856 0.840366 0.439556 0.849336 0.430584 0.850764 0.426304 0.852394 0.420798 0.859734 0.413052 0.864626 0.408974 0.857898 0.414070 0.844240 0.423448 0.836900 0.433846 0.831802 0.439556 0.816920 0.444040 0.810396 0.444652 0.809376 0.439148 0.809784 0.430584 0.810396 0.424060 0.808358 0.417332
0 0.792454 0.538230 0.782058 0.546386 0.776960 0.550464 0.777368 0.558414 0.779610 0.569220 0.786134 0.578598 0.796124 0.580228 0.797144 0.580228 0.799998 0.590016 0.803056 0.592054 0.805706 0.589404 0.802240 0.582880 0.800610 0.576966 0.806930 0.574112 0.806930 0.575540 0.812028 0.583288 0.816512 0.581656 0.812638 0.575948 0.812434 0.570850 0.816512 0.566366 0.826094 0.560046 0.830988 0.557394 0.849948 0.556172 0.859122 0.555764 0.871762 0.561268 0.862588 0.554948 0.859734 0.551890 0.851172 0.553726 0.834454 0.554132 0.818754 0.556988 0.811008 0.562696 0.804484 0.560656 0.800406 0.560250 0.799794 0.564530 0.802240 0.569424 0.799386 0.570036 0.799182 0.563716 0.798572 0.561676 0.797144 0.552094 0.794698 0.551278 0.793882 0.555560 0.797960 0.565142 0.796736 0.571054 0.790212 0.570240 0.782872 0.563104 0.781038 0.558210 0.782466 0.552910 0.786746 0.547608 0.791028 0.542920 0.792252 0.540678
1 0.760038 0.609180 0.759428 0.624266 0.751272 0.625694 0.748214 0.630382 0.756980 0.629566 0.764320 0.628548 0.771048 0.634868 0.775738 0.637518 0.779000 0.634868 0.772882 0.628344 0.766156 0.624674 0.764116 0.624878 0.767786 0.617334 0.765340 0.612646 0.764728 0.609384
1 0.882976 0.598374 0.889296 0.605306 0.895616 0.609994 0.901732 0.611422 0.899694 0.614888 0.898674 0.619780 0.899694 0.628956 0.900712 0.629362 0.902752 0.621208 0.902752 0.614276 0.908256 0.611218 0.914168 0.607344 0.916208 0.603064 0.909684 0.602248 0.904994 0.603878 0.899490 0.602656 0.896432 0.600820 0.893578 0.599190 0.886646 0.598374
1 0.944546 0.577578 0.942712 0.591442 0.943934 0.594704 0.933740 0.592258 0.937614 0.596946 0.939450 0.602656 0.931702 0.604490 0.935168 0.610198 0.944954 0.614684 0.939042 0.615908 0.929460 0.616314 0.942100 0.619170 0.947604 0.621208 0.938838 0.626508 0.943118 0.629362 0.947808 0.625898 0.953312 0.625286 0.952700 0.630586 0.954332 0.633236 0.958410 0.624674 0.962284 0.624674 0.967176 0.625286 0.974312 0.621820 0.990214 0.622432 0.976350 0.617538 0.987972 0.612442 0.985932 0.603674 0.980836 0.604082 0.975128 0.609994 0.977778 0.599190 0.979408 0.589812 0.977370 0.580840 0.974924 0.593480 0.973700 0.594908 0.971050 0.582472 0.969418 0.576356 0.968604 0.586956 0.963710 0.589608 0.961876 0.579006 0.959632 0.587160 0.958614 0.593480 0.956370 0.583084 0.953720 0.574520 0.950254 0.579414 0.952498 0.593278 0.949032 0.589200 0.945974 0.579822
0 0.768398 0.814278 0.771048 0.810404 0.774718 0.803676 0.780018 0.795318 0.788582 0.784308 0.792454 0.785124 0.799590 0.788590 0.802852 0.795930 0.805504 0.799394 0.811824 0.800210 0.816716 0.800414 0.820794 0.807958 0.827930 0.819374 0.824464 0.820190 0.821202 0.815908 0.815900 0.807754 0.811824 0.803268 0.805504 0.801842 0.804280 0.803676 0.805096 0.808162 0.806318 0.810812 0.826094 0.822026 0.827726 0.822026 0.825482 0.825898 0.820998 0.826306 0.808968 0.816112 0.807746 0.816928 0.805910 0.830384 0.806114 0.838336 0.801834 0.835276 0.802240 0.824064 0.803260 0.812850 0.799998 0.808774 0.792658 0.806734 0.793678 0.798988 0.791436 0.790628 0.788378 0.793482 0.782872 0.802046 0.774718 0.813870 0.769214 0.817744
0 0.764524 0.858722 0.760038 0.864228 0.758612 0.871158 0.758204 0.879518 0.760854 0.889304 0.767582 0.892566 0.768806 0.896440 0.763300 0.901536 0.759428 0.902148 0.751884 0.892362 0.748010 0.890120 0.748418 0.896032 0.744340 0.896236 0.740060 0.894808 0.745360 0.900314 0.753310 0.905614 0.750252 0.908060 0.741282 0.907244 0.739040 0.913362 0.743932 0.915196 0.756776 0.913972 0.764524 0.916216 0.765340 0.925798 0.760854 0.924370 0.760446 0.926206 0.770844 0.926614 0.771864 0.924982 0.769418 0.919478 0.774514 0.924370 0.776756 0.919682 0.771660 0.914584 0.765952 0.911322 0.774310 0.909284 0.791232 0.909692 0.795106 0.909488 0.796532 0.912342 0.810600 0.911322 0.810192 0.897256 0.805910 0.895828 0.807950 0.893994 0.816920 0.886654 0.816716 0.877682 0.810600 0.884004 0.803668 0.891138 0.800814 0.895216 0.799590 0.891342 0.799182 0.878090 0.801222 0.871362 0.806318 0.866062 0.814882 0.856480 0.813250 0.854442 0.806114 0.859946 0.795514 0.874014 0.794290 0.885022 0.793678 0.895420 0.784300 0.896644 0.777368 0.893790 0.773290 0.885226 0.768194 0.879518 0.761874 0.870548 0.761466 0.867896 0.763096 0.864024 0.764116 0.860762
1 0.030272 0.353296 0.025918 0.348112 0.025502 0.357858 0.014928 0.360968 0.008086 0.359308 0.002902 0.359308 0.000414 0.363456 0.002074 0.375274 0.007672 0.376726 0.015344 0.378384 0.018454 0.382738 0.030064 0.385226 0.042504 0.387092 0.048724 0.387506 0.049762 0.386262 0.047066 0.380872 0.039808 0.372786 0.036698 0.363040 0.034004 0.358272
0 0.033796 0.388958 0.031516 0.391032 0.032344 0.395800 0.034626 0.405130 0.036284 0.414876 0.034418 0.430010 0.031308 0.433744 0.028612 0.439964 0.028198 0.446390 0.026746 0.452196 0.024258 0.454270 0.018868 0.450744 0.021564 0.456964 0.028820 0.464014 0.030478 0.468162 0.027576 0.470234 0.020942 0.464844 0.018246 0.463392 0.012648 0.469198 0.011818 0.471478 0.019904 0.473966 0.031308 0.475626 0.034418 0.477076 0.040224 0.482468 0.046858 0.486406 0.057640 0.488894 0.070288 0.490138 0.070910 0.488894 0.057018 0.486822 0.046652 0.484126 0.039394 0.475004 0.034210 0.465052 0.032138 0.451988 0.034418 0.446598 0.055566 0.441830 0.063238 0.441830 0.062202 0.444524 0.056604 0.447012 0.063238 0.451782 0.067178 0.471272 0.066970 0.484956 0.068214 0.482468 0.069872 0.466918 0.068628 0.457586 0.063446 0.446598 0.067178 0.440378 0.064690 0.437060 0.062824 0.434780 0.075886 0.434988 0.072776 0.432500 0.068836 0.430632 0.071532 0.423376 0.074020 0.416534 0.071532 0.416948 0.061994 0.425656 0.058884 0.426486 0.057018 0.422754 0.053908 0.425034 0.057018 0.433744 0.060336 0.437060 0.057226 0.438512 0.051420 0.430632 0.048310 0.422754 0.045822 0.418814 0.042712 0.398496 0.043748 0.411766 0.039186 0.418192 0.036492 0.403472 0.035662 0.393312
0 0.059092 0.525802 0.055566 0.535338 0.051212 0.545498 0.045408 0.554206 0.041260 0.562500 0.038564 0.564780 0.031722 0.558146 0.021564 0.549646 0.012854 0.547156 0.023844 0.554622 0.035040 0.564988 0.040224 0.571000 0.040638 0.575354 0.043748 0.578050 0.038150 0.578258 0.033588 0.579502 0.048724 0.583856 0.053286 0.595882 0.051006 0.581576 0.053700 0.580124 0.049554 0.576598 0.054322 0.568306 0.052250 0.562292 0.048724 0.570378 0.046444 0.581782 0.041468 0.571416 0.042712 0.562708 0.050176 0.551512 0.057226 0.542802 0.061164 0.530778
1 0.064482 0.513154 0.063860 0.519582 0.068836 0.524350 0.064274 0.538448 0.064690 0.539900 0.070702 0.528290 0.074642 0.520410 0.074642 0.518544 0.069872 0.520204 0.067178 0.516886 0.066140 0.514604
1 0.050384 0.514398 0.049346 0.524142 0.051420 0.529326 0.043126 0.532436 0.040846 0.540522 0.043956 0.539692 0.051212 0.532436 0.056604 0.525802 0.055566 0.523728 0.052042 0.520204 0.051834 0.516886
1 0.120048 0.613920 0.113000 0.623458 0.102840 0.631336 0.094960 0.635898 0.082728 0.641082 0.072362 0.647508 0.063652 0.649790 0.069044 0.651240 0.085008 0.651034 0.093510 0.652484 0.102632 0.652484 0.105120 0.647094 0.108024 0.641496 0.113000 0.641496 0.134356 0.637142 0.130830 0.633410 0.131246 0.626774 0.127098 0.619310 0.125024 0.615786 0.119634 0.615994
1 0.150528 0.671768 0.156332 0.670730 0.165664 0.670524 0.166908 0.670938 0.172090 0.679438 0.177066 0.683586 0.166078 0.692708 0.167530 0.697684 0.167530 0.701002 0.161310 0.698514 0.157784 0.698514 0.152808 0.701832 0.145136 0.710540 0.145136 0.711576 0.138710 0.706392 0.140782 0.701624 0.140576 0.695196 0.138710 0.691050 0.146796 0.690842 0.137672 0.686074 0.138088 0.682756 0.143892 0.682756 0.152394 0.684830 0.149284 0.680476 0.145966 0.676950 0.145344 0.673634
0 0.000208 0.630922 0.003524 0.639216 0.009330 0.642948 0.014722 0.644606 0.021770 0.644814 0.027368 0.644398 0.025710 0.645850 0.020942 0.643154 0.021978 0.637972 0.023430 0.634862 0.027162 0.629678 0.030686 0.626982 0.042712 0.623872 0.048724 0.623872 0.057848 0.623042 0.059714 0.619104 0.055360 0.619518 0.045614 0.620348 0.034004 0.621592 0.028198 0.624286 0.023014 0.631336 0.017002 0.637972 0.016588 0.641496 0.014306 0.637556 0.010574 0.634446 0.008916 0.632788 0.004562 0.631544 0.003524 0.630506
1 0.110718 0.815246 0.119012 0.821880 0.127512 0.828722 0.126890 0.833076 0.124402 0.839296 0.122952 0.844272 0.119426 0.837846 0.116316 0.840540 0.117354 0.846346 0.116316 0.849664 0.107816 0.846346 0.098486 0.856090 0.093094 0.862104 0.101804 0.861066 0.110718 0.862932 0.122952 0.865836 0.131038 0.862518 0.137050 0.850700 0.138916 0.841578 0.141404 0.834112 0.147624 0.825820 0.153430 0.820636 0.155504 0.811720 0.155504 0.809026 0.153638 0.809440 0.150528 0.814830 0.149490 0.822294 0.143478 0.822710 0.144100 0.819806 0.146174 0.815452 0.138916 0.818356 0.136636 0.824782 0.130830 0.823746 0.127098 0.818978 0.125024 0.816074 0.119842 0.817734 0.115694 0.815660
0 0.259996 0.885780 0.260400 0.892858 0.266062 0.897104 0.270308 0.904382 0.280822 0.914086 0.288100 0.921366 0.284258 0.923792 0.286684 0.925612 0.300434 0.927026 0.306904 0.933294 0.318428 0.927432 0.327930 0.926622 0.329548 0.920962 0.336828 0.912470 0.331974 0.916514 0.323684 0.923186 0.325504 0.915704 0.327930 0.911862 0.336624 0.906404 0.345522 0.912672 0.351788 0.915906 0.362302 0.910044 0.356034 0.910448 0.349768 0.911256 0.344308 0.905594 0.336220 0.900338 0.328134 0.904382 0.318630 0.911660 0.316002 0.911660 0.315800 0.914086 0.321258 0.917120 0.320046 0.923388 0.309532 0.926824 0.304276 0.922578 0.299422 0.919950 0.290728 0.918738 0.283248 0.912064 0.268892 0.895890 0.265252 0.892048 0.262018 0.887802
1 0.115230 0.769726 0.111794 0.778420 0.122104 0.785092 0.129990 0.789944 0.137268 0.795606 0.142526 0.800256 0.159104 0.799244 0.171034 0.797830 0.173460 0.798032 0.183166 0.800458 0.184782 0.794796 0.186198 0.787316 0.194892 0.780644 0.196510 0.774578 0.188826 0.776398 0.177100 0.779026 0.169214 0.771950 0.157690 0.771546 0.145154 0.773566 0.136460 0.771748 0.124126 0.769524
1 0.065290 0.614042 0.061246 0.617276 0.060640 0.624150 0.052754 0.624960 0.042848 0.626982 0.032334 0.626982 0.031322 0.630014 0.029706 0.635676 0.027886 0.640730 0.026066 0.644774 0.027684 0.650232 0.030514 0.652254 0.047902 0.656500 0.052956 0.645784 0.056596 0.639112 0.067110 0.638304 0.070548 0.635474 0.080454 0.626374 0.077422 0.625970 0.069536 0.627386 0.071154 0.616872 0.071154 0.613232
1 0.045072 0.690064 0.049924 0.698152 0.057000 0.698758 0.058820 0.699768 0.060236 0.708260 0.061044 0.707048 0.062460 0.693906 0.064280 0.689458 0.059628 0.692692 0.052148 0.693704 0.049520 0.690670
1 0.048508 0.701588 0.037590 0.704824 0.033546 0.709272 0.035568 0.712304 0.040826 0.716752 0.050530 0.722818 0.052754 0.722414 0.046688 0.717764 0.039814 0.710080 0.039410 0.708462 0.048508 0.707856 0.054978 0.706440 0.055384 0.704216 0.054776 0.700982 0.053158 0.701184
1 0.116646 0.430254 0.113410 0.434500 0.111590 0.436320 0.106334 0.437936 0.106334 0.439756 0.110782 0.439756 0.117050 0.435914 0.117656 0.434298 0.118668 0.439150 0.124530 0.445418 0.127362 0.445014 0.122306 0.437734 0.119678 0.434904 0.118060 0.432074
0 0.278256 0.594280 0.281148 0.607848 0.285374 0.617636 0.289156 0.622308 0.297832 0.632542 0.301390 0.638992 0.291826 0.637436 0.293160 0.640326 0.303170 0.642328 0.304506 0.642996 0.303616 0.649448 0.300724 0.653006 0.294494 0.663240 0.294940 0.664574 0.300724 0.661682 0.310512 0.645888 0.311624 0.645220 0.320300 0.651228 0.330754 0.660126 0.345658 0.665464 0.339208 0.660570 0.325416 0.653452 0.317408 0.646334 0.310512 0.642774 0.306730 0.641216 0.307842 0.636100 0.316518 0.632764 0.330310 0.627202 0.340764 0.625422 0.358116 0.623198 0.351220 0.619416 0.357004 0.618750 0.359006 0.615858 0.349662 0.615858 0.331422 0.620084 0.314516 0.624978 0.305172 0.635432 0.302726 0.629650 0.304506 0.622976 0.310956 0.618750 0.323192 0.610074 0.328974 0.604068 0.330754 0.598506 0.322968 0.603844 0.304060 0.616970 0.303838 0.610296 0.303616 0.601398 0.301390 0.602288 0.299166 0.617636 0.294940 0.615634 0.288712 0.604512 0.285596 0.599618 0.282482 0.595836
0 0.304950 0.356478 0.305394 0.365822 0.305840 0.378278 0.304950 0.382728 0.300946 0.379614 0.295830 0.374942 0.287154 0.374498 0.275142 0.377166 0.268468 0.381616 0.263130 0.383618 0.280480 0.379168 0.287376 0.377834 0.293382 0.379614 0.297832 0.382506 0.307396 0.381838 0.313404 0.379168 0.322968 0.369604 0.330754 0.361596 0.335204 0.357368 0.344546 0.354700 0.344102 0.342242 0.342990 0.346024 0.338986 0.352474 0.329198 0.356478 0.318298 0.364486 0.310066 0.373162 0.309844 0.364042 0.307174 0.355144
0 0.336538 0.278398 0.324304 0.291300 0.316072 0.302646 0.311624 0.309096 0.306730 0.299976 0.303838 0.295082 0.299834 0.297530 0.306062 0.305314 0.304282 0.310654 0.303616 0.314880 0.296274 0.319106 0.299166 0.327338 0.304728 0.332898 0.305840 0.341352 0.304060 0.347580 0.300500 0.352474 0.309400 0.347804 0.317852 0.346690 0.316740 0.340684 0.320744 0.336236 0.326750 0.334012 0.316962 0.330230 0.313848 0.329340 0.315628 0.321998 0.307396 0.319106 0.324080 0.315102 0.335426 0.309764 0.322524 0.309542 0.320966 0.309986 0.335204 0.296416 0.337650 0.282624
0 0.463838 0.516920 0.483912 0.538174 0.492414 0.547622 0.496192 0.553526 0.494776 0.557540 0.480606 0.560138 0.475410 0.568168 0.473520 0.580922 0.475174 0.597926 0.475646 0.575018 0.479424 0.566278 0.485330 0.561792 0.499264 0.558248 0.501862 0.559902 0.508238 0.576198 0.511072 0.583046 0.508002 0.594856 0.501862 0.604774 0.503042 0.611150 0.508474 0.594146 0.512962 0.584936 0.513670 0.582574 0.520990 0.586354 0.533508 0.583520 0.543900 0.585408 0.540830 0.580922 0.528548 0.579976 0.521464 0.577852 0.519574 0.566042 0.510126 0.557068 0.505404 0.555178 0.501152 0.544078 0.495484 0.537938 0.479424 0.524240 0.471158 0.518572
0 0.496430 0.783556 0.497610 0.799378 0.488872 0.795128 0.483912 0.801032 0.480842 0.822524 0.471396 0.808590 0.468324 0.814020 0.483676 0.828428 0.458406 0.831026 0.483912 0.834804 0.520046 0.851100 0.508238 0.836694 0.501388 0.830080 0.494776 0.820398 0.491470 0.808826 0.495484 0.801268 0.500680 0.797962 0.506820 0.793474 0.501862 0.793946
1 0.532326 0.401432 0.531854 0.414422 0.525242 0.427174 0.534452 0.436858 0.543426 0.436386 0.559014 0.431898 0.559958 0.422216 0.557834 0.407572 0.550748 0.410878 0.542718 0.410406 0.538232 0.407100 0.534924 0.406156
0 0.519338 0.245796 0.510836 0.259258 0.508710 0.264218 0.502334 0.270594 0.503278 0.278152 0.509418 0.284056 0.514378 0.294920 0.515322 0.308618 0.522408 0.314286 0.533036 0.311688 0.530202 0.308618 0.519102 0.306020 0.521464 0.294920 0.525242 0.300116 0.538940 0.306492 0.545080 0.306964 0.551220 0.308146 0.552638 0.311924 0.566572 0.312160 0.565154 0.309326 0.550984 0.306492 0.534688 0.299406 0.530910 0.293030 0.525950 0.290196 0.524060 0.285946 0.527132 0.272484 0.524534 0.272956 0.515558 0.283112 0.512962 0.284056 0.519574 0.271066 0.521464 0.267524 0.526422 0.265162 0.537996 0.271066 0.547442 0.276734 0.555236 0.271302 0.553110 0.268940 0.541538 0.267288 0.539412 0.260674 0.535160 0.261148 0.520282 0.265162 0.515086 0.261620 0.517920 0.252408
0 0.493122 0.332706 0.491942 0.347822 0.494304 0.361284 0.498790 0.377342 0.506584 0.388206 0.493832 0.386554 0.488400 0.385372 0.485802 0.380414 0.485330 0.366242 0.483912 0.353490 0.481786 0.358922 0.477064 0.370494 0.476828 0.375690 0.482968 0.384900 0.484856 0.391512 0.482258 0.410406 0.484384 0.411116 0.486510 0.390568 0.497138 0.394110 0.504696 0.394348 0.519810 0.394820 0.537286 0.394820 0.538232 0.391512 0.516740 0.388206 0.506820 0.387498 0.513670 0.382066 0.521226 0.375690 0.524298 0.367188 0.525242 0.359394 0.525478 0.352072 0.523588 0.353726 0.521700 0.359394 0.520518 0.368132 0.517920 0.375454 0.514378 0.379940 0.506348 0.381594 0.499264 0.362700 0.496666 0.357268 0.493832 0.346168 0.494776 0.343570 0.495012 0.338138
1 0.564508 0.341742 0.560938 0.342858 0.551562 0.353794 0.553794 0.367858 0.557812 0.379910 0.567410 0.387054 0.581026 0.387276 0.584598 0.382590 0.590624 0.370090 0.593974 0.360938 0.590178 0.351116 0.579464 0.345758 0.569866 0.344196
1 0.511160 0.397322 0.501786 0.409152 0.504910 0.410492 0.512724 0.400670 0.518304 0.405358 0.524776 0.406250 0.524330 0.401786 0.521652 0.398214 0.516742 0.396876
1 0.929492 0.056836 0.941992 0.052344 0.945508 0.060156 0.949804 0.070312 0.949024 0.075976 0.943750 0.069532 0.942774 0.063086 0.942968 0.060156 0.936328 0.059960 0.931054 0.060546
1 0.510352 0.168164 0.494726 0.172460 0.486718 0.175000 0.488868 0.179688 0.488868 0.189258 0.476368 0.181836 0.470508 0.175976 0.465040 0.183204 0.467188 0.189844 0.476172 0.193946 0.483984 0.200196 0.496680 0.206250 0.516602 0.207422 0.534180 0.201172 0.537696 0.192382 0.536328 0.185156 0.534766 0.182422 0.535742 0.171094 0.535742 0.166602 0.525586 0.178126 0.516602 0.173632 0.514454 0.168750
0 0.816704 0.247138 0.807374 0.250664 0.801154 0.259164 0.799910 0.266628 0.801776 0.272434 0.807374 0.280312 0.818778 0.293790 0.814010 0.297108 0.807790 0.302084 0.813594 0.302084 0.818570 0.297314 0.819608 0.301876 0.822302 0.310584 0.822096 0.325928 0.817742 0.333598 0.814424 0.337746 0.821474 0.329038 0.826242 0.315560 0.822096 0.295034 0.825620 0.294412 0.852782 0.296692 0.859002 0.294204 0.834536 0.294204 0.820644 0.291924 0.819608 0.284666 0.820436 0.280520 0.828316 0.273886 0.836816 0.271604 0.829974 0.269324 0.821266 0.274092 0.812972 0.279484 0.806338 0.274300 0.803642 0.267044 0.803850 0.261652 0.812766 0.256262 0.811936 0.260202 0.817120 0.265384 0.818156 0.273470 0.819400 0.263104 0.818778 0.256676 0.814838 0.249834
0 0.817326 0.588832 0.811728 0.605004 0.807374 0.609358 0.800740 0.609152 0.805302 0.600858 0.799704 0.604590 0.791202 0.631750 0.795972 0.643570 0.798252 0.648130 0.786848 0.643984 0.783946 0.646058 0.787056 0.650618 0.797838 0.657254 0.801154 0.660364 0.812350 0.684622 0.821266 0.699344 0.818364 0.690220 0.815460 0.665132 0.813388 0.655802 0.819608 0.649790 0.830596 0.639838 0.844488 0.637142 0.858794 0.638178 0.862320 0.624080 0.855892 0.626360 0.848634 0.631750 0.839304 0.633202 0.832256 0.629678 0.822302 0.637764 0.804886 0.652070 0.802606 0.648752 0.801570 0.640460 0.807996 0.631750 0.809240 0.617860 0.812144 0.605004 0.816290 0.598576
0 0.837646 0.671146 0.827072 0.677780 0.815876 0.684000 0.803436 0.689806 0.801776 0.692500 0.788922 0.686488 0.776688 0.680682 0.778970 0.684830 0.797630 0.694782 0.799704 0.696440 0.799288 0.703698 0.797838 0.705356 0.784982 0.695612 0.785604 0.698306 0.795556 0.712406 0.798666 0.716760 0.800532 0.725676 0.802606 0.729200 0.793068 0.727334 0.786640 0.728370 0.788506 0.730236 0.802606 0.734798 0.802814 0.736872 0.801362 0.747860 0.805094 0.757190 0.803850 0.754496 0.802606 0.742676 0.804680 0.738116 0.813180 0.743714 0.815046 0.734384 0.817742 0.724016 0.822718 0.709296 0.820022 0.710124 0.814632 0.721320 0.812766 0.730444 0.807582 0.738530 0.805716 0.727542 0.807790 0.710954 0.810484 0.707222 0.801776 0.703698 0.803850 0.696648 0.809448 0.692294 0.824376 0.684622 0.832462 0.680268
1 0.739576 0.797622 0.732526 0.796792 0.718426 0.798036 0.715316 0.798450 0.708682 0.793890 0.703290 0.797414 0.702254 0.805292 0.695826 0.817318 0.697692 0.821466 0.702462 0.826442 0.698522 0.834942 0.709926 0.839504 0.714280 0.842200 0.726306 0.845310 0.742478 0.845310 0.744344 0.843650 0.747246 0.839296 0.752016 0.833076 0.752638 0.827270 0.748284 0.805292 0.748076 0.796792
1 0.706400 0.617652 0.713450 0.618482 0.719464 0.614542 0.724232 0.617652 0.728586 0.624908 0.739782 0.626568 0.742064 0.627190 0.751808 0.630714 0.757198 0.636934 0.765700 0.637972 0.769224 0.641288 0.770468 0.649996 0.762796 0.644398 0.761346 0.641496 0.753260 0.639216 0.749942 0.636520 0.745796 0.631750 0.740820 0.631750 0.737086 0.638178 0.732318 0.641082 0.721330 0.638386 0.721536 0.632372 0.721952 0.628434 0.715524 0.625116 0.712000 0.625530 0.707644 0.621592
1 0.441166 0.597690 0.438568 0.605482 0.442346 0.616582 0.442110 0.626502 0.458878 0.628156 0.467852 0.626030 0.469506 0.616820 0.467380 0.613512 0.461004 0.607136 0.459822 0.603122 0.451556 0.604538 0.447778 0.603358
0 0.520688 0.001768 0.505024 0.010106 0.510582 0.014908 0.516646 0.020466 0.528522 0.030826 0.534080 0.027036 0.539134 0.029562 0.540144 0.034616 0.539638 0.050786 0.537618 0.057862 0.545198 0.055586 0.543428 0.063926 0.533828 0.065442 0.536354 0.072264 0.541660 0.088434 0.544944 0.090202 0.546460 0.086160 0.542166 0.076054 0.544440 0.064430 0.547472 0.054828 0.546966 0.043964 0.543428 0.033604 0.541154 0.024508 0.530290 0.024762 0.529026 0.022234 0.545450 0.012634 0.553788 0.007580 0.528522 0.010360 0.523468 0.015666 0.516646 0.008338 0.527006 0.000758
0 0.524478 0.034110 0.521700 0.048006 0.512098 0.076812 0.503002 0.077316 0.500476 0.078832 0.505782 0.080096 0.511088 0.081612 0.510582 0.088940 0.508056 0.096772 0.507550 0.101572 0.509572 0.105616 0.523216 0.099804 0.529280 0.087424 0.530542 0.077316 0.522204 0.084138 0.523468 0.077064 0.527258 0.068978 0.528774 0.061904 0.525490 0.053566 0.525490 0.040174
1 0.487842 0.020214 0.488600 0.025014 0.492894 0.031836 0.484304 0.037142 0.487084 0.037900 0.499718 0.034362 0.515130 0.035374 0.516898 0.031584 0.506792 0.030068 0.497442 0.030320 0.495422 0.026530 0.492642 0.021982
0 0.273578 0.140736 0.288234 0.166256 0.294298 0.176868 0.308700 0.194050 0.318048 0.195312 0.322596 0.201376 0.329672 0.210220 0.335736 0.210472 0.323860 0.200366 0.320828 0.194554 0.334472 0.196324 0.345336 0.196828 0.349126 0.194554 0.343316 0.191018 0.339020 0.190260 0.338768 0.184954 0.337252 0.188490 0.328914 0.191018 0.325628 0.188238 0.333714 0.179394 0.335230 0.164740 0.332956 0.157412 0.331946 0.165750 0.330176 0.175604 0.318554 0.187480 0.313754 0.189754 0.307184 0.175100 0.304152 0.172572 0.299098 0.166760 0.285960 0.154632 0.282928 0.148568
0 0.283686 0.085402 0.306174 0.091972 0.315016 0.105362 0.315522 0.110668 0.320070 0.117238 0.309964 0.151096 0.322344 0.121280 0.325376 0.128102 0.328914 0.138462 0.328660 0.125324 0.351148 0.142000 0.354686 0.135178 0.331440 0.122544 0.324366 0.116986 0.324366 0.106120 0.316532 0.098794 0.311226 0.088940 0.305416 0.086918 0.291518 0.084896
2 0.224024 0.907226 0.207422 0.922852 0.210546 0.923438 0.217188 0.922460 0.223632 0.931250 0.225782 0.932812 0.223242 0.924218 0.224414 0.920508 0.232812 0.917774 0.233984 0.916210 0.233398 0.910156 0.224024 0.913476 0.221290 0.913086
1 0.251758 0.926368 0.241016 0.935742 0.233398 0.938476 0.230468 0.937500 0.225586 0.933790 0.224414 0.940040 0.229492 0.943164 0.240820 0.949024 0.242382 0.948632 0.238476 0.943360 0.235352 0.939454 0.245704 0.936718 0.247852 0.934180 0.251368 0.931836
1 0.320118 0.675976 0.328906 0.686524 0.329296 0.690040 0.340430 0.687890 0.342578 0.686524 0.333594 0.685352 0.329102 0.684570 0.327540 0.677734 0.322460 0.673242
1 0.299610 0.687890 0.295704 0.693946 0.293554 0.690820 0.288476 0.696290 0.287500 0.697852 0.269532 0.695312 0.265430 0.697460 0.275390 0.700976 0.288086 0.701368 0.290820 0.702930 0.289454 0.706640 0.284180 0.711132 0.286132 0.714062 0.288282 0.712110 0.290040 0.707226 0.296484 0.708398 0.297070 0.705468 0.296290 0.697656 0.301954 0.691992 0.302148 0.687890 0.300782 0.686132
1 0.315624 0.684960 0.314648 0.689258 0.326954 0.699024 0.333204 0.703516 0.337110 0.700196 0.338086 0.701562 0.333204 0.707812 0.340820 0.706054 0.341796 0.701172 0.335742 0.695898 0.325000 0.694336 0.320508 0.689844 0.317968 0.687110
1 0.389258 0.644336 0.389258 0.651368 0.384766 0.654688 0.388476 0.657032 0.393554 0.651562 0.392382 0.645704 0.391406 0.644336 0.391796 0.647266
1 0.286914 0.717188 0.287304 0.720898 0.281446 0.722656 0.296876 0.726368 0.293946 0.728906 0.282032 0.733594 0.280664 0.736718 0.289062 0.737696 0.298632 0.733398 0.316406 0.725976 0.316016 0.728906 0.317968 0.734180 0.327734 0.732422 0.321680 0.728710 0.323438 0.721876 0.324610 0.716406 0.314648 0.719140 0.302930 0.724218 0.299414 0.725586 0.298828 0.722656 0.307812 0.719726 0.309570 0.717968 0.301758 0.717578 0.290430 0.719532
1 0.249218 0.606640 0.245508 0.618360 0.233008 0.616016 0.227540 0.611328 0.225000 0.609570 0.223438 0.611914 0.229296 0.616796 0.240820 0.621290 0.248242 0.623632 0.251562 0.631640 0.259766 0.640040 0.262500 0.644532 0.259376 0.649414 0.256250 0.655860 0.254102 0.665624 0.250782 0.676954 0.248438 0.684180 0.247266 0.684374 0.244140 0.672852 0.241602 0.670118 0.243554 0.676954 0.246876 0.687696 0.246876 0.692578 0.246094 0.708204 0.247460 0.704882 0.251758 0.690820 0.256054 0.689258 0.252344 0.684570 0.259570 0.664648 0.261524 0.650196 0.269336 0.653320 0.292188 0.665234 0.289648 0.661328 0.280468 0.655078 0.283790 0.645704 0.275000 0.649218 0.270118 0.647266 0.259960 0.633204 0.254492 0.622656 0.250390 0.613086 0.252148 0.606446 0.250390 0.604882
1 0.317602 0.006518 0.319122 0.010646 0.334112 0.012600 0.336286 0.010862 0.337154 0.006084 0.331288 0.005648 0.328682 0.003694
1 0.342368 0.034544 0.344324 0.046058 0.346496 0.054966 0.343890 0.058224 0.341716 0.062352 0.348234 0.060832 0.353448 0.071042 0.352580 0.079950 0.355404 0.073432 0.352796 0.063222 0.357142 0.062570 0.363876 0.075604 0.374088 0.074954 0.361704 0.065828 0.359314 0.057572 0.363224 0.033240 0.361052 0.028026 0.351928 0.040410 0.347800 0.035848 0.346062 0.030850 0.344106 0.032372
1 0.260246 0.035412 0.258724 0.061048 0.249600 0.069956 0.247428 0.069088 0.249600 0.060614 0.243952 0.077560 0.235914 0.082340 0.228960 0.072346 0.218316 0.076256 0.214404 0.087988 0.226788 0.094072 0.231350 0.104500 0.224398 0.113842 0.241128 0.119924 0.239172 0.120576 0.229612 0.129702 0.235044 0.137958 0.243082 0.141650 0.258942 0.121662 0.264808 0.111670 0.270022 0.105804 0.266980 0.092550 0.268066 0.068218 0.260898 0.079950 0.256770 0.075604 0.260898 0.055834 0.261984 0.046276 0.258074 0.033458
1 0.278332 0.217068 0.267702 0.227946 0.261768 0.229924 0.260038 0.228194 0.260284 0.220778 0.260532 0.211876 0.261520 0.207674 0.259296 0.209652 0.256576 0.220282 0.256330 0.227452 0.258060 0.231902 0.263252 0.236106 0.269926 0.234622 0.271904 0.240062 0.270916 0.249950 0.274130 0.245994 0.275860 0.238826 0.288222 0.240804 0.288964 0.245994 0.290942 0.249950 0.292920 0.242780 0.284266 0.237094 0.276354 0.233634 0.277096 0.230666 0.279322 0.222014
1 0.253610 0.266516 0.256330 0.275416 0.257318 0.282090 0.247676 0.278134 0.245204 0.281348 0.243720 0.284562 0.254352 0.284068 0.266466 0.292474 0.269680 0.295194 0.266712 0.284810 0.260780 0.277640 0.257566 0.267504
1 0.463756 0.296678 0.473646 0.298408 0.482546 0.299150 0.485760 0.300138 0.486748 0.306072 0.484770 0.314972 0.482546 0.308792 0.484028 0.301870 0.482792 0.301870 0.472162 0.301374
1 0.457080 0.306072 0.456586 0.314726 0.455598 0.327334 0.444720 0.328076 0.442000 0.333268 0.453124 0.331536 0.456586 0.331042 0.458316 0.328570 0.460048 0.332526 0.459306 0.322884 0.460790 0.311512 0.459554 0.306566
1 0.502076 0.248714 0.489716 0.261818 0.486748 0.265032 0.485018 0.267504 0.488480 0.270718 0.486254 0.277394 0.481310 0.281596 0.478590 0.290496 0.483288 0.290744 0.494660 0.273190 0.491940 0.268988 0.492188 0.266020 0.496884 0.260334 0.501336 0.252176
1 0.367584 0.194324 0.374012 0.212124 0.377472 0.223250 0.379698 0.225722 0.390576 0.219046 0.396756 0.219788 0.400464 0.218058 0.401700 0.209404 0.398486 0.206932 0.394778 0.206190 0.395026 0.201988 0.392554 0.196548 0.388844 0.195806 0.380934 0.188884 0.373270 0.189626 0.376484 0.195560 0.373516 0.199268
1 0.343108 0.227206 0.337174 0.233386 0.333218 0.236848 0.325802 0.233634 0.320114 0.236352 0.332230 0.238578 0.333960 0.241544 0.324070 0.245748 0.316406 0.250692 0.326296 0.249704 0.336680 0.244512 0.340634 0.242534 0.340140 0.235612
1 0.256330 0.318434 0.249160 0.327334 0.253362 0.334504 0.254846 0.343156 0.253856 0.344888 0.263994 0.340932 0.265476 0.331784 0.266960 0.328570 0.265230 0.324862 0.264734 0.322884 0.260284 0.320164
1 0.316654 0.428452 0.303550 0.437598 0.295392 0.441802 0.294402 0.436610 0.271410 0.436116 0.268690 0.439576 0.273636 0.446746 0.290200 0.453174 0.295638 0.453174 0.307012 0.463064 0.311708 0.458614 0.312204 0.446746
1 0.464250 0.437598 0.462768 0.454410 0.460294 0.467514 0.463014 0.474930 0.471420 0.480370 0.459800 0.481606 0.456340 0.481358 0.450406 0.468502 0.443236 0.464052 0.458070 0.478640 0.450652 0.489764 0.446202 0.494710 0.452630 0.495450 0.457576 0.495204 0.463508 0.497428 0.467712 0.491000 0.465982 0.487046 0.479332 0.486798 0.492930 0.492236 0.499604 0.486304 0.511966 0.484326 0.519630 0.484572 0.522596 0.475672 0.526552 0.458860 0.522596 0.462074 0.512708 0.472212 0.499852 0.469738 0.497380 0.459356 0.491940 0.454164 0.480074 0.445016 0.471420 0.440072
1 0.410354 0.431666 0.407882 0.439576 0.395026 0.447736 0.409118 0.444274 0.416288 0.436610 0.416534 0.439082 0.423210 0.439576 0.427908 0.433644 0.422716 0.435374 0.416288 0.436362 0.413568 0.433890 0.414556 0.430676
1 0.390328 0.471964 0.390328 0.487786 0.387856 0.489518 0.400712 0.491742 0.397004 0.483832 0.394532 0.482100
1 0.488826 0.092440 0.484770 0.098816 0.471150 0.108088 0.463036 0.111566 0.449996 0.117362 0.454922 0.125186 0.454052 0.138226 0.463036 0.145470 0.474916 0.146340 0.494332 0.140544 0.497810 0.134168 0.501576 0.120548 0.501286 0.108668 0.500418 0.104032 0.500996 0.099394 0.491724 0.102582 0.494332 0.097656 0.504184 0.092730 0.496360 0.091860
1 0.416090 0.514362 0.427682 0.523344 0.430580 0.529140 0.431450 0.522766 0.437534 0.517838 0.435796 0.515810 0.431450 0.520158 0.427972 0.521316 0.424784 0.517550
1 0.372624 0.528272 0.361612 0.530880 0.353498 0.534066 0.348862 0.536964 0.352628 0.543630 0.365670 0.535806 0.368278 0.535226 0.379578 0.541312 0.385084 0.540152 0.378420 0.532038
1 0.407108 0.527402 0.404790 0.540732 0.393488 0.541600 0.401312 0.545078 0.407108 0.546528 0.407398 0.547106 0.408556 0.536384
1 0.282212 0.534936 0.288008 0.548846 0.283372 0.553772 0.296990 0.555800 0.303076 0.560726 0.312928 0.551744 0.321912 0.547976 0.323650 0.543920 0.315536 0.546818 0.312060 0.543920 0.311480 0.533488 0.306264 0.542470 0.305974 0.549136 0.298730 0.544788 0.294094 0.543630 0.292354 0.538414 0.290906 0.533198 0.286270 0.532038
1 0.241932 0.365124 0.234108 0.371790 0.232660 0.379904 0.230342 0.386278 0.228022 0.388886 0.241064 0.385120 0.241064 0.379324 0.240194 0.376426 0.241064 0.372368
1 0.239324 0.391204 0.229762 0.399608 0.227734 0.401346 0.220488 0.397870 0.223096 0.405114 0.222518 0.407722 0.219620 0.413808 0.221068 0.412648 0.231500 0.403086 0.235848 0.397000
1 0.200784 0.426558 0.208608 0.430904 0.219330 0.434092 0.215562 0.437570 0.212664 0.439888 0.213244 0.444814 0.206000 0.442206 0.193540 0.434962 0.195568 0.443654 0.208608 0.445974 0.208608 0.450900 0.220198 0.452058 0.228312 0.446262 0.231210 0.438150 0.231790 0.431194 0.230342 0.427716 0.224836 0.433222 0.222806 0.427716 0.209188 0.427428
1 0.258160 0.439018 0.245410 0.442496 0.248598 0.448002 0.251496 0.450610 0.254394 0.457564 0.255552 0.461622 0.263956 0.454088 0.258160 0.450320 0.265114 0.446552 0.263666 0.441046 0.263376 0.438438
1 0.231500 0.545658 0.235848 0.553772 0.240484 0.563044 0.238166 0.566522 0.244250 0.569420 0.245700 0.573476 0.241642 0.586228 0.248018 0.587096 0.249178 0.571738 0.255552 0.561596 0.261348 0.557828 0.257002 0.557250 0.250336 0.562466 0.248018 0.556090 0.244830 0.552902 0.242222 0.552322 0.240194 0.549714
1 0.256712 0.504508 0.254682 0.512912 0.249756 0.516390 0.235558 0.514652 0.230632 0.517260 0.238744 0.524504 0.252944 0.529430 0.263086 0.532908 0.261348 0.540152 0.266854 0.546818 0.275258 0.537834 0.278734 0.526822 0.281922 0.524214 0.286848 0.519868 0.263666 0.520736 0.261928 0.514072 0.261638 0.504508
1 0.231790 0.475820 0.207158 0.477270 0.203682 0.478138 0.192090 0.485674 0.185714 0.493498 0.192670 0.492918 0.206580 0.481616 0.216432 0.479008 0.227734 0.481906 0.232660 0.481036
1 0.278444 0.462200 0.290616 0.471474 0.292644 0.470026 0.296990 0.458724 0.294382 0.458144 0.291196 0.464230 0.289166 0.465098 0.285400 0.464230
1 0.282792 0.473212 0.283660 0.481616 0.273808 0.483066 0.286270 0.482486 0.285690 0.479878 0.285110 0.476690
0 0.516884 0.890410 0.511718 0.899330 0.493408 0.920458 0.490826 0.925622 0.488948 0.934072 0.489418 0.944402 0.494582 0.938532 0.498572 0.939472 0.487540 0.953322 0.499982 0.945340 0.509606 0.940646 0.520404 0.946514 0.532376 0.941350 0.549748 0.930786 0.553974 0.919988 0.544818 0.929142 0.516180 0.942288 0.528386 0.930316 0.535428 0.917406 0.535194 0.909190 0.527916 0.919752 0.515710 0.935012 0.503032 0.940410 0.502798 0.933838 0.503502 0.922570 0.504676 0.915292 0.509606 0.909190 0.515474 0.898390
0 0.497634 0.962946 0.491764 0.964356 0.484722 0.974684 0.482610 0.984074 0.484252 0.989004 0.487774 0.991118 0.486328 0.998046 0.496226 0.997924 0.504206 0.997456 0.503972 0.988066 0.506554 0.974450 0.505380 0.958252 0.501860 0.974684 0.497164 0.991822 0.488478 0.973510 0.492938 0.972336 0.497634 0.968112 0.499512 0.964590
0 0.484958 0.633358 0.483314 0.642512 0.485896 0.650260 0.475568 0.648382 0.465942 0.647912 0.461716 0.654484 0.455144 0.657772 0.469698 0.654484 0.478618 0.655894 0.478384 0.662700 0.474628 0.670918 0.495520 0.659884 0.512188 0.653310 0.515474 0.647676 0.513128 0.647208 0.501154 0.654484 0.486366 0.646268 0.488714 0.638286
1 0.514302 0.669744 0.513596 0.675612 0.510780 0.693218 0.508666 0.699792 0.520170 0.705660 0.534960 0.702608 0.543176 0.697444 0.562424 0.688524 0.564068 0.679368 0.560782 0.674674 0.553504 0.668334 0.551626 0.664578 0.536838 0.674438 0.531672 0.672090 0.526274 0.668804
0 0.503032 0.685942 0.497868 0.692984 0.491060 0.703078 0.490592 0.721388 0.489886 0.725144 0.477210 0.718806 0.468056 0.721624 0.479324 0.726318 0.500920 0.737352 0.501390 0.744628 0.496226 0.760358 0.503972 0.750968 0.512658 0.750028 0.518762 0.755896 0.523926 0.770452 0.527448 0.780780 0.528152 0.776554 0.522986 0.749090 0.534960 0.742986 0.540124 0.738290 0.543176 0.731952 0.526508 0.740168 0.516414 0.741812 0.506554 0.734066 0.496930 0.728432 0.515944 0.719276 0.515710 0.712468 0.505850 0.720214 0.496226 0.729136 0.497164 0.715286 0.501624 0.699088 0.503502 0.689932
1 0.521814 0.718806 0.528620 0.729840 0.529794 0.736412 0.536838 0.732188 0.537776 0.725144 0.537542 0.723736 0.530030 0.727022 0.527448 0.722328
1 0.577684 0.692750 0.573224 0.700496 0.568764 0.704956 0.562424 0.708008 0.564302 0.709416 0.576040 0.710590 0.579562 0.715050 0.577684 0.721858 0.574398 0.716458 0.573458 0.710824 0.575570 0.704722 0.577448 0.697444
1 0.553974 0.756602 0.546462 0.768338 0.529090 0.765522 0.534490 0.767870 0.541298 0.770452 0.549514 0.774208 0.549044 0.777494 0.546932 0.781954 0.537072 0.785946 0.533786 0.789702 0.545522 0.788996 0.548340 0.788996 0.553740 0.790406 0.558200 0.784302 0.566886 0.771860 0.565242 0.764818 0.558668 0.773738 0.553034 0.776554 0.553270 0.766696
1 0.466882 0.772564 0.465708 0.790640 0.465942 0.794162 0.454910 0.797448 0.457960 0.790170 0.454440 0.782424 0.451388 0.787354 0.450684 0.793458 0.442702 0.793222 0.441058 0.795570 0.452796 0.797682 0.461716 0.800030 0.465708 0.805898 0.469934 0.800500 0.477210 0.799092 0.472280 0.792284 0.468994 0.786650 0.469228 0.778198 0.469934 0.771626 0.468994 0.769512
1 0.415472 0.805664 0.419228 0.817166 0.418054 0.821862 0.431904 0.826088 0.435190 0.826556 0.433078 0.820218 0.425330 0.817166 0.421574 0.815288 0.420870 0.807542 0.418992 0.804020
1 0.568294 0.800030 0.564772 0.808012 0.553740 0.814820 0.543410 0.816698 0.541766 0.818576 0.548340 0.819750 0.560782 0.819514 0.564302 0.816698 0.567824 0.808482 0.571346 0.804020 0.570642 0.799326
1 0.592004 0.861770 0.583318 0.868342 0.570172 0.876794 0.568058 0.882898 0.579562 0.879846 0.585666 0.874680 0.589656 0.868578
1 0.907776 0.862608 0.910764 0.858532 0.914024 0.851198 0.909950 0.844136 0.904516 0.833542 0.882242 0.824848 0.875450 0.841148 0.880612 0.856088 0.875722 0.859892 0.858338 0.867226 0.852090 0.870214 0.857250 0.872116 0.881428 0.870486 0.878440 0.877276 0.890120 0.884340 0.899084 0.884068 0.906962 0.881352 0.907776 0.873474
1 0.965366 0.921826 0.975416 0.931062 0.974872 0.934594 0.977046 0.930790 0.980578 0.924270 0.989814 0.921554 0.983022 0.918024 0.978948 0.922912 0.973786 0.925358 0.971614 0.923184 0.968626 0.920468
1 0.999864 0.986750 0.986826 0.986206 0.985738 0.990552 0.998778 0.992726
1 0.587222 0.047058 0.591678 0.052564 0.583552 0.057808 0.581716 0.059642 0.593514 0.058594 0.601642 0.054662 0.602690 0.058594 0.609376 0.064648 0.614454 0.064844 0.612304 0.060546 0.610156 0.058398 0.616406 0.052930 0.613868 0.053126 0.608008 0.054102 0.605468 0.054492 0.597266 0.048828 0.591016 0.046680
1 0.654492 0.103320 0.646874 0.106054 0.636914 0.113086 0.635156 0.111718 0.635352 0.106446 0.639648 0.096484 0.640430 0.088476 0.635742 0.089258 0.633594 0.100976 0.631250 0.110938 0.628126 0.103710 0.626368 0.094532 0.621484 0.094922 0.621680 0.102344 0.623632 0.112696 0.627344 0.117968 0.631836 0.114258 0.633204 0.115234 0.632618 0.119532 0.635742 0.121484 0.643946 0.115820 0.653124 0.105468
1 0.733822 0.040000 0.749624 0.064446 0.756044 0.063212 0.754810 0.052346 0.750118 0.047902
1 0.897776 0.012100 0.896788 0.027408 0.896048 0.033580 0.897528 0.039754 0.902468 0.032594 0.904690 0.030618 0.903948 0.026668 0.903454 0.022716 0.901480 0.011112
1 0.938270 0.273338 0.933086 0.279758 0.933826 0.287906 0.933578 0.294080 0.927406 0.297290 0.928640 0.299512 0.940986 0.305438 0.939504 0.314822 0.959012 0.331364 0.959752 0.315314 0.955802 0.296302 0.943950 0.296056 0.944196 0.294080 0.948888 0.278524 0.942222 0.269882
1 0.872344 0.219016 0.863454 0.225190 0.858022 0.232844 0.867404 0.237042 0.867158 0.230374 0.871850 0.227412 0.872344 0.222968
1 0.746908 0.333586 0.738514 0.340254 0.734316 0.336796 0.732340 0.336550 0.733328 0.342722 0.739994 0.348156 0.744440 0.356550 0.746414 0.352600 0.748144 0.350130 0.747896 0.343216
1 0.753896 0.407946 0.758272 0.424358 0.767846 0.426820 0.768666 0.424086 0.757998 0.422170 0.757178 0.419708 0.757178 0.409860
1 0.734766 0.456054 0.734960 0.460352 0.744922 0.467774 0.746094 0.470508 0.746484 0.481250 0.749610 0.471290 0.753516 0.460352 0.752344 0.459960 0.746094 0.462696 0.739258 0.460938
0 0.772124 0.958602 0.779020 0.969554 0.775368 0.973002 0.775166 0.987402 0.776788 0.996122 0.779296 0.998046 0.787110 0.998046 0.779628 0.983142 0.780236 0.973610 0.783076 0.968336 0.798084 0.970972 0.801328 0.970568 0.776788 0.966106 0.783480 0.963672 0.788348 0.958398 0.780236 0.962048 0.778816 0.962658 0.777194 0.960224
1 0.528192 0.207156 0.538314 0.219216 0.538960 0.220722 0.542620 0.218138 0.546712 0.217924 0.552310 0.217924 0.558124 0.216846 0.554032 0.215554 0.541544 0.215340 0.537882 0.213616 0.531852 0.207372
1 0.562432 0.276064 0.562862 0.281018 0.560278 0.285108 0.556832 0.286616 0.569106 0.287692 0.576212 0.289846 0.583318 0.288338 0.588702 0.290492 0.587410 0.283386 0.581812 0.275634 0.579012 0.278002 0.577504 0.283170 0.569968 0.284462 0.568460 0.283386 0.568246 0.277572 0.566522 0.274772 0.564154 0.273912
1 0.580950 0.295660 0.574490 0.306642 0.571476 0.305350 0.562862 0.298890 0.565230 0.306858 0.575782 0.316548 0.584826 0.329684 0.586980 0.327962 0.584396 0.319778 0.581596 0.314394 0.580088 0.307720 0.582458 0.299106
1 0.559416 0.655922 0.569968 0.666904 0.575998 0.666474 0.574920 0.670566 0.576858 0.677888 0.577936 0.671642 0.577720 0.666258 0.576212 0.661736 0.577504 0.659368 0.573198 0.660444 0.569538 0.659584 0.565016 0.658292 0.561786 0.655062
1 0.434736 0.678964 0.432366 0.684778 0.436888 0.687146 0.438826 0.692746 0.444856 0.695760 0.438396 0.697914 0.459068 0.697698 0.465960 0.698560 0.474572 0.697484 0.481678 0.694254 0.481248 0.691454 0.468544 0.692530 0.465528 0.689946 0.456700 0.681118 0.456700 0.693392 0.452608 0.692100 0.452608 0.689084 0.452608 0.683702 0.446364 0.682840 0.440118 0.681978
1 0.924612 0.082168 0.921488 0.096646 0.929438 0.098916 0.927166 0.094090 0.926882 0.088412 0.926598 0.084722
1 0.983790 0.479102 0.977734 0.499024 0.963672 0.499024 0.962500 0.500976 0.965430 0.502148 0.983204 0.500390 0.985352 0.496484 0.985546 0.488086 0.985742 0.483008
1 0.991796 0.498632 0.984376 0.506640 0.977930 0.514454 0.978516 0.517578 0.986718 0.528320 0.997656 0.530274 0.997656 0.526368 0.995508 0.520118 0.990820 0.529492 0.988086 0.521680 0.983594 0.516796 0.983790 0.514648 0.991016 0.505860
1 0.960546 0.964844 0.961718 0.973438 0.963672 0.976758 0.980468 0.977344 0.976954 0.975000 0.970508 0.975000 0.966210 0.973828 0.965430 0.968750 0.963282 0.966210
1 0.714210 0.735638 0.703742 0.738928 0.703742 0.745806 0.707330 0.752386 0.707928 0.754780 0.715706 0.755078 0.728566 0.754182 0.733052 0.748798 0.730362 0.737132 0.720192 0.742816 0.718398 0.740124 0.721088 0.726964 0.716602 0.723074 0.714808 0.722776 0.710620 0.730254
1 0.554530 0.948860 0.559288 0.959774 0.554250 0.962852 0.559288 0.962572 0.562086 0.960612 0.560686 0.954736 0.560128 0.950260
1 0.572718 0.860998 0.568242 0.867434 0.566562 0.870512 0.555930 0.873310 0.548654 0.883384 0.553132 0.880864 0.564604 0.873590 0.569362 0.869112
1 0.755380 0.155820 0.755620 0.161084 0.760646 0.168984 0.762322 0.174250 0.762562 0.180952 0.764716 0.180472 0.767588 0.176164 0.769264 0.174488 0.766152 0.170660 0.762800 0.166830 0.758252 0.159170 0.758492 0.155820
1 0.792968 0.188868 0.790626 0.196290 0.786328 0.198242 0.790430 0.205468 0.790820 0.210938 0.792188 0.199218 0.792968 0.194140 0.794140 0.191406
1 0.773046 0.208204 0.764258 0.221484 0.766210 0.224024 0.760938 0.223828 0.759570 0.222070 0.756640 0.213672 0.757226 0.222852 0.757812 0.230468 0.758204 0.229882 0.759766 0.227540 0.765820 0.227540 0.769922 0.227930 0.770704 0.228906 0.770704 0.217968 0.775390 0.211132
1 0.691406 0.997266 0.692774 0.984376 0.696876 0.982226 0.722460 0.984570 0.729102 0.983790 0.729492 0.992578 0.728516 0.998046 0.724804 0.997656 0.714844 0.998046
1 0.708594 0.869336 0.706250 0.880468 0.704882 0.885742 0.699804 0.888086 0.694726 0.896484 0.699024 0.891406 0.708008 0.881054 0.712890 0.882812 0.720508 0.883984 0.722266 0.881836 0.715624 0.879688 0.709570 0.877148 0.709374 0.873632
1 0.370898 0.116210 0.374414 0.124610 0.373438 0.126172 0.372266 0.130078 0.365820 0.128320 0.363868 0.129492 0.366016 0.131446 0.377734 0.130274 0.381250 0.127344 0.381250 0.122852 0.379102 0.123632 0.376954 0.122070 0.375000 0.116406
1 0.297656 0.138086 0.295312 0.143554 0.290234 0.143750 0.294140 0.147852 0.294532 0.155468 0.296876 0.155078 0.298438 0.148242 0.300782 0.141602 0.299414 0.137110
1 0.216796 0.186132 0.213086 0.192774 0.208594 0.198046 0.211718 0.200000 0.215234 0.197656 0.218750 0.191406 0.220118 0.189844 0.220508 0.195508 0.226562 0.198438 0.224024 0.188672 0.223438 0.187304 0.219140 0.188282 0.217578 0.188086
1 0.480860 0.015820 0.472852 0.012890 0.470898 0.013476 0.469726 0.021680 0.471874 0.027344 0.472460 0.031446 0.475782 0.033204 0.485546 0.032812 0.485546 0.030078 0.484766 0.023828 0.485352 0.018164 0.483204 0.016016
1 0.628582 0.518588 0.624840 0.529564 0.624092 0.534552 0.627584 0.540040 0.630328 0.549270 0.631076 0.548022 0.629580 0.537796 0.627834 0.535550 0.627584 0.531310 0.629580 0.526322 0.630078 0.522080
1 0.620600 0.301574 0.614364 0.308808 0.606132 0.323026 0.611122 0.328764 0.616608 0.331258 0.622844 0.335998 0.609874 0.324524 0.610872 0.320034 0.612368 0.317538 0.616360 0.312052 0.618106 0.310056 0.620850 0.304818
1 0.620350 0.345476 0.613616 0.339988 0.599398 0.352710 0.595656 0.356950 0.595406 0.365680 0.592912 0.376406 0.595906 0.385636 0.617856 0.391124 0.626338 0.388630 0.633322 0.382642 0.633322 0.373662 0.632822 0.362688 0.626088 0.341734 0.624590 0.342982 0.623344 0.345726
1 0.921680 0.191796 0.923242 0.200000 0.918164 0.200586 0.915626 0.199804 0.914844 0.202344 0.919336 0.211328 0.923438 0.207032 0.925976 0.205078 0.932226 0.207812 0.935352 0.213476 0.934374 0.219336 0.928124 0.222460 0.927148 0.225000 0.928124 0.226562 0.934374 0.224024 0.940430 0.228710 0.939648 0.222852 0.938476 0.210546 0.937110 0.205664 0.931640 0.203906 0.929492 0.200976 0.925976 0.197852
1 0.893554 0.305860 0.893360 0.315626 0.893164 0.318554 0.893164 0.321874 0.898242 0.327344 0.907032 0.331054 0.908790 0.329296 0.909376 0.325390 0.907812 0.317382 0.906054 0.307618 0.904882 0.305664 0.905664 0.310938 0.905468 0.328124 0.901172 0.324804 0.897656 0.317968 0.896680 0.306054 0.896290 0.303320 0.894922 0.303516
1 0.831640 0.499218 0.828320 0.509960 0.828320 0.511328 0.832618 0.508008 0.834766 0.507618 0.839062 0.508008 0.841992 0.505274 0.841992 0.503906 0.832618 0.505860
1 0.729882 0.467188 0.733984 0.472852 0.733008 0.480274 0.735156 0.481446 0.740040 0.474414 0.737890 0.471680 0.737110 0.468554
1 0.822852 0.566016 0.821484 0.570118 0.825000 0.575586 0.821290 0.578710 0.820312 0.584180 0.822852 0.583790 0.827930 0.575782 0.827344 0.573632 0.824804 0.568946
1 0.953710 0.723828 0.954102 0.730078 0.957812 0.731446 0.958790 0.739258 0.960156 0.731250 0.956054 0.728124 0.956640 0.725000 0.955860 0.723438
1 0.954882 0.986328 0.947266 0.998046 0.953124 0.996484 0.956446 0.993164 0.959180 0.986914 0.964062 0.989844 0.966796 0.998046 0.970118 0.997656 0.969140 0.990626 0.966602 0.986718 0.960938 0.983594 0.957422 0.986914
1 0.995118 0.760156 0.988282 0.764258 0.987500 0.768946 0.988672 0.779882 0.993946 0.780078 0.994140 0.775196 0.990820 0.768946 0.990430 0.766992 0.993164 0.764062
1 0.987110 0.423046 0.987110 0.434180 0.994922 0.439454 0.996484 0.436132 0.992578 0.434180 0.989062 0.430664
1 0.950000 0.156836 0.946094 0.166992 0.949218 0.165430 0.953906 0.158594 0.955078 0.158204 0.955860 0.161914 0.967774 0.160352 0.968360 0.155468 0.958984 0.158594 0.953906 0.156250