2 0.022694 0.023050 0.029138 0.041888 0.021206 0.049820 0.035086 0.058246 0.037070 0.071136 0.044010 0.065682 0.045002 0.050316 0.046488 0.028008 0.040540 0.035444 0.029634 0.021068
1 0.047480 0.076092 0.065326 0.087494 0.076728 0.085512 0.063342 0.075102 0.048472 0.068162
1 0.069788 0.114758 0.069788 0.137066 0.065326 0.151442 0.074744 0.147476 0.086146 0.152928 0.085650 0.143510 0.079702 0.134092 0.075736 0.113272
1 0.030130 0.215390 0.042522 0.222330 0.042026 0.239680 0.049958 0.224312 0.055906 0.217868 0.055412 0.204484 0.050454 0.207458 0.049958 0.216876 0.036078 0.209440
1 0.063838 0.276858 0.074744 0.274380 0.090112 0.273388 0.093086 0.262482 0.082180 0.267936 0.076232 0.262978 0.066318 0.269422
1 0.034592 0.295696 0.046984 0.312054 0.031616 0.324942 0.029138 0.319490 0.034592 0.314036 0.027652 0.299166
1 0.039052 0.409710 0.047976 0.420120 0.037070 0.427060 0.027652 0.434992 0.015754 0.444906 0.037566 0.442924 0.045496 0.433504 0.056402 0.419624 0.063838 0.410206 0.067308 0.402770 0.053924 0.409710 0.043018 0.405248
1 0.066770 0.487100 0.076308 0.497548 0.072220 0.507994 0.082212 0.505268 0.094022 0.505724 0.084030 0.495276 0.071766 0.483466
1 0.032250 0.534338 0.029978 0.551144 0.029070 0.562046 0.035428 0.559774 0.039062 0.535248
1 0.066316 0.524800 0.066770 0.541606 0.064498 0.555232 0.077670 0.552508 0.097656 0.555232 0.082212 0.544332 0.072220 0.524346
2 0.063136 0.573856 0.070404 0.592478 0.065862 0.604742 0.053598 0.607922 0.067678 0.620640 0.071312 0.636538 0.078124 0.622910 0.080850 0.602470 0.098110 0.596566 0.099018 0.586120 0.089480 0.591570 0.083576 0.581578 0.078124 0.582940 0.073128 0.577490 0.069494 0.573856
1 0.051510 0.950442 0.064926 0.959564 0.076730 0.961710 0.068682 0.947760 0.063316 0.939710 0.049902 0.942930
1 0.001610 0.976734 0.015024 0.987466 0.016634 0.997124 0.028438 0.991758 0.037024 0.994442 0.031250 0.998046 0.048828 0.998046 0.058486 0.988538 0.039706 0.986930 0.033268 0.984246 0.037024 0.969222 0.026828 0.965466 0.028974 0.974588 0.026292 0.978880 0.010732 0.972978
0 0.178094 0.027236 0.198756 0.031664 0.211548 0.027728 0.214008 0.020348 0.216960 0.012476 0.229750 0.008048 0.237130 0.004604 0.245002 0.001162 0.204660 0.004604 0.194820 0.003620 0.186948 0.006080 0.184490 0.013460 0.179570 0.017396
0 0.204540 0.184178 0.183522 0.195968 0.177370 0.201608 0.174294 0.211860 0.168144 0.204684 0.152252 0.193406 0.152764 0.204170 0.159428 0.218012 0.164554 0.224676 0.184034 0.221088 0.194800 0.216474 0.199926 0.221600 0.209154 0.229802 0.219918 0.237492 0.226584 0.243130 0.226070 0.232878 0.213254 0.219550 0.206078 0.212372 0.202490 0.211860 0.213254 0.207246 0.221970 0.204170 0.237860 0.201094 0.248626 0.203146 0.249138 0.198532 0.234272 0.195456 0.224532 0.194944 0.209154 0.196994 0.197364 0.201608 0.191724 0.202120 0.200952 0.196994 0.207104 0.189818
0 0.201464 0.250820 0.192750 0.265174 0.189160 0.269788 0.181984 0.281578 0.183010 0.289268 0.190698 0.292856 0.213254 0.291830 0.211204 0.297470 0.188648 0.299008 0.194288 0.304646 0.184548 0.306698 0.178908 0.310798 0.167630 0.309260 0.158916 0.304134 0.170194 0.300546 0.179420 0.300546 0.177884 0.296958 0.161478 0.294906 0.166092 0.286704 0.148150 0.272350 0.171732 0.282090 0.176858 0.271838 0.181472 0.263636 0.187624 0.260560 0.196338 0.251846
1 0.154256 0.036162 0.168922 0.038496 0.175588 0.044496 0.178920 0.045828 0.180254 0.037162 0.169922 0.031164 0.160256 0.031164 0.156256 0.032496
1 0.133260 0.106488 0.142258 0.124820 0.143924 0.128486 0.144258 0.138486 0.138926 0.151818 0.150924 0.149818 0.155924 0.144152 0.164256 0.145484 0.166256 0.136818 0.165922 0.130486 0.166256 0.118488 0.158590 0.128152 0.152258 0.126154 0.146924 0.116488 0.139592 0.102822
1 0.166922 0.095824 0.182920 0.105822 0.187586 0.106822 0.192586 0.112154 0.200918 0.116820 0.194252 0.121488 0.183254 0.126820 0.190920 0.131152 0.203252 0.123820 0.210918 0.119488 0.209584 0.110154 0.216250 0.097822 0.226582 0.093156 0.225582 0.088490 0.216916 0.092490 0.207252 0.101822 0.204584 0.107156 0.198252 0.097490 0.195586 0.092824 0.192586 0.086490 0.192586 0.078492 0.196586 0.069492 0.201918 0.058494 0.194252 0.063160 0.189586 0.075158 0.186254 0.086158 0.187586 0.095824 0.188920 0.098156 0.178920 0.093824 0.170588 0.090824
1 0.239474 0.137684 0.255938 0.147904 0.255372 0.162098 0.266726 0.158692 0.282624 0.143930 0.276946 0.132006 0.258210 0.126896 0.260482 0.137116 0.267294 0.141658 0.258778 0.142226 0.247990 0.133142
1 0.237770 0.179698 0.247422 0.192758 0.252532 0.199570 0.253668 0.186512 0.254236 0.175156 0.249126 0.174022 0.246854 0.179132 0.239474 0.172886
1 0.278082 0.209790 0.296250 0.205248 0.302496 0.193326 0.297386 0.192190 0.295682 0.198436 0.277514 0.203546
1 0.209950 0.285872 0.229822 0.290414 0.234932 0.282466 0.242312 0.287008 0.245152 0.275084 0.252532 0.282466 0.252532 0.289278 0.240042 0.293820 0.244016 0.305176 0.239474 0.311422 0.225848 0.300066 0.215628 0.294388
2 0.251396 0.312556 0.259346 0.325616 0.264456 0.329590 0.272972 0.328454 0.278650 0.331294 0.270700 0.340946 0.266726 0.350030 0.259914 0.354004 0.259914 0.361384 0.255938 0.365928 0.249694 0.352868 0.246286 0.346622 0.240610 0.339242 0.240042 0.335836 0.240610 0.332428 0.251964 0.338674 0.247990 0.328454 0.251964 0.329590 0.250262 0.321074 0.244584 0.313124
2 0.265024 0.373308 0.282624 0.378418 0.278082 0.390342 0.286030 0.397722 0.281488 0.405670 0.274108 0.396586 0.259346 0.393748 0.243448 0.387502 0.254236 0.383528 0.249694 0.374444
1 0.280920 0.262026 0.279218 0.276220 0.277514 0.284168 0.289438 0.290414 0.290572 0.285872 0.287166 0.281330 0.286598 0.267704
1 0.268998 0.287574 0.268430 0.298362 0.264456 0.308582 0.263320 0.315396 0.278650 0.325616 0.293412 0.330158 0.296250 0.323912 0.287166 0.320506 0.283760 0.317098 0.282056 0.309150 0.274108 0.315396 0.270134 0.311422 0.274676 0.298362 0.275810 0.289846
0 0.149766 0.643566 0.144656 0.631076 0.148062 0.625398 0.165096 0.629940 0.174748 0.623126 0.174748 0.616880 0.192348 0.616314 0.202000 0.614042 0.204840 0.604390 0.204840 0.582814 0.202000 0.567486 0.197458 0.572028 0.198594 0.587924 0.198026 0.600984 0.196890 0.607228 0.181562 0.610068 0.168502 0.610636 0.175316 0.601552 0.170774 0.585654 0.166800 0.598144 0.166232 0.603254 0.156580 0.604390 0.153740 0.590764 0.146360 0.581680 0.126488 0.598712 0.132166 0.602118 0.141818 0.596442 0.150334 0.607228 0.152604 0.615178 0.147496 0.620288 0.139546 0.625398 0.138410 0.637320 0.143520 0.648676
1 0.210518 0.560672 0.227550 0.578272 0.211086 0.587356 0.207110 0.583950 0.216196 0.578840 0.206542 0.566350
1 0.235500 0.569188 0.241176 0.566918 0.247422 0.568052 0.249126 0.577704 0.267862 0.582814 0.267862 0.577704 0.269566 0.564646 0.259914 0.573162 0.254804 0.568052 0.259914 0.560672 0.263888 0.551020 0.255938 0.553290 0.249694 0.560104 0.235500 0.560672
1 0.213924 0.616314 0.220170 0.625966 0.227550 0.638456 0.220170 0.642998 0.214492 0.638456 0.215628 0.633346 0.203704 0.624262 0.212220 0.623694
0 0.158850 0.648108 0.146928 0.666844 0.148062 0.679904 0.148630 0.687284 0.141818 0.690690 0.142952 0.697504 0.150334 0.697504 0.152604 0.707156 0.156012 0.713970 0.167366 0.716240 0.176452 0.712834 0.183264 0.706588 0.171910 0.708860 0.165096 0.709428 0.162256 0.700342 0.161690 0.690690 0.158282 0.682742 0.168502 0.676496 0.174180 0.669684 0.176452 0.660600 0.165664 0.671386 0.157148 0.674794 0.157148 0.666276 0.159986 0.656624
0 0.129326 0.820710 0.123648 0.833768 0.121946 0.847962 0.128190 0.857048 0.120810 0.866700 0.135572 0.870674 0.138410 0.874080 0.137842 0.889410 0.139546 0.899630 0.146360 0.910418 0.148630 0.905876 0.146360 0.890546 0.150334 0.881462 0.153740 0.868970 0.133868 0.860454 0.137842 0.854208 0.134436 0.846260 0.131030 0.836608 0.132166 0.827524
0 0.144088 0.918366 0.129326 0.925748 0.117972 0.934264 0.118538 0.943348 0.121378 0.955838 0.125920 0.963220 0.131598 0.966058 0.130462 0.977414 0.128190 0.993312 0.129326 0.996150 0.135004 0.990472 0.147496 0.989906 0.157714 0.995582 0.166016 0.998046 0.175782 0.998046 0.189454 0.998046 0.185536 0.996150 0.173044 0.991608 0.173044 0.981388 0.169638 0.982524 0.164528 0.988202 0.158850 0.984796 0.150334 0.982524 0.146928 0.970034 0.153740 0.963220 0.145792 0.960382 0.145792 0.954136 0.140114 0.959246 0.134436 0.955272 0.129894 0.949026 0.128758 0.939374 0.131030 0.932560 0.145224 0.926882 0.148062 0.924612
1 0.115132 0.672522 0.129326 0.675362 0.137276 0.675362 0.135004 0.681038 0.121378 0.681606 0.115132 0.686148 0.104344 0.688420 0.101506 0.685580 0.107752 0.681038
1 0.176452 0.692394 0.190646 0.699776 0.196890 0.693530 0.202568 0.688988 0.203136 0.697504 0.199162 0.703750 0.207678 0.706020 0.195756 0.709428 0.192916 0.714538 0.187238 0.716808 0.187238 0.708292 0.178154 0.702614 0.173612 0.699208
1 0.124784 0.713970 0.128758 0.723622 0.138410 0.731570 0.146928 0.733842 0.148062 0.731002 0.140682 0.725892 0.133868 0.721918 0.130462 0.711130
0 0.132834 0.739626 0.134434 0.754568 0.138704 0.770578 0.146708 0.775914 0.140304 0.780182 0.116290 0.786052 0.105084 0.792990 0.089608 0.802062 0.091210 0.806864 0.102950 0.802596 0.118960 0.796192 0.122694 0.790322 0.132834 0.793524 0.142974 0.790856 0.154714 0.788188 0.166454 0.787654 0.173924 0.785520 0.187798 0.777514 0.194202 0.766308 0.195804 0.762572 0.186732 0.768442 0.176058 0.778048 0.161116 0.782318 0.157914 0.775914 0.171256 0.770578 0.179260 0.765774 0.190468 0.762038 0.200072 0.757770 0.206476 0.751900 0.206476 0.747096 0.186198 0.751900 0.188866 0.746030 0.195804 0.741226 0.207544 0.746030 0.213948 0.748164 0.213414 0.755636 0.218750 0.766308 0.232092 0.769510 0.234760 0.765774 0.226220 0.759370 0.226754 0.746030 0.226754 0.743362 0.212346 0.736424 0.199006 0.733222 0.192068 0.735890 0.184596 0.739626 0.182996 0.746564 0.177660 0.753500 0.168054 0.757236 0.155780 0.761506 0.152578 0.767376 0.147242 0.760438 0.139772 0.750298
1 0.147242 0.825542 0.153112 0.829812 0.152044 0.833546 0.146708 0.833014 0.148844 0.842618 0.143506 0.861296 0.156848 0.859162 0.163252 0.854892 0.171256 0.849022 0.158448 0.839416 0.165386 0.830878 0.173924 0.822340 0.185130 0.827676 0.187266 0.822340 0.177660 0.816470 0.170188 0.807932 0.163252 0.815936
0 0.467756 0.006040 0.469100 0.022148 0.473126 0.037586 0.477824 0.043626 0.459032 0.035572 0.444936 0.024834 0.448964 0.038258 0.463058 0.048996 0.479838 0.055708 0.481852 0.063090 0.497288 0.063762 0.508028 0.059064 0.522794 0.046312 0.526820 0.042956 0.535546 0.040270 0.535546 0.035572 0.516752 0.032888 0.505342 0.034902 0.514068 0.022820 0.504672 0.023492 0.502658 0.017450 0.493932 0.028190 0.477824 0.018792
0 0.417418 0.116114 0.438224 0.120812 0.447622 0.117456 0.455004 0.130208 0.461044 0.107388 0.462388 0.132894 0.472454 0.141618 0.480510 0.132222 0.491248 0.135578 0.487220 0.154370 0.498630 0.161082 0.520108 0.162424 0.510040 0.167124 0.489234 0.164438 0.471784 0.155714 0.469100 0.158398 0.472454 0.149672 0.463058 0.145646 0.455004 0.141618 0.446950 0.148330 0.441580 0.154370 0.442924 0.141618 0.446278 0.135578 0.441580 0.127524 0.433526 0.129538
0 0.446278 0.187258 0.458360 0.207394 0.468428 0.216790 0.475810 0.228872 0.484536 0.239610 0.491248 0.242966 0.488564 0.233570 0.500644 0.239610 0.511384 0.239610 0.524806 0.235584 0.534204 0.233570 0.526820 0.242294 0.518766 0.242966 0.509370 0.244980 0.512726 0.256390 0.505342 0.260416 0.499302 0.247664 0.479166 0.246994 0.473798 0.252362 0.469770 0.249006 0.474468 0.232898 0.455004 0.217462 0.445608 0.203366
0 0.496618 0.506068 0.485208 0.517478 0.467086 0.522176 0.456346 0.520162 0.448292 0.523518 0.438224 0.518148 0.418760 0.506738 0.406680 0.496670 0.432856 0.506738 0.449634 0.510766 0.471784 0.509424
0 0.458360 0.565132 0.453662 0.577212 0.452320 0.582582 0.442252 0.589964 0.436212 0.596676 0.436212 0.604730 0.422116 0.593320 0.423458 0.603388 0.408022 0.597348 0.424130 0.616140 0.436212 0.624194 0.442924 0.633592 0.461716 0.635604 0.475810 0.635604 0.483864 0.632248 0.501316 0.638290 0.499302 0.632920 0.481852 0.628222 0.457018 0.626880 0.448292 0.623524 0.452320 0.618154 0.468428 0.619496 0.477824 0.624194 0.483864 0.618826 0.467756 0.610100 0.452990 0.614126 0.446950 0.614126 0.442924 0.604060 0.444266 0.595334 0.451648 0.595334 0.459032 0.582582 0.462388 0.571842
0 0.391914 0.701380 0.400638 0.698024 0.412720 0.695340 0.422788 0.698024 0.432856 0.705408 0.440910 0.705408 0.451648 0.704736 0.465072 0.715474 0.473798 0.722186 0.469770 0.712790 0.459702 0.707420 0.478496 0.713462 0.479166 0.705408 0.468428 0.699366 0.452320 0.697352 0.444936 0.688628 0.441580 0.691984 0.444266 0.696010 0.442924 0.700038 0.432184 0.693326 0.426814 0.689298 0.416748 0.689298 0.397284 0.692654
0 0.416914 0.774122 0.424754 0.780538 0.423330 0.789092 0.420478 0.794794 0.409786 0.797644 0.420478 0.802634 0.422616 0.815466 0.438298 0.806912 0.441862 0.802634 0.452554 0.815466 0.466098 0.825444 0.461822 0.813326 0.451130 0.803348 0.441150 0.795506 0.448990 0.791942 0.463960 0.789092 0.458258 0.785526 0.443288 0.785526 0.436872 0.789092 0.441862 0.783388 0.440436 0.772696 0.432596 0.783388 0.431170 0.775548 0.429744 0.768420 0.435448 0.757014 0.429032 0.754876 0.425468 0.764856 0.423330 0.770558
0 0.381356 0.987158 0.392412 0.984394 0.399782 0.992684 0.400390 0.998046 0.414062 0.998046 0.426500 0.997292 0.427422 0.994528 0.443360 0.998046 0.456902 0.997292 0.443082 0.990842 0.429264 0.988078 0.414524 0.989000 0.420050 0.979786 0.434792 0.963204 0.443082 0.943856 0.431106 0.953070 0.421894 0.962282 0.410838 0.975180 0.408074 0.964126 0.401626 0.971496 0.408074 0.982550 0.402546 0.978866 0.390570 0.973338 0.390570 0.959518 0.394254 0.945700 0.405310 0.960440 0.412680 0.961362 0.411760 0.951228 0.403468 0.941094 0.392412 0.941094 0.383200 0.952148 0.380436 0.974260
1 0.544704 0.003038 0.547744 0.009114 0.536024 0.013888 0.537760 0.021268 0.548612 0.016060 0.562500 0.016060 0.564236 0.006510 0.555122 0.007378 0.551650 0.003038
1 0.534492 0.063362 0.533956 0.070060 0.519756 0.073008 0.532616 0.077562 0.539314 0.075686 0.547888 0.074348 0.555658 0.068186 0.541458 0.069256 0.538778 0.063630
1 0.562088 0.078634 0.556194 0.079974 0.554586 0.084796 0.541726 0.086672 0.554854 0.089618 0.559140 0.095244 0.559408 0.087476
1 0.371818 0.259162 0.376158 0.280864 0.364584 0.290028 0.366512 0.296296 0.384838 0.284722 0.377604 0.259646
1 0.378086 0.328608 0.398824 0.345004 0.421972 0.360436 0.438368 0.370082 0.443672 0.360918 0.434510 0.354166 0.435474 0.338734 0.426794 0.334394 0.417148 0.321374 0.413774 0.327160 0.397858 0.324266 0.375192 0.318480
1 0.367476 0.372492 0.371818 0.377798 0.363618 0.382138 0.367960 0.389854 0.377122 0.385030 0.405574 0.391300 0.405574 0.386960 0.385802 0.379726 0.372300 0.370082
1 0.388214 0.364294 0.393518 0.372010 0.394484 0.379244 0.406058 0.382620 0.412326 0.380690 0.407986 0.372492 0.404610 0.365740 0.389178 0.358990
1 0.426312 0.539352 0.423418 0.546586 0.414256 0.552372 0.409432 0.557678 0.418114 0.571180 0.428240 0.574074 0.439332 0.578896 0.437404 0.573592 0.432582 0.566840 0.434028 0.553820 0.433546 0.546586
1 0.478878 0.547068 0.487076 0.554784 0.477430 0.565394 0.484664 0.568288 0.495756 0.561536 0.515046 0.557196 0.507812 0.550926 0.489004 0.547550 0.480806 0.542246
1 0.553144 0.520062 0.550250 0.533564 0.543500 0.537906 0.536748 0.548032 0.523244 0.551890 0.534336 0.555748 0.534336 0.562500 0.541570 0.556230 0.549768 0.541764 0.563272 0.547068 0.560860 0.531636 0.559414 0.522472
1 0.505402 0.582272 0.512152 0.582754 0.523244 0.580344 0.522762 0.588542 0.516010 0.604938 0.510224 0.595776 0.496720 0.592400 0.496720 0.585648
1 0.502274 0.631574 0.507932 0.632468 0.512994 0.643484 0.516268 0.631872 0.521926 0.621748 0.514184 0.621452 0.511802 0.626214 0.502572 0.624726
1 0.526392 0.635146 0.534728 0.647652 0.533834 0.655094 0.525200 0.652118 0.524306 0.656882 0.534132 0.664324 0.533238 0.673256 0.539492 0.672066 0.540384 0.659264 0.541874 0.639018 0.536216 0.643484
1 0.535918 0.684570 0.534132 0.693204 0.543958 0.697670 0.545148 0.688144 0.552294 0.678020
1 0.551102 0.712260 0.560332 0.727146 0.554378 0.730718 0.563310 0.733994 0.569562 0.728932 0.558546 0.711962
1 0.477266 0.652416 0.494832 0.653010 0.502274 0.646758 0.504062 0.649438 0.499298 0.657774 0.499298 0.662240 0.495724 0.656584 0.481434 0.657178
1 0.507336 0.664920 0.506146 0.678914 0.504656 0.681890 0.501084 0.681890 0.491854 0.680104 0.487984 0.689632 0.486494 0.697372 0.493044 0.695288 0.495130 0.688144 0.510908 0.689930 0.520138 0.693204 0.516864 0.683974 0.512398 0.664622
1 0.519454 0.678178 0.531142 0.681100 0.534796 0.677690 0.519210 0.673794
1 0.344264 0.675142 0.340820 0.682342 0.352088 0.696740 0.346142 0.708634 0.358662 0.720214 0.353654 0.738368 0.360852 0.733674 0.366486 0.718650 0.353654 0.706442 0.358974 0.698304 0.348020 0.682968 0.349898 0.676394
2 0.403420 0.724596 0.397160 0.731170 0.389336 0.734612 0.390900 0.738682 0.376816 0.741498 0.384014 0.746506 0.375876 0.749950 0.388364 0.761426 0.403782 0.764362 0.410392 0.756286 0.409110 0.750138 0.408856 0.740486 0.406570 0.737946 0.409618 0.726516 0.409364 0.722200
1 0.452510 0.777020 0.467504 0.787402 0.468658 0.794322 0.475194 0.787786 0.485960 0.772408 0.479038 0.770870 0.473272 0.780482 0.454432 0.772022
1 0.362456 0.921250 0.371982 0.929190 0.368808 0.933424 0.353458 0.929720 0.359280 0.939246 0.353458 0.955126 0.361396 0.954068 0.368278 0.946128 0.378864 0.949304 0.386804 0.941894 0.385216 0.935012 0.379922 0.930248 0.370396 0.919662
1 0.479960 0.943482 0.487900 0.958302 0.492134 0.964654 0.501662 0.967830 0.514366 0.969946 0.510130 0.959890 0.496898 0.953538 0.485782 0.940834
1 0.440818 0.905216 0.441114 0.912350 0.444088 0.919782 0.451520 0.926026 0.460140 0.933458 0.466086 0.941186 0.473518 0.937618 0.467870 0.928700 0.467276 0.921566 0.461032 0.923350 0.454492 0.921864 0.449142 0.908188 0.442898 0.900458
0 0.735314 0.002134 0.740116 0.011206 0.743318 0.020278 0.747054 0.013342 0.744920 0.004802 0.758260 0.007470 0.760396 0.001068
0 0.685686 0.001068 0.678748 0.016010 0.679282 0.033620 0.682484 0.051764 0.683552 0.054432 0.678748 0.060302 0.671278 0.067772 0.672878 0.077912 0.679282 0.083248 0.678748 0.069906 0.683018 0.065638 0.688354 0.061902 0.698492 0.069374 0.702762 0.077912 0.710234 0.086984 0.718772 0.094988 0.728910 0.092854 0.730512 0.083248 0.724642 0.071508 0.721440 0.073642 0.725708 0.085916 0.718772 0.077378 0.714502 0.069374 0.727310 0.060302 0.736916 0.056566 0.738516 0.050162 0.726242 0.052296 0.719304 0.059768 0.711834 0.066706 0.710234 0.061368 0.705964 0.051764 0.701162 0.049094 0.698492 0.045360 0.700094 0.041624 0.704896 0.035754 0.694758 0.034686 0.691556 0.027216 0.690488 0.016010 0.691556 0.004270
0 0.681950 0.105128 0.670210 0.117934 0.667008 0.127006 0.670210 0.131810 0.658470 0.136612 0.656870 0.143550 0.671278 0.138212 0.673946 0.145150 0.666474 0.145150 0.668076 0.152088 0.682484 0.153154 0.686220 0.159024 0.697798 0.162998 0.699574 0.176610 0.697798 0.189038 0.696614 0.203836 0.698390 0.213304 0.703124 0.210938 0.705492 0.191998 0.717922 0.192590 0.728574 0.184896 0.728574 0.178978 0.720288 0.184896 0.712002 0.187856 0.710228 0.178978 0.711410 0.171284 0.710228 0.162998 0.702534 0.158262 0.712002 0.150568 0.725024 0.145242 0.732126 0.133996 0.733902 0.125710 0.729758 0.119792 0.731534 0.110914 0.726800 0.110322 0.723248 0.118608 0.725616 0.128670 0.722656 0.135772 0.714370 0.143466 0.704900 0.148792 0.696614 0.149976 0.691288 0.146426 0.701942 0.147018 0.708452 0.138140 0.704900 0.130446 0.698982 0.133996 0.700166 0.141690 0.694248 0.136364 0.687736 0.136956 0.681818 0.133404 0.680042 0.124526 0.681226 0.115056 0.688920 0.106770
0 0.693656 0.212714 0.688920 0.227510 0.688920 0.236388 0.691288 0.245858 0.695430 0.250000 0.693656 0.255326 0.684186 0.258878 0.676492 0.264204 0.670572 0.254734 0.659328 0.248224 0.650450 0.257694 0.648082 0.268940 0.651634 0.271898 0.656368 0.260062 0.661696 0.257694 0.669982 0.265388 0.672348 0.271306 0.678268 0.273674 0.684186 0.281368 0.688920 0.271306 0.694840 0.263612 0.702534 0.260654 0.708452 0.258286 0.726208 0.252960 0.733902 0.242306 0.737452 0.232244 0.738044 0.216856 0.727392 0.209162 0.726800 0.223958 0.723248 0.235204 0.711410 0.236388 0.713778 0.241122 0.717922 0.242898 0.712594 0.244674 0.698982 0.240530 0.695430 0.229286 0.699574 0.216264
0 0.713186 0.283144 0.704900 0.296756 0.702534 0.304450 0.701942 0.314512 0.698982 0.323390 0.694248 0.329308 0.688920 0.348248 0.681818 0.345880 0.678858 0.329308 0.674716 0.329900 0.673532 0.344696 0.667614 0.348248 0.656368 0.351800 0.646306 0.361268 0.638020 0.370146 0.636838 0.373106 0.632102 0.366004 0.629734 0.374290 0.630918 0.380800 0.634470 0.376066 0.638020 0.380208 0.647490 0.371330 0.654592 0.364228 0.669390 0.352982 0.678268 0.354758 0.683594 0.355942 0.697206 0.361860 0.706676 0.365412 0.716738 0.365412 0.729166 0.361860 0.737452 0.354166 0.734494 0.348840 0.730942 0.355350 0.719106 0.358310 0.705492 0.357718 0.694248 0.352392 0.700758 0.335228 0.709636 0.325166 0.709044 0.315104 0.709636 0.305042 0.716146 0.292022 0.720288 0.283736
0 0.620124 0.429068 0.626684 0.425424 0.636158 0.431254 0.654378 0.430162 0.662030 0.436356 0.671504 0.440000 0.676240 0.445102 0.676240 0.453118 0.675876 0.458220 0.677334 0.465872 0.681706 0.469516 0.683892 0.469880 0.686444 0.466236 0.683528 0.448380 0.686078 0.440364 0.700290 0.440364 0.695188 0.445466 0.702476 0.447652 0.709400 0.442914 0.705028 0.429796 0.693366 0.431984 0.683528 0.432712 0.681706 0.437084 0.677698 0.430890 0.675148 0.427610 0.679884 0.417772 0.673690 0.418136 0.671138 0.424330 0.662030 0.423602 0.655106 0.415950 0.636522 0.414492 0.624132 0.418136 0.619032 0.425424
0 0.639966 0.507994 0.636036 0.523934 0.640998 0.540054 0.648438 0.552456 0.637276 0.561136 0.637276 0.564856 0.648438 0.561136 0.659598 0.564236 0.666418 0.568576 0.670758 0.586558 0.672238 0.593338 0.671522 0.599794 0.671522 0.620352 0.672238 0.627764 0.673194 0.633500 0.675824 0.633262 0.677020 0.617006 0.676302 0.597164 0.689928 0.612942 0.705706 0.616766 0.721246 0.618202 0.736784 0.617006 0.742044 0.613420 0.740132 0.610312 0.728178 0.612702 0.716942 0.612702 0.703316 0.609116 0.686822 0.600750 0.675346 0.584254 0.675824 0.570628 0.681562 0.570150 0.688016 0.576366 0.693992 0.579474 0.695428 0.572302 0.687778 0.566086 0.695666 0.564412 0.706424 0.560110 0.716704 0.554132 0.724354 0.549590 0.730092 0.545288 0.719334 0.545288 0.711922 0.551026 0.701882 0.556046 0.690406 0.558196 0.683236 0.558436 0.676302 0.560110 0.665784 0.556284 0.661002 0.545526 0.650722 0.531184 0.646658 0.516840 0.647616 0.505126 0.645702 0.504170
0 0.633790 0.658740 0.628510 0.671496 0.632030 0.693492 0.633684 0.707484 0.606546 0.697860 0.606078 0.703012 0.627622 0.710974 0.638864 0.718000 0.643080 0.725494 0.650104 0.733456 0.651042 0.744230 0.652916 0.753598 0.654788 0.762496 0.659940 0.765306 0.661814 0.755470 0.681486 0.756408 0.687574 0.751256 0.697880 0.739078 0.707246 0.719874 0.699752 0.724090 0.693664 0.734862 0.685234 0.743762 0.676802 0.748914 0.667904 0.748444 0.662282 0.744230 0.663688 0.734862 0.658536 0.727836 0.653384 0.722216 0.651978 0.713316 0.646358 0.707228 0.649168 0.702076 0.661346 0.702076 0.674928 0.702544 0.680080 0.697392 0.668840 0.695050 0.666966 0.690834 0.664156 0.693176 0.655726 0.695518 0.646358 0.696456 0.640738 0.684746 0.640738 0.678658 0.636990 0.676316 0.636990 0.666010 0.641674 0.659922
0 0.591090 0.843994 0.598116 0.834158 0.605140 0.829006 0.610762 0.824790 0.621066 0.827132 0.630434 0.826196 0.637458 0.829474 0.642142 0.826664 0.652916 0.825726 0.658068 0.830410 0.666966 0.837904 0.669776 0.843056 0.674460 0.848678 0.675398 0.852424 0.685234 0.849614 0.686170 0.840714 0.682892 0.832752 0.678676 0.824322 0.664624 0.819170 0.668372 0.817764 0.683360 0.818702 0.693196 0.824322 0.700222 0.829006 0.702562 0.823854 0.695538 0.819170 0.684296 0.814018 0.669776 0.812144 0.658536 0.813550 0.652916 0.817764 0.638396 0.812612 0.628092 0.809802 0.613572 0.810738 0.607482 0.814018 0.604672 0.820574 0.600458 0.823854 0.592964 0.827132 0.590622 0.834158
0 0.602800 0.870222 0.604672 0.885210 0.607952 0.879122 0.610762 0.885678 0.613104 0.895046 0.620128 0.902072 0.628092 0.905350 0.634648 0.905350 0.635586 0.913314 0.642142 0.919402 0.642610 0.913782 0.649636 0.906288 0.656662 0.904414 0.672118 0.900666 0.686638 0.898794 0.696006 0.900198 0.686170 0.904414 0.669776 0.907224 0.657130 0.914250 0.649636 0.918466 0.653852 0.921276 0.658536 0.916592 0.660878 0.919870 0.659004 0.925960 0.664156 0.929706 0.664156 0.935796 0.648232 0.932048 0.628560 0.938606 0.627622 0.934390 0.644016 0.929706 0.636054 0.924554 0.620598 0.916124 0.617788 0.924086 0.618724 0.929706 0.613572 0.932516 0.600926 0.927832 0.585938 0.916592 0.581722 0.909098 0.583128 0.904882 0.585470 0.907692 0.591558 0.915654 0.598584 0.920338 0.607482 0.922212 0.612634 0.920338 0.612634 0.911908 0.609824 0.907224 0.604204 0.897388 0.599988 0.886616 0.599052 0.875844
0 0.983724 0.694702 0.995092 0.700386 0.994058 0.710204 0.986824 0.710204 0.999224 0.718470 0.996642 0.728288 0.997158 0.737588 0.989924 0.691602 0.990442 0.690052 0.999224 0.690570 0.998192 0.685402 0.986824 0.685402 0.983208 0.687468
0 0.961506 0.769108 0.974940 0.787192 0.982690 0.800110 0.988374 0.805276 0.980108 0.806310 0.975456 0.808894 0.975974 0.817160 0.978556 0.822844 0.979074 0.814578 0.980624 0.809926 0.986824 0.810960 0.994058 0.813544 0.997674 0.793910 0.988890 0.791326 0.981140 0.777892 0.971840 0.770140 0.966156 0.764458
0 0.965640 0.882782 0.971324 0.896216 0.979590 0.907066 0.994058 0.910684 0.998708 0.933934 0.999224 0.941168 0.999742 0.899832 0.996642 0.889498 0.994574 0.877098 0.988890 0.875548 0.987858 0.888982 0.989408 0.893116 0.984758 0.894148 0.977006 0.892082 0.971324 0.884332
0 0.981140 0.997488 0.978556 0.993872 0.978556 0.985088 0.981658 0.981472 0.989924 0.986638 0.993024 0.966486 0.991474 0.956152 0.994058 0.945818 0.997158 0.939102 0.995608 0.935484 0.990442 0.939618 0.986308 0.947886 0.984758 0.953570 0.986824 0.964420 0.977524 0.962354 0.969256 0.962354 0.975974 0.965970 0.990442 0.973720 0.982174 0.974238 0.971840 0.974754 0.971840 0.981472 0.970806 0.992838 0.972656 0.998046
1 0.626970 0.000586 0.621106 0.004106 0.616414 0.005866 0.598232 0.009970 0.598818 0.015836 0.614068 0.013490 0.625212 0.009970 0.632250 0.017010 0.636356 0.011730 0.645740 0.015250 0.649846 0.011144 0.636942 0.002932
1 0.598232 0.023460 0.611722 0.036364 0.614068 0.044576 0.624038 0.038124 0.633422 0.021114 0.627558 0.024048 0.621692 0.032258 0.605856 0.021702
1 0.628730 0.046336 0.637528 0.052200 0.649258 0.063932 0.649846 0.056306 0.636942 0.041056
1 0.653364 0.174784 0.665682 0.179476 0.660402 0.190620 0.669786 0.188274 0.684450 0.171852 0.677998 0.169506 0.673306 0.174784 0.658644 0.169506
1 0.631978 0.133208 0.631100 0.148570 0.625834 0.153398 0.608278 0.153836 0.610912 0.147692 0.619690 0.148570 0.624518 0.146814 0.624518 0.133646
1 0.620568 0.190266 0.623200 0.202994 0.624518 0.209138 0.621884 0.215282 0.621884 0.221866 0.621884 0.229766 0.622762 0.237228 0.612666 0.236788 0.607838 0.238106 0.610472 0.248200 0.617934 0.256978 0.619250 0.263124 0.630222 0.256100 0.633296 0.246444 0.628028 0.238984 0.632856 0.238106 0.637246 0.234594 0.632418 0.229766 0.633296 0.221428 0.644706 0.218354 0.637684 0.212210 0.630662 0.207382 0.627590 0.192020
2 0.557804 0.200798 0.570970 0.221428 0.567020 0.224060 0.554732 0.226256 0.559120 0.232400 0.570532 0.232400 0.572726 0.239422 0.576238 0.246884 0.590282 0.238984 0.594672 0.226694 0.591160 0.208260 0.588528 0.208700 0.587650 0.221866 0.579748 0.215722 0.575798 0.206944 0.564826 0.199920
1 0.753784 0.148986 0.757598 0.158142 0.748444 0.161194 0.769806 0.172638 0.785828 0.174926 0.782776 0.158142 0.775146 0.144410 0.763702 0.143646
1 0.738808 0.246208 0.748108 0.250858 0.743458 0.262226 0.747592 0.262742 0.752242 0.257058 0.772910 0.246724 0.769294 0.243108 0.755342 0.246724 0.743976 0.240524
1 0.728990 0.385716 0.724340 0.399668 0.713490 0.405350 0.708840 0.412068 0.720724 0.410002 0.734674 0.407418 0.733124 0.400700 0.736742 0.387784
1 0.693856 0.392434 0.686622 0.401734 0.671638 0.406384 0.674220 0.408968 0.688172 0.406902 0.695406 0.402768 0.696956 0.397084
1 0.735192 0.517992 0.739324 0.529876 0.745008 0.534526 0.745008 0.547960 0.750692 0.547960 0.752760 0.536076 0.747592 0.525226 0.739324 0.512824
1 0.608600 0.564494 0.607050 0.583612 0.604466 0.590846 0.606016 0.602730 0.612734 0.610480 0.613766 0.618748 0.620484 0.623398 0.622550 0.630632 0.629268 0.625466 0.634952 0.612030 0.639602 0.602730 0.642702 0.596014 0.645802 0.585162 0.635468 0.590330 0.623584 0.585162 0.621518 0.580512 0.619968 0.591880 0.622550 0.594464 0.620484 0.602214 0.611184 0.594980 0.615834 0.582578 0.615834 0.571728 0.613766 0.563462
1 0.639602 0.628566 0.648386 0.635800 0.652520 0.647166 0.653036 0.653884 0.658204 0.647684 0.666470 0.644066 0.683004 0.637866 0.683004 0.633732 0.672670 0.635282 0.660786 0.636316 0.646836 0.623914
1 0.537296 0.887948 0.546596 0.898282 0.557446 0.905000 0.555380 0.913266 0.544530 0.913266 0.548146 0.917400 0.551762 0.920500 0.546596 0.924118 0.536262 0.929802 0.534712 0.934968 0.548662 0.931868 0.556414 0.927218 0.559514 0.924634 0.569848 0.923084 0.585348 0.926700 0.589998 0.926700 0.586898 0.918434 0.575014 0.913784 0.570880 0.903450 0.566748 0.897250 0.547630 0.887432
1 0.573464 0.935484 0.584832 0.948402 0.597750 0.953052 0.596200 0.965454 0.600850 0.968554 0.603950 0.953570 0.612734 0.947368 0.606534 0.930834 0.603432 0.938586 0.603432 0.944268 0.592066 0.940136 0.577082 0.930318
1 0.714524 0.934452 0.705740 0.947368 0.690238 0.954602 0.676804 0.961836 0.699022 0.959770 0.708840 0.963904 0.717106 0.963386 0.714006 0.958736 0.727958 0.951502 0.713490 0.950986 0.717624 0.939618
1 0.693624 0.751976 0.704350 0.751976 0.715970 0.755104 0.727144 0.759574 0.725802 0.753316 0.733400 0.750188 0.730272 0.746612 0.714182 0.747954 0.703902 0.745718 0.692282 0.746166
2 0.969540 0.097888 0.984422 0.111840 0.994188 0.111840 0.994652 0.137416 0.988142 0.146716 0.980236 0.137882 0.972796 0.134626 0.952800 0.134626 0.946754 0.132766 0.952800 0.128116 0.950474 0.122070 0.964426 0.122536 0.962566 0.112770 0.959774 0.107654 0.970936 0.115560 0.971866 0.107190
1 0.973188 0.284506 0.969392 0.297162 0.973610 0.307708 0.970656 0.318254 0.954626 0.323316 0.962642 0.336814 0.974454 0.341456 0.968970 0.350736 0.971078 0.360016 0.984578 0.366344 0.999764 0.298850 0.999342 0.289568 0.987108 0.291678 0.986686 0.296318
1 0.980906 0.417856 0.994052 0.415352 0.999686 0.404084 0.985288 0.398450 0.988418 0.407840 0.981532 0.407214 0.971516 0.402206
1 0.947102 0.576860 0.947728 0.596892 0.933956 0.593136 0.932078 0.596266 0.942094 0.601274 0.938338 0.608160 0.940842 0.615672 0.948354 0.613794 0.957744 0.603152 0.969638 0.606908 0.974020 0.608160 0.971516 0.601274 0.970264 0.595640 0.965256 0.597518 0.972142 0.588128 0.983410 0.583746 0.987166 0.577486 0.980280 0.576860 0.970890 0.581242 0.959622 0.590006 0.955240 0.583120 0.954614 0.576860
1 0.955712 0.672284 0.967626 0.682496 0.970180 0.685900 0.962094 0.687176 0.959968 0.691858 0.965500 0.693984 0.962520 0.700794 0.971030 0.699092 0.976988 0.692282 0.978690 0.696538 0.981244 0.687602 0.979542 0.684198 0.958690 0.666752
1 0.936404 0.755988 0.924844 0.773632 0.913892 0.782150 0.899898 0.793102 0.896856 0.803446 0.912066 0.797362 0.921194 0.796754 0.927886 0.787018 0.931538 0.793712 0.934580 0.780326 0.935188 0.769374 0.939448 0.757812
1 0.907342 0.810570 0.905098 0.826284 0.911084 0.825910 0.913704 0.816930 0.934656 0.818800 0.941766 0.813188 0.932412 0.811318 0.926050 0.808324 0.915574 0.807576
1 0.961474 0.916930 0.970854 0.922960 0.971188 0.928990 0.976884 0.930330 0.978894 0.915926 0.971858 0.915590 0.964488 0.912576
1 0.971524 0.935356 0.964488 0.940716 0.957788 0.948422 0.964488 0.949426 0.976214 0.937702