0 0.006180 0.060274 0.013282 0.060352 0.015328 0.057308 0.014092 0.052610 0.006180 0.054094 0.001236 0.054836 0.002226 0.048656 0.027938 0.049396 0.037084 0.051870 0.043760 0.048160 0.041040 0.044946 0.023240 0.041980 0.013844 0.040744 0.001730 0.042722 0.004698 0.006378 0.007812 0.000000 0.002966 0.003660
0 0.007540 0.146578 0.015474 0.152624 0.021518 0.160178 0.021290 0.162304 0.014718 0.159424 0.005274 0.154890 0.003384 0.160934 0.003762 0.165846 0.009808 0.166602 0.015234 0.166796 0.014718 0.171890 0.017740 0.180956 0.023030 0.173024 0.026808 0.155646 0.033204 0.143750 0.030962 0.163202 0.030208 0.170756 0.026808 0.180956 0.022274 0.191156 0.021896 0.199090 0.018118 0.202490 0.012074 0.196446 0.002148 0.199610 0.000362 0.193424 0.007162 0.185490 0.012074 0.178312 0.008674 0.171512 0.007162 0.175290 0.003008 0.181334 0.001118 0.159802 0.000000 0.153126
0 0.009644 0.348318 0.013462 0.347046 0.002964 0.334640 0.013144 0.334958 0.013868 0.329882 0.009008 0.329232 0.009374 0.327148 0.002328 0.322234
0 0.014416 0.440884 0.014734 0.430070 0.009326 0.423708 0.005860 0.422656 0.006464 0.409392 0.007422 0.393554 0.002328 0.390944 0.002646 0.401122 0.002646 0.411620 0.000102 0.419572 0.001056 0.425616 0.007736 0.426252 0.009008 0.434840
0 0.075938 0.002408 0.076626 0.013410 0.079720 0.022008 0.083846 0.008940 0.088318 0.016850 0.095882 0.032322 0.100782 0.033398 0.106836 0.026368 0.098242 0.025586 0.097070 0.020508 0.097946 0.006878 0.102072 0.002064 0.093132 0.000688 0.083846 0.000688
1 0.085352 0.173632 0.092444 0.187748 0.096570 0.195656 0.092382 0.206446 0.095538 0.205972 0.101728 0.201158 0.110668 0.201158 0.123734 0.195656 0.119264 0.192562 0.103446 0.193250 0.097258 0.187060 0.094850 0.182934 0.092444 0.178808
1 0.055274 0.047266 0.058984 0.068750 0.054440 0.070912 0.048046 0.077734 0.053150 0.077362 0.061664 0.076588 0.068372 0.074524 0.067856 0.066782 0.061922 0.056462 0.058568 0.050270
1 0.071290 0.070704 0.074804 0.075976 0.073046 0.080664 0.070312 0.085742 0.073828 0.087696 0.086718 0.088672 0.097266 0.089258 0.093750 0.086132 0.082812 0.079102 0.081640 0.076758 0.085546 0.067968 0.085352 0.062110 0.077734 0.065626 0.074414 0.066016 0.071484 0.067774
1 0.157032 0.064648 0.152930 0.078516 0.145704 0.081640 0.149024 0.083594 0.149218 0.092188 0.150586 0.094922 0.158790 0.087110 0.160938 0.092578 0.166796 0.090040 0.159376 0.076954 0.158790 0.061328 0.157618 0.061328
1 0.011394 0.232004 0.004418 0.238746 0.003022 0.239908 0.001860 0.245024 0.000196 0.251172 0.003256 0.251534 0.005348 0.257114 0.009068 0.260836 0.012090 0.260138 0.009766 0.249414 0.007440 0.248046 0.010928 0.242234 0.011626 0.238978 0.013718 0.233864 0.014416 0.229214
1 0.092774 0.246420 0.097656 0.255720 0.097656 0.259906 0.096262 0.271530 0.094140 0.279688 0.093946 0.278516 0.096028 0.278738 0.102074 0.271530 0.109748 0.268740 0.116024 0.272460 0.118118 0.271298 0.112072 0.262696 0.105562 0.255952 0.103124 0.257032 0.102074 0.248512 0.093006 0.240142 0.092076 0.243396
1 0.007672 0.221076 0.016742 0.227586 0.023018 0.227818 0.026972 0.228516 0.027436 0.232004 0.030692 0.230840 0.034180 0.222238 0.040458 0.215728 0.039296 0.212704 0.029296 0.222470 0.024880 0.223168 0.020462 0.219680 0.014880 0.218750 0.011394 0.217354 0.008138 0.216424 0.005580 0.217588
1 0.040922 0.223632 0.034180 0.229214 0.034412 0.234328 0.034412 0.242002 0.037434 0.245722 0.040690 0.238746 0.041388 0.233166 0.044178 0.226190 0.043248 0.223168
1 0.117886 0.104586 0.118350 0.117838 0.123466 0.120862 0.127884 0.122954 0.132300 0.123186 0.134394 0.122488 0.136952 0.129696 0.141602 0.129930 0.141370 0.109002 0.139974 0.115746 0.132766 0.122256 0.128580 0.119698 0.133696 0.112724 0.139276 0.105282 0.137882 0.100864 0.130906 0.110166 0.127186 0.112258 0.124860 0.116210 0.123466 0.111096 0.121372 0.106910
1 0.047898 0.208286 0.045340 0.219448 0.049758 0.223400 0.052084 0.229214 0.048596 0.229446 0.046038 0.232004 0.045340 0.235956 0.048828 0.236422 0.054874 0.236188 0.055804 0.243862 0.056036 0.250604 0.059058 0.255952 0.061848 0.245722 0.054408 0.228284 0.054176 0.221772 0.056268 0.218750 0.049758 0.218750 0.049990 0.211774 0.048130 0.204800
1 0.067662 0.346634 0.065336 0.352678 0.064406 0.359422 0.067894 0.365466 0.071848 0.371512 0.071848 0.362212 0.076962 0.367792 0.086728 0.369652 0.086030 0.365234 0.079752 0.362212 0.082078 0.354538 0.075334 0.355702 0.071382 0.357096 0.068592 0.343146
1 0.103236 0.320592 0.105794 0.330822 0.102540 0.330822 0.098438 0.331250 0.096028 0.328962 0.096958 0.334310 0.104166 0.338262 0.106956 0.337566 0.112304 0.340820 0.119048 0.346168 0.123930 0.345006 0.120442 0.334774 0.116490 0.335472 0.112538 0.331984 0.109514 0.323382 0.106492 0.318498
1 0.000466 0.601470 0.005580 0.584264 0.004418 0.581706
1 0.043752 0.510514 0.051986 0.517760 0.058904 0.519736 0.055940 0.525334 0.055940 0.533240 0.060220 0.536532 0.064648 0.538868 0.063186 0.543120 0.068126 0.547402 0.069114 0.535544 0.059232 0.531264 0.065162 0.524018 0.072408 0.520064 0.080970 0.514136 0.081630 0.508866 0.072408 0.512818 0.063844 0.513806 0.052646 0.507878 0.048364 0.505244 0.043752 0.504256
1 0.021976 0.595794 0.025680 0.603448 0.027408 0.605918 0.023952 0.609128 0.022716 0.613326 0.026420 0.611350 0.031112 0.606906 0.045186 0.603202 0.045432 0.599746 0.044446 0.595300 0.034568 0.598264 0.032840 0.600486 0.027902 0.597030 0.026174 0.594312 0.023952 0.592832
1 0.040494 0.655302 0.045926 0.664438 0.051112 0.669624 0.052100 0.680488 0.050866 0.685672 0.050866 0.691352 0.057778 0.689624 0.059014 0.679252 0.056544 0.665920 0.062964 0.653574 0.061236 0.650364 0.055310 0.658264 0.050124 0.657278 0.046174 0.652092 0.042470 0.648636 0.039754 0.652586
1 0.012840 0.766662 0.017778 0.774564 0.015802 0.780490 0.013476 0.791992 0.021482 0.781230 0.030370 0.776786 0.039260 0.773082 0.039506 0.770118 0.029630 0.769626 0.020248 0.766416 0.015308 0.764934
1 0.007812 0.809960 0.008642 0.814812 0.014816 0.822218 0.021482 0.824934 0.024198 0.820984 0.027408 0.813576 0.028148 0.807404 0.020248 0.815304 0.017778 0.815058 0.011358 0.811354
1 0.000246 0.865676 0.000494 0.885430 0.003210 0.890368 0.009180 0.889844 0.006666 0.883702 0.004198 0.872836 0.004692 0.865430 0.011606 0.869628 0.020494 0.869874 0.013828 0.863702 0.011606 0.856046 0.008642 0.852342 0.005926 0.843948 0.000000 0.851108
1 0.012500 0.879492 0.015062 0.887652 0.021976 0.893332 0.025432 0.899998 0.027162 0.905924 0.028642 0.902220 0.028642 0.895306 0.034568 0.891850 0.039260 0.886912 0.042964 0.877282 0.041976 0.874812 0.032594 0.885182 0.025432 0.888640 0.020742 0.885430 0.017778 0.882714
1 0.004102 0.942578 0.009876 0.953826 0.011112 0.956542 0.009630 0.960000 0.003704 0.963456 0.005186 0.967900 0.011112 0.969136 0.016050 0.964196 0.020494 0.970370 0.023458 0.967160 0.025680 0.963702 0.037284 0.957530 0.039754 0.953086 0.030124 0.953332 0.016544 0.953332 0.012592 0.949382 0.009876 0.945678
0 0.247444 0.053298 0.242794 0.067492 0.239858 0.069940 0.234472 0.076548 0.230802 0.078752 0.223214 0.084626 0.224928 0.068716 0.224438 0.060640 0.218564 0.059906 0.212200 0.062108 0.206816 0.066024 0.206326 0.070920 0.214404 0.069206 0.220032 0.069206 0.219542 0.076548 0.217340 0.086584 0.211710 0.084870 0.205836 0.079486 0.203878 0.074346 0.204858 0.063088 0.209264 0.048892 0.211466 0.043018 0.202656 0.051094 0.200452 0.060884 0.200208 0.070186 0.200208 0.076304 0.202900 0.081688 0.197270 0.083158 0.191642 0.083402 0.190662 0.088052 0.197760 0.092212 0.202900 0.092948 0.216116 0.094906 0.221012 0.095640 0.226152 0.096864 0.225662 0.111058 0.221502 0.117668 0.211222 0.121828 0.204124 0.123786 0.193354 0.122318 0.188948 0.115464 0.184788 0.111058 0.185032 0.118646 0.192188 0.126172 0.191396 0.129416 0.199474 0.129660 0.215872 0.124766 0.226152 0.115954 0.235696 0.108122 0.238878 0.091478 0.240346 0.078996 0.243284 0.070186 0.247200 0.063332 0.250872 0.057702 0.251360 0.050116
0 0.212200 0.143856 0.207306 0.153890 0.205836 0.162212 0.198740 0.154380 0.194334 0.151444 0.185768 0.146304 0.175978 0.138960 0.169124 0.134310 0.160558 0.132598 0.157866 0.132842 0.157376 0.138960 0.162304 0.141406 0.164718 0.144100 0.175488 0.150708 0.181116 0.157072 0.190662 0.166128 0.195312 0.173226 0.199228 0.176652 0.195068 0.184484 0.187970 0.195254 0.185278 0.207002 0.185278 0.214834 0.190906 0.213854 0.196782 0.198926 0.202656 0.186688 0.208284 0.182526 0.211222 0.184730 0.222236 0.179344 0.229822 0.178366 0.234718 0.179344 0.242794 0.182282 0.246466 0.193540 0.245976 0.203086 0.246466 0.210184 0.250382 0.210184 0.251850 0.191338 0.245732 0.175674 0.241816 0.172002 0.235208 0.170290 0.227130 0.171512 0.214892 0.174450 0.210488 0.171512 0.212200 0.162212 0.214404 0.152178 0.214892 0.145080 0.214648 0.141408
0 0.190662 0.221442 0.185278 0.236372 0.186256 0.246408 0.190172 0.253504 0.187236 0.255708 0.182830 0.258644 0.177690 0.264764 0.181606 0.268924 0.195802 0.261092 0.198250 0.260602 0.202166 0.264274 0.208284 0.261826 0.215138 0.256442 0.218564 0.252282 0.222480 0.249100 0.231780 0.246162 0.236920 0.242246 0.237900 0.229274 0.230556 0.235148 0.211956 0.246652 0.209018 0.252036 0.209264 0.242490 0.206326 0.243226 0.202410 0.250568 0.197760 0.250324 0.192376 0.249344 0.189438 0.244204 0.192130 0.233436 0.194088 0.225114 0.194088 0.221442
0 0.157620 0.331826 0.158110 0.335986 0.169124 0.338190 0.177200 0.340636 0.182096 0.343330 0.182340 0.347000 0.175732 0.351896 0.170348 0.348958 0.161782 0.348958 0.156152 0.350916 0.147586 0.357036 0.143180 0.359972 0.139754 0.363644 0.139264 0.369028 0.144894 0.366826 0.161536 0.358504 0.169368 0.358748 0.176956 0.367560 0.182586 0.373434 0.189684 0.378084 0.194088 0.375146 0.199228 0.375146 0.210488 0.376860 0.221012 0.377104 0.233984 0.377104 0.248424 0.376860 0.261640 0.377350 0.261396 0.371720 0.256990 0.367314 0.241082 0.368294 0.220766 0.369028 0.223948 0.360706 0.222480 0.349448 0.215626 0.337700 0.213180 0.343574 0.215138 0.356790 0.217340 0.369272 0.213668 0.363644 0.206326 0.361196 0.205102 0.353854 0.196782 0.353854 0.187726 0.353854 0.187970 0.348224 0.196782 0.342350 0.188948 0.340148 0.177936 0.336476 0.162026 0.331092 0.158844 0.329378
0 0.184298 0.414308 0.170592 0.440740 0.171082 0.448084 0.174508 0.451510 0.180382 0.454692 0.174754 0.456650 0.167900 0.462524 0.168634 0.463992 0.171094 0.465040 0.174264 0.464236 0.184054 0.462524 0.193110 0.457628 0.194334 0.458608 0.202900 0.458608 0.210242 0.454936 0.217584 0.453712 0.219298 0.452734 0.226640 0.452978 0.228110 0.451264 0.243040 0.451510 0.249892 0.453958 0.253318 0.452000 0.254542 0.444168 0.247690 0.440740 0.232026 0.441964 0.233250 0.436824 0.233250 0.425076 0.230802 0.425076 0.223704 0.437070 0.220766 0.444656 0.200698 0.447838 0.202900 0.438538 0.206326 0.426300 0.206816 0.413818 0.203878 0.405986 0.200452 0.416020 0.199718 0.426056 0.198740 0.439028 0.196046 0.448084 0.192130 0.454202 0.178670 0.446614 0.179648 0.437804 0.184788 0.426300 0.186746 0.417244
0 0.183074 0.509760 0.176956 0.515634 0.170838 0.519550 0.165452 0.521998 0.164964 0.525180 0.177690 0.525180 0.183564 0.526160 0.184298 0.530320 0.189194 0.529096 0.185522 0.521264 0.189684 0.523222 0.193110 0.528606 0.196536 0.531544 0.201432 0.539620 0.206326 0.545006 0.208530 0.549166 0.212200 0.551858 0.213914 0.546964 0.206572 0.531788 0.196874 0.523632 0.204124 0.521508 0.210242 0.524202 0.213668 0.533256 0.214158 0.543536 0.217340 0.549656 0.221990 0.552592 0.221746 0.544760 0.221502 0.533256 0.225662 0.542068 0.229822 0.547208 0.235942 0.551614 0.230556 0.540354 0.228598 0.531054 0.230556 0.523712 0.230802 0.519550 0.222480 0.527138 0.215138 0.525914 0.218074 0.518816 0.229822 0.518328 0.236186 0.519306 0.240592 0.520040 0.242060 0.523712 0.247200 0.529340 0.246956 0.517838 0.238144 0.510006 0.227864 0.508292 0.204368 0.509026 0.201186 0.508292 0.198494 0.501440 0.192864 0.506824 0.186746 0.506824
0 0.189648 0.573828 0.186746 0.574130 0.173774 0.587592 0.169614 0.598362 0.168144 0.608152 0.168144 0.610354 0.155908 0.612312 0.150768 0.613780 0.136572 0.619410 0.132412 0.623082 0.127516 0.631648 0.127272 0.633360 0.143670 0.626998 0.157866 0.621368 0.162270 0.623570 0.163006 0.633116 0.161292 0.637766 0.152970 0.638500 0.150034 0.641682 0.145508 0.647460 0.154194 0.646088 0.167900 0.645844 0.174998 0.645844 0.181116 0.645844 0.185768 0.638990 0.175242 0.640214 0.170838 0.639480 0.173284 0.620388 0.176466 0.625528 0.178180 0.631402 0.185522 0.629444 0.196046 0.628956 0.198004 0.632136 0.195312 0.637522 0.189928 0.645108 0.188214 0.650248 0.189684 0.651718 0.200452 0.643150 0.204614 0.626998 0.202166 0.622346 0.190418 0.621858 0.178670 0.621612 0.179404 0.612312 0.185768 0.605214 0.192864 0.603746 0.200942 0.602032 0.202656 0.595180 0.200452 0.593710 0.194334 0.596404 0.182586 0.601788 0.176222 0.607906 0.176956 0.596404 0.178914 0.587592 0.187236 0.585144 0.191152 0.580494
0 0.184766 0.688672 0.172062 0.709968 0.171816 0.720004 0.170592 0.725142 0.162026 0.718780 0.168390 0.711682 0.173530 0.704584 0.163250 0.707766 0.154684 0.713394 0.144894 0.718290 0.144648 0.723920 0.155662 0.725142 0.168634 0.728570 0.169858 0.735178 0.169368 0.743500 0.167410 0.750598 0.163006 0.755492 0.159578 0.759898 0.156886 0.762590 0.151502 0.762590 0.148564 0.758918 0.148580 0.769902 0.152236 0.768708 0.154928 0.772380 0.158600 0.779968 0.162760 0.778988 0.160312 0.766996 0.170838 0.757940 0.177200 0.743254 0.178424 0.737626 0.182586 0.745458 0.187726 0.753044 0.189684 0.753778 0.195802 0.764304 0.195802 0.771646 0.196046 0.778010 0.197270 0.779722 0.202166 0.775318 0.201186 0.752310 0.194088 0.741296 0.183810 0.729794 0.178670 0.724654 0.183074 0.711436 0.185278 0.700422
0 0.123892 0.785550 0.133438 0.790690 0.141514 0.799746 0.146654 0.804886 0.148612 0.809780 0.145430 0.809290 0.141758 0.811248 0.142982 0.827402 0.147878 0.841354 0.151758 0.849610 0.155220 0.855550 0.160604 0.865340 0.153018 0.858730 0.142982 0.852856 0.138822 0.847716 0.133438 0.851878 0.128298 0.850654 0.122912 0.851632 0.122178 0.856528 0.132702 0.857752 0.143472 0.860200 0.147632 0.862892 0.155954 0.866562 0.167458 0.872192 0.171374 0.882228 0.169906 0.893486 0.165990 0.899114 0.166234 0.904010 0.167212 0.913066 0.169416 0.922366 0.171680 0.912890 0.173332 0.905968 0.171290 0.904492 0.177148 0.897070 0.177148 0.894140 0.178320 0.887110 0.179296 0.884766 0.175534 0.873660 0.165040 0.864454 0.158892 0.840620 0.149346 0.822018 0.151060 0.814920 0.167458 0.812718 0.174800 0.811004 0.179450 0.813942 0.181164 0.818346 0.185080 0.818102 0.184346 0.812962 0.188752 0.811494 0.198296 0.811984 0.200500 0.805374 0.188506 0.804640 0.179450 0.803906 0.166724 0.802928 0.159870 0.800970 0.153506 0.799746 0.142248 0.791424 0.135640 0.786040 0.132214 0.782858 0.127074 0.782858
0 0.107936 0.935386 0.111852 0.932448 0.119684 0.939056 0.124334 0.947868 0.126782 0.957168 0.129230 0.965490 0.129718 0.972832 0.133390 0.976748 0.137306 0.983846 0.139754 0.989720 0.126292 0.981888 0.112342 0.976994 0.106712 0.970384 0.108180 0.953986 0.108426 0.949092 0.101082 0.962064 0.097412 0.953498 0.093250 0.952762 0.092516 0.958392 0.096678 0.968426 0.102062 0.976260 0.097902 0.979686 0.104510 0.985804 0.118950 0.985804 0.132412 0.992658 0.142968 0.992382 0.150034 0.995840 0.157132 0.991188 0.147586 0.989720 0.147342 0.970384 0.145138 0.967204 0.134124 0.950560 0.126292 0.936610 0.116012 0.925596 0.109404 0.926084 0.105244 0.931224 0.105978 0.933672
0 0.110628 0.992902 0.113320 0.998532 0.113320 0.991434
0 0.583000 0.048158 0.583000 0.063088 0.586182 0.072632 0.585448 0.079976 0.575168 0.081200 0.579574 0.087318 0.573242 0.090624 0.570898 0.101172 0.581250 0.099218 0.581446 0.088672 0.584958 0.089032 0.588282 0.096680 0.593280 0.092702 0.597440 0.101268 0.603804 0.111794 0.608454 0.121094 0.613672 0.126758 0.612616 0.119136 0.607720 0.096374 0.603070 0.088786 0.612860 0.085850 0.618734 0.080954 0.614328 0.068962 0.604050 0.060640 0.595118 0.053906 0.596218 0.063576 0.596706 0.067982 0.595898 0.073632 0.596218 0.075326 0.603314 0.074346 0.610902 0.074102 0.608454 0.077528 0.593524 0.085116 0.590588 0.083158 0.592790 0.062354 0.590344 0.049626 0.589364 0.045220
0 0.581776 0.106898 0.581532 0.117668 0.578594 0.125010 0.573700 0.135778 0.571498 0.143856 0.565820 0.148632 0.565624 0.154870 0.566602 0.160498 0.578840 0.160988 0.581042 0.167842 0.589608 0.167842 0.600622 0.162702 0.610902 0.158540 0.613106 0.151444 0.622896 0.142142 0.627056 0.134310 0.627056 0.119870 0.624118 0.123786 0.621484 0.127344 0.620118 0.133008 0.617578 0.132618 0.609570 0.139454 0.609678 0.136758 0.604294 0.129904 0.601356 0.139694 0.601356 0.145814 0.587650 0.154870 0.594260 0.147772 0.583980 0.137736 0.585204 0.115954 0.585692 0.108612
0 0.580798 0.207980 0.585204 0.214344 0.588476 0.220898 0.585204 0.222910 0.584714 0.232946 0.585938 0.238330 0.595238 0.239554 0.604050 0.242246 0.608210 0.245672 0.608454 0.252036 0.605762 0.260602 0.605028 0.267456 0.606008 0.276266 0.606742 0.280428 0.601846 0.286056 0.595972 0.279204 0.596462 0.262560 0.595238 0.254974 0.586916 0.249344 0.579330 0.244204 0.568316 0.241512 0.555832 0.242246 0.559960 0.236524 0.568804 0.234658 0.577860 0.237840 0.579084 0.235148 0.575414 0.221442 0.566358 0.222910 0.551182 0.222910 0.544574 0.222910 0.540234 0.217578 0.568804 0.219240 0.576882 0.218260 0.573700 0.212632 0.572966 0.207736
0 0.532032 0.296094 0.537232 0.307350 0.548000 0.309308 0.551672 0.314692 0.554120 0.327664 0.553386 0.337454 0.559748 0.347734 0.568070 0.353608 0.566406 0.370118 0.572476 0.363154 0.574924 0.368784 0.579102 0.381250 0.584224 0.370496 0.578124 0.359570 0.575658 0.344552 0.572720 0.328644 0.565378 0.303190 0.560484 0.295358 0.559994 0.306616 0.559014 0.314938 0.549958 0.306126 0.542372 0.303434 0.537966 0.301722
0 0.552162 0.405006 0.559994 0.403538 0.559994 0.410636 0.560728 0.425810 0.557546 0.435600 0.550204 0.432908 0.543596 0.431684 0.543840 0.437314 0.540658 0.438782 0.533806 0.441720 0.530624 0.446370 0.530134 0.448572 0.540904 0.446370 0.552896 0.444168 0.559260 0.448328 0.561708 0.454692 0.567092 0.458852 0.569050 0.462034 0.575168 0.470600 0.579574 0.470846 0.577372 0.459096 0.570518 0.451020 0.572232 0.438048 0.576882 0.430216 0.569784 0.425566 0.570028 0.406964 0.564154 0.392770 0.559504 0.395706 0.553140 0.399132 0.549470 0.401336 0.548246 0.405006
0 0.521876 0.568164 0.524062 0.573592 0.536054 0.597088 0.540216 0.614220 0.545356 0.627192 0.544622 0.635024 0.534832 0.632332 0.532384 0.622052 0.531446 0.616406 0.525042 0.628662 0.519726 0.632618 0.519532 0.638086 0.516210 0.641210 0.516406 0.652148 0.523242 0.654102 0.523046 0.635156 0.528906 0.653710 0.533984 0.651562 0.538014 0.638452 0.548782 0.640164 0.548048 0.649220 0.544132 0.657786 0.541684 0.666108 0.537696 0.672070 0.541796 0.671290 0.549414 0.664062 0.549414 0.661524 0.554166 0.650688 0.553922 0.637472 0.562244 0.636248 0.565914 0.639186 0.572034 0.642612 0.574726 0.645304 0.580356 0.650200 0.587454 0.655094 0.594062 0.660234 0.599690 0.658032 0.593328 0.643836 0.558816 0.628662 0.552454 0.612018 0.548782 0.601982 0.539482 0.591214 0.531650 0.578242 0.527978 0.571634
0 0.553386 0.696018 0.538700 0.704094 0.538456 0.714130 0.536986 0.719024 0.536498 0.727346 0.537722 0.738114 0.537232 0.746682 0.536742 0.754514 0.540904 0.772624 0.545308 0.779478 0.559748 0.788778 0.561462 0.792206 0.551916 0.762834 0.552162 0.746926 0.557546 0.748640 0.563910 0.751086 0.568070 0.749128 0.562196 0.741296 0.568316 0.740808 0.575902 0.741542 0.589364 0.741786 0.593770 0.726366 0.593280 0.722696 0.582510 0.734688 0.572966 0.734198 0.570312 0.732226 0.556322 0.732240 0.549958 0.728324 0.544084 0.713884 0.546288 0.704828 0.552162 0.699200 0.557056 0.694060
0 0.527196 0.789024 0.526952 0.805912 0.523770 0.813498 0.518386 0.813254 0.509330 0.809094 0.495868 0.806156 0.487302 0.808604 0.482408 0.813254 0.481184 0.818394 0.485588 0.817414 0.491708 0.813498 0.505658 0.815212 0.516918 0.821576 0.521322 0.826960 0.524260 0.835282 0.524260 0.844582 0.525238 0.853638 0.526218 0.859268 0.528176 0.866610 0.530378 0.862694 0.534050 0.832344 0.538946 0.825246 0.547756 0.818394 0.552896 0.814722 0.549958 0.813498 0.532582 0.822800 0.543596 0.806890 0.551182 0.791960 0.554364 0.784862 0.561708 0.770912 0.558526 0.770912 0.540658 0.786820 0.536008 0.789512 0.531358 0.790736 0.527442 0.785842
0 0.529400 0.883742 0.528910 0.896960 0.528176 0.904546 0.524016 0.909686 0.522058 0.906016 0.521094 0.894922 0.518876 0.898182 0.515430 0.902540 0.513282 0.895898 0.509086 0.891820 0.500030 0.900140 0.500274 0.904058 0.505170 0.911154 0.505170 0.912868 0.499296 0.912868 0.490240 0.919966 0.483630 0.925596 0.480450 0.930490 0.481184 0.934406 0.492198 0.929022 0.492968 0.925196 0.499610 0.920898 0.503320 0.919922 0.506148 0.921190 0.517896 0.921680 0.515938 0.931470 0.515204 0.940770 0.514960 0.947378 0.516210 0.949610 0.523526 0.946154 0.524750 0.934162 0.526462 0.930490 0.531848 0.925350 0.531848 0.921680 0.532618 0.918360 0.527196 0.914582 0.535764 0.906750 0.545508 0.909376 0.542616 0.902098 0.533560 0.890106 0.528666 0.877868
0 0.541638 0.965980 0.531602 0.968182 0.523036 0.971854 0.516184 0.975770 0.512266 0.979686 0.512304 0.988086 0.507128 0.982134 0.500586 0.981836 0.506392 0.988986 0.513736 0.996084 0.552652 0.997062 0.545798 0.992902 0.541882 0.987518 0.537232 0.985314 0.523280 0.985804 0.525974 0.976994 0.532092 0.973812 0.548000 0.969406 0.538946 0.966958
0 0.780664 0.048242 0.783260 0.078380 0.788956 0.086754 0.792976 0.091780 0.794650 0.103170 0.800010 0.108530 0.801686 0.121596 0.803360 0.130642 0.795898 0.136328 0.798336 0.144712 0.792306 0.148062 0.784960 0.144726 0.787110 0.155078 0.792976 0.166152 0.798000 0.175534 0.804366 0.183238 0.811402 0.189604 0.816426 0.195970 0.822456 0.208700 0.824804 0.215820 0.828822 0.213054 0.826142 0.200324 0.812304 0.172656 0.800010 0.163472 0.802690 0.146052 0.818750 0.138672 0.816762 0.128632 0.812742 0.130642 0.810732 0.111546 0.812742 0.099486 0.810732 0.087424 0.805036 0.055934 0.799676 0.060624 0.801686 0.080054 0.790966 0.070004 0.786276 0.056938
0 0.779574 0.250242 0.786946 0.260292 0.785940 0.268666 0.782590 0.272688 0.776560 0.271012 0.767514 0.275368 0.761820 0.282738 0.773880 0.278048 0.781586 0.274698 0.782590 0.279388 0.775890 0.287762 0.773544 0.294128 0.773880 0.299154 0.784600 0.294462 0.792976 0.282402 0.806376 0.283072 0.810732 0.286088 0.817096 0.294128 0.820112 0.300494 0.825136 0.305854 0.828486 0.311548 0.829156 0.286422 0.823796 0.281398 0.808386 0.278718 0.791636 0.276708 0.795656 0.270342 0.807382 0.268666 0.795990 0.264312 0.792306 0.258282 0.787950 0.243206 0.783260 0.242536 0.778904 0.246222
0 0.743360 0.446484 0.746692 0.450502 0.770928 0.455348 0.773494 0.461052 0.768932 0.465044 0.762944 0.465898 0.767222 0.482436 0.766936 0.493556 0.767222 0.501540 0.770072 0.497262 0.774920 0.482722 0.777486 0.490704 0.778626 0.507812 0.779198 0.518078 0.783188 0.519788 0.788892 0.504676 0.793738 0.506672 0.795450 0.512944 0.797160 0.519788 0.800012 0.523494 0.790888 0.530622 0.783474 0.536896 0.780908 0.539176 0.782904 0.526916 0.777486 0.528912 0.768078 0.544594 0.759238 0.550296 0.759238 0.541742 0.759808 0.536326 0.755816 0.527486 0.750114 0.534900 0.754106 0.550866 0.755246 0.557140 0.757242 0.564552 0.758668 0.576244 0.762090 0.575102 0.762944 0.563982 0.766366 0.556284 0.770644 0.561702 0.773780 0.563982 0.778056 0.563982 0.782618 0.576528 0.782334 0.587934 0.789648 0.597266 0.790430 0.601172 0.792382 0.604882 0.793738 0.597628 0.793554 0.593554 0.799726 0.594206 0.805144 0.586508 0.795734 0.584796 0.789176 0.576244 0.789462 0.563128 0.784614 0.561416 0.784044 0.550582 0.792312 0.542884 0.794308 0.547160 0.799726 0.543454 0.807424 0.527486 0.804858 0.512660 0.801722 0.500114 0.794308 0.499258 0.785470 0.494696 0.786040 0.487284 0.790602 0.485572 0.784044 0.479584 0.790602 0.478444 0.809420 0.485858 0.818830 0.490704 0.826528 0.492700 0.823678 0.481296 0.803432 0.475594 0.786610 0.469320 0.779482 0.465614 0.788086 0.451172 0.784900 0.441378 0.776916 0.450502 0.769502 0.446224 0.758954 0.445370 0.752966 0.442234 0.750970 0.442804 0.746692 0.445940
0 0.773210 0.631272 0.760948 0.638686 0.754962 0.650376 0.752396 0.649520 0.752396 0.634694 0.747834 0.629848 0.740420 0.621008 0.736998 0.617302 0.734960 0.618360 0.733862 0.623860 0.738424 0.637260 0.742416 0.649236 0.735858 0.649236 0.699362 0.665488 0.691662 0.669766 0.691662 0.673186 0.707916 0.670336 0.726734 0.666628 0.730156 0.669766 0.735002 0.664632 0.735002 0.661496 0.743270 0.659216 0.733292 0.670906 0.716468 0.679744 0.715044 0.687728 0.714758 0.695712 0.716468 0.697422 0.733862 0.686588 0.751254 0.667198 0.760094 0.658930 0.763230 0.646954 0.770644 0.638402 0.774064 0.634980
0 0.762944 0.708258 0.765510 0.718522 0.764656 0.732494 0.756672 0.741902 0.751368 0.746484 0.745552 0.731922 0.742188 0.732422 0.739280 0.723654 0.733862 0.716812 0.730440 0.721374 0.733862 0.732208 0.740704 0.749030 0.734718 0.752166 0.727442 0.757420 0.720902 0.753556 0.704552 0.745232 0.703066 0.763366 0.691768 0.771986 0.714956 0.766042 0.724738 0.769274 0.725022 0.779254 0.728730 0.791514 0.733576 0.787522 0.731866 0.766138 0.743270 0.761006 0.748688 0.764142 0.751540 0.770700 0.763476 0.775586 0.764656 0.770130 0.754390 0.760720 0.754106 0.750456 0.759524 0.748176 0.765510 0.751882 0.760948 0.760720 0.760948 0.762716 0.768648 0.759580 0.774920 0.757584 0.789176 0.764142 0.791796 0.764648 0.786896 0.754734 0.780908 0.751596 0.788868 0.743164 0.788086 0.735352 0.777202 0.740476 0.772924 0.745894 0.770072 0.738766 0.773780 0.718808 0.772354 0.713674
0 0.723312 0.792940 0.709606 0.785958 0.706632 0.796660 0.711686 0.795770 0.717038 0.803796 0.725308 0.802350 0.732618 0.810156 0.728160 0.815466 0.732436 0.816890 0.738138 0.820882 0.745552 0.836564 0.744412 0.848256 0.744126 0.860800 0.744126 0.867358 0.745838 0.869640 0.749828 0.860516 0.749828 0.848540 0.759808 0.857380 0.762500 0.863282 0.764370 0.855384 0.758382 0.843122 0.760378 0.831148 0.767222 0.831148 0.777202 0.827726 0.773780 0.815750 0.762660 0.818602 0.753820 0.823734 0.746122 0.819458 0.740704 0.806342 0.749544 0.799784 0.741846 0.795222 0.735858 0.793226 0.727304 0.792084
0 0.732436 0.869354 0.730440 0.882186 0.725878 0.898438 0.725022 0.909558 0.729014 0.919252 0.729300 0.928090 0.729014 0.937500 0.729584 0.944628 0.735858 0.944344 0.735858 0.939496 0.745552 0.951186 0.751540 0.957458 0.754492 0.957618 0.765510 0.971716 0.768078 0.975422 0.771784 0.978844 0.766652 0.964872 0.752680 0.947194 0.752396 0.941492 0.762944 0.937214 0.767222 0.935504 0.768648 0.927520 0.768648 0.916970 0.769922 0.909766 0.765796 0.910698 0.763230 0.928090 0.754390 0.930372 0.739280 0.931798 0.740704 0.918682 0.750400 0.907562 0.760664 0.902430 0.764370 0.894446 0.767578 0.889062 0.760664 0.891310 0.753250 0.898152 0.739280 0.910984 0.750196 0.896094 0.745508 0.877148 0.740234 0.897852 0.736142 0.890454 0.736428 0.877624 0.736524 0.866210
0 0.724738 0.983976 0.725308 0.994240 0.747262 0.997948 0.743556 0.983120 0.741560 0.993670 0.733006 0.989964 0.731010 0.986542
1 0.259172 0.135530 0.262228 0.147078 0.263586 0.156590 0.266644 0.164742 0.266984 0.153872 0.270118 0.152540 0.277514 0.146060 0.277514 0.138926 0.269362 0.143342 0.265286 0.139946 0.261888 0.131114
1 0.036346 0.263926 0.032608 0.267664 0.025136 0.270040 0.027854 0.274796 0.032948 0.277174 0.036684 0.283288 0.041440 0.281590 0.042798 0.274116 0.040234 0.259180
1 0.040422 0.615828 0.030078 0.631836 0.035326 0.635870 0.042460 0.633492 0.044158 0.626020 0.042578 0.610938
1 0.213654 0.690558 0.201086 0.684104 0.197010 0.678328 0.205842 0.677310 0.212976 0.682066 0.217392 0.674932 0.228260 0.671876 0.229620 0.675612 0.219770 0.681386 0.216032 0.686480
1 0.074728 0.731658 0.066576 0.739810 0.066236 0.747962 0.066576 0.756454 0.070652 0.764946 0.074742 0.770070 0.072350 0.753058 0.072350 0.743546 0.075068 0.737772
1 0.231282 0.831410 0.229040 0.842618 0.223996 0.837294 0.217270 0.838414 0.217270 0.843738 0.224836 0.845700 0.224836 0.852706 0.231562 0.848782 0.238006 0.850184 0.246132 0.848782 0.236606 0.845420 0.234644 0.840656 0.234644 0.831970
1 0.024384 0.980748 0.027652 0.987982 0.029752 0.992416 0.030686 0.997550 0.034652 0.996616 0.037220 0.988450 0.031618 0.985882 0.026486 0.979348 0.023918 0.977716
1 0.696094 0.000390 0.695898 0.012110 0.704688 0.016210 0.705274 0.019140 0.720508 0.020898 0.725196 0.015430 0.733398 0.009570 0.746680 0.002930 0.745508 0.000782 0.727930 0.000782 0.703516 0.001172
1 0.523828 0.079688 0.528320 0.088476 0.535352 0.093946 0.539062 0.096290 0.538868 0.102930 0.540820 0.108594 0.543164 0.109570 0.545898 0.108398 0.544336 0.099024 0.548046 0.091210 0.544726 0.089648 0.541016 0.091016 0.534766 0.086914 0.527734 0.079688 0.525196 0.076954
1 0.744532 0.250586 0.734570 0.256640 0.729492 0.256640 0.723438 0.253906 0.715234 0.255860 0.711328 0.258984 0.710352 0.263282 0.723242 0.263282 0.730468 0.262890 0.737110 0.263282 0.740820 0.262890 0.741210 0.258398 0.745312 0.254102
1 0.486524 0.403126 0.482226 0.407618 0.481446 0.401172 0.478906 0.391016 0.475782 0.399804 0.476368 0.410352 0.474610 0.418164 0.472070 0.416602 0.471876 0.402930 0.467774 0.408398 0.467774 0.419532 0.464454 0.414454 0.464648 0.406446 0.462110 0.393554 0.459766 0.398632 0.458204 0.407812 0.459570 0.414454 0.462304 0.422656 0.466210 0.428124 0.469532 0.431250 0.470704 0.435156 0.468360 0.437304 0.463476 0.433984 0.460546 0.436132 0.461524 0.440430 0.465234 0.442382 0.462110 0.444726 0.456250 0.447266 0.453124 0.450782 0.456250 0.458984 0.460352 0.463672 0.466016 0.469532 0.465234 0.461328 0.464258 0.453124 0.472656 0.449414 0.474804 0.450000 0.474218 0.458008 0.477930 0.458204 0.481640 0.451368 0.482032 0.446484 0.486914 0.439454 0.493164 0.437110 0.496874 0.431054 0.499218 0.419726 0.501368 0.415040 0.495508 0.414062 0.493750 0.407812 0.488282 0.401562
1 0.522460 0.472656 0.513476 0.475000 0.507812 0.472656 0.501758 0.475976 0.491992 0.479296 0.489062 0.483984 0.486718 0.491406 0.483204 0.492382 0.481446 0.487696 0.475390 0.492188 0.472852 0.495704 0.473046 0.508594 0.470704 0.511132 0.470312 0.517968 0.475782 0.526954 0.478516 0.530468 0.480468 0.537110 0.489844 0.536718 0.503320 0.539062 0.510156 0.535352 0.514454 0.533790 0.515820 0.519140 0.514454 0.511524 0.518750 0.500196 0.520898 0.494140 0.522460 0.487304 0.523828 0.479492 0.525000 0.474218 0.525976 0.469532
1 0.601758 0.491016 0.601368 0.495898 0.607812 0.498828 0.612696 0.503320 0.616796 0.506640 0.620898 0.508594 0.624218 0.510156 0.631054 0.504492 0.633398 0.502540 0.624024 0.497266 0.621484 0.496484 0.618164 0.493164 0.616016 0.485156 0.612890 0.485742 0.612110 0.493750 0.608008 0.490624 0.603320 0.488476
1 0.562696 0.588672 0.560546 0.594140 0.557812 0.598438 0.558790 0.606250 0.562304 0.604492 0.568750 0.597852 0.574414 0.595312 0.575000 0.589258 0.573632 0.588282 0.569336 0.590234 0.565040 0.586524
1 0.653124 0.696290 0.649610 0.706054 0.649024 0.713672 0.642188 0.713476 0.639454 0.712304 0.636718 0.718750 0.644532 0.718164 0.652540 0.718946 0.655664 0.721290 0.661132 0.724218 0.660546 0.720508 0.656640 0.714844 0.657226 0.708594 0.657618 0.695118 0.654688 0.690430
1 0.665624 0.731640 0.665624 0.744140 0.665624 0.754296 0.666406 0.756054 0.669532 0.754102 0.672266 0.743554 0.681836 0.741992 0.684180 0.736132 0.680664 0.735938 0.673046 0.736524 0.670118 0.734766 0.669922 0.730664
1 0.653124 0.773242 0.651172 0.780274 0.645312 0.779688 0.638282 0.780078 0.637110 0.783790 0.645704 0.785938 0.650782 0.788868 0.650390 0.793946 0.650782 0.795508 0.656836 0.791016 0.658984 0.794726 0.665430 0.798438 0.671094 0.797656 0.670118 0.792578 0.658008 0.785352 0.656836 0.780468 0.656250 0.774024
1 0.444922 0.996680 0.470508 0.999024 0.454882 0.999804 0.450000 0.996094 0.448438 0.994336 0.444922 0.994532
1 0.548632 0.985156 0.555860 0.993554 0.566602 0.987500 0.564844 0.988086 0.560156 0.986718 0.554102 0.984570 0.552930 0.985156
1 0.844758 0.184724 0.848632 0.187890 0.849414 0.191406 0.850900 0.193568 0.846968 0.198974 0.841318 0.205606 0.840090 0.210766 0.845494 0.210028 0.845002 0.213714 0.848934 0.216170 0.850900 0.203886 0.853602 0.194796 0.858516 0.198236 0.856304 0.189146 0.854092 0.178828 0.851390 0.177600 0.844020 0.179810 0.842300 0.181776
1 0.824858 0.225506 0.817732 0.241720 0.810608 0.238036 0.807414 0.239264 0.806054 0.243360 0.810608 0.245898 0.816014 0.246880 0.816750 0.252040 0.819944 0.260884 0.822400 0.256952 0.822892 0.246880 0.826086 0.236316 0.826578 0.231648
1 0.859990 0.239264 0.862200 0.247372 0.863920 0.253268 0.864658 0.259900 0.869570 0.255970 0.872518 0.256706 0.874238 0.253758 0.868750 0.251954 0.868588 0.243686 0.864412 0.235334 0.859498 0.235578
1 0.864902 0.305350 0.859960 0.306250 0.860234 0.311492 0.856058 0.312722 0.848934 0.315424 0.846094 0.325000 0.858024 0.321566 0.861464 0.318126 0.862692 0.321812 0.865394 0.327462 0.868342 0.321566 0.867850 0.308790
1 0.800044 0.377088 0.794394 0.379546 0.790708 0.381756 0.790954 0.388636 0.791936 0.394286 0.795376 0.386916 0.797834 0.391338 0.799798 0.393794 0.801518 0.392074 0.802500 0.385196 0.806678 0.376842 0.804220 0.374386
1 0.731746 0.470690 0.736660 0.477324 0.742064 0.482484 0.747224 0.486168 0.761718 0.499190 0.762210 0.491082 0.756560 0.483958 0.748944 0.476832 0.748046 0.466602 0.745750 0.473884 0.744726 0.477734 0.739854 0.471920 0.737642 0.469216 0.735678 0.468726
1 0.840580 0.452020 0.824612 0.459144 0.825104 0.467006 0.821664 0.472902 0.823046 0.483594 0.832964 0.472164 0.836404 0.476096 0.835176 0.485922 0.838862 0.492556 0.846478 0.481992 0.846722 0.465286 0.840090 0.463074 0.843774 0.452266
1 0.734448 0.552992 0.737642 0.564540 0.743784 0.572400 0.747470 0.576086 0.754102 0.584684 0.755086 0.595740 0.754594 0.600654 0.747460 0.609180 0.751892 0.609006 0.755822 0.609498 0.757812 0.602930 0.762702 0.606058 0.761718 0.595002 0.754594 0.567978 0.754594 0.563310 0.746242 0.562328 0.741574 0.554466 0.737152 0.552010
1 0.794886 0.640944 0.802010 0.647824 0.806432 0.650772 0.805450 0.655440 0.805204 0.664530 0.811100 0.664038 0.814294 0.660844 0.815522 0.651754 0.814784 0.649052 0.819206 0.636276 0.815276 0.639716 0.810362 0.643646 0.805940 0.640208 0.800044 0.638734 0.796360 0.637014
1 0.787514 0.667478 0.780390 0.677058 0.774248 0.675094 0.770808 0.670180 0.768106 0.675094 0.771546 0.679270 0.771792 0.683200 0.767370 0.694502 0.774986 0.690570 0.782602 0.690326 0.785058 0.689096 0.788744 0.694010 0.793656 0.694502 0.790430 0.683790 0.799414 0.687500 0.805860 0.699610 0.806640 0.688868 0.797852 0.675976 0.789234 0.682464 0.789234 0.676814
1 0.793410 0.702854 0.795130 0.713910 0.800290 0.721034 0.801764 0.730616 0.800586 0.741992 0.805204 0.738478 0.809872 0.731354 0.815768 0.722508 0.818962 0.713664 0.814048 0.715138 0.810116 0.703838 0.806186 0.718824 0.803238 0.710962 0.800044 0.705558 0.796114 0.701380
1 0.770072 0.937476 0.777540 0.953710 0.776460 0.957130 0.780390 0.966466 0.787270 0.976292 0.787270 0.967940 0.785796 0.952954 0.785058 0.942880 0.784076 0.936984 0.779654 0.946074 0.775968 0.939440 0.772774 0.934282 0.770564 0.934528
1 0.970972 0.404744 0.970226 0.420150 0.966250 0.417666 0.961032 0.412944 0.959292 0.417168 0.961528 0.423380 0.969232 0.427356 0.973208 0.423380 0.977184 0.425866 0.980662 0.428848 0.984886 0.430090 0.984142 0.426114 0.989608 0.420398 0.992590 0.415678 0.985136 0.419406 0.979918 0.417914 0.977680 0.412448 0.975196 0.407974
1 0.972960 0.700446 0.973456 0.709640 0.960534 0.711380 0.951092 0.707900 0.949352 0.711380 0.950596 0.718090 0.953516 0.732226 0.954074 0.718834 0.963268 0.713864 0.967990 0.717840 0.976936 0.717840 0.982650 0.715356 0.984638 0.720574 0.990602 0.724798 0.989856 0.714362 0.992094 0.697962 0.990106 0.694234 0.984638 0.708398 0.983892 0.711380 0.981408 0.708398 0.982898 0.697712 0.980662 0.691998 0.978674 0.700694
1 0.938420 0.814752 0.941152 0.825684 0.944134 0.832892 0.946868 0.838110 0.949602 0.842334 0.954322 0.845316 0.960784 0.845316 0.966996 0.839848 0.959292 0.837860 0.954688 0.838476 0.953080 0.821710 0.950346 0.829910 0.948608 0.822454 0.943638 0.814752 0.939414 0.809782 0.938668 0.811272
1 0.978178 0.823200 0.971716 0.834630 0.968750 0.838476 0.971716 0.840098 0.972214 0.846060 0.971716 0.854012 0.968984 0.859976 0.967492 0.866686 0.966498 0.873146 0.969730 0.873394 0.973704 0.861964 0.976686 0.859480 0.981160 0.854262 0.981160 0.849292 0.976190 0.849042 0.977432 0.839104 0.979420 0.830406 0.982650 0.823696 0.986378 0.817734 0.984390 0.815994
1 0.989608 0.803072 0.998046 0.787110 0.998046 0.806640 0.996318 0.813012 0.991348 0.814006 0.989258 0.813672 0.989608 0.808788
1 0.965256 0.875880 0.959790 0.883832 0.956446 0.875782 0.953080 0.879110 0.952584 0.888056 0.949104 0.881844 0.945626 0.886316 0.939164 0.890044 0.942578 0.893750 0.937176 0.907934 0.950098 0.908928 0.952832 0.912656 0.955068 0.916384 0.967990 0.920110 0.972710 0.918122 0.976438 0.911910 0.979668 0.907934 0.982898 0.902220 0.978924 0.890292 0.977432 0.879606 0.974202 0.874638 0.970474 0.875632
1 0.970704 0.926172 0.989360 0.936014 0.993584 0.941978 0.993088 0.948438 0.995074 0.952912 0.995074 0.957882 0.991596 0.960614 0.986626 0.962850 0.987124 0.967324 0.994826 0.965832 0.998046 0.962890 0.998046 0.958984 0.998046 0.957032 0.998046 0.939454 0.995074 0.933032 0.989112 0.931044 0.977680 0.930050
1 0.941898 0.949930 0.944632 0.957882 0.949804 0.963086 0.949352 0.970058 0.949602 0.975276 0.952584 0.977512 0.955316 0.968814 0.956560 0.963100 0.959292 0.961360 0.962274 0.955644 0.962026 0.947942 0.955316 0.961360 0.952584 0.959372 0.947614 0.952414 0.943886 0.947196
1 0.992838 0.984718 0.992838 0.992918 0.983892 0.992670 0.980662 0.994906 0.992342 0.998384 0.997062 0.998634 0.998046 0.994140 0.998046 0.984376
1 0.074804 0.148242 0.078320 0.158398 0.083398 0.164062 0.093164 0.169336 0.100586 0.172070 0.103516 0.176172 0.107032 0.175000 0.114258 0.170704 0.116210 0.165624 0.107422 0.166992 0.098438 0.166796 0.086718 0.161328 0.083790 0.156836 0.080468 0.151368 0.078124 0.147656 0.074414 0.145704
1 0.614062 0.238282 0.613672 0.247266 0.613868 0.256836 0.612110 0.263868 0.616602 0.262696 0.620898 0.254296 0.623046 0.243164 0.620704 0.238868 0.615234 0.235742
1 0.045780 0.609764 0.047336 0.618064 0.052524 0.622474 0.057452 0.625586 0.063678 0.623512 0.055896 0.614174 0.052264 0.608468
1 0.031256 0.899490 0.031774 0.913238 0.027364 0.916610 0.026326 0.922316 0.033330 0.920500 0.040852 0.920500 0.045002 0.918944 0.039556 0.911682 0.036702 0.906754 0.034108 0.895860
1 0.743496 0.027302 0.742604 0.054354 0.744684 0.060002 0.742010 0.062678 0.735766 0.063570 0.739334 0.078136 0.749144 0.079920 0.755684 0.071596 0.755090 0.052570 0.752414 0.039788 0.751522 0.034436 0.748550 0.030274 0.748252 0.024626 0.747954 0.021952
1 0.098852 0.720456 0.100248 0.736178 0.100598 0.748756 0.103044 0.750504 0.109682 0.737226 0.108984 0.732334 0.106188 0.725346
1 0.082080 0.774612 0.083128 0.789636 0.084876 0.799070 0.088718 0.796274 0.092912 0.791382 0.096754 0.784744 0.087670 0.788588 0.085924 0.777058
1 0.637304 0.758984 0.639062 0.769726 0.641210 0.777148 0.644336 0.770704 0.648438 0.763282 0.648242 0.759376 0.644140 0.765040 0.642774 0.758204 0.639454 0.753516 0.638086 0.757032
1 0.519742 0.241694 0.514668 0.255102 0.510320 0.258000 0.507058 0.262350 0.508508 0.265972 0.518292 0.260538 0.521554 0.248942