0 0.005962 0.272812 0.012774 0.274516 0.016182 0.278490 0.017316 0.282466 0.000284 0.301202 0.019588 0.290982 0.023562 0.284736 0.023562 0.276788 0.016182 0.269406 0.014478 0.262026 0.020156 0.252374 0.026402 0.244424 0.030944 0.233636 0.030376 0.224552 0.030376 0.214332 0.028104 0.210358 0.022426 0.207520 0.029240 0.197300 0.033214 0.188216 0.029240 0.184808 0.024698 0.186512 0.020724 0.197868 0.016750 0.207520 0.012774 0.206384 0.007664 0.196732 0.004826 0.185944 0.003122 0.174588 0.002554 0.202410 0.004826 0.205816 0.000284 0.223418 0.008800 0.227392 0.007098 0.221146 0.002554 0.216604 0.008232 0.216036 0.019020 0.217172 0.023562 0.220010 0.025834 0.226256 0.025834 0.233636 0.020724 0.241586 0.012208 0.246696 0.009936 0.252942 0.005962 0.266568
0 0.118948 0.991608 0.110432 0.984228 0.103618 0.977982 0.098508 0.972304 0.095670 0.963220 0.104186 0.971168 0.116108 0.979118 0.129168 0.983660 0.141090 0.984796 0.146200 0.981956 0.148472 0.975144 0.149608 0.980820 0.150742 0.988202 0.153014 0.993312 0.154150 0.997286 0.150390 0.998046 0.134766 0.998046 0.126896 0.996150
0 0.199002 0.727596 0.195028 0.717944 0.193326 0.704886 0.188784 0.691826 0.187648 0.683878 0.193894 0.669116 0.193894 0.657760 0.188784 0.653218 0.186512 0.666844 0.182538 0.668548 0.175724 0.658328 0.171182 0.651514 0.168344 0.650948 0.167208 0.658896 0.171182 0.669116 0.176292 0.677064 0.177428 0.681606 0.177428 0.689556 0.176860 0.697504 0.182538 0.700342 0.183106 0.708292 0.186512 0.714538 0.191622 0.720782
1 0.066110 0.923510 0.071046 0.917164 0.076686 0.910820 0.082328 0.904474 0.087264 0.905178 0.089378 0.912230 0.090788 0.919986 0.087968 0.929856 0.095724 0.927742 0.097840 0.931266 0.101366 0.928446 0.097134 0.921396 0.097840 0.913640 0.097134 0.903768 0.092904 0.899538 0.088674 0.897422 0.081622 0.898832 0.072456 0.902358 0.069636 0.906588
1 0.072456 0.806464 0.066110 0.800824 0.063290 0.794478 0.060470 0.784606 0.067520 0.786016 0.071046 0.782490 0.074572 0.787426 0.084442 0.788836 0.085148 0.784606 0.087264 0.772620 0.092904 0.773324 0.092904 0.782490 0.094314 0.790952 0.097134 0.796592 0.097840 0.803644 0.092198 0.803644 0.087264 0.795888 0.080918 0.794478 0.076686 0.795888 0.074572 0.795888
1 0.084784 0.762936 0.093110 0.753330 0.099514 0.754610 0.101434 0.746286 0.101434 0.740522 0.111680 0.740522 0.117444 0.737962 0.123848 0.734118 0.120646 0.729636 0.109118 0.731558 0.095030 0.723872 0.087346 0.718750 0.081582 0.717470 0.075820 0.721952 0.080302 0.730918 0.083504 0.736680 0.084144 0.745646 0.084144 0.753970
1 0.004760 0.631960 0.006822 0.620956 0.007510 0.611328 0.007510 0.596886 0.013700 0.600324 0.015762 0.607890 0.019202 0.612016 0.020576 0.621644 0.023328 0.625082 0.026078 0.631272 0.020576 0.631960 0.014388 0.629208
0 0.699622 0.897170 0.689930 0.901644 0.678002 0.904624 0.668312 0.910588 0.660856 0.919534 0.649674 0.926244 0.645202 0.920280 0.654894 0.918044 0.659366 0.909098 0.664584 0.896424 0.671294 0.888224 0.678002 0.881516 0.680984 0.875552 0.678002 0.869588 0.674276 0.856914 0.670548 0.841260 0.677258 0.845732 0.684712 0.863624 0.690676 0.876298 0.696640 0.883006 0.701858 0.884498 0.713786 0.887480 0.719748 0.891206 0.713786 0.897916
0 0.669058 0.997062 0.673530 0.979918 0.680984 0.976936 0.689930 0.970226 0.693658 0.953826 0.699622 0.950844 0.703348 0.952334 0.703348 0.965754 0.703348 0.971716 0.698130 0.981408 0.693658 0.988118 0.697384 0.993336 0.693658 0.996318 0.687694 0.994080 0.681730 0.994080
0 0.689184 0.805478 0.722730 0.812932 0.727950 0.806224 0.724222 0.792804 0.721240 0.786842 0.735404 0.784604 0.735404 0.777150 0.726458 0.778640 0.716022 0.779386 0.708566 0.765222 0.709312 0.755532 0.707822 0.745840 0.703348 0.742112 0.700366 0.751804 0.700366 0.765222 0.699622 0.780132 0.701858 0.785350 0.700366 0.790568 0.708566 0.793550 0.717512 0.797278 0.719748 0.802496 0.714530 0.804732 0.704094 0.802496
0 0.773422 0.731676 0.761496 0.718258 0.751058 0.714530 0.734658 0.705586 0.729440 0.710804 0.718258 0.711548 0.722730 0.704094 0.725712 0.699622 0.715276 0.690676 0.709312 0.683966 0.702604 0.678002 0.702604 0.668312 0.706330 0.657130 0.715276 0.649674 0.711548 0.661602 0.715276 0.670548 0.720494 0.678748 0.727204 0.680984 0.724968 0.669802 0.728694 0.666076 0.733912 0.675766 0.734658 0.686948 0.734658 0.696640 0.741368 0.701858 0.749568 0.705586 0.758514 0.710804 0.766714 0.716022 0.770440 0.721240
0 0.734658 0.607928 0.724222 0.605692 0.713786 0.601966 0.701112 0.598984 0.694404 0.601966 0.689184 0.605692 0.685458 0.598984 0.692912 0.592274 0.701112 0.583328 0.713040 0.580346 0.723476 0.580346 0.728694 0.579602 0.727950 0.560964 0.727950 0.548292 0.730930 0.539346 0.736150 0.551274 0.737640 0.570656 0.739132 0.580346 0.749568 0.575874 0.761496 0.570656 0.761496 0.578110 0.751058 0.581838 0.745094 0.585564 0.745094 0.596746 0.740622 0.597492 0.736894 0.588546 0.731676 0.588546 0.728694 0.593020 0.730930 0.597492
0 0.730186 0.514746 0.724968 0.522946 0.721986 0.531892 0.717512 0.540092 0.713040 0.534128 0.716022 0.518472 0.714530 0.513254 0.713786 0.505800 0.720494 0.501326 0.712294 0.484182 0.716768 0.486418 0.721986 0.496854 0.729440 0.502072 0.730930 0.496108 0.726458 0.489400 0.733912 0.490890 0.735404 0.482690 0.734658 0.475236 0.742112 0.480454 0.744350 0.484926 0.748822 0.494618 0.759258 0.499836 0.769696 0.504308 0.771932 0.515490 0.771186 0.522946 0.764476 0.512508 0.761496 0.506546 0.757022 0.504308 0.752550 0.502072 0.747332 0.500582 0.745094 0.505054 0.754040 0.514746 0.760004 0.519218 0.762986 0.522946 0.755532 0.520710 0.750314 0.516982 0.740622 0.506546 0.734658 0.505800
1 0.694024 0.463858 0.706518 0.460570 0.709148 0.469776 0.714410 0.465830 0.714410 0.457938 0.711780 0.450048 0.710464 0.442156 0.705204 0.438868 0.704546 0.447416 0.701258 0.454650
1 0.737426 0.469118 0.733480 0.463200 0.726246 0.454650 0.720328 0.446102 0.729534 0.448074 0.734796 0.451362 0.740714 0.452020 0.742030 0.455966 0.739400 0.460570
1 0.737940 0.444418 0.744560 0.442764 0.745112 0.432832 0.753388 0.425660 0.761664 0.421246 0.763318 0.412418 0.769388 0.411314 0.776008 0.416280 0.774906 0.422902 0.769388 0.427316 0.758904 0.431728 0.753940 0.433936 0.752836 0.441108 0.760560 0.441108 0.758904 0.437798 0.769388 0.433384 0.782078 0.431178 0.784284 0.422902 0.783732 0.411866 0.784836 0.405798 0.778768 0.406902 0.778768 0.412418 0.768836 0.404142 0.766078 0.401936 0.763318 0.403038 0.759456 0.412418 0.751732 0.419590 0.742354 0.423452 0.735180 0.428970 0.737940 0.432280 0.741250 0.433936
0 0.789250 0.049380 0.801388 0.042760 0.808560 0.030622 0.812974 0.046070 0.819596 0.055448 0.829526 0.067036 0.830078 0.060966 0.827872 0.056000 0.824010 0.048276 0.821250 0.038896 0.820698 0.031724 0.827320 0.041104 0.831734 0.044966 0.838354 0.050484 0.839458 0.046622 0.828422 0.032276 0.821802 0.025104 0.821250 0.009656 0.814078 0.007448 0.809112 0.010758 0.801388 0.005242 0.795870 0.000276 0.797526 0.007448 0.801940 0.012966 0.803044 0.019034 0.801940 0.026758 0.796422 0.036690 0.791458 0.040000
1 0.776008 0.048276 0.776560 0.038896 0.782630 0.031724 0.784836 0.021794 0.783732 0.018482 0.778216 0.021794 0.776560 0.027310 0.773802 0.028966 0.767732 0.026208 0.767732 0.031172 0.772698 0.033380 0.772146 0.040000
0 0.232680 0.234564 0.226400 0.227656 0.220748 0.221376 0.222632 0.217608 0.230796 0.221376 0.234564 0.223260 0.231424 0.211326 0.228912 0.205674 0.223888 0.198766 0.220120 0.189974 0.228284 0.189974 0.231424 0.194998 0.235192 0.203162 0.240844 0.213838 0.243356 0.208186 0.247752 0.200650 0.250892 0.201278 0.251520 0.208186 0.247124 0.223888 0.262824 0.218236 0.276012 0.216350 0.277896 0.216978 0.272872 0.221376 0.262824 0.225144 0.255288 0.227656 0.245868 0.231424 0.240844 0.232680 0.243984 0.243984 0.247124 0.261568 0.246496 0.269732 0.245868 0.280408 0.244612 0.288572 0.240844 0.274128 0.238332 0.262824 0.236448 0.250264 0.235820 0.242728
1 0.016622 0.011082 0.012466 0.012006 0.011082 0.003694 0.006464 0.003232
0 0.033244 0.012006 0.017546 0.002770 0.031398 0.003232 0.038324 0.004618 0.052638 0.000462 0.049868 0.008312 0.042480 0.010620 0.041094 0.018008 0.042480 0.028628 0.045712 0.036938 0.048944 0.046174 0.043402 0.044326 0.040170 0.037862 0.036938 0.030936 0.036016 0.024934 0.036016 0.018470
1 0.064642 0.084958 0.081726 0.086806 0.083112 0.084036 0.097888 0.090500 0.100658 0.086344 0.093270 0.081264 0.086344 0.078494 0.078494 0.072492 0.078494 0.066952 0.079418 0.057254 0.078494 0.050790 0.074800 0.045250 0.072492 0.051714 0.069722 0.052176 0.072954 0.061872 0.073878 0.070184 0.077110 0.074800 0.070184 0.079418
1 0.057254 0.134364 0.048020 0.127438 0.046174 0.131594 0.054022 0.139442 0.052176 0.145908 0.054022 0.149140 0.057716 0.144522 0.060026 0.142214 0.062334 0.147292 0.065566 0.149140 0.066952 0.145446 0.065104 0.142676 0.068798 0.134826 0.072954 0.126976 0.069722 0.126976 0.064642 0.129746
1 0.191078 0.176812 0.182298 0.162000 0.169132 0.159806 0.164194 0.154868 0.172972 0.153770 0.183396 0.154868 0.182848 0.144992 0.185590 0.141152 0.187786 0.149930 0.188334 0.160354 0.193272 0.167486
1 0.218508 0.192722 0.214668 0.196564 0.210280 0.194918 0.211926 0.188334 0.204244 0.186688 0.204244 0.181202 0.212474 0.182848 0.217960 0.185042 0.219606 0.180654 0.223446 0.177362 0.227286 0.178458 0.228384 0.183396 0.223446 0.186688
1 0.298394 0.258156 0.285282 0.256348 0.280310 0.242784 0.281666 0.229674 0.290708 0.222440 0.302464 0.222892 0.310602 0.227864 0.315122 0.234194 0.316478 0.244592 0.314218 0.248662 0.305628 0.255896
2 0.265842 0.269006 0.261774 0.254088 0.261774 0.248662 0.258156 0.250470 0.249566 0.252278 0.246854 0.247758 0.254992 0.245044 0.252730 0.242332 0.254540 0.237812 0.261320 0.238264 0.263582 0.230126 0.267198 0.224248 0.269006 0.230126 0.269006 0.238264 0.272172 0.240976 0.276692 0.243688 0.283022 0.249114 0.280762 0.249566 0.274884 0.248662 0.269458 0.247306 0.269912 0.252278 0.269912 0.254992 0.268102 0.262678
1 0.074146 0.255896 0.091778 0.251374 0.094492 0.252730 0.100368 0.254992 0.106246 0.254088 0.105342 0.249566 0.102178 0.247306 0.095396 0.245496 0.092230 0.241880 0.089970 0.237812 0.086354 0.239620 0.086806 0.242784 0.085450 0.247306 0.080024 0.247306 0.075954 0.251374
0 0.197922 0.452872 0.190840 0.450262 0.191212 0.441690 0.193822 0.431998 0.199040 0.428644 0.206868 0.427898 0.214322 0.427898 0.218050 0.430508 0.218794 0.433490 0.206494 0.432372 0.204630 0.433116 0.208358 0.437962 0.213204 0.440198 0.219540 0.442434 0.225132 0.443180 0.227740 0.437590 0.226622 0.435354 0.223640 0.428644 0.221404 0.421562 0.218050 0.414480 0.214322 0.406280 0.210968 0.405534 0.209104 0.407770 0.208730 0.413362 0.211340 0.420070 0.201648 0.420816 0.196804 0.422308 0.193448 0.424544 0.188976 0.429016 0.186366 0.435726 0.185994 0.441316 0.185994 0.448772 0.187858 0.452498 0.189722 0.455854 0.195312 0.456226
1 0.272096 0.508408 0.267996 0.514372 0.262778 0.516236 0.260168 0.514372 0.260540 0.509528 0.263522 0.506918 0.266878 0.505054 0.266878 0.500208 0.267622 0.494244 0.270232 0.493872 0.271722 0.496854 0.272842 0.502446 0.276196 0.506172 0.279178 0.509528 0.280296 0.512508 0.279924 0.514372 0.276942 0.513628
1 0.215848 0.565356 0.216992 0.579632 0.222702 0.588200 0.224416 0.579632 0.222702 0.570496 0.224416 0.560216 0.228984 0.553362 0.231268 0.541940 0.228412 0.540228 0.223274 0.550508 0.219846 0.554504 0.214136 0.557932 0.207282 0.558502 0.200430 0.563642 0.199288 0.565926 0.196432 0.572208 0.202142 0.572208 0.206712 0.567640
1 0.257436 0.487104 0.241906 0.479104 0.228728 0.476750 0.221198 0.474398 0.227316 0.469692 0.225904 0.460750 0.229198 0.459338 0.233434 0.466396 0.241906 0.470632 0.248494 0.472516 0.254142 0.478162
0 0.152148 0.557730 0.173088 0.553030 0.182918 0.543626 0.190184 0.529950 0.194886 0.521830 0.199586 0.528242 0.205996 0.530378 0.207280 0.523112 0.205142 0.517556 0.207706 0.517130 0.207280 0.509436 0.208134 0.506018 0.214544 0.500888 0.213690 0.497898 0.207706 0.494050 0.199158 0.488922 0.193602 0.485930 0.187192 0.483794 0.182918 0.480374 0.178644 0.478238 0.177790 0.483366 0.185910 0.487212 0.190184 0.489350 0.195312 0.494478 0.196168 0.498324 0.196594 0.503454 0.196168 0.507300 0.194886 0.512000 0.188474 0.510292 0.182492 0.511146 0.176936 0.512856 0.173088 0.515420 0.177362 0.517984 0.183346 0.520122 0.185482 0.522258 0.183774 0.530378 0.180782 0.534652 0.176936 0.540208 0.171806 0.545764 0.166250 0.549610 0.161122 0.550892 0.156848 0.551748
0 0.170952 0.549610 0.180354 0.569270 0.184628 0.580808 0.185910 0.587648 0.188474 0.593202 0.188902 0.598758 0.185482 0.603032 0.177790 0.605596 0.178218 0.612436 0.185056 0.616282 0.185056 0.623546 0.184628 0.631240 0.189330 0.630384 0.192748 0.635086 0.192748 0.640214 0.196594 0.650900 0.197876 0.656456 0.200014 0.642352 0.197450 0.629102 0.197450 0.620982 0.197450 0.612862 0.197450 0.602178 0.198304 0.591920 0.194886 0.576962 0.189756 0.565850 0.185482 0.562004 0.178644 0.553030
1 0.133342 0.631668 0.135906 0.626966 0.138044 0.620982 0.138898 0.617990 0.134198 0.620128 0.131632 0.623120 0.128642 0.626112 0.125222 0.629102 0.125222 0.635514 0.125222 0.640642 0.126932 0.647052 0.129924 0.643206 0.129496 0.636368
0 0.424388 0.961604 0.426524 0.956476 0.429090 0.950492 0.433362 0.941090 0.447894 0.934252 0.452596 0.932116 0.460716 0.926986 0.465416 0.924422 0.474392 0.920576 0.476100 0.916730 0.476528 0.911600 0.474818 0.909892 0.470118 0.910318 0.465416 0.912882 0.460716 0.915874 0.456014 0.917584 0.453450 0.910318 0.452168 0.906900 0.449176 0.901772 0.447466 0.904336 0.446612 0.912028 0.447040 0.917584 0.446184 0.922286 0.438064 0.926132 0.429090 0.932542 0.420968 0.938526 0.417978 0.941090 0.409002 0.947928 0.410712 0.949638 0.417122 0.947500 0.424388 0.943654 0.425242 0.943654 0.424816 0.951774
0 0.463280 0.838092 0.454732 0.835528 0.445330 0.829116 0.437636 0.822278 0.432936 0.820568 0.433362 0.826124 0.438492 0.830398 0.441484 0.836382 0.435072 0.839374 0.429944 0.844074 0.426098 0.849630 0.423106 0.853904 0.422252 0.859034 0.436782 0.847922 0.445330 0.847494 0.453878 0.846640 0.461570 0.847922 0.464134 0.858606 0.463706 0.875274 0.462852 0.888522 0.463280 0.900488 0.466698 0.902198 0.466698 0.891514 0.467554 0.879120 0.467554 0.867580 0.467980 0.857750 0.467980 0.846640 0.472682 0.850912 0.484222 0.854332 0.490632 0.854760 0.498752 0.854760 0.507728 0.853050 0.512428 0.852622 0.515420 0.855614 0.517556 0.863306 0.519266 0.868436 0.524822 0.867580 0.523968 0.859888 0.519694 0.850912 0.514138 0.844074 0.507728 0.843648 0.499180 0.844074 0.492342 0.844074 0.479948 0.843648 0.473110 0.840656
1 0.432080 0.874846 0.431654 0.865444 0.430798 0.857324 0.438064 0.855186 0.444048 0.852196 0.447894 0.853478 0.451740 0.858178 0.454732 0.859034 0.457724 0.853050 0.461142 0.857324 0.461142 0.864162 0.460716 0.872282 0.460288 0.877410 0.457296 0.884248 0.453878 0.881256 0.453878 0.872710 0.453878 0.866298 0.448748 0.859460 0.444048 0.859034 0.439346 0.862024 0.438064 0.865872 0.438918 0.868862 0.445756 0.868436 0.448322 0.869290 0.450030 0.873136 0.446184 0.874418 0.441910 0.873564 0.437636 0.874846
0 0.512428 0.824416 0.499606 0.811166 0.488922 0.801336 0.481230 0.793644 0.469690 0.788516 0.465416 0.786378 0.467980 0.792362 0.471400 0.796208 0.473110 0.800482 0.466698 0.798346 0.459434 0.793216 0.453450 0.787234 0.453878 0.779114 0.455586 0.776122 0.465416 0.777830 0.472682 0.779114 0.476100 0.779540 0.476528 0.772276 0.477810 0.768428 0.482512 0.770138 0.484222 0.777830 0.489350 0.785096 0.495760 0.791508 0.499606 0.797064 0.503026 0.804328 0.510292 0.811594 0.514138 0.817578
1 0.434218 0.763300 0.437210 0.758598 0.439346 0.738940 0.442338 0.741504 0.447466 0.744922 0.453450 0.745350 0.450886 0.738940 0.449176 0.733810 0.446612 0.728682 0.450030 0.720562 0.450030 0.713296 0.446612 0.712870 0.443192 0.720134 0.441910 0.723554 0.439774 0.728682 0.436354 0.729964 0.429944 0.729110 0.424816 0.729538 0.423960 0.733384 0.429090 0.735092 0.432508 0.736802 0.432508 0.746204 0.432508 0.752188
0 0.470972 0.727400 0.473536 0.711160 0.481656 0.700902 0.490632 0.690646 0.494050 0.680388 0.500888 0.679534 0.503454 0.677396 0.503454 0.659020 0.501744 0.653890 0.500462 0.645344 0.497470 0.642778 0.496188 0.632522 0.491060 0.632522 0.490204 0.643206 0.483794 0.634232 0.476528 0.629530 0.481656 0.641496 0.484222 0.648334 0.485504 0.659446 0.485076 0.664576 0.485930 0.672696 0.487212 0.677824 0.482512 0.688508 0.475246 0.698766 0.470544 0.709450 0.469262 0.715860
1 0.525250 0.706032 0.530378 0.700048 0.537216 0.694064 0.538926 0.692356 0.544054 0.685944 0.545336 0.680388 0.540636 0.679534 0.538070 0.685090 0.533370 0.684662 0.530806 0.685516 0.530806 0.691928 0.526532 0.695346 0.524394 0.700048
2 0.434218 0.681244 0.442338 0.673122 0.443192 0.666712 0.446612 0.667140 0.447894 0.673122 0.452168 0.673978 0.455160 0.670132 0.453450 0.662012 0.456868 0.663294 0.462424 0.665430 0.468408 0.664148 0.467554 0.658164 0.464134 0.652608 0.462852 0.649618 0.466272 0.644488 0.470972 0.639788 0.475674 0.633804 0.476956 0.628676 0.471400 0.630384 0.466272 0.633376 0.456442 0.638078 0.455586 0.631668 0.452596 0.629958 0.448748 0.628248 0.446184 0.626538 0.444048 0.621838 0.439774 0.623120 0.438492 0.629530 0.440202 0.636368 0.441484 0.641070 0.443620 0.646198 0.444474 0.650044 0.441056 0.649618 0.435500 0.646198 0.432080 0.644062 0.427808 0.643634 0.431226 0.646626 0.433362 0.650900 0.436782 0.655174 0.439774 0.660302 0.435072 0.658592 0.432508 0.656882 0.433362 0.659874 0.435928 0.662866
2 0.461998 0.560294 0.458578 0.547900 0.461998 0.547046 0.469262 0.552174 0.470118 0.550464 0.466272 0.541918 0.471400 0.540208 0.477384 0.534652 0.479520 0.530806 0.473536 0.531660 0.467980 0.530378 0.462852 0.534652 0.460716 0.537216 0.456442 0.534652 0.452596 0.532942 0.452168 0.536788 0.450458 0.537216 0.445330 0.536362 0.441056 0.536788 0.441910 0.538926 0.446612 0.543626 0.444048 0.551320 0.447040 0.554312 0.449176 0.548756 0.452168 0.545764 0.454304 0.547046 0.454304 0.553456
0 0.472682 0.498324 0.474818 0.505590 0.478666 0.513282 0.480802 0.520976 0.485076 0.530378 0.487640 0.536788 0.490632 0.545336 0.493624 0.550038 0.493196 0.552174 0.488922 0.551748 0.482940 0.550464 0.477384 0.549610 0.476528 0.552602 0.479948 0.554738 0.488068 0.558158 0.489778 0.561150 0.487212 0.567560 0.479520 0.568842 0.478666 0.570980 0.482940 0.573116 0.488068 0.583800 0.490204 0.593202 0.493196 0.604742 0.496188 0.603032 0.496616 0.590212 0.495760 0.577390 0.494478 0.568842 0.503880 0.566278 0.505590 0.561576 0.506018 0.554312 0.510718 0.549182 0.514566 0.542772 0.514566 0.536362 0.514138 0.526532 0.513282 0.511574 0.510292 0.513710 0.509864 0.524394 0.508582 0.534652 0.506444 0.541918 0.503880 0.545764 0.498752 0.543626 0.494906 0.537216 0.492342 0.530378 0.491060 0.520976 0.488494 0.514138 0.483366 0.507728
1 0.523298 0.888258 0.509378 0.870424 0.513294 0.869118 0.529824 0.883038 0.540264 0.886954 0.544178 0.889998 0.542004 0.892608 0.531128 0.889998 0.530258 0.896088 0.528954 0.901308 0.524604 0.896524
1 0.526778 0.942198 0.518514 0.940022 0.510684 0.933064 0.515034 0.933064 0.526344 0.936108 0.534174 0.934804 0.540264 0.931758 0.544178 0.931758 0.545484 0.938718 0.538088 0.942198 0.539828 0.948288 0.539394 0.952638 0.535478 0.952202 0.532868 0.943938
1 0.531564 0.423684 0.536784 0.418464 0.548528 0.424990 0.551138 0.429774 0.553312 0.426294 0.552878 0.422814 0.562448 0.412374 0.562882 0.405414 0.560708 0.404980 0.554182 0.412810 0.552008 0.419770 0.543308 0.414984 0.540698 0.408024 0.537218 0.401934 0.533304 0.399324 0.530694 0.408460 0.530258 0.414984
0 0.498504 0.343646 0.508944 0.348866 0.515468 0.349300 0.522428 0.349300 0.532868 0.347560 0.534608 0.354086 0.535044 0.368876 0.535044 0.381490 0.535044 0.395844 0.538088 0.398890 0.540698 0.382360 0.542438 0.360610 0.542438 0.355826 0.547658 0.357566 0.551138 0.357566 0.551138 0.350606 0.542004 0.346256 0.539394 0.341906 0.538088 0.334076 0.531564 0.331900 0.529388 0.326246 0.526344 0.317546 0.525038 0.307542 0.521994 0.306672 0.520254 0.312326 0.520254 0.323200 0.521124 0.332770 0.524168 0.336686 0.525038 0.341470 0.520688 0.341906 0.515468 0.341036 0.511118 0.340166 0.505464 0.339730
1 0.675112 0.311456 0.674242 0.301452 0.674242 0.297536 0.677722 0.293622 0.679026 0.287532 0.677722 0.280572 0.674242 0.281876 0.672936 0.287966 0.670326 0.289272 0.665976 0.287532 0.664672 0.291446 0.664672 0.297536 0.667716 0.304496 0.669892 0.307976
1 0.616388 0.325810 0.609862 0.322330 0.608558 0.315806 0.612472 0.310152 0.621608 0.311022 0.626826 0.309716 0.632046 0.307542 0.634222 0.306236 0.637266 0.311892 0.642052 0.313630 0.643356 0.317110 0.639006 0.318416 0.635092 0.317546 0.626392 0.316676 0.622042 0.316676 0.616388 0.315806 0.617692 0.320156 0.621608 0.324070 0.624652 0.327116 0.626392 0.331466 0.623782 0.331900
1 0.566798 0.314936 0.574192 0.304932 0.574628 0.298842 0.580282 0.289272 0.580282 0.287096 0.573758 0.290576 0.562012 0.281442 0.556792 0.275786 0.553748 0.277092 0.559838 0.285792 0.565492 0.294926 0.566362 0.301016 0.565928 0.307542
0 0.551572 0.213582 0.548528 0.224458 0.545918 0.229678 0.542874 0.235766 0.539394 0.235766 0.532868 0.233158 0.532434 0.235332 0.538958 0.242292 0.538524 0.244902 0.535914 0.245772 0.539828 0.250992 0.541134 0.255776 0.539828 0.258386 0.530694 0.260126 0.533304 0.271002 0.537218 0.277526 0.544178 0.279266 0.545918 0.281876 0.545484 0.284922 0.537218 0.281876 0.525038 0.277962 0.524604 0.282746 0.532868 0.287966 0.543308 0.291012 0.552878 0.288836 0.551572 0.282312 0.548092 0.272306 0.548528 0.264912 0.551572 0.264912 0.553748 0.256212 0.552008 0.247076 0.555052 0.236636 0.555488 0.226198 0.556358 0.219672
0 0.573322 0.205752 0.558098 0.205318 0.550268 0.198792 0.545918 0.191398 0.547658 0.188352 0.550268 0.191398 0.555052 0.193572 0.556792 0.190092 0.555922 0.180088 0.559838 0.173998 0.567668 0.163992 0.572018 0.156164 0.574628 0.147464 0.575498 0.140504 0.575498 0.133108 0.572018 0.133978 0.569408 0.142678 0.568102 0.150508 0.565928 0.156598 0.565058 0.160078 0.560708 0.166602 0.558098 0.166602 0.559838 0.156164 0.562012 0.147898 0.564188 0.141374 0.565492 0.137024 0.568538 0.130498 0.573322 0.126584 0.580282 0.123974 0.589418 0.124408 0.589418 0.122234 0.584198 0.119188 0.568538 0.124408 0.560272 0.130934 0.555052 0.138764 0.552442 0.148768 0.549832 0.158338 0.550702 0.165732 0.552008 0.172258 0.548528 0.176172 0.544178 0.180958 0.542438 0.187048 0.543744 0.197052 0.548092 0.203142 0.552442 0.207928 0.560708 0.210538 0.569408 0.209668
1 0.644662 0.123104 0.639442 0.126584 0.633786 0.128758 0.627262 0.127454 0.630306 0.119188 0.635962 0.117884 0.642922 0.117014 0.651186 0.115708 0.655102 0.119188 0.656842 0.123104 0.657276 0.127888 0.652492 0.127018 0.649882 0.125278
1 0.606818 0.090914 0.613778 0.080908 0.617692 0.074384 0.625956 0.070470 0.629436 0.064380 0.624218 0.062640 0.618998 0.064380 0.614648 0.067424 0.612038 0.059594 0.608992 0.060900 0.610732 0.069164 0.608122 0.073514 0.605948 0.081344 0.607252 0.086564
0 0.542438 0.083084 0.558098 0.072644 0.572018 0.078298 0.574628 0.059594 0.572018 0.050460 0.570712 0.040020 0.565928 0.033494 0.565928 0.045240 0.565492 0.057420 0.562448 0.067860 0.553312 0.064380 0.543744 0.061770 0.537654 0.063074 0.530258 0.066554 0.529824 0.068294 0.531128 0.074384 0.535478 0.076124 0.538958 0.076124
0 0.578108 0.007394 0.578978 0.013484 0.578108 0.017400 0.572888 0.021750 0.567668 0.023924 0.565492 0.024360 0.566798 0.028274 0.575932 0.026970 0.582022 0.020880 0.583762 0.012614 0.583328 0.007394 0.590288 0.004350 0.596378 0.008700 0.597248 0.005220 0.606818 0.000000
1 0.836448 0.244848 0.846072 0.242018 0.849468 0.241452 0.850600 0.248812 0.852298 0.255038 0.861356 0.255038 0.868716 0.247112 0.869848 0.240320 0.880604 0.232394 0.886832 0.225600 0.882302 0.222204 0.874944 0.228430 0.870980 0.231262 0.862488 0.230696 0.856828 0.228430 0.862488 0.220504 0.856828 0.217108 0.851166 0.223902 0.850034 0.230130 0.846638 0.235790 0.838712 0.236356 0.837014 0.236922
1 0.756058 0.203522 0.748698 0.197294 0.744168 0.188236 0.744736 0.180310 0.754926 0.182574 0.758888 0.184840 0.765682 0.181442 0.767380 0.175782 0.770210 0.177480 0.775306 0.185406 0.778136 0.193898 0.773608 0.197860 0.766248 0.200124
0 0.783798 0.219372 0.772476 0.209748 0.765116 0.205786 0.766248 0.201256 0.774740 0.205786 0.786628 0.214278 0.791724 0.213712 0.796818 0.207484 0.801348 0.210880 0.799082 0.217108 0.818898 0.231828 0.825124 0.237488 0.821728 0.239754 0.814368 0.232394 0.804744 0.228996 0.795686 0.224468 0.790592 0.222770 0.790592 0.228430 0.790592 0.237488 0.786628 0.238620 0.786628 0.228996
0 0.788326 0.245414 0.786628 0.257870 0.781534 0.269758 0.782100 0.282212 0.784930 0.294668 0.782100 0.310518 0.778136 0.324106 0.771908 0.330900 0.770776 0.319576 0.775872 0.295234 0.770776 0.294668 0.763418 0.293534 0.749264 0.282212 0.761152 0.282778 0.766814 0.281080 0.766814 0.269758 0.770776 0.271456 0.774174 0.278250 0.776438 0.269192 0.777004 0.260700 0.780400 0.252774
1 0.782100 0.330332 0.773042 0.330332 0.769078 0.321842 0.761718 0.311084 0.755492 0.309386 0.750962 0.316746 0.751528 0.322408 0.753226 0.331466 0.757190 0.335428 0.763984 0.337126 0.773608 0.335994
1 0.714164 0.109544 0.720958 0.115206 0.727752 0.116338 0.727186 0.111244 0.722656 0.108412 0.716996 0.101620 0.715862 0.098222 0.710202 0.099920 0.705106 0.102186 0.698312 0.105582 0.700578 0.108978 0.706238 0.108978
0 0.796252 0.102752 0.788326 0.091428 0.775872 0.078408 0.777004 0.084636 0.783798 0.097090 0.788892 0.105016 0.788326 0.114074 0.791724 0.126528 0.801994 0.136346 0.816910 0.138676 0.809452 0.134482 0.801528 0.131218 0.796866 0.126556 0.795002 0.120498 0.795002 0.113038 0.798264 0.114438 0.798264 0.120498 0.801994 0.119564 0.801528 0.112106 0.799662 0.107446 0.805256 0.109776 0.808986 0.115370 0.814112 0.119098 0.821104 0.121896 0.820172 0.116768 0.814112 0.111640 0.808520 0.108844 0.803858 0.105580
0 0.266282 0.116132 0.266868 0.106748 0.262270 0.099348 0.255502 0.084844 0.255986 0.060190 0.259370 0.052938 0.259852 0.045686 0.255502 0.045686 0.250668 0.042786 0.252600 0.037468 0.249216 0.025864 0.248250 0.018612 0.253568 0.020064 0.256952 0.029732 0.259852 0.025864 0.261302 0.018612 0.265654 0.011360 0.273390 0.007010 0.286442 0.010394 0.285476 0.014262 0.276290 0.013294 0.270488 0.014746 0.268072 0.021514 0.268072 0.028766 0.269038 0.034082 0.272906 0.035050 0.273390 0.040852 0.268554 0.044236 0.268072 0.051970 0.269522 0.059222 0.269522 0.064056 0.267104 0.068408 0.265170 0.072758 0.264204 0.080494 0.266138 0.087746 0.269038 0.094998 0.271456 0.103700 0.270972 0.109984
1 0.232296 0.060190 0.225044 0.063090 0.218760 0.061156 0.224562 0.057288 0.229396 0.053420 0.225044 0.042302 0.225528 0.036500 0.232296 0.045202 0.234714 0.053420 0.241966 0.062122 0.236648 0.064540
1 0.325118 0.228428 0.315932 0.222144 0.316416 0.215858 0.325602 0.220694 0.329468 0.212474 0.332370 0.212958 0.334304 0.209574 0.338172 0.211508 0.331886 0.226012 0.336720 0.239064 0.337204 0.245350 0.330920 0.238580
1 0.319316 0.148176 0.311098 0.154944 0.308680 0.147210 0.317382 0.137540 0.316416 0.124488 0.317382 0.114336 0.321734 0.116752 0.323184 0.132706 0.327536 0.137540 0.334304 0.139958 0.331886 0.143342 0.324634 0.141408 0.327052 0.151560 0.329468 0.155912 0.324152 0.153494
0 0.240998 0.154462 0.236164 0.127872 0.240514 0.130772 0.243898 0.137540 0.248734 0.131740 0.244382 0.126422 0.240514 0.115786 0.243898 0.098382 0.246800 0.083394 0.251634 0.082912 0.252118 0.091614 0.248250 0.101766 0.248734 0.110468 0.251150 0.115786 0.252118 0.121104 0.252118 0.130772 0.255018 0.137058 0.257918 0.144308 0.259852 0.149626 0.254052 0.148176 0.250668 0.147210 0.249700 0.150110
1 0.289826 0.125938 0.296594 0.111434 0.293210 0.109984 0.284992 0.120136 0.276774 0.121104 0.268072 0.123038 0.271456 0.127872 0.279190 0.131740 0.282574 0.137540 0.282574 0.144308 0.284024 0.148660 0.291276 0.145276 0.288376 0.138990 0.287892 0.132706
1 0.273390 0.177666 0.273390 0.170414 0.267588 0.164130 0.264688 0.153010 0.266620 0.148660 0.268072 0.146242 0.272422 0.153010 0.275322 0.160262 0.282574 0.168482 0.278224 0.172348
0 0.294378 0.406588 0.277006 0.396260 0.266208 0.399546 0.261512 0.394850 0.273720 0.389216 0.275128 0.383112 0.275598 0.375132 0.277476 0.361046 0.283578 0.362454 0.288744 0.360576 0.293908 0.341796 0.295786 0.336632 0.299072 0.342266 0.292500 0.362454 0.295316 0.371844 0.303298 0.372784 0.310810 0.374662 0.307992 0.377948 0.303298 0.377948 0.306114 0.384522 0.303768 0.387808 0.294846 0.378888 0.289682 0.376070 0.289682 0.383112 0.291090 0.389216 0.292030 0.394850 0.294378 0.399546
1 0.070894 0.551194 0.063852 0.546030 0.059626 0.534762 0.064792 0.536170 0.073242 0.545090 0.078406 0.548846 0.089206 0.548846 0.095308 0.550724 0.088736 0.554480 0.078406 0.553072 0.077938 0.556828 0.078406 0.561524 0.074650 0.563402
1 0.114558 0.504714 0.117376 0.498140 0.115966 0.489220 0.114088 0.483116 0.110802 0.485934 0.110802 0.495794 0.106576 0.500958 0.110332 0.508470 0.116906 0.517390 0.121132 0.518330 0.118314 0.511756
1 0.009860 0.581712 0.003756 0.574200 0.001878 0.561054 0.009860 0.559176 0.009860 0.561054 0.009860 0.566218 0.010330 0.572322 0.011738 0.576078
0 0.009860 0.710824 0.013146 0.711294 0.006104 0.698618
1 0.028640 0.838530 0.020658 0.836182 0.013146 0.832896 0.014086 0.829140 0.017842 0.823506 0.024414 0.822566 0.029578 0.827262 0.035682 0.831956 0.038968 0.835242 0.034274 0.838998 0.038500 0.845102 0.038500 0.851206 0.035682 0.851676 0.032866 0.843694
1 0.228648 0.720684 0.217848 0.719746 0.210336 0.717398 0.211276 0.712702 0.218788 0.712702 0.226770 0.713172 0.227708 0.703312 0.230056 0.693922 0.231934 0.694862 0.234282 0.704252 0.233812 0.715050 0.238038 0.720684 0.239446 0.727258 0.238038 0.730544 0.233342 0.723970
1 0.746128 0.862980 0.755380 0.857464 0.759574 0.859328 0.760040 0.850472 0.758176 0.843480 0.755846 0.838352 0.753980 0.845810 0.753980 0.850938 0.749320 0.853734 0.746522 0.855600
1 0.552608 0.776822 0.535828 0.781484 0.544684 0.771228 0.547948 0.764236 0.546548 0.749786 0.552608 0.758176 0.555872 0.768898 0.563796 0.773092 0.568924 0.780084 0.570788 0.785212 0.560532 0.778686
1 0.552142 0.831826 0.551210 0.820172 0.552142 0.803858 0.568458 0.801994 0.574050 0.806654 0.574518 0.816444 0.567524 0.824834 0.561932 0.831826
1 0.562398 0.994976 0.553540 0.993110 0.556804 0.989382 0.565194 0.989848 0.576382 0.980524 0.578712 0.986118 0.572186 0.993576 0.570312 0.998046 0.564454 0.998046
1 0.606680 0.994042 0.594562 0.994508 0.589434 0.991712 0.605282 0.987982 0.604816 0.980524 0.609944 0.982390 0.611342 0.988450 0.620198 0.995908 0.619140 0.998046 0.612740 0.996840
1 0.525572 0.915266 0.536294 0.916664 0.543752 0.917130 0.544684 0.911070 0.544684 0.903612 0.541422 0.903612 0.540488 0.910604 0.534896 0.911070 0.529302 0.912468
0 0.504130 0.997306 0.505528 0.990314 0.508792 0.985186 0.507392 0.967472 0.510656 0.967938 0.512986 0.983788 0.517648 0.986584 0.518114 0.977262 0.522776 0.979126 0.524174 0.987050 0.523242 0.994508 0.521484 0.998046
1 0.643392 0.665744 0.649246 0.656164 0.654036 0.653504 0.654568 0.641264 0.648182 0.643924 0.640732 0.642860 0.641264 0.648714 0.643924 0.654036
1 0.121420 0.816948 0.131184 0.805556 0.126844 0.803386 0.119792 0.805556 0.105686 0.806640 0.102974 0.812066 0.113824 0.813694 0.114908 0.822916 0.121420 0.826172
1 0.756174 0.252130 0.742254 0.243940 0.738158 0.239846 0.748394 0.238618 0.749214 0.229608 0.746348 0.225924 0.744300 0.218554 0.757404 0.223876 0.770916 0.224696 0.777466 0.230018 0.782790 0.236980 0.782790 0.243122 0.778694 0.250900 0.775420 0.256634 0.766002 0.255404 0.764774 0.266050 0.763544 0.273422 0.759860 0.272192 0.759450 0.259500
1 0.132038 0.010598 0.152150 0.001702 0.170714 0.003636 0.162980 0.003248 0.156018 0.006730 0.153310 0.009824 0.152150 0.016786 0.147510 0.021040 0.143642 0.015624 0.146350 0.007890 0.144416 0.001702 0.138614 0.002862
1 0.021100 0.056822 0.010430 0.061924 0.012284 0.067492 0.023882 0.060996 0.031770 0.060996 0.037800 0.058678 0.031770 0.053574 0.027594 0.054038 0.026202 0.048006 0.022956 0.048934
1 0.078498 0.616192 0.076164 0.637202 0.071496 0.660546 0.081612 0.648096 0.091726 0.651208 0.087058 0.639536 0.084724 0.626308
1 0.040370 0.538378 0.027142 0.527484 0.027142 0.520480 0.013914 0.507252 0.020916 0.524372 0.017804 0.531374 0.020138 0.547716 0.024808 0.555496 0.024028 0.539156
1 0.602544 0.591102 0.611532 0.578844 0.609898 0.572306 0.597640 0.580478 0.584564 0.579662 0.582112 0.587834
1 0.306090 0.056776 0.300034 0.048198 0.297510 0.048198 0.297510 0.055262 0.292464 0.058290 0.289436 0.064348 0.295996 0.066366 0.299024 0.062834 0.304576 0.061824