1 0.636402 0.065104 0.625964 0.060512 0.618584 0.058052 0.610222 0.059528 0.605302 0.060020 0.604810 0.053132 0.632360 0.054116 0.639248 0.056084 0.640232 0.060020 0.644660 0.061988 0.649578 0.058544 0.653514 0.054608 0.654498 0.056084 0.653514 0.064448 0.650070 0.066416 0.650070 0.077240 0.648594 0.083144 0.646136 0.085602 0.643184 0.082160 0.645152 0.074288 0.644660 0.068384 0.642692 0.067400
0 0.616616 0.094950 0.623012 0.099378 0.626456 0.105282 0.628916 0.107742 0.629408 0.115122 0.630884 0.124468 0.627440 0.129388 0.627440 0.135784 0.629900 0.141196 0.628916 0.150052 0.632360 0.153002 0.639740 0.146116 0.639740 0.150544 0.636296 0.159890 0.632360 0.169238 0.634820 0.172682 0.644168 0.160874 0.649578 0.136276 0.643676 0.133816 0.643184 0.128404 0.647610 0.125944 0.646136 0.120532 0.644660 0.114138 0.647120 0.104298 0.645644 0.100854 0.641216 0.110202 0.637772 0.114630 0.634820 0.104790 0.629900 0.094950 0.623012 0.092490
0 0.632360 0.208104 0.631376 0.221878 0.627440 0.232702 0.621044 0.236638 0.620060 0.242542 0.615632 0.244018 0.610222 0.246970 0.612682 0.249430 0.623012 0.248938 0.627932 0.250906 0.635312 0.254350 0.642692 0.253858 0.648594 0.256316 0.654498 0.258776 0.660894 0.260252 0.670734 0.254840 0.677622 0.245002 0.679098 0.237622 0.674670 0.237622 0.669258 0.248446 0.662862 0.252382 0.656466 0.249430 0.649578 0.244018 0.644168 0.244510 0.636296 0.244510 0.636296 0.238606 0.640724 0.233686 0.648594 0.224830 0.654990 0.219912 0.649578 0.220894 0.642200 0.225814 0.636788 0.232702 0.635804 0.228766 0.639248 0.221386 0.636788 0.213024
0 0.648594 0.295182 0.651546 0.303054 0.649578 0.311418 0.638264 0.322242 0.632852 0.331588 0.625472 0.337984 0.625472 0.339952 0.619568 0.338968 0.614156 0.333556 0.608746 0.323716 0.606286 0.314862 0.599890 0.314862 0.603826 0.328636 0.614156 0.341920 0.623996 0.343888 0.624488 0.354712 0.628424 0.354712 0.631868 0.339952 0.638756 0.332572 0.646628 0.324700 0.655974 0.320274 0.656466 0.306006 0.654006 0.296166
1 0.701236 0.436870 0.694348 0.433426 0.686968 0.429490 0.688936 0.426046 0.697300 0.427030 0.703204 0.431458 0.706648 0.427030 0.710584 0.428506 0.709108 0.434902 0.706648 0.438346 0.712552 0.443266 0.714028 0.447202 0.711568 0.448678 0.703696 0.443266
0 0.586430 0.582704 0.596776 0.589172 0.605830 0.600812 0.609864 0.611482 0.611462 0.621594 0.618380 0.622658 0.623702 0.628512 0.628492 0.632770 0.624766 0.639156 0.620508 0.643414 0.622104 0.661508 0.624234 0.672684 0.629024 0.672684 0.627426 0.664702 0.624766 0.652994 0.625830 0.645010 0.633280 0.638624 0.633814 0.631174 0.630088 0.624254 0.630620 0.612546 0.637538 0.611482 0.637538 0.607224 0.629556 0.605096 0.625830 0.606692 0.616784 0.610950 0.612526 0.600838 0.606672 0.593388 0.600286 0.585406 0.592834 0.581148
2 0.643224 0.613060 0.643224 0.608704 0.638534 0.607030 0.637864 0.601000 0.641214 0.599660 0.645570 0.603344 0.645904 0.598320 0.648250 0.595974 0.652270 0.595974 0.654616 0.591284 0.658636 0.591620 0.658300 0.604014 0.659640 0.605354 0.663326 0.601334 0.667346 0.599324 0.670026 0.599660 0.670696 0.603010 0.663996 0.608704 0.668016 0.611386 0.670696 0.614066 0.670696 0.617080 0.667010 0.619090 0.662990 0.623446 0.658300 0.624786 0.657296 0.621436 0.656290 0.617750 0.652606 0.622106 0.647580 0.626796 0.643224 0.628470 0.641550 0.625790 0.644230 0.623446 0.640880 0.621436 0.640544 0.617750 0.644564 0.616410
0 0.611064 0.688104 0.613408 0.700498 0.619774 0.710214 0.624798 0.714570 0.637864 0.719594 0.646240 0.721940 0.653276 0.717920 0.659640 0.716580 0.661986 0.703848 0.660310 0.691788 0.657630 0.693128 0.655286 0.706528 0.653276 0.713228 0.641550 0.710548 0.631164 0.706528 0.634180 0.700834 0.637194 0.695808 0.640210 0.689778 0.648250 0.683412 0.654950 0.677048 0.657966 0.673698 0.655620 0.671688 0.647914 0.676378 0.640544 0.683078 0.639874 0.672692 0.639540 0.659962 0.637530 0.658286 0.632170 0.676378 0.630160 0.688104 0.627144 0.689778 0.627814 0.699828 0.624128 0.705524 0.623458 0.697484 0.623124 0.690784 0.625470 0.688104 0.622118 0.686428
1 0.695482 0.576256 0.689822 0.579654 0.682462 0.585314 0.677366 0.597204 0.676800 0.607394 0.687556 0.608526 0.693784 0.607960 0.697180 0.604562 0.697180 0.589844
1 0.628516 0.502398 0.623856 0.494348 0.625974 0.489688 0.636142 0.496890 0.643344 0.494348 0.650124 0.488416 0.652666 0.489688 0.639956 0.501974 0.639956 0.508754 0.641226 0.516380 0.639532 0.521886 0.634024 0.523582 0.627670 0.523158 0.625974 0.517650 0.626398 0.510872
1 0.598488 0.718010 0.595692 0.723950 0.596042 0.734780 0.596740 0.741418 0.605126 0.742118 0.611416 0.741768 0.614910 0.740370 0.614560 0.738974 0.606174 0.738624 0.602680 0.738274 0.601632 0.729190 0.601632 0.720804
0 0.636222 0.752948 0.623644 0.758888 0.611416 0.762732 0.607222 0.766924 0.608970 0.772516 0.606874 0.775660 0.600584 0.775310 0.599886 0.778454 0.607922 0.781250 0.614560 0.782298 0.620850 0.782298 0.627138 0.780202 0.632734 0.775718 0.641648 0.773096 0.647152 0.772572 0.653182 0.773358 0.658950 0.774146 0.659212 0.771000 0.654756 0.768378 0.647940 0.768116 0.639812 0.767592 0.634832 0.768902 0.629850 0.769950 0.627228 0.771524 0.624344 0.774932 0.621460 0.778078 0.616742 0.778864 0.613596 0.776504 0.612022 0.772834 0.613334 0.768378 0.618576 0.765494 0.625132 0.762610 0.631160 0.760512 0.635356 0.758154
0 0.596030 0.868262 0.604420 0.866690 0.616480 0.867214 0.619888 0.869048 0.622248 0.870360 0.622248 0.874554 0.619364 0.876390 0.616480 0.879798 0.615956 0.885040 0.609926 0.886090 0.604420 0.886352 0.599964 0.887138 0.599438 0.889236 0.603634 0.890546 0.608876 0.891332 0.607304 0.892906 0.605206 0.896576 0.611498 0.897886 0.614382 0.898674 0.617004 0.900246 0.623296 0.902868 0.627752 0.907324 0.632210 0.910734 0.634832 0.908374 0.631160 0.901820 0.628278 0.899984 0.624082 0.898150 0.618840 0.896838 0.615430 0.894478 0.621722 0.888450 0.626180 0.882944 0.628540 0.877700 0.627228 0.869836 0.625394 0.865640 0.620412 0.862494 0.615430 0.862494 0.608090 0.863282 0.601536 0.863806 0.596556 0.865640
0 0.662348 0.941006 0.634098 0.939546 0.617822 0.942974 0.609440 0.933864 0.605796 0.933134 0.605432 0.938236 0.609804 0.944796 0.603246 0.952082 0.601060 0.956820 0.602518 0.962650 0.610898 0.964836 0.611262 0.973582 0.615270 0.972854 0.615270 0.964472 0.626202 0.957184 0.637862 0.951354 0.643328 0.945888 0.651346 0.944066
1 0.703186 0.954386 0.692166 0.954386 0.685430 0.958672 0.691554 0.974592 0.697676 0.986224 0.706248 0.982550 0.709922 0.968468 0.714206 0.963570
0 0.998046 0.884766 0.989142 0.895060 0.985170 0.904330 0.983846 0.910620 0.981528 0.918234 0.978218 0.927172 0.974246 0.929820 0.968286 0.929820 0.964646 0.931806 0.961334 0.936440 0.965308 0.938096 0.972922 0.934124 0.973252 0.946702 0.975238 0.948028 0.978880 0.934124 0.982852 0.927834 0.995100 0.924192 0.998046 0.921876 0.998046 0.917968 0.994770 0.916578 0.994108 0.911944 0.996094 0.904992 0.998046 0.900390
0 0.963320 0.988082 0.968286 0.997682 0.997748 0.998344 0.997418 0.996358 0.991460 0.999338 0.974908 0.994042 0.970272 0.988082
0 0.944120 0.846730 0.948424 0.846068 0.953720 0.847060 0.960342 0.850702 0.970272 0.860302 0.973252 0.864274 0.974576 0.869902 0.975238 0.872220 0.973914 0.880826 0.975900 0.884136 0.983514 0.884798 0.983184 0.882482 0.980204 0.878510 0.979872 0.875860 0.987156 0.875860 0.989804 0.871558 0.989142 0.860632 0.985832 0.855336 0.981860 0.848716 0.976894 0.844082 0.973914 0.842094 0.972922 0.847722 0.975900 0.853350 0.967956 0.847060 0.960010 0.841764 0.954714 0.841764 0.950080 0.843418
0 0.972922 0.789128 0.975900 0.782508 0.979872 0.767612 0.984176 0.758342 0.991128 0.760660 0.998046 0.755860 0.998046 0.763672 0.990798 0.776218 0.992452 0.781514 0.985832 0.787142 0.982522 0.788798 0.984508 0.791446 0.986162 0.793764 0.984508 0.798066 0.981198 0.799390 0.975900 0.799060 0.971596 0.797736 0.967624 0.795750 0.967624 0.791446
0 0.978218 0.666976 0.974908 0.664990 0.970934 0.665320 0.962658 0.663996 0.955708 0.661348 0.951404 0.662672 0.945444 0.664658 0.940810 0.667306 0.939818 0.664658 0.946438 0.657044 0.953720 0.654066 0.960672 0.653072 0.966962 0.654066 0.970272 0.655058 0.974246 0.652740 0.977886 0.649430 0.978218 0.643140 0.975570 0.641154 0.969942 0.641816 0.965308 0.643802 0.960342 0.645128 0.955708 0.645128 0.955376 0.641154 0.960672 0.638838 0.965970 0.637182 0.972260 0.636520 0.977886 0.636852 0.981860 0.638838 0.983184 0.642478 0.983514 0.645790 0.988148 0.646452 0.992784 0.645790 0.996424 0.645458 0.995100 0.649430 0.992122 0.653734 0.988810 0.658038 0.984176 0.662342
0 0.945114 0.558396 0.952066 0.559058 0.956700 0.561706 0.961004 0.565346 0.962658 0.569320 0.963984 0.573954 0.963984 0.579582 0.964646 0.585210 0.964314 0.592824 0.971596 0.594478 0.975570 0.597458 0.981198 0.600106 0.986494 0.596134 0.995432 0.596464 0.998046 0.595704 0.998046 0.589844 0.989142 0.591498 0.995432 0.579250 0.998046 0.574218 0.998046 0.570312 0.990136 0.573622 0.985170 0.572630 0.978880 0.574948 0.976562 0.577926 0.973914 0.587526 0.970934 0.588850 0.971266 0.578588 0.969942 0.569650 0.966300 0.562036 0.961334 0.559720 0.953058 0.554422 0.949086 0.553430 0.945444 0.554092
1 0.634042 0.445530 0.637112 0.437974 0.641134 0.436186 0.640688 0.429482 0.635772 0.430822 0.632642 0.435740 0.630854 0.439314 0.625938 0.441102 0.625492 0.444230 0.628620 0.448254 0.633984 0.451382 0.639794 0.454064 0.644710 0.453170 0.644264 0.449594 0.640240 0.447806
1 0.551746 0.398644 0.547278 0.403560 0.545042 0.408476 0.541020 0.410710 0.528952 0.414286 0.524930 0.413840 0.532082 0.407582 0.536550 0.406688 0.539232 0.399536 0.544596 0.395962 0.548618 0.394620
0 0.427730 0.001580 0.435100 0.004212 0.443522 0.005790 0.445102 0.014214 0.442996 0.020532 0.444576 0.025270 0.450366 0.021058 0.450366 0.010528 0.446154 0.002106 0.449840 0.000526 0.454578 0.006844 0.455104 0.012108 0.462474 0.024216 0.477216 0.038958 0.483532 0.039484 0.479848 0.031586 0.473004 0.024744 0.469846 0.019478 0.464054 0.010002 0.460896 0.000526
0 0.426150 0.057910 0.428256 0.074230 0.431940 0.078440 0.435626 0.085812 0.451946 0.086864 0.460896 0.086864 0.470372 0.086864 0.482480 0.081600 0.489850 0.072124 0.485112 0.071070 0.478268 0.075282 0.473004 0.076862 0.465634 0.080020 0.442996 0.080020 0.441416 0.076336 0.448260 0.072650 0.460368 0.066332 0.474056 0.058962 0.476688 0.054224 0.467740 0.057382 0.458790 0.061594 0.448260 0.066858 0.446154 0.052118 0.445102 0.039484 0.444576 0.030534 0.439838 0.032640 0.436678 0.045802 0.435626 0.056330 0.432994 0.065806
0 0.440364 0.102132 0.431940 0.114766 0.431414 0.125822 0.432468 0.134770 0.435100 0.142142 0.436152 0.152144 0.432994 0.156882 0.425624 0.156356 0.425624 0.148986 0.426676 0.142668 0.429834 0.134244 0.426676 0.133192 0.421938 0.138456 0.420358 0.147406 0.422992 0.156356 0.427730 0.160040 0.436152 0.161620 0.442996 0.161094 0.451420 0.158462 0.457736 0.151090 0.454052 0.148986 0.446154 0.152670 0.444050 0.153196 0.445628 0.134244 0.445628 0.122662 0.449840 0.112134 0.445628 0.108974
0 0.428782 0.200576 0.437206 0.214792 0.443522 0.219002 0.438784 0.236902 0.437732 0.245326 0.445102 0.246378 0.452998 0.252696 0.460368 0.262172 0.464054 0.265856 0.470898 0.263224 0.460896 0.246904 0.456684 0.240588 0.454052 0.233216 0.454052 0.226372 0.449840 0.220056 0.439310 0.205316 0.436678 0.199524
0 0.409830 0.322186 0.415620 0.320080 0.425096 0.323766 0.434046 0.329030 0.437732 0.321134 0.446154 0.314816 0.459316 0.312184 0.466686 0.313764 0.469846 0.320608 0.470372 0.325346 0.467740 0.324818 0.464580 0.317976 0.459316 0.320608 0.449840 0.327978 0.447734 0.333768 0.441944 0.336400 0.435100 0.339034 0.424044 0.340086 0.418254 0.339034 0.418780 0.336400 0.427202 0.334294 0.425624 0.331662 0.414042 0.328504
0 0.437732 0.375358 0.425624 0.386940 0.422464 0.397468 0.418780 0.403260 0.417200 0.411156 0.419306 0.416420 0.419832 0.424318 0.426676 0.434320 0.430362 0.443270 0.436152 0.453798 0.444576 0.452746 0.444576 0.446956 0.439838 0.443796 0.441416 0.431162 0.443522 0.420106 0.445628 0.407998 0.444050 0.403786 0.440364 0.407998 0.438258 0.416420 0.432468 0.426424 0.429308 0.427476 0.432468 0.422212 0.434046 0.415894 0.431414 0.404840 0.427730 0.405366 0.427202 0.418000 0.425624 0.419580 0.423518 0.405366 0.428256 0.395890 0.433520 0.385360
0 0.372978 0.488018 0.386140 0.489598 0.396142 0.493282 0.400354 0.497494 0.403512 0.503286 0.407198 0.510656 0.415094 0.513288 0.416674 0.519604 0.416674 0.526976 0.425624 0.518552 0.425624 0.521184 0.425624 0.524870 0.434572 0.525396 0.446154 0.525396 0.446682 0.521184 0.442470 0.519604 0.441944 0.513814 0.433520 0.505390 0.442470 0.500126 0.446154 0.498548 0.447208 0.503286 0.454052 0.494862 0.452998 0.491704 0.430888 0.498020 0.409830 0.484860 0.409830 0.491176 0.419306 0.501706 0.413514 0.505918 0.404566 0.489598 0.394562 0.485912 0.383508 0.484332
0 0.431414 0.573302 0.429834 0.592782 0.422464 0.596992 0.418780 0.599098 0.417200 0.607522 0.421938 0.617524 0.429308 0.618578 0.431414 0.626474 0.439310 0.636476 0.446682 0.640688 0.453526 0.645952 0.468266 0.651218 0.467740 0.644900 0.452998 0.639108 0.439838 0.628054 0.438258 0.621210 0.442470 0.618050 0.437732 0.614892 0.432468 0.613840 0.436678 0.603836 0.458790 0.601204 0.456158 0.598046 0.438784 0.597520 0.436678 0.579094
0 0.390352 0.668590 0.390352 0.698598 0.398774 0.700176 0.407198 0.700704 0.416674 0.700704 0.427730 0.700176 0.434572 0.699124 0.440364 0.699650 0.447208 0.696492 0.453526 0.690174 0.450892 0.680698 0.448788 0.665958 0.443522 0.667010 0.442996 0.673328 0.437206 0.682804 0.432994 0.685962 0.426676 0.691228 0.422992 0.693334 0.425624 0.682278 0.429308 0.677540 0.436678 0.674380 0.438258 0.662800 0.437206 0.640688 0.435100 0.641742 0.429308 0.645426 0.424044 0.649638 0.420358 0.661746 0.428256 0.655428 0.432468 0.649638 0.431940 0.662272 0.422464 0.670170 0.417726 0.680698 0.415620 0.687542 0.408250 0.692806 0.401406 0.694912 0.397722 0.689122 0.394562 0.679646 0.405618 0.677014 0.405618 0.665958 0.402986 0.660166 0.399828 0.661746 0.401406 0.672276 0.396142 0.674380
1 0.355080 0.739134 0.364028 0.748610 0.368766 0.753874 0.369294 0.761244 0.376138 0.760718 0.379296 0.749664 0.385614 0.752296 0.403512 0.758612 0.417200 0.763350 0.422992 0.758612 0.410882 0.755980 0.408250 0.743872 0.398248 0.739134 0.404038 0.728078 0.399300 0.717550 0.393510 0.710180 0.387192 0.707548 0.377716 0.710706 0.365608 0.732290
0 0.428782 0.727026 0.429308 0.744926 0.429308 0.750190 0.434572 0.765456 0.426676 0.769142 0.427730 0.776512 0.430888 0.782302 0.436678 0.785988 0.441944 0.786514 0.444576 0.789674 0.452472 0.792306 0.466160 0.797570 0.476162 0.797044 0.475110 0.793884 0.466160 0.791778 0.456684 0.790200 0.465634 0.787568 0.470898 0.780198 0.473004 0.772826 0.471950 0.767036 0.468792 0.761244 0.461948 0.761244 0.465106 0.764930 0.468266 0.772300 0.465106 0.776512 0.461422 0.780198 0.457210 0.782302 0.452998 0.782830 0.448260 0.781776 0.440890 0.782830 0.452998 0.771248 0.469318 0.750716 0.466160 0.748610 0.452998 0.761244 0.447734 0.761244 0.436678 0.743872
1 0.509856 0.960770 0.515646 0.958136 0.517226 0.940238 0.521436 0.952346 0.523542 0.947608 0.526176 0.941290 0.530386 0.951292 0.533546 0.943922 0.536704 0.949714 0.539862 0.945502 0.548812 0.939184 0.556182 0.941290 0.558288 0.951292 0.554076 0.959716 0.552498 0.971298 0.548812 0.977616 0.544600 0.981300 0.535652 0.985512 0.529860 0.987092 0.519332 0.984460 0.513014 0.977616 0.510908 0.966034
0 0.419832 0.823892 0.424046 0.832900 0.427952 0.837240 0.426650 0.843750 0.422310 0.848958 0.422744 0.859810 0.414930 0.863716 0.413194 0.870660 0.413628 0.880642 0.414930 0.889756 0.414930 0.895400 0.412326 0.897136 0.406684 0.893230 0.401910 0.894532 0.402778 0.900608 0.406250 0.908854 0.412760 0.908420 0.418402 0.908420 0.421876 0.902778 0.421876 0.897570 0.429688 0.897570 0.434462 0.897136 0.435330 0.890624 0.433160 0.881076 0.429254 0.873264 0.425782 0.871528 0.425782 0.878906 0.427952 0.883680 0.428386 0.889322 0.426650 0.891928 0.423178 0.890190 0.421006 0.881076 0.420138 0.870660 0.422310 0.869358 0.430556 0.869792 0.439236 0.870660 0.450954 0.872830 0.459636 0.864584 0.467014 0.855902 0.464410 0.850694 0.454428 0.861980 0.451388 0.866754 0.444878 0.863716 0.435764 0.863282 0.435330 0.856336 0.439236 0.851562 0.446180 0.850694 0.451388 0.849826 0.449652 0.844618 0.444010 0.846354 0.437934 0.847656 0.432292 0.850694 0.432726 0.844184 0.433594 0.832900 0.428386 0.825086
1 0.388888 0.871962 0.382378 0.871962 0.380642 0.867188 0.381510 0.862414 0.388020 0.865452 0.391928 0.860244 0.396268 0.860678 0.396268 0.866754 0.402344 0.868056 0.404948 0.866320 0.410156 0.861980 0.413194 0.863716 0.412326 0.868924 0.411458 0.877170 0.411458 0.882812 0.412326 0.887586 0.408854 0.890624 0.405816 0.885850 0.404080 0.881510 0.400608 0.875000 0.396268 0.875000
0 0.393382 0.937960 0.402574 0.929688 0.410846 0.929688 0.419578 0.925552 0.424632 0.926012 0.433364 0.927390 0.437960 0.928768 0.438420 0.934742 0.434284 0.938878 0.444394 0.939338 0.445312 0.941176 0.445312 0.945772 0.442556 0.952206 0.444394 0.956342 0.434742 0.958180 0.428768 0.955422 0.416820 0.957720 0.409008 0.956342 0.400276 0.950828 0.395680 0.948988
2 0.448530 0.978400 0.444394 0.969210 0.443014 0.959100 0.454044 0.954504 0.459100 0.955882 0.456802 0.959100 0.453584 0.962776 0.453124 0.968750 0.454504 0.974264 0.459100 0.967830 0.462776 0.960938 0.467372 0.959100 0.470588 0.960938 0.465992 0.966452 0.464614 0.976562 0.464154 0.982536 0.474264 0.983456 0.480238 0.983916 0.478400 0.988052 0.468750 0.989430 0.473806 0.991268 0.477022 0.993106 0.470588 0.995404 0.465992 0.993106 0.461398 0.992188 0.455422 0.994026 0.443474 0.997242 0.451286 0.990350 0.444394 0.990808 0.438420 0.989890 0.441176 0.985754 0.448988 0.984834
1 0.329554 0.531632 0.321932 0.523532 0.320504 0.529250 0.324314 0.537824 0.326220 0.544494 0.328126 0.553544 0.335270 0.553544 0.338606 0.546398 0.335746 0.536394 0.337176 0.524486 0.332888 0.524486
0 0.182838 0.001696 0.182838 0.008112 0.186402 0.017378 0.186402 0.017734 0.187828 0.025576 0.186758 0.034486 0.183908 0.031634 0.181056 0.029852 0.177848 0.033774 0.176780 0.039476 0.177136 0.043396 0.179274 0.048386 0.181768 0.051594 0.186046 0.051238 0.191036 0.050524 0.193886 0.051950 0.195312 0.056940 0.189610 0.063356 0.184976 0.065494 0.180700 0.065850 0.178918 0.060860 0.176422 0.058366 0.176066 0.065850 0.181768 0.070128 0.188898 0.068702 0.193174 0.066564 0.200658 0.061216 0.202798 0.054446 0.201016 0.049812 0.196026 0.044110 0.191036 0.041970 0.187472 0.040546 0.191036 0.038406 0.193886 0.034130 0.191392 0.017734
1 0.086964 0.054088 0.088746 0.043040 0.093022 0.038406 0.096944 0.038406 0.099794 0.044466 0.102646 0.046960 0.104072 0.054088 0.106922 0.058010 0.110844 0.064068 0.116190 0.074760 0.119040 0.079750 0.118684 0.084028 0.113694 0.085096 0.108348 0.088304 0.105498 0.091868 0.102290 0.091156 0.098370 0.092580 0.094804 0.092224 0.086608 0.092224 0.077698 0.092938 0.070926 0.088660 0.074846 0.086166 0.071638 0.079394 0.075558 0.076186 0.078766 0.069770 0.080548 0.058366
0 0.135080 0.105056 0.144702 0.104342 0.154326 0.105768 0.163236 0.109688 0.167868 0.113966 0.161810 0.116816 0.165018 0.120738 0.168226 0.122876 0.169652 0.126084 0.172858 0.130360 0.183550 0.134638 0.194956 0.137846 0.204580 0.138914 0.202440 0.134994 0.194956 0.133924 0.202798 0.131430 0.205648 0.130716 0.213846 0.132142 0.224538 0.132142 0.234162 0.131430 0.242358 0.126796 0.235230 0.125370 0.220618 0.124658 0.200302 0.121450 0.192462 0.122520 0.187828 0.120380 0.188898 0.114678 0.193886 0.110402 0.198520 0.111470 0.203154 0.111470 0.210638 0.110046 0.208500 0.106124 0.203510 0.107550 0.199234 0.105056 0.194600 0.105056 0.184264 0.109688 0.176422 0.103986 0.169652 0.101848 0.150404 0.100778
0 0.158602 0.183110 0.164662 0.190950 0.166444 0.205562 0.167512 0.214474 0.170720 0.220532 0.176422 0.226948 0.183908 0.226948 0.188184 0.221244 0.187116 0.213760 0.186402 0.207702 0.189966 0.205562 0.198164 0.205206 0.203154 0.202712 0.201728 0.199504 0.192818 0.199504 0.186758 0.203068 0.182126 0.204138 0.184264 0.198792 0.189610 0.196296 0.190680 0.192376 0.184264 0.194158 0.179986 0.195940 0.173216 0.191306 0.170364 0.187030 0.165730 0.181326
1 0.206362 0.243342 0.194600 0.241204 0.194244 0.237640 0.199590 0.235502 0.205648 0.236214 0.206718 0.228016 0.211350 0.229086 0.210994 0.236570 0.217054 0.241560 0.220974 0.244768 0.221330 0.247976 0.216340 0.249758 0.213490 0.246550
0 0.172858 0.327454 0.161454 0.320684 0.160384 0.313912 0.160740 0.307140 0.165730 0.304644 0.168226 0.297160 0.177848 0.287180 0.181768 0.291814 0.186758 0.294308 0.188898 0.300012 0.189966 0.306784 0.198164 0.306784 0.208856 0.298942 0.215628 0.296804 0.224182 0.297516 0.208500 0.308566 0.196026 0.316050 0.187472 0.325316 0.181412 0.326742
0 0.163592 0.344562 0.164304 0.357394 0.166444 0.361314 0.164662 0.368442 0.165018 0.374858 0.165374 0.381630 0.172858 0.384124 0.181056 0.382342 0.188898 0.380916 0.197808 0.376284 0.199590 0.372006 0.193174 0.370224 0.190680 0.360958 0.186758 0.357036 0.183908 0.352404 0.179274 0.349908 0.177492 0.341712 0.176422 0.336366 0.172146 0.334226 0.172502 0.342068 0.174284 0.348840 0.174284 0.354542 0.174284 0.358462 0.172502 0.364166 0.170720 0.356680 0.170008 0.347414 0.168226 0.344562
1 0.204580 0.386618 0.199946 0.389826 0.196382 0.397668 0.193174 0.405508 0.191748 0.415132 0.190680 0.419408 0.190680 0.426536 0.191748 0.433666 0.193530 0.436872 0.199946 0.439012 0.211708 0.437942 0.222400 0.437942 0.233804 0.432596 0.232380 0.421548 0.229884 0.412636 0.227032 0.404084 0.222400 0.397668 0.215628 0.391608 0.210282 0.388044
1 0.210994 0.441862 0.196738 0.445070 0.188540 0.450416 0.184976 0.456118 0.183194 0.464316 0.183550 0.471800 0.186758 0.478572 0.192818 0.481424 0.201016 0.482136 0.213490 0.481068 0.221686 0.475364 0.220262 0.463604 0.219548 0.451130 0.215984 0.445426
0 0.175354 0.443644 0.175710 0.452912 0.174640 0.470732 0.171076 0.472158 0.171434 0.478572 0.173572 0.484276 0.172502 0.492830 0.173216 0.496394 0.177848 0.494254 0.180700 0.488196 0.181412 0.483206 0.190322 0.480354 0.194956 0.475722 0.193530 0.470376 0.187472 0.471444 0.184264 0.475008 0.181412 0.477504 0.181412 0.454694 0.180344 0.442932
0 0.158246 0.635392 0.171076 0.637888 0.182482 0.641452 0.191392 0.645372 0.189966 0.650362 0.182838 0.654282 0.177136 0.656778 0.172858 0.658560 0.169652 0.661054 0.166800 0.666400 0.166800 0.669964 0.162522 0.670678 0.157534 0.673886 0.152544 0.677806 0.150762 0.683508 0.153612 0.685646 0.158246 0.681370 0.163236 0.677806 0.168226 0.679944 0.172502 0.682438 0.173928 0.688142 0.177492 0.692774 0.178562 0.701328 0.177848 0.710596 0.175710 0.719150 0.170008 0.728772 0.169652 0.732692 0.174998 0.727704 0.181768 0.720932 0.182482 0.706674 0.185334 0.697408 0.183908 0.691350 0.180344 0.685290 0.181412 0.679944 0.189254 0.673172 0.195312 0.677806 0.200658 0.678874 0.201016 0.672816 0.194244 0.668182 0.188898 0.666400 0.182838 0.665688 0.192462 0.661054 0.197808 0.650718 0.197450 0.642164 0.191748 0.636462 0.184264 0.634680 0.171434 0.633254
0 0.161478 0.886580 0.156480 0.886196 0.139948 0.903882 0.143408 0.912340 0.147638 0.919260 0.151868 0.921182 0.158788 0.918876 0.164940 0.912340 0.167246 0.905804 0.181472 0.903112 0.188392 0.900422 0.188008 0.885426 0.187624 0.880044 0.183778 0.883504 0.183394 0.893886 0.181472 0.897346 0.175704 0.899268 0.166476 0.901574 0.169552 0.893116 0.176088 0.879660 0.172628 0.879660 0.158404 0.898114 0.155328 0.905036 0.154942 0.910418 0.157250 0.913494 0.153020 0.915032 0.148406 0.910802 0.148022 0.904650 0.154942 0.895808
2 0.089582 0.840828 0.076510 0.843520 0.072666 0.843134 0.076510 0.837368 0.086890 0.835830 0.091120 0.830448 0.090736 0.824680 0.083816 0.813914 0.080354 0.804304 0.084968 0.806226 0.089966 0.815452 0.093812 0.815452 0.096502 0.814684 0.096502 0.794306 0.104192 0.792768 0.105346 0.808532 0.108806 0.806226 0.112266 0.792768 0.118418 0.801612 0.118802 0.808916 0.112650 0.817760 0.111112 0.825064 0.114958 0.833524 0.115726 0.839290 0.115726 0.845058 0.113036 0.848518 0.106884 0.846210 0.100732 0.844288 0.096502 0.841982 0.101886 0.839674 0.104962 0.835060 0.103424 0.829294 0.098810 0.829294 0.096888 0.833138 0.094964 0.836598
0 0.196850 0.998078 0.191084 0.998846 0.153020 0.999232 0.147638 0.998846
0 0.137284 0.729676 0.145532 0.727792 0.157818 0.731604 0.161206 0.735840 0.164172 0.738382 0.168834 0.736264 0.175612 0.734146 0.180696 0.733298 0.183662 0.735418 0.182814 0.738806 0.178578 0.740924 0.173918 0.743044 0.170104 0.745162 0.170104 0.748552 0.173918 0.747704 0.174340 0.745162 0.178154 0.745162 0.178154 0.747280 0.174764 0.752364 0.173494 0.755754 0.172646 0.759142 0.177306 0.759990 0.179848 0.755330 0.183662 0.749398 0.183662 0.745586 0.187050 0.737960 0.189592 0.732452 0.193406 0.729062 0.199762 0.722708 0.201456 0.726096 0.195524 0.740078 0.191288 0.752788 0.186204 0.757872 0.181544 0.763380 0.175612 0.766768 0.170528 0.767192 0.165020 0.765498 0.166292 0.755330 0.162902 0.751940 0.159088 0.749398 0.155700 0.738382 0.151038 0.734146 0.144684 0.734570
1 0.167562 0.866756 0.178154 0.867602 0.184508 0.863366 0.188746 0.854892 0.190864 0.855316 0.191288 0.860400 0.190016 0.866756 0.190864 0.870568 0.191712 0.882008 0.187898 0.880312 0.185356 0.874806 0.182814 0.873534 0.183238 0.878194 0.181120 0.881584 0.179848 0.875652 0.176036 0.873110 0.170104 0.870992
0 0.212472 0.718894 0.212048 0.742196 0.213318 0.750670 0.207810 0.753212 0.209082 0.758720 0.203998 0.761684 0.203150 0.765074 0.213742 0.764650 0.219674 0.765498 0.231536 0.798544 0.236620 0.805746 0.241704 0.807866 0.249754 0.802780 0.247212 0.800238 0.240434 0.800662 0.231112 0.775242 0.220944 0.751516 0.219674 0.747704 0.226028 0.740924 0.224758 0.732452 0.220098 0.730334 0.218826 0.720166
0 0.115874 0.825660 0.124772 0.820152 0.134940 0.818880 0.147226 0.821422 0.156122 0.827778 0.162054 0.833286 0.165020 0.836252 0.170528 0.836674 0.177730 0.837522 0.185780 0.836674 0.184932 0.832438 0.172222 0.831590 0.169256 0.830744 0.178578 0.825660 0.181966 0.820152 0.181966 0.820152 0.177730 0.816762 0.171376 0.820576 0.164596 0.827778 0.163326 0.820152 0.169256 0.812526 0.175188 0.805324 0.176882 0.800662 0.168834 0.804476 0.161206 0.813796 0.160784 0.820576 0.153580 0.815914 0.145532 0.812526 0.136210 0.814220 0.123500 0.816338 0.117146 0.819304
2 0.181966 0.823118 0.182814 0.828624 0.188746 0.828202 0.187050 0.817610 0.193830 0.814644 0.189592 0.809984 0.184086 0.813796 0.180696 0.807866 0.178154 0.807866 0.177306 0.811678 0.171376 0.812526 0.171376 0.818034 0.178578 0.817186
1 0.140448 0.807866 0.159512 0.810830 0.165020 0.806594 0.173918 0.795578 0.170952 0.794732 0.159512 0.805324 0.146378 0.803628
0 0.008890 0.773504 0.007544 0.767444 0.010574 0.768790
0 0.975076 0.437342 0.969448 0.444096 0.958754 0.461546 0.960442 0.473366 0.977890 0.505448 0.972262 0.505448 0.955940 0.504886 0.955940 0.509952 0.970574 0.511078 0.979580 0.512766 0.986334 0.513328 0.993650 0.516142 0.997028 0.519520 0.990836 0.527400 0.994214 0.533028 0.998046 0.525390 0.998046 0.513672 0.998046 0.501954 0.990274 0.505448 0.990274 0.499820 0.998046 0.496094 0.998046 0.492188 0.994776 0.494192 0.994776 0.486874 0.998046 0.484376 0.997028 0.478994 0.995902 0.465486 0.993088 0.467736 0.991400 0.483496 0.983520 0.486312 0.979016 0.491376 0.985208 0.490814 0.988586 0.491376 0.985770 0.505448 0.978454 0.497568 0.964946 0.472240 0.963820 0.463796 0.970574 0.461546 0.972826 0.457606 0.965508 0.457606
0 0.963256 0.315764 0.979568 0.326140 0.991630 0.339130 0.993950 0.336346 0.986992 0.327532 0.995806 0.314542 0.991630 0.302016 0.985600 0.292736 0.982352 0.283922 0.978176 0.285314 0.980496 0.301552 0.976786 0.304334 0.958692 0.305726 0.955554 0.308406 0.969776 0.308754 0.973940 0.311182 0.975674 0.315692 0.979490 0.315344 0.978450 0.307712 0.981918 0.308060 0.983306 0.316732 0.977408 0.317080 0.971858 0.314650 0.966654 0.312222
0 0.980878 0.183518 0.978796 0.193924 0.982612 0.206066 0.987470 0.215434 0.985388 0.216474 0.978796 0.212312 0.976368 0.215434 0.982960 0.223412 0.984348 0.226188 0.981572 0.232086 0.981572 0.236596 0.986082 0.240412 0.989550 0.244228 0.994408 0.242146 0.998046 0.240234 0.998046 0.234376 0.998046 0.218750 0.990938 0.207454 0.985734 0.194966
0 0.989550 0.146744 0.985042 0.154030 0.985388 0.161662 0.992674 0.160622 0.992674 0.150560 0.998046 0.150390 0.998046 0.142578 0.998046 0.132812 0.998046 0.117188 0.998046 0.107422 0.998046 0.099610 0.993020 0.104422 0.985734 0.105114 0.983654 0.109278 0.984694 0.115176 0.986082 0.122460 0.986082 0.129398 0.987816 0.138766
1 0.115380 0.176432 0.118272 0.161964 0.114656 0.160518 0.107422 0.177156 0.110316 0.182942 0.121166 0.185112 0.124782 0.180772
1 0.603014 0.982390 0.620090 0.977054 0.621692 0.981322 0.627028 0.982924 0.627028 0.973318 0.632364 0.962112 0.628628 0.959976 0.625426 0.966914 0.619024 0.964246 0.619556 0.969048 0.617422 0.973318