0 0.070620 0.046046 0.068290 0.050706 0.062230 0.050240 0.056170 0.056300 0.050576 0.067022 0.049178 0.075412 0.047780 0.088930 0.052440 0.096854 0.049644 0.105712 0.046848 0.111304 0.037058 0.117830 0.020744 0.129018 0.033796 0.128552 0.044050 0.122958 0.058500 0.110838 0.063162 0.094990 0.067824 0.091726 0.073884 0.098252 0.081342 0.098720 0.085536 0.096854 0.087402 0.107576 0.083206 0.119230 0.079476 0.132748 0.075282 0.140206 0.073416 0.148130 0.073884 0.157452 0.077612 0.158852 0.078078 0.154190 0.078078 0.148130 0.083672 0.138340 0.091596 0.125290 0.098122 0.108974 0.095326 0.089862 0.106046 0.095922 0.113038 0.093592 0.108844 0.085668 0.096258 0.082870 0.091596 0.078208 0.084138 0.074946 0.078544 0.076810 0.076680 0.067022 0.077146 0.055834
1 0.005940 0.150156 0.001588 0.136556 0.002132 0.124586 0.003220 0.115338
1 0.008118 0.152332 0.009206 0.167566 0.007574 0.172462 0.009750 0.181168 0.015734 0.197488 0.020086 0.177904 0.026070 0.171918 0.038584 0.161582 0.028246 0.161038 0.018454 0.167022 0.014102 0.153966
0 0.076666 0.202386 0.071226 0.213266 0.066874 0.217618 0.062522 0.218162 0.059802 0.224690 0.052184 0.225236 0.040216 0.239924 0.033144 0.250806 0.030968 0.262230 0.036810 0.278400 0.041930 0.287062 0.044292 0.281156 0.041142 0.271704 0.043110 0.268160 0.052562 0.263042 0.058468 0.256742 0.064374 0.248078 0.065162 0.242566 0.070674 0.243746 0.075794 0.243746 0.085244 0.250834 0.092726 0.255560 0.093120 0.265798 0.097846 0.276430 0.101784 0.288638 0.108084 0.298482 0.113990 0.308326 0.118322 0.310688 0.114384 0.299270 0.111234 0.283912 0.109658 0.271312 0.102176 0.261860 0.097452 0.253198 0.091938 0.248078 0.087608 0.242566 0.078550 0.239416 0.083276 0.231540 0.092332 0.226420 0.097058 0.216970 0.099814 0.209094 0.097452 0.209094 0.089576 0.213820 0.084456 0.220120 0.077762 0.224846 0.076582 0.232328 0.071856 0.235872 0.075794 0.218546 0.078550 0.209882
0 0.025288 0.267786 0.027336 0.284166 0.033478 0.298088 0.038390 0.309962 0.044532 0.318150 0.046990 0.324292 0.043714 0.325930 0.034296 0.328388 0.024060 0.327158 0.012594 0.325930 0.003586 0.319378 0.013824 0.332072 0.028564 0.336166 0.043304 0.333710 0.053132 0.332072 0.057226 0.332072 0.063368 0.338624 0.065824 0.345174 0.066644 0.352954 0.066234 0.367696 0.063368 0.375474 0.060502 0.382846 0.057636 0.386120 0.051084 0.389806 0.044124 0.393082 0.039620 0.395130 0.030202 0.400862 0.022422 0.405366 0.017508 0.410688 0.013824 0.416420 0.015870 0.420106 0.017918 0.414374 0.026516 0.411916 0.040028 0.405776 0.053132 0.397586 0.062958 0.391854 0.069920 0.379160 0.073196 0.370562 0.076470 0.355820 0.075242 0.345994 0.071966 0.337804 0.079338 0.338214 0.089164 0.341490 0.096124 0.347632 0.099810 0.347632 0.101858 0.340262 0.093258 0.336576 0.083432 0.334938 0.073196 0.332892 0.065006 0.330024 0.064596 0.322246 0.063368 0.309552 0.059682 0.312828 0.053132 0.312828 0.047808 0.306686 0.043714 0.296858 0.037982 0.285804 0.033068 0.275158 0.031430 0.269016
0 0.045286 0.425954 0.051864 0.444168 0.049334 0.455806 0.047816 0.463902 0.056418 0.459348 0.060466 0.471998 0.061478 0.485660 0.064514 0.499322 0.066538 0.506406 0.070080 0.526140 0.076152 0.542332 0.084754 0.546886 0.078682 0.523610 0.078682 0.509442 0.075140 0.489708 0.075140 0.478070 0.083742 0.482118 0.095380 0.491226 0.108030 0.499322 0.124726 0.502864 0.110054 0.489202 0.094368 0.484142 0.082730 0.477058 0.077164 0.470480 0.081212 0.469974 0.098416 0.473516 0.090826 0.463902 0.080706 0.458336 0.084248 0.454288 0.095380 0.451758 0.098922 0.444674 0.090320 0.446698 0.080706 0.447710 0.073622 0.446192 0.064008 0.444674 0.064008 0.438098 0.064514 0.429496 0.066032 0.419376 0.062996 0.412292 0.060972 0.415328 0.057430 0.418870 0.051864 0.421400
0 0.050852 0.521080 0.052876 0.534236 0.050346 0.540814 0.048322 0.549416 0.042250 0.550934 0.036684 0.551946 0.032130 0.561052 0.025552 0.570666 0.025552 0.582304 0.029094 0.603556 0.037190 0.611652 0.050346 0.617724 0.061478 0.617724 0.071598 0.614688 0.069574 0.609122 0.061478 0.610134 0.050346 0.609122 0.039720 0.601532 0.035672 0.593942 0.033648 0.578256 0.035672 0.569148 0.041238 0.566618 0.050346 0.568136 0.053382 0.576232 0.059454 0.577750 0.061984 0.584328 0.061984 0.596978 0.062490 0.607098 0.067550 0.605580 0.068562 0.591412 0.066538 0.576738 0.075140 0.583822 0.089308 0.583316 0.100440 0.592424 0.114606 0.594954 0.131304 0.594954 0.138388 0.592930 0.129280 0.588376 0.115112 0.588376 0.102464 0.583822 0.089308 0.575726 0.083742 0.573196 0.075646 0.571172 0.059960 0.567630 0.058948 0.564594 0.062490 0.554980 0.063502 0.547392 0.061478 0.533224 0.056924 0.521080
0 0.034154 0.776100 0.031118 0.788748 0.033648 0.799374 0.021504 0.810506 0.012902 0.821638 0.019986 0.819108 0.030612 0.811518 0.038708 0.810506 0.034154 0.822144 0.029600 0.829734 0.029600 0.836818 0.017962 0.836818 0.000758 0.836818 0.015432 0.842890 0.028082 0.842384 0.027070 0.851492 0.029600 0.862118 0.033648 0.869708 0.036684 0.859588 0.038708 0.852504 0.043768 0.838336 0.048322 0.823156 0.054394 0.810506 0.055912 0.802916 0.065526 0.798362 0.073116 0.791784 0.080706 0.786724 0.082224 0.781664 0.070080 0.782170 0.065020 0.781664 0.060972 0.779134 0.054900 0.776606 0.052370 0.765474 0.048322 0.750800 0.044274 0.750800 0.044780 0.763450 0.045792 0.775088 0.050852 0.787230 0.045792 0.791784 0.036684 0.791784 0.036684 0.783688
1 0.053840 0.150926 0.050576 0.161182 0.062230 0.161648 0.056170 0.176098 0.064560 0.177030 0.067824 0.164910 0.076680 0.167708 0.072484 0.157452 0.064560 0.159784 0.060366 0.153258
1 0.110708 0.534094 0.103716 0.539220 0.098588 0.543882 0.100920 0.557866 0.110708 0.560198 0.110242 0.553672 0.107446 0.547146 0.112106 0.539688
1 0.059432 0.641772 0.059898 0.662748 0.057568 0.675334 0.065958 0.672536 0.068756 0.661816 0.073416 0.654824 0.066424 0.652026 0.065026 0.638508
1 0.061664 0.768828 0.065630 0.777814 0.079636 0.779664 0.091266 0.774642 0.093644 0.769886 0.084658 0.769886 0.075408 0.771736 0.068272 0.766714 0.063514 0.765656
1 0.099092 0.926280 0.104358 0.940162 0.090954 0.937290 0.083296 0.940640 0.085210 0.945906 0.096220 0.947342 0.101486 0.949258 0.109624 0.955480 0.112496 0.945428 0.111060 0.935374 0.104836 0.922928
1 0.128772 0.954522 0.118720 0.967926 0.115848 0.977022 0.109146 0.977980 0.108666 0.984202 0.088560 0.988512 0.101964 0.992340 0.111538 0.990426 0.122070 0.988512 0.123986 0.980374 0.127814 0.964096
1 0.218854 0.005998 0.202288 0.019078 0.191824 0.024310 0.204032 0.030412 0.220598 0.036516 0.223214 0.025182 0.211008 0.025182
1 0.140380 0.293736 0.155204 0.290248 0.170898 0.297224 0.172642 0.316406 0.186594 0.310302 0.215366 0.310302 0.214494 0.300712 0.193568 0.296352 0.192696 0.287632 0.201416 0.283272 0.185722 0.280658 0.177002 0.287632 0.173514 0.284144 0.165666 0.277170 0.162180 0.264962 0.159564 0.275426 0.148228 0.279786
1 0.126430 0.666050 0.128174 0.680002 0.122070 0.695696 0.135150 0.690464 0.142996 0.703544 0.139508 0.720110 0.155204 0.717494 0.174386 0.719238 0.166538 0.703544 0.151716 0.697440 0.149100 0.686976 0.153460 0.685232 0.166538 0.684362 0.179618 0.684362 0.182234 0.680002 0.159564 0.672154 0.148228 0.651228 0.144740 0.659946 0.145612 0.673898 0.142124 0.676514
1 0.085450 0.816894 0.109864 0.810792 0.110736 0.802944 0.081962 0.802944
1 0.116838 0.802944 0.127302 0.817766 0.142124 0.821254 0.154332 0.810792 0.160436 0.802072 0.153460 0.785506 0.142996 0.795096 0.132534 0.795096 0.126430 0.800328
0 0.313334 0.122020 0.335548 0.122020 0.359616 0.122020 0.368872 0.123870 0.365170 0.139606 0.358690 0.154418 0.351284 0.172930 0.342028 0.190518 0.356838 0.181262 0.365170 0.159972 0.369798 0.143310 0.373500 0.130350 0.383682 0.124796 0.397568 0.122020 0.396018 0.131598 0.389774 0.136140 0.383528 0.141250 0.373308 0.144656 0.370470 0.146928 0.373876 0.150334 0.388070 0.145224 0.398858 0.139546 0.405104 0.129326 0.407374 0.125352 0.417026 0.131030 0.427246 0.135572 0.431220 0.131598 0.423840 0.124216 0.414188 0.119106 0.409646 0.109454 0.412484 0.104912 0.413620 0.100938 0.398290 0.099802 0.392044 0.106048 0.384096 0.107752 0.376146 0.103776 0.357978 0.103210 0.342648 0.106616 0.324480 0.112294 0.313692 0.115132
1 0.302904 0.240610 0.311422 0.254236 0.323344 0.257074 0.321074 0.270700 0.323912 0.280920 0.329590 0.274108 0.329590 0.259346 0.330726 0.241176 0.321074 0.245720 0.306312 0.233796
0 0.316532 0.238338 0.321074 0.226414 0.327318 0.217898 0.334132 0.211086 0.340946 0.206542 0.352300 0.208814 0.356274 0.219602 0.359114 0.233228 0.364792 0.243448 0.361384 0.259346 0.356842 0.279218 0.353436 0.299658 0.350030 0.316690 0.360818 0.307038 0.364792 0.283760 0.368766 0.264456 0.373876 0.248558 0.393180 0.249126 0.404536 0.244584 0.402264 0.240042 0.387502 0.238906 0.376146 0.238906 0.380690 0.233228 0.393180 0.228118 0.398858 0.221304 0.396018 0.218466 0.382960 0.219602 0.378986 0.220738 0.377282 0.216196 0.372740 0.215628 0.368198 0.204840 0.363656 0.196890 0.362520 0.182696 0.357978 0.183832 0.355708 0.199730 0.343216 0.198026 0.335836 0.194052 0.323344 0.204840 0.317098 0.216762 0.314828 0.229254
0 0.292618 0.350480 0.310182 0.342050 0.323530 0.338536 0.324232 0.325890 0.334772 0.330106 0.337582 0.323080 0.347418 0.328702 0.350930 0.324486 0.353740 0.332214 0.352336 0.346266 0.367090 0.347670 0.381140 0.351184 0.398002 0.358912 0.390976 0.364532 0.379032 0.362424 0.378330 0.375772 0.373412 0.384906 0.368494 0.395444 0.360064 0.405280 0.351632 0.413008 0.339690 0.414414 0.332664 0.413712 0.336176 0.408090 0.347418 0.403172 0.358658 0.391932 0.365684 0.382096 0.369196 0.369450 0.367792 0.361722 0.361468 0.359614 0.347418 0.358912 0.339690 0.360316 0.338284 0.376476 0.334772 0.387014 0.330556 0.394742 0.327044 0.397552 0.328448 0.406686 0.331258 0.412306 0.331258 0.415818 0.324232 0.410198 0.314396 0.396850 0.308776 0.384906 0.306668 0.365936 0.315100 0.354696 0.327746 0.346968 0.322126 0.346968 0.305966 0.353994 0.296130 0.357506
0 0.334068 0.467808 0.343202 0.474834 0.346012 0.481158 0.337582 0.481860 0.318612 0.487480 0.307372 0.491696 0.322828 0.494506 0.338986 0.491696 0.329150 0.500126 0.327746 0.509260 0.328448 0.526824 0.334068 0.519096 0.337582 0.500830 0.338986 0.514880 0.340392 0.531742 0.343202 0.544388 0.350228 0.550710 0.353740 0.569680 0.350930 0.587244 0.357254 0.576004 0.359360 0.558440 0.360064 0.535958 0.356550 0.526824 0.352336 0.511368 0.353740 0.496614 0.359360 0.490290 0.369196 0.489588 0.371304 0.495912 0.376926 0.482562 0.385356 0.478348 0.388868 0.468512 0.380438 0.470618 0.369196 0.476240 0.365684 0.472024 0.356550 0.464296 0.340392 0.461486
0 0.289104 0.628696 0.303858 0.627290 0.316504 0.621670 0.324936 0.611132 0.340392 0.599188 0.353740 0.590758 0.357254 0.580922 0.365684 0.587946 0.374114 0.584434 0.383950 0.584434 0.383950 0.579516 0.394490 0.580922 0.397300 0.592864 0.411350 0.593568 0.421186 0.601998 0.401514 0.604106 0.395894 0.608322 0.395894 0.614644 0.391678 0.620264 0.390274 0.606916 0.380438 0.601998 0.370602 0.599188 0.365684 0.606916 0.355848 0.612536 0.348120 0.619562 0.339690 0.628696 0.329150 0.635722 0.317910 0.644152 0.313694 0.639936 0.320720 0.632208 0.306668 0.633614 0.294726 0.634316
0 0.355146 0.653988 0.350228 0.669444 0.344608 0.675768 0.346012 0.691926 0.348120 0.701060 0.349526 0.710192 0.338284 0.708788 0.324232 0.708788 0.308074 0.713706 0.304562 0.717218 0.322828 0.716516 0.336176 0.716516 0.350930 0.717218 0.355146 0.726352 0.357956 0.739700 0.362172 0.750238 0.367792 0.754454 0.372710 0.762886 0.376926 0.772720 0.381140 0.780450 0.383950 0.765696 0.379736 0.745320 0.374818 0.728460 0.371304 0.720028 0.367090 0.716516 0.372008 0.708086 0.375520 0.701060 0.366386 0.702464 0.363576 0.709490 0.361468 0.701060 0.362172 0.692628 0.359360 0.685604 0.358658 0.674362 0.360766 0.664526
0 0.327044 0.919556 0.342500 0.925178 0.348822 0.930094 0.348120 0.938526 0.341796 0.942038 0.338986 0.953280 0.331960 0.956090 0.323530 0.963818 0.315802 0.973654 0.310884 0.984192 0.331258 0.989110 0.338986 0.976464 0.345310 0.974356 0.367090 0.975060 0.381842 0.971546 0.392382 0.966628 0.400110 0.963818 0.409946 0.958900 0.409242 0.955388 0.393786 0.956090 0.379736 0.958900 0.389572 0.953982 0.388868 0.946956 0.378330 0.951874 0.372008 0.953982 0.366386 0.956090 0.365684 0.942742 0.362874 0.930094 0.357956 0.921664 0.352336 0.918152 0.338284 0.913936 0.324232 0.911828
1 0.399926 0.999284 0.396348 0.987838 0.390624 0.990700 0.392772 0.996422 0.383470 0.994992
1 0.216776 0.884100 0.233230 0.901986 0.242530 0.914864 0.248254 0.914864 0.245392 0.901986 0.257554 0.899840 0.273294 0.893400 0.273294 0.889108 0.250400 0.888392 0.249686 0.875516 0.242530 0.881238 0.241816 0.890540 0.236092 0.889108 0.225360 0.881238
1 0.267570 0.817566 0.259702 0.841174 0.245392 0.839028 0.249686 0.846182 0.263278 0.851906 0.266856 0.856914 0.269718 0.843320 0.269002 0.832590
1 0.221068 0.801110 0.213198 0.824720 0.218206 0.845468 0.208906 0.844036 0.203182 0.834736 0.190304 0.821858 0.196028 0.818280 0.201752 0.820426 0.206760 0.810410 0.212482 0.802542
1 0.421388 0.961366 0.432836 0.966374 0.439990 0.972814 0.442136 0.965660 0.451436 0.964944 0.470038 0.959936 0.470754 0.957074 0.458590 0.954212 0.464314 0.942766 0.457160 0.943480 0.452152 0.952782 0.437844 0.957790 0.425682 0.954212
1 0.438558 0.860492 0.455014 0.877662 0.477908 0.888392 0.476476 0.879808 0.482200 0.874084 0.481484 0.869076 0.465030 0.869076 0.442852 0.852622
1 0.393486 0.766770 0.403502 0.763192 0.422820 0.758900 0.417096 0.772494 0.412088 0.774640 0.412804 0.793240 0.407080 0.806834 0.402072 0.785370 0.389910 0.788948 0.386332 0.788232 0.394918 0.780362
1 0.418526 0.800394 0.437128 0.809696 0.445714 0.821142 0.449290 0.811126 0.458590 0.798964 0.444282 0.800394 0.425682 0.793240 0.418526 0.793240
1 0.277586 0.630122 0.266856 0.645146 0.260416 0.652300 0.257554 0.659456 0.245392 0.662316 0.236092 0.670186 0.236092 0.675910 0.247538 0.674480 0.258986 0.675910 0.266140 0.670186 0.278302 0.675194 0.285456 0.674480 0.286888 0.670186 0.281880 0.664464 0.281880 0.652300 0.281880 0.640138
1 0.310496 0.560726 0.308350 0.577180 0.291180 0.588628 0.301196 0.590774 0.303342 0.601506 0.315504 0.591490 0.332676 0.587912 0.332676 0.582188 0.319798 0.577896
1 0.266856 0.534970 0.276872 0.549994 0.283310 0.544270 0.276872 0.530678 0.284026 0.521378 0.286888 0.528532 0.293326 0.513508 0.300480 0.507068 0.289034 0.505638 0.276872 0.509214 0.268286 0.521378
1 0.271148 0.331072 0.276156 0.348242 0.266140 0.353250 0.274010 0.361120 0.294042 0.370422 0.301912 0.368990 0.288318 0.355398 0.285456 0.342520 0.281880 0.329642
1 0.256596 0.395798 0.267592 0.407440 0.263064 0.422314 0.269532 0.422962 0.276646 0.410674 0.277292 0.397740 0.270824 0.401620 0.261770 0.389978
1 0.450616 0.410674 0.444148 0.424902 0.433154 0.432016 0.447382 0.443010 0.453850 0.445598 0.453850 0.432016 0.456436 0.417140
1 0.449968 0.293616 0.447382 0.305256 0.443502 0.309784 0.429920 0.307844 0.424746 0.314958 0.426040 0.324012 0.438974 0.330480 0.447382 0.326598 0.446088 0.318192 0.453850 0.308490 0.456436 0.294908 0.456436 0.289088
1 0.820482 0.095526 0.820482 0.101916 0.809834 0.113780 0.812268 0.116822 0.825046 0.110434 0.833564 0.114692 0.836606 0.112260 0.833260 0.104654 0.842082 0.102524 0.842082 0.092484 0.831434 0.096136
0 0.724602 0.094888 0.723020 0.121774 0.719066 0.138380 0.719858 0.148658 0.730928 0.142332 0.735672 0.107540 0.738044 0.134426 0.746742 0.116238 0.746742 0.139960 0.749906 0.154984 0.761766 0.162102 0.780744 0.153404 0.792606 0.143914 0.787860 0.129682 0.771256 0.123356 0.767302 0.113866 0.770464 0.102796 0.784698 0.088562 0.760976 0.099634 0.748324 0.086982 0.737254 0.092516
1 0.712740 0.204010 0.703252 0.214290 0.670832 0.212708 0.673994 0.221406 0.707996 0.228524 0.732508 0.222198 0.714322 0.218244
1 0.710286 0.052734 0.714844 0.047526 0.722656 0.051432 0.729166 0.077474 0.733724 0.052734 0.742838 0.045572 0.738932 0.042318 0.730468 0.042318 0.727864 0.032552 0.723308 0.032552 0.722656 0.042968 0.710938 0.038412 0.708984 0.044922
0 0.717448 0.258464 0.735678 0.244792 0.752604 0.237630 0.764974 0.229818 0.772786 0.227864 0.775390 0.236980 0.768880 0.247396 0.779296 0.253906 0.786458 0.265624 0.794922 0.273438 0.783854 0.272136 0.776042 0.263020 0.763020 0.265624 0.761068 0.281250 0.754558 0.300130 0.746744 0.319662 0.751302 0.333984 0.763020 0.343098 0.766276 0.350260 0.756510 0.348308 0.744140 0.333984 0.735678 0.319010 0.736328 0.309896 0.742188 0.292968 0.742838 0.272136 0.744792 0.264974 0.730468 0.266276 0.725260 0.269532 0.711588 0.281250 0.703776 0.268230 0.714192 0.269532
0 0.693360 0.328776 0.712890 0.328776 0.722656 0.333334 0.732422 0.350912 0.739584 0.363282 0.743490 0.365234 0.746744 0.373698 0.736328 0.377604 0.725912 0.383464 0.724610 0.389974 0.735026 0.388020 0.748698 0.386068 0.756510 0.389322 0.764322 0.394532 0.774088 0.401692 0.781902 0.407552 0.789062 0.414714 0.794922 0.420572 0.796224 0.429688 0.794270 0.442708 0.785808 0.455078 0.780598 0.457682 0.770834 0.463542 0.766928 0.472656 0.778646 0.470052 0.789062 0.458984 0.798828 0.451172 0.802084 0.441406 0.802734 0.427734 0.800130 0.416016 0.798178 0.406902 0.792318 0.395834 0.788412 0.391928 0.773438 0.386068 0.759766 0.380208 0.755860 0.361980 0.751302 0.348308 0.745442 0.339192 0.733072 0.326172 0.726562 0.320964 0.707032 0.320312 0.699218 0.322916
0 0.718098 0.473958 0.722656 0.478516 0.720052 0.485678 0.712240 0.491536 0.703776 0.498046 0.695964 0.503256 0.683594 0.507812 0.679688 0.513672 0.675130 0.520182 0.673828 0.523438 0.689454 0.520834 0.712240 0.514322 0.720052 0.511068 0.728516 0.501302 0.733724 0.495442 0.737630 0.509114 0.741536 0.524088 0.744792 0.542318 0.753256 0.549480 0.753906 0.534506 0.753256 0.526692 0.756510 0.520834 0.766928 0.510416 0.770834 0.495442 0.771484 0.483724 0.769532 0.473958 0.755208 0.459636 0.752604 0.472656 0.742838 0.479166 0.733724 0.473308 0.730468 0.470052 0.743490 0.460286 0.739584 0.457682 0.723308 0.464844
0 0.761718 0.581380 0.746094 0.585938 0.735026 0.593098 0.733724 0.606120 0.735678 0.623698 0.735678 0.632812 0.729166 0.637370 0.724610 0.645182 0.733724 0.655598 0.736328 0.662110 0.742838 0.645834 0.742838 0.626302 0.749348 0.613932 0.756510 0.627604 0.760416 0.625000 0.759114 0.608724 0.753906 0.604818 0.756510 0.596354 0.764974 0.590494 0.770182 0.589844 0.787110 0.590494 0.802734 0.582682 0.802084 0.574870 0.792318 0.584636 0.785808 0.582032 0.772786 0.580730
0 0.678386 0.731120 0.687500 0.720052 0.694010 0.715494 0.702474 0.710938 0.718750 0.715494 0.725260 0.727214 0.733072 0.735678 0.735678 0.748046 0.744792 0.760416 0.749348 0.770834 0.746094 0.779948 0.742838 0.789714 0.740234 0.794922 0.736328 0.795572 0.742838 0.801432 0.752604 0.792318 0.751302 0.804036 0.754558 0.811848 0.766276 0.807292 0.766276 0.798178 0.759766 0.784506 0.767578 0.783854 0.768880 0.791016 0.777994 0.781250 0.775390 0.765624 0.764322 0.766928 0.755860 0.746744 0.750652 0.728516 0.746744 0.714844 0.744792 0.706380 0.738282 0.698568 0.739584 0.680990 0.740234 0.668620 0.736328 0.667318 0.733072 0.687500 0.729818 0.701822 0.722006 0.695312 0.713542 0.694662 0.704428 0.695964 0.695964 0.701822 0.688802 0.705730 0.681640 0.719402
0 0.750652 0.824218 0.747396 0.846354 0.742838 0.858724 0.735026 0.862630 0.726562 0.861328 0.718750 0.856770 0.707032 0.858724 0.692058 0.858724 0.699218 0.871094 0.702474 0.879558 0.705078 0.891276 0.705078 0.900390 0.704428 0.912110 0.707032 0.916016 0.714192 0.904948 0.714844 0.893880 0.720052 0.880860 0.732422 0.880208 0.740886 0.888672 0.750652 0.899088 0.757812 0.912760 0.766928 0.925782 0.786458 0.938152 0.797526 0.938152 0.796876 0.930338 0.780598 0.911458 0.764322 0.882162 0.752604 0.869792 0.744140 0.867838 0.753906 0.858724 0.753906 0.852864 0.757162 0.838542 0.757812 0.825520
0 0.729166 0.963542 0.730468 0.987630 0.727214 0.999348 0.768230 0.996094 0.759114 0.997396 0.750000 0.997396 0.740234 0.998698 0.746744 0.985678 0.748046 0.977214 0.738282 0.977214 0.738932 0.970052 0.737630 0.963542
1 0.843734 0.607306 0.846216 0.627996 0.837940 0.637100 0.850354 0.633790 0.871872 0.637928 0.857802 0.624686
1 0.866906 0.599030 0.885114 0.612272 0.909942 0.621376 0.902492 0.611444 0.904976 0.599030 0.892562 0.599030 0.876010 0.594892
1 0.800028 0.155350 0.782016 0.168296 0.779202 0.161540 0.792710 0.149158 0.800028 0.144656 0.819728 0.151972 0.809596 0.155912
2 0.961620 0.618980 0.961086 0.627518 0.953616 0.633922 0.957886 0.646196 0.965890 0.642460 0.970692 0.634456 0.979764 0.635524 0.981898 0.646730 0.983500 0.652066 0.987236 0.645128 0.986168 0.629654 0.980298 0.626986 0.972828 0.620582
1 0.409140 0.832642 0.409140 0.840628 0.406962 0.848614 0.402606 0.850792 0.393892 0.852246 0.383002 0.851518 0.382276 0.858054 0.394618 0.863862 0.401152 0.866040 0.410592 0.873300 0.416400 0.876932 0.418578 0.867492 0.420030 0.855150 0.420030 0.840628 0.419304 0.829736