0 0.092414 0.009282 0.086738 0.016292 0.085738 0.009950 0.069044 0.001936 0.066372 0.007946
0 0.015958 0.164196 0.025308 0.159856 0.032652 0.156518 0.043670 0.156850 0.056022 0.159522 0.065038 0.163528 0.074052 0.171542 0.078058 0.175548 0.082064 0.173210 0.072716 0.159856 0.083066 0.156518 0.098758 0.155182 0.113114 0.142494 0.110444 0.142160 0.099426 0.147836 0.082732 0.150842 0.069044 0.153512 0.061698 0.154180 0.061698 0.150174 0.073718 0.146502 0.086404 0.143496 0.074052 0.139156 0.051682 0.135150 0.044004 0.124800 0.035990 0.119792 0.035658 0.126470 0.039330 0.134148 0.041666 0.144164 0.039330 0.149506 0.033988 0.149840 0.023638 0.152844 0.019298 0.157518
0 0.015292 0.204594 0.023304 0.204594 0.033320 0.208266 0.037660 0.214276 0.041666 0.223290 0.039998 0.233306 0.047676 0.236980 0.056690 0.239984 0.059028 0.249666 0.063368 0.260016 0.062032 0.267694 0.069378 0.270700 0.079060 0.278378 0.086738 0.281718 0.082064 0.269698 0.078058 0.260684 0.075388 0.245994 0.094418 0.246996 0.105770 0.245326 0.106104 0.240986 0.097088 0.242322 0.081064 0.237646 0.094084 0.232306 0.083734 0.230636 0.066372 0.230636 0.053018 0.226296 0.049680 0.214276 0.043002 0.202924 0.029314 0.199586 0.014958 0.199586
0 0.005300 0.392732 0.019670 0.407634 0.029782 0.423600 0.034570 0.434244 0.034038 0.440630 0.014348 0.444886 0.015412 0.450740 0.044682 0.449144 0.053198 0.457660 0.068098 0.470432 0.067566 0.462982 0.050536 0.444354 0.054262 0.442226 0.068630 0.448080 0.076614 0.454466 0.078210 0.458724 0.073952 0.465642 0.082468 0.463514 0.081404 0.448612 0.072888 0.440098 0.063842 0.434244 0.055326 0.432114 0.043618 0.437968 0.053198 0.426792 0.070228 0.414552 0.076614 0.398586 0.068630 0.407102 0.065438 0.399118 0.062244 0.399650 0.062244 0.408698 0.060648 0.414020 0.048408 0.418278 0.040424 0.428922 0.039892 0.414020 0.033506 0.404972 0.018074 0.396458
0 0.022476 0.629598 0.030226 0.634248 0.034360 0.625982 0.043144 0.619782 0.050894 0.614614 0.048312 0.612030 0.032810 0.620298 0.036944 0.610998 0.045728 0.603246 0.052962 0.596014 0.049862 0.587230 0.046762 0.590846 0.043144 0.596530 0.036944 0.602214 0.030744 0.608930 0.027644 0.617198 0.023510 0.606864 0.020926 0.600664 0.010076 0.601180 0.017310 0.605314 0.020926 0.615132 0.015760 0.616682 0.004908 0.612030 0.002326 0.618748 0.015242 0.623914 0.022994 0.623398
0 0.003876 0.707620 0.002326 0.713820 0.002842 0.741722 0.012660 0.741722 0.021960 0.737072 0.028160 0.734488 0.038494 0.731388 0.045212 0.728804 0.062262 0.728804 0.075696 0.716920 0.063812 0.722604 0.050378 0.723122 0.060196 0.715888 0.058646 0.713304 0.049344 0.716920 0.035394 0.713304 0.028676 0.713304 0.020410 0.712788 0.013692 0.704004 0.010076 0.691602 0.007492 0.700386
0 0.004392 0.820778 0.013692 0.826978 0.018860 0.834212 0.027126 0.843512 0.030744 0.843512 0.030744 0.839896 0.039528 0.839378 0.045728 0.837828 0.042112 0.826978 0.032810 0.812510 0.018860 0.801660 0.014726 0.801142 0.017310 0.807860 0.009042 0.806310 0.000776 0.800110
0 0.000258 0.911200 0.004908 0.915850 0.010076 0.915334 0.002842 0.922050 0.000258 0.927734 0.008526 0.932902 0.014210 0.921534 0.019892 0.912234 0.020926 0.909650 0.030744 0.908100 0.040560 0.906550 0.048312 0.900866 0.055028 0.894666 0.060712 0.890016 0.063296 0.888466 0.071562 0.888466 0.070012 0.883298 0.061228 0.879682 0.048828 0.878132 0.036428 0.879682 0.028676 0.884848 0.025060 0.880714 0.020410 0.873998 0.019376 0.882264 0.014210 0.878132 0.011110 0.885364 0.011110 0.888982 0.008008 0.894148 0.005426 0.903966
0 0.003876 0.986638 0.027644 0.986638 0.037978 0.984054 0.040560 0.975788 0.035910 0.967004 0.034878 0.974238 0.033844 0.977854 0.021960 0.977854 0.023510 0.970620 0.032810 0.961836 0.031778 0.959770 0.026610 0.960804 0.016276 0.965970 0.006976 0.969070 0.000258 0.973204
0 0.292522 0.003798 0.287158 0.009610 0.292522 0.014526 0.296544 0.010504 0.304142 0.001564 0.312634 0.012738 0.322466 0.020782 0.320232 0.006480
0 0.291952 0.050302 0.285476 0.070232 0.275510 0.070732 0.262058 0.061264 0.258570 0.069236 0.254584 0.079202 0.276008 0.088668 0.267538 0.108598 0.274016 0.108100 0.287966 0.091160 0.291952 0.081692 0.303910 0.078204 0.312878 0.077706 0.321348 0.079202 0.321348 0.073222 0.329320 0.065250 0.322346 0.064752 0.313876 0.059770 0.310388 0.068240 0.302416 0.069734 0.293946 0.070732 0.297434 0.059770 0.297932 0.049804
0 0.306900 0.137496 0.290956 0.147460 0.277504 0.153440 0.273018 0.155932 0.268036 0.148956 0.262058 0.136002 0.256576 0.141980 0.247608 0.140486 0.249602 0.149454 0.255580 0.157426 0.248604 0.155432 0.240134 0.153938 0.239138 0.140984 0.236148 0.121552 0.232162 0.124044 0.229672 0.144472 0.230668 0.156430 0.238142 0.163904 0.251096 0.167890 0.270030 0.169882 0.255580 0.178850 0.257076 0.181840 0.269034 0.179348 0.274016 0.173370 0.277004 0.191306 0.280492 0.198282 0.284478 0.195790 0.284478 0.175860 0.278998 0.163404 0.290956 0.156928 0.305904 0.148956 0.313376 0.149454
0 0.270528 0.231664 0.267040 0.253090 0.270528 0.269532 0.268036 0.271524 0.258570 0.269034 0.252092 0.271524 0.253588 0.277504 0.261560 0.278002 0.263552 0.285974 0.270528 0.288962 0.276506 0.285476 0.290458 0.272022 0.296436 0.264548 0.294942 0.262058 0.284976 0.269532 0.280492 0.272520 0.276506 0.267040 0.284976 0.261062 0.296934 0.254584 0.303412 0.253588 0.303412 0.247608 0.297434 0.248106 0.286472 0.252092 0.277004 0.259068 0.275012 0.260064 0.274016 0.249104 0.276506 0.232162
0 0.243124 0.328324 0.238640 0.354234 0.242128 0.372668 0.244120 0.382634 0.259566 0.383132 0.264050 0.392100 0.276008 0.394092 0.295440 0.396584 0.293448 0.386120 0.287966 0.384626 0.297932 0.373166 0.288464 0.372170 0.280492 0.380142 0.269532 0.373664 0.254086 0.369678 0.247110 0.349748
0 0.260562 0.427974 0.272022 0.431960 0.269034 0.437440 0.260064 0.438436 0.266542 0.441924 0.259068 0.451890 0.253090 0.459862 0.234654 0.454878 0.217714 0.446906 0.206254 0.443420 0.213728 0.450394 0.228176 0.458366 0.228676 0.473812 0.244618 0.468332 0.258570 0.469328 0.264548 0.478794 0.267040 0.486268 0.258072 0.491750 0.272520 0.494738 0.290458 0.491750 0.281988 0.486766 0.285476 0.479292 0.275510 0.479792 0.260562 0.465840 0.270030 0.455378 0.278500 0.442422 0.280492 0.430464 0.265546 0.422992 0.256078 0.422992
0 0.246164 0.577082 0.234020 0.583154 0.218336 0.588214 0.203156 0.589732 0.198602 0.573034 0.202144 0.556338 0.203662 0.568986 0.207710 0.582648 0.218842 0.577588 0.234020 0.572022 0.233514 0.561396 0.242622 0.558866 0.244646 0.561902 0.251224 0.543182 0.261850 0.537110 0.289174 0.541158 0.296258 0.549254 0.293222 0.551278 0.282596 0.547736 0.270452 0.543688 0.257296 0.546218 0.250212 0.553808 0.250718 0.566456 0.250718 0.571516
0 0.252742 0.684858 0.233514 0.705098 0.222890 0.719266 0.224912 0.740518 0.230984 0.750638 0.228454 0.759240 0.222384 0.765818 0.215300 0.767336 0.218336 0.773914 0.229466 0.773914 0.242116 0.777962 0.246670 0.775938 0.256790 0.775432 0.247176 0.767336 0.263368 0.757722 0.271464 0.743048 0.260332 0.748614 0.252742 0.754686 0.245658 0.754686 0.237056 0.758734 0.239586 0.749626 0.236044 0.737988 0.236044 0.723820 0.239586 0.710158 0.248694 0.696496 0.255272 0.691436
0 0.203592 0.878422 0.203592 0.895950 0.207348 0.901792 0.204010 0.908888 0.201506 0.919738 0.204428 0.927250 0.198168 0.931424 0.194412 0.938100 0.190238 0.947700 0.183144 0.952708 0.178136 0.941440 0.175214 0.947282 0.175214 0.963142 0.183144 0.964394 0.183978 0.958968 0.195664 0.954794 0.199836 0.944360 0.207766 0.933928 0.218200 0.931006 0.225712 0.929754 0.243656 0.933510 0.246578 0.925580 0.232806 0.925164 0.228216 0.923912 0.231554 0.916816 0.239066 0.912226 0.249916 0.910974 0.257846 0.905966 0.266610 0.902628 0.277044 0.901376 0.282052 0.893028 0.271618 0.895116 0.259098 0.898036 0.249916 0.896368 0.248248 0.885934 0.237814 0.880926 0.240318 0.887604 0.243240 0.895116 0.245326 0.898036 0.237814 0.899706 0.221956 0.899706 0.214444 0.900124 0.209852 0.891360 0.208600 0.880926
0 0.606312 0.002768 0.561682 0.003178 0.554310 0.008500 0.555540 0.017508 0.556768 0.030612 0.553902 0.031840 0.547760 0.020374 0.548578 0.014232 0.533838 0.008090 0.543256 0.004406 0.548578 0.004406
0 0.516640 0.046580 0.511726 0.058454 0.511726 0.069100 0.512546 0.074424 0.510498 0.076062 0.518688 0.072786 0.526058 0.071966 0.532200 0.070328 0.536294 0.052722 0.541208 0.055998 0.541618 0.062958 0.548168 0.061320 0.557996 0.051084 0.562500 0.042896 0.569052 0.032250 0.570690 0.039620 0.568642 0.049036 0.561682 0.060502 0.556768 0.069100 0.550626 0.071966 0.551854 0.077700 0.562500 0.074832 0.574374 0.078108 0.573146 0.083022 0.553902 0.082612 0.544074 0.080156 0.536294 0.083432 0.531790 0.084660 0.528106 0.090802 0.528924 0.097354 0.530562 0.104724 0.523192 0.103496 0.519506 0.091620 0.523192 0.078928 0.517050 0.083432 0.508452 0.087526 0.503128 0.083022 0.504356 0.071148 0.504766 0.059682 0.509680 0.049446 0.513774 0.042076
0 0.497806 0.140756 0.510908 0.153040 0.513774 0.158362 0.513774 0.163686 0.519916 0.164096 0.523602 0.160000 0.527286 0.162048 0.521554 0.165734 0.522372 0.173104 0.531382 0.173922 0.542436 0.172694 0.546532 0.177198 0.550626 0.179654 0.548578 0.188254 0.548168 0.200946 0.549806 0.211184 0.552672 0.197262 0.554720 0.189892 0.557178 0.184978 0.576422 0.186616 0.589114 0.187434 0.589934 0.180884 0.578060 0.180884 0.557586 0.176788 0.555540 0.164096 0.542436 0.160820 0.536294 0.156724 0.544894 0.153858 0.544484 0.150174 0.536704 0.150584 0.531382 0.153450 0.523602 0.153450 0.517050 0.149764 0.499034 0.135434
0 0.494940 0.231656 0.511318 0.244350 0.521144 0.250082 0.517460 0.261138 0.516232 0.273422 0.521964 0.279564 0.531790 0.270146 0.536704 0.266870 0.538752 0.265642 0.536294 0.256224 0.537522 0.241484 0.542026 0.230018 0.541618 0.210774 0.538342 0.211184 0.536704 0.220600 0.535886 0.231656 0.532200 0.236160 0.532610 0.229608 0.521964 0.224286 0.505176 0.223466 0.493710 0.221010
0 0.485522 0.319690 0.500672 0.324604 0.510908 0.330746 0.515822 0.336888 0.505176 0.336068 0.503538 0.343438 0.523192 0.350810 0.535476 0.354904 0.549398 0.361864 0.553082 0.363502 0.561682 0.374968 0.560044 0.383156 0.555130 0.391346 0.560044 0.392164 0.565366 0.379472 0.562500 0.364322 0.555948 0.355722 0.545302 0.349990 0.540390 0.348762 0.548988 0.345076 0.560452 0.334430 0.562910 0.325014 0.556768 0.331156 0.552264 0.336888 0.545712 0.341392 0.534656 0.345076 0.530152 0.345896 0.529334 0.338116 0.526058 0.336068 0.534248 0.331974 0.550216 0.328288 0.560862 0.324194 0.559224 0.321738 0.548988 0.321738 0.532610 0.325014 0.522782 0.330336 0.514594 0.323784 0.500262 0.318462 0.485930 0.315186
0 0.527696 0.406086 0.525648 0.415914 0.521964 0.426150 0.516640 0.433930 0.513364 0.431882 0.516640 0.426968 0.515002 0.424922 0.511318 0.426150 0.504356 0.418780 0.501490 0.422874 0.505176 0.430244 0.499852 0.435976 0.494120 0.441710 0.493710 0.447852 0.483474 0.449488 0.484294 0.454402 0.498214 0.456860 0.499444 0.460954 0.486750 0.465868 0.476922 0.474466 0.471600 0.483064 0.465868 0.487160 0.472418 0.488798 0.483884 0.478152 0.491254 0.472010 0.499852 0.468734 0.510908 0.467096 0.524830 0.463410 0.532200 0.453994 0.533018 0.444576 0.538342 0.435568 0.531790 0.422874 0.532610 0.408134
0 0.546940 0.517868 0.533428 0.524010 0.524830 0.531382 0.519098 0.540390 0.517868 0.543256 0.517868 0.547350 0.510908 0.545712 0.499852 0.546940 0.493710 0.554720 0.488388 0.555948 0.485112 0.564956 0.481018 0.572736 0.478560 0.566594 0.482656 0.556358 0.489206 0.545712 0.505994 0.542026 0.494940 0.537522 0.483474 0.533018 0.484702 0.519098 0.483884 0.513364 0.481426 0.505586 0.489206 0.511318 0.493710 0.510090 0.506814 0.501900 0.517460 0.494940 0.525240 0.490844 0.525240 0.494120 0.516640 0.502718 0.508042 0.509680 0.499852 0.517050 0.501080 0.525648 0.504356 0.527696 0.508860 0.524010 0.517460 0.521964 0.525240 0.506814 0.530152 0.494530 0.532610 0.483474 0.534248 0.492072 0.533838 0.506404 0.528924 0.516640 0.542436 0.513774
0 0.507222 0.575602 0.496986 0.583792 0.494940 0.594028 0.506404 0.601398 0.511318 0.602218 0.511726 0.611636 0.509680 0.620234 0.505176 0.627194 0.500672 0.629652 0.490436 0.621052 0.480608 0.610816 0.480198 0.620234 0.484702 0.628424 0.495758 0.635794 0.501900 0.640706 0.487978 0.639888 0.477742 0.641936 0.479380 0.648896 0.492072 0.650534 0.504766 0.650534 0.517460 0.657904 0.515822 0.650944 0.512136 0.641936 0.517050 0.632108 0.518278 0.618186 0.520736 0.603446 0.524830 0.585020 0.526468 0.575602 0.520326 0.577240 0.514594 0.586658 0.511726 0.594848 0.503128 0.593210 0.501900 0.590344 0.508042 0.582154
0 0.480386 0.768482 0.501262 0.770338 0.504510 0.767554 0.511468 0.776834 0.512860 0.785184 0.516108 0.793998 0.521674 0.773122 0.519354 0.764308 0.521674 0.750854 0.511932 0.739256 0.504046 0.736008 0.506366 0.723482 0.516108 0.723482 0.521674 0.711420 0.518428 0.695182 0.516572 0.697966 0.517500 0.709564 0.513788 0.716524 0.510076 0.716988 0.504510 0.718842 0.494302 0.720234 0.487808 0.712812 0.483168 0.711420 0.480850 0.721162 0.483632 0.733688 0.492912 0.747606 0.498478 0.757348 0.490128 0.760596
0 0.458116 0.801886 0.478530 0.825082 0.475746 0.831112 0.482704 0.836680 0.487808 0.845030 0.496622 0.857556 0.498014 0.854308 0.490592 0.835752 0.501262 0.845030 0.509612 0.857092 0.517500 0.861268 0.517964 0.854772 0.501726 0.838072 0.486880 0.825546 0.475282 0.810700 0.458580 0.792142
0 0.429818 0.934568 0.447446 0.939208 0.466932 0.942454 0.479922 0.945238 0.489200 0.948486 0.495694 0.948022 0.504510 0.944774 0.511468 0.948022 0.520282 0.958228 0.524458 0.956372 0.513788 0.947558 0.511004 0.941990 0.496158 0.938280 0.488272 0.939672 0.489200 0.936424 0.499406 0.930856 0.503118 0.926218 0.495230 0.904876 0.493376 0.913228 0.492912 0.922042 0.485952 0.927610 0.480850 0.934568 0.473890 0.934104 0.462292 0.930392 0.448374 0.932248 0.438168 0.927610 0.427962 0.919722 0.421002 0.914156 0.419612 0.919258 0.423786 0.924826 0.427498 0.929464
0 0.722554 0.001150 0.735544 0.006718 0.742502 0.011820 0.749462 0.019708 0.749926 0.024810 0.747142 0.033162 0.748070 0.040120 0.754102 0.046152 0.761060 0.047544 0.761988 0.051718 0.756884 0.061460 0.757348 0.069812 0.760132 0.075842 0.765236 0.069812 0.768482 0.058214 0.772658 0.051254 0.770338 0.041048 0.768482 0.030378 0.777762 0.027594 0.772658 0.022956 0.776370 0.015532 0.777762 0.009038 0.768946 0.013676 0.761060 0.015996 0.752710 0.010430 0.746214 0.001150
0 0.760132 0.117596 0.773586 0.125482 0.782400 0.121772 0.788896 0.127338 0.779616 0.131978 0.780544 0.139400 0.776834 0.147286 0.768946 0.151926 0.759204 0.152854 0.758740 0.158422 0.751318 0.154246 0.744822 0.154246 0.747142 0.158886 0.736936 0.152390 0.734616 0.139864 0.730440 0.134760 0.735544 0.129658 0.735544 0.121308 0.746214 0.121308 0.745286 0.127802 0.751318 0.137080 0.759204 0.137080 0.750854 0.123626 0.759668 0.128266 0.764772 0.136616 0.770802 0.139864 0.770802 0.134298
0 0.718378 0.192288 0.727658 0.184864 0.730904 0.193216 0.733688 0.204814 0.738792 0.218268 0.740184 0.224762 0.729514 0.216412 0.717452 0.214092 0.697502 0.215484 0.708636 0.219196 0.717452 0.223370 0.730440 0.235432 0.745750 0.234968 0.741576 0.242392 0.748998 0.248886 0.763844 0.253990 0.774050 0.262804 0.793534 0.269300 0.794926 0.266516 0.781472 0.260020 0.769874 0.252134 0.771730 0.239608 0.766628 0.229866 0.755028 0.218268 0.748998 0.214556 0.750390 0.223370 0.761524 0.234968 0.763844 0.243320 0.758276 0.240072 0.749462 0.226154 0.744822 0.212700 0.739256 0.199710 0.734616 0.185792 0.744822 0.190896 0.745750 0.185328 0.731368 0.177906 0.713276 0.187648
0 0.713740 0.364404 0.717914 0.353270 0.717914 0.343528 0.732760 0.332394 0.738328 0.330074 0.745750 0.333320 0.759668 0.340744 0.762916 0.333784 0.749926 0.324970 0.755028 0.314300 0.758740 0.305486 0.755956 0.293424 0.748070 0.293424 0.733688 0.296670 0.721162 0.301774 0.716988 0.311516 0.726266 0.305950 0.737400 0.302702 0.747142 0.300846 0.751318 0.305950 0.747606 0.314300 0.744358 0.323114 0.738328 0.323578 0.740184 0.318012 0.729976 0.319404 0.728122 0.322186 0.721162 0.323578 0.714204 0.331002 0.701678 0.334248 0.698430 0.336104 0.710492 0.337960 0.710956 0.353270
0 0.670130 0.363940 0.678018 0.363940 0.690544 0.372754 0.705852 0.384352 0.708636 0.391312 0.696574 0.390848 0.676626 0.389456 0.682192 0.396414 0.697966 0.398734 0.713276 0.403374 0.724410 0.408476 0.735544 0.415900 0.733688 0.426106 0.739256 0.438168 0.748998 0.449766 0.758740 0.459508 0.765236 0.470642 0.782864 0.476674 0.772658 0.466468 0.760132 0.446054 0.746214 0.423786 0.743430 0.412652 0.734152 0.405694 0.730440 0.395486 0.723946 0.388064 0.722090 0.366724 0.714204 0.381106 0.700286 0.367188 0.693790 0.355126 0.687296 0.352806 0.690080 0.361156 0.678482 0.358836 0.671986 0.358836 0.666884 0.356518
0 0.686832 0.466932 0.697038 0.484096 0.703534 0.491056 0.711420 0.502190 0.722090 0.511468 0.712348 0.514716 0.706316 0.518428 0.705852 0.522602 0.727194 0.520746 0.722554 0.545334 0.727658 0.551830 0.731832 0.531880 0.734616 0.518892 0.743430 0.519354 0.751782 0.525850 0.754102 0.531418 0.749926 0.539304 0.745750 0.542552 0.733224 0.548118 0.738792 0.551366 0.754102 0.545798 0.761988 0.533736 0.759668 0.513324 0.749926 0.508684 0.740184 0.505902 0.732760 0.509148 0.724874 0.495230 0.722554 0.486416 0.707708 0.476674
0 0.673842 0.595438 0.682656 0.591264 0.685904 0.583840 0.689616 0.582448 0.698430 0.586160 0.706316 0.594974 0.695182 0.596366 0.705388 0.604718 0.716060 0.609356 0.726730 0.612140 0.736936 0.624666 0.745286 0.634408 0.755492 0.645542 0.758740 0.646934 0.759204 0.639512 0.748534 0.625594 0.742966 0.613532 0.734616 0.607036 0.745286 0.598222 0.753638 0.606108 0.756884 0.602398 0.752710 0.593582 0.756420 0.580594 0.761524 0.569458 0.759668 0.567140 0.753638 0.572242 0.748534 0.579202 0.741576 0.584304 0.725338 0.594046 0.712348 0.586624 0.697502 0.574562 0.687296 0.575026 0.679410 0.583376
0 0.682656 0.715132 0.679410 0.720234 0.670130 0.724410 0.658996 0.729050 0.658068 0.741112 0.658532 0.757812 0.661780 0.771266 0.675698 0.775442 0.684976 0.776370 0.697502 0.783792 0.707244 0.792142 0.723482 0.785648 0.720234 0.781008 0.712812 0.777762 0.713276 0.770802 0.723482 0.761524 0.733224 0.751318 0.742966 0.746214 0.752710 0.746678 0.752246 0.743430 0.738328 0.742502 0.727194 0.748070 0.711884 0.755492 0.703534 0.757348 0.698828 0.752930 0.689648 0.751172 0.679688 0.752344 0.672070 0.753320 0.670508 0.756446 0.673828 0.758398 0.684180 0.757226 0.693554 0.757032 0.698632 0.759766 0.701172 0.762696 0.699024 0.767188 0.696874 0.769336 0.688868 0.770704 0.682226 0.769336 0.671094 0.766210 0.664844 0.761914 0.665624 0.752344 0.664844 0.745898 0.664454 0.732032 0.669726 0.729492 0.679102 0.729296 0.684766 0.723828 0.686524 0.715040
0 0.695376 0.811620 0.697470 0.835184 0.695898 0.844086 0.696946 0.855604 0.697470 0.862936 0.692758 0.852986 0.689092 0.860842 0.686474 0.870790 0.684380 0.881786 0.687520 0.882834 0.685426 0.889640 0.684902 0.900636 0.687520 0.914252 0.696946 0.924200 0.697470 0.913204 0.696422 0.891212 0.699564 0.887022 0.710036 0.883880 0.714226 0.866602 0.722080 0.855082 0.728888 0.843038 0.722080 0.845132 0.716844 0.851416 0.711084 0.858746 0.705324 0.868696 0.702706 0.849846 0.705324 0.835184 0.702706 0.813714 0.699564 0.807954
0 0.700612 0.922630 0.704800 0.930484 0.702706 0.939908 0.700088 0.949334 0.692234 0.961378 0.687520 0.954570 0.683332 0.965042 0.683332 0.976038 0.682284 0.984416 0.671812 0.992794 0.674954 0.996984 0.682808 0.994890 0.697994 0.992794 0.715274 0.990700 0.719986 0.995414 0.721556 0.989130 0.727316 0.984940 0.704276 0.983894 0.715274 0.980752 0.729934 0.976562 0.735694 0.992794 0.740930 0.994890 0.738312 0.975516 0.755592 0.962948 0.754546 0.960854 0.743026 0.963472 0.735694 0.965566 0.725746 0.965566 0.710036 0.972374 0.701136 0.974468 0.701136 0.963996 0.703754 0.956142 0.713178 0.946192 0.716320 0.929436 0.705848 0.917916
1 0.054176 0.005812 0.054176 0.014184 0.047200 0.018368 0.043016 0.030924 0.043016 0.034180 0.051850 0.025344 0.059756 0.021158 0.063942 0.024414 0.063476 0.015114 0.061616 0.008138
1 0.012788 0.062082 0.015578 0.070918 0.005348 0.071848 0.002558 0.075102 0.003488 0.079752 0.017438 0.076032 0.023950 0.083008 0.030924 0.079752 0.018834 0.063942
1 0.071848 0.075568 0.062546 0.085798 0.050920 0.104400 0.053246 0.107190 0.063942 0.098354 0.073708 0.090914
1 0.128116 0.134626 0.121140 0.147646 0.116954 0.161598 0.114164 0.173224 0.125326 0.158808 0.127186 0.166714 0.145786 0.169968 0.143926 0.163922 0.136486 0.160202 0.129046 0.149972 0.132766 0.136952
1 0.082078 0.205310 0.089054 0.223912 0.100214 0.233678 0.107654 0.246234 0.116490 0.242048 0.122070 0.229958 0.113700 0.233678 0.106260 0.229958 0.104400 0.222516 0.115560 0.219262 0.116954 0.214146 0.102540 0.211822 0.094634 0.207636 0.089054 0.199266
1 0.036042 0.169344 0.031402 0.176094 0.030558 0.182842 0.020434 0.186218 0.016638 0.192546 0.027606 0.194654 0.035198 0.187484 0.036886 0.178202 0.041104 0.172296
1 0.017902 0.351580 0.016216 0.365500 0.030136 0.357486 0.041948 0.353266 0.030558 0.344830 0.051228 0.342720 0.041104 0.337236 0.052916 0.326268 0.058822 0.319942 0.063462 0.320784 0.068102 0.316566 0.068524 0.308974 0.063040 0.310238 0.061774 0.307286 0.066414 0.298006 0.058400 0.301802 0.052916 0.311504 0.045744 0.311504 0.037730 0.306864 0.028028 0.307286 0.020434 0.304754 0.020434 0.294630 0.013684 0.285772 0.004826 0.279444 0.001030 0.287882 0.003560 0.299692
1 0.104856 0.442270 0.114872 0.454790 0.118628 0.482334 0.121132 0.456668 0.126766 0.444774 0.118002 0.447278 0.110490 0.436010
1 0.134004 0.590158 0.139942 0.601096 0.131964 0.607480 0.136750 0.609394 0.143772 0.607480 0.154622 0.605246 0.147602 0.603012 0.138984 0.585778 0.135154 0.585778
1 0.126858 0.622160 0.127814 0.632372 0.116644 0.635564 0.121432 0.638116 0.137388 0.639074 0.144730 0.637160 0.136112 0.634286 0.131006 0.619288
1 0.104198 0.635564 0.106432 0.653754 0.107390 0.656626 0.100050 0.663648 0.103880 0.667158 0.110900 0.663010 0.118878 0.667478 0.118560 0.660138 0.109944 0.644180 0.108348 0.636520
1 0.080902 0.665244 0.093668 0.672584 0.097496 0.683754 0.099730 0.693008 0.094624 0.700986 0.082498 0.712156 0.071646 0.715668 0.061754 0.711200 0.056966 0.701626 0.050902 0.693966 0.046434 0.679924 0.053774 0.670350 0.056328 0.660138 0.065264 0.661414
1 0.031156 0.922290 0.033836 0.925976 0.033502 0.935020 0.032832 0.943732 0.029816 0.947416 0.027472 0.943062 0.028142 0.935690 0.021106 0.934016 0.023786 0.929996 0.028142 0.931336
1 0.084088 0.906544 0.104860 0.907550 0.109884 0.909560 0.114574 0.908890 0.126300 0.906210 0.116584 0.904870 0.121610 0.892810 0.117924 0.891470 0.111224 0.899844 0.106534 0.886110 0.102178 0.889124 0.102848 0.898840 0.082414 0.902190
1 0.047906 0.810396 0.063988 0.816092 0.076382 0.818436 0.072028 0.813076 0.078728 0.800680 0.072362 0.802356 0.062648 0.807716 0.048576 0.805706
1 0.066668 0.856628 0.076718 0.864668 0.082748 0.875054 0.085764 0.871034 0.086098 0.867348 0.092798 0.870028 0.094808 0.865674 0.091124 0.863664 0.099164 0.853612 0.102514 0.847248 0.100838 0.844568 0.096148 0.849592 0.087438 0.857632 0.082748 0.858972 0.066668 0.851602
1 0.303968 0.009458 0.308080 0.022306 0.303454 0.032586 0.305510 0.055202 0.314248 0.037726 0.316818 0.034128 0.330694 0.033614 0.323500 0.025390 0.318360 0.019736
1 0.334806 0.143092 0.343030 0.152858 0.336348 0.157484 0.337890 0.172388 0.338404 0.185752 0.347656 0.177528 0.349712 0.189864 0.357936 0.173416 0.367702 0.165194 0.358450 0.148746 0.337890 0.138980
1 0.299120 0.200696 0.306040 0.206846 0.314114 0.217612 0.316806 0.211844 0.311808 0.201464 0.300658 0.196466
1 0.291816 0.429456 0.296430 0.440222 0.301428 0.444836 0.301428 0.450602 0.308348 0.457908 0.304888 0.461368 0.294506 0.455986 0.291816 0.459830 0.291816 0.476748 0.291046 0.487128 0.287202 0.483668 0.286432 0.473286 0.288740 0.460214 0.287202 0.454064 0.284126 0.448296 0.279128 0.446758 0.287202 0.441376 0.287202 0.429842
1 0.228994 0.362274 0.222238 0.380700 0.203812 0.385000 0.204428 0.388684 0.225310 0.387456 0.228994 0.380086
1 0.190004 0.686058 0.190762 0.695540 0.186210 0.709952 0.197588 0.700850 0.207448 0.703124 0.200622 0.697816 0.210862 0.693644 0.219964 0.686058 0.213138 0.686058 0.200242 0.688714 0.196450 0.684542
1 0.274196 0.808936 0.275712 0.813106 0.264714 0.819174 0.276850 0.821830 0.281780 0.833206 0.283298 0.826002 0.284814 0.819174 0.278746 0.806280
1 0.256372 0.847240 0.257510 0.860892 0.248786 0.867340 0.241960 0.874544 0.250304 0.872270 0.262060 0.868476 0.264336 0.866580 0.271542 0.867340 0.272680 0.876062 0.271162 0.887060 0.269646 0.893886 0.275712 0.891232 0.276472 0.868476 0.276472 0.860892 0.264714 0.858238 0.260544 0.845722
1 0.623264 0.085938 0.595486 0.082466 0.596354 0.089410 0.617188 0.092882 0.612848 0.105902 0.605034 0.101562 0.596354 0.108506 0.596354 0.118924 0.607638 0.118924 0.616320 0.139756 0.620660 0.118924 0.625000 0.105902 0.638020 0.084202
1 0.572048 0.202256 0.568576 0.213542 0.557292 0.217882 0.565104 0.224826 0.574652 0.236112 0.575520 0.223958 0.577256 0.210070
1 0.560764 0.400174 0.547744 0.414930 0.554688 0.421006 0.552952 0.431424 0.546876 0.445312 0.560764 0.435764 0.575520 0.428820 0.573784 0.421006 0.565972 0.414062
1 0.448784 0.720486 0.456598 0.732638 0.456598 0.745660 0.464410 0.763020 0.477430 0.762152 0.491320 0.753472 0.480034 0.742188 0.467882 0.743924 0.466146 0.728298 0.460070 0.721354
1 0.436632 0.801216 0.449652 0.810764 0.464410 0.821180 0.459202 0.836806 0.452256 0.836806 0.453994 0.843750 0.459202 0.845486 0.455730 0.856770 0.445312 0.868924 0.440972 0.881076 0.440972 0.872396 0.441840 0.858506 0.430556 0.848958 0.416666 0.847222 0.404514 0.839410 0.403646 0.823784 0.420138 0.820312 0.421006 0.809028 0.428820 0.809028
1 0.526910 0.841146 0.539930 0.840278 0.559028 0.845486 0.565104 0.854166 0.572916 0.864584 0.574652 0.884548 0.573784 0.896702 0.567708 0.914062 0.558160 0.923612 0.554688 0.916666 0.537326 0.904514 0.521702 0.888020 0.521702 0.871528 0.523438 0.853298
1 0.435764 0.948784 0.440972 0.963542 0.435764 0.985244 0.434028 0.995660 0.444444 0.981770 0.447048 0.967882 0.457466 0.973958 0.462674 0.984376 0.469618 0.974826 0.474826 0.953994 0.466146 0.953994 0.463542 0.964410 0.460070 0.953124 0.446180 0.950520
1 0.642092 0.013818 0.660156 0.020592 0.668060 0.026802 0.674832 0.035270 0.676526 0.046558 0.674268 0.057284 0.680478 0.055590 0.682172 0.038092 0.678784 0.027366 0.672010 0.019464 0.677090 0.013254 0.673704 0.009302 0.669188 0.012690 0.644350 0.007044
1 0.656770 0.109782 0.669188 0.119378 0.680478 0.110910 0.679348 0.105266 0.672574 0.109782 0.658462 0.102444
1 0.722424 0.110444 0.723354 0.124396 0.713588 0.130906 0.724284 0.131370 0.723818 0.138346 0.730794 0.129046 0.735444 0.121606 0.730794 0.116954 0.728934 0.109980
1 0.705792 0.249432 0.694442 0.258890 0.682146 0.268348 0.684038 0.283482 0.688294 0.295778 0.699644 0.306182 0.702008 0.303344 0.688294 0.274496 0.697280 0.266458 0.709576 0.257944 0.713358 0.251798
1 0.634382 0.318004 0.637692 0.321788 0.632964 0.332664 0.644786 0.328882 0.657556 0.324152 0.658028 0.314222 0.644786 0.320842 0.639112 0.314222
1 0.632964 0.341650 0.643840 0.353474 0.648570 0.359148 0.650934 0.365768 0.657556 0.357730 0.665594 0.353946 0.661812 0.351108 0.651408 0.350636 0.640058 0.340232
1 0.637220 0.360094 0.636748 0.367188 0.631546 0.377592 0.632490 0.383266 0.641004 0.371916 0.645732 0.368606 0.641950 0.356310
1 0.617830 0.403602 0.618304 0.398872 0.631072 0.398872 0.638638 0.391306 0.640530 0.395562 0.635802 0.405494
1 0.588984 0.485888 0.604116 0.488726 0.609318 0.496292 0.613102 0.493928 0.618776 0.490618 0.608372 0.483524 0.602224 0.471228 0.599860 0.472174 0.601278 0.481632 0.593240 0.481160
1 0.703900 0.469810 0.722818 0.469336 0.728020 0.472174 0.739368 0.465554 0.746462 0.468390 0.744098 0.473592 0.733222 0.477848 0.748354 0.489198 0.742680 0.490618 0.728020 0.483524 0.724708 0.485888 0.721398 0.483524 0.722818 0.480214
1 0.690660 0.520884 0.705320 0.532234 0.710522 0.540746 0.713832 0.546894 0.716196 0.534598 0.707684 0.525612 0.700590 0.523722 0.695388 0.516628
1 0.643840 0.685930 0.660866 0.690186 0.669850 0.689714 0.677890 0.685930 0.672688 0.682146 0.664648 0.682620 0.657556 0.683566 0.645732 0.679310
1 0.629138 0.835342 0.626234 0.843328 0.629138 0.846960 0.624056 0.857850 0.632042 0.859302 0.648016 0.849864 0.637126 0.846234
1 0.597192 0.956596 0.611712 0.964582 0.616070 0.974022 0.621152 0.965308 0.632042 0.957322 0.628412 0.951514 0.616070 0.958774 0.605178 0.952966
1 0.827772 0.487128 0.816238 0.468288 0.816622 0.484820 0.806240 0.496356 0.821620 0.491358 0.828540 0.499046 0.827386 0.491358 0.838152 0.490588
1 0.534598 0.685138 0.533950 0.696818 0.532002 0.710444 0.540438 0.700062 0.549522 0.688382 0.540438 0.689032
1 0.573452 0.549722 0.577102 0.559458 0.567976 0.567976 0.581970 0.567976 0.594140 0.566760 0.583796 0.558240 0.577712 0.544246