0 0.003810 0.475370 0.014472 0.486518 0.029010 0.488456 0.047428 0.489910 0.053244 0.496694 0.052274 0.485064 0.057120 0.476824 0.062452 0.467616 0.061966 0.455016 0.059060 0.433690 0.057120 0.420120 0.050820 0.426420 0.045488 0.424482 0.045974 0.431268 0.041612 0.443384 0.050336 0.438538 0.054212 0.451622 0.053244 0.462770 0.047428 0.466162 0.035796 0.460346 0.028042 0.449200 0.023196 0.436598 0.006718 0.422060 0.000416 0.422544 0.002840 0.427874 0.008656 0.438538 0.000000 0.439454 0.002356 0.449684 0.011564 0.456470 0.015440 0.462770 0.009626 0.466646 0.002356 0.464224
0 0.048120 0.352894 0.044900 0.372210 0.026656 0.373282 0.027730 0.380794 0.042754 0.396892 0.048120 0.377576 0.057778 0.396892 0.054558 0.409770 0.043828 0.416208 0.027730 0.414062 0.018072 0.407624 0.024510 0.402258 0.015926 0.386160 0.001974 0.384014 0.001974 0.370064 0.012706 0.353966 0.013780 0.373282 0.025584 0.362552 0.035242 0.363624
0 0.000902 0.558938 0.013140 0.565032 0.018516 0.575784 0.018516 0.581160 0.010752 0.587730 0.022696 0.589522 0.032850 0.593104 0.037630 0.587132 0.049574 0.596688 0.065104 0.611620 0.066896 0.611024 0.064506 0.602064 0.047186 0.579368 0.035838 0.571006 0.027476 0.565630 0.032850 0.553086 0.051366 0.545920 0.069882 0.548906 0.070480 0.545920 0.048978 0.540544 0.028072 0.550100 0.025684 0.534570 0.019114 0.539350 0.022100 0.553684 0.019114 0.560852 0.010752 0.554282 0.005376 0.553684
1 0.048828 0.045838 0.051818 0.060786 0.052814 0.075734 0.060786 0.067762 0.082708 0.058794 0.066764 0.053810 0.060786 0.056800
1 0.093884 0.052138 0.105066 0.061084 0.099102 0.071520 0.116248 0.066302 0.134140 0.066302 0.124448 0.055120 0.111776 0.057356
1 0.181986 0.171876 0.201286 0.181986 0.210938 0.177850 0.206342 0.188878 0.196692 0.197610 0.197610 0.189338 0.191636 0.184742
2 0.180606 0.193014 0.198530 0.204504 0.209558 0.220128 0.206342 0.240808 0.202206 0.250920 0.192556 0.247702 0.190258 0.256434 0.172794 0.257812 0.177850 0.239890 0.164982 0.234376 0.151654 0.230238 0.135110 0.221508 0.148438 0.218750 0.159926 0.222886 0.143842 0.200828 0.167280 0.212776 0.154412 0.194394 0.178768 0.208180
1 0.089586 0.424630 0.089586 0.435198 0.079800 0.443810 0.097414 0.442244 0.112288 0.443418 0.110330 0.438722 0.097022 0.435982
1 0.174032 0.463132 0.166296 0.479086 0.164846 0.488756 0.150826 0.495040 0.160494 0.497458 0.171614 0.494556 0.186118 0.495524 0.191918 0.492622 0.178382 0.489722
1 0.133906 0.518246 0.144540 0.531782 0.148892 0.539034 0.153726 0.529848 0.162428 0.535166 0.162912 0.543868 0.176932 0.539516 0.182734 0.525980 0.173548 0.529848 0.165812 0.520662 0.160978 0.512928 0.151310 0.517762 0.145508 0.520662
1 0.184184 0.511960 0.202072 0.519212 0.213190 0.523564 0.209322 0.512444 0.200138 0.510994 0.188534 0.508576
1 0.110216 0.555954 0.125686 0.563690 0.124236 0.570940 0.142124 0.573358 0.135838 0.562722 0.139706 0.550152 0.131488 0.554020 0.115534 0.551120
1 0.149858 0.545318 0.147442 0.562722 0.147926 0.568040 0.156628 0.560306 0.157110 0.546768
2 0.071058 0.561756 0.088462 0.574326 0.092328 0.566590 0.102482 0.573358 0.113116 0.565140 0.119886 0.580126 0.121336 0.591730 0.119886 0.598980 0.111184 0.606232 0.104414 0.603332 0.091362 0.603332 0.091362 0.595114 0.079276 0.589312 0.087978 0.587862 0.076858 0.579644 0.073474 0.572392 0.071058 0.566590
1 0.149376 0.593180 0.150342 0.606716 0.148408 0.617836 0.158560 0.608650 0.156628 0.593180
1 0.047368 0.624120 0.040600 0.639590 0.043984 0.648292 0.046884 0.656512 0.043018 0.662796 0.026096 0.650226 0.026580 0.662796 0.052202 0.673432 0.051720 0.656994 0.053170 0.642974 0.053652 0.625088
1 0.055586 0.672464 0.069124 0.680200 0.077826 0.679234 0.071058 0.673432 0.063806 0.667146
1 0.157594 0.631372 0.159528 0.657962 0.184668 0.669564 0.187568 0.664730 0.170648 0.653610 0.163878 0.630888
1 0.153066 0.729434 0.150456 0.742918 0.133056 0.744224 0.149150 0.749878 0.156980 0.745964 0.158286 0.732478
1 0.057368 0.806428 0.053452 0.815998 0.041272 0.818172 0.056498 0.824698 0.073896 0.823392 0.063892 0.817738
1 0.030832 0.839052 0.046928 0.845142 0.061718 0.835138 0.056062 0.835138 0.046928 0.839052 0.036052 0.834702
1 0.056498 0.859496 0.067806 0.869502 0.085206 0.860366 0.080856 0.857756 0.069112 0.860802 0.059978 0.856016
1 0.052148 0.869502 0.051278 0.879942 0.032572 0.879942 0.042142 0.896036 0.035182 0.899082 0.048232 0.903432 0.053018 0.908652 0.056498 0.903866 0.072592 0.901692 0.062152 0.893862 0.053888 0.887772 0.060848 0.886902 0.059108 0.868632
1 0.076942 0.911262 0.100432 0.922136 0.119136 0.920832 0.116092 0.910392 0.124356 0.901692 0.101302 0.882552 0.106086 0.894732 0.109566 0.901256 0.106522 0.908652 0.094342 0.911262 0.084772 0.906476
1 0.095674 0.937508 0.112620 0.946406 0.119822 0.953184 0.124484 0.945982 0.124906 0.928612 0.117704 0.929882 0.116858 0.937932 0.101182 0.934120
1 0.156682 0.915478 0.149480 0.924374 0.149056 0.933272 0.134652 0.937932 0.144820 0.943016 0.155834 0.947252 0.158800 0.938356 0.156258 0.930306
0 0.233144 0.090618 0.248980 0.114372 0.256898 0.119650 0.250740 0.128448 0.252498 0.146924 0.249860 0.158362 0.251618 0.167160 0.250740 0.172438 0.261296 0.165400 0.266576 0.150444 0.268334 0.127568 0.285050 0.129328 0.297368 0.130208 0.311444 0.123170 0.306166 0.107334 0.309684 0.095896 0.301766 0.095896 0.297368 0.082700 0.292968 0.075662 0.288570 0.087098 0.281532 0.102056 0.277132 0.113492 0.256898 0.103814 0.247220 0.090618 0.242820 0.088858
0 0.244718 0.321516 0.223722 0.309086 0.228142 0.318202 0.231458 0.320964 0.234496 0.323450 0.246376 0.328976 0.253834 0.328700 0.264884 0.323728 0.263780 0.329528 0.260740 0.337540 0.258530 0.342788 0.257702 0.348038 0.262122 0.351352 0.265990 0.345828 0.270962 0.333948 0.272896 0.325660 0.273172 0.320964 0.277868 0.326766 0.281184 0.328424 0.286708 0.328148 0.286986 0.322622 0.276212 0.315164 0.282842 0.310744 0.293338 0.312124 0.298036 0.318478 0.294168 0.328700 0.295272 0.336158 0.303008 0.328976 0.302180 0.314334 0.300522 0.307980 0.293616 0.302180 0.282012 0.302732 0.270686 0.306322 0.267094 0.307980 0.261846 0.300246 0.254110 0.294168 0.243336 0.290576 0.222066 0.291128 0.212396 0.292510 0.207976 0.294996 0.220960 0.297206 0.228142 0.298588 0.238916 0.309914 0.259360 0.321794
0 0.193282 0.602992 0.194500 0.591622 0.203434 0.587156 0.220894 0.580658 0.244852 0.577816 0.253006 0.577330 0.257426 0.572634 0.260464 0.568766 0.274830 0.568212 0.281736 0.571252 0.285604 0.578158 0.286986 0.583408 0.290852 0.582302 0.289196 0.570976 0.284222 0.564346 0.273172 0.563240 0.272344 0.558544 0.262398 0.558820 0.256596 0.559926 0.247756 0.557992 0.237536 0.559372 0.225104 0.561030 0.214054 0.559650 0.206042 0.559926 0.217644 0.564346 0.219026 0.567108 0.208528 0.571252 0.201898 0.573738 0.196650 0.576500 0.188914 0.584788 0.186704 0.595562
0 0.198584 0.670704 0.209082 0.667942 0.218198 0.666836 0.227038 0.669322 0.229524 0.674294 0.235326 0.675952 0.241126 0.680096 0.251072 0.684516 0.256044 0.684516 0.261846 0.685068 0.277316 0.689212 0.285880 0.695290 0.295272 0.704960 0.298036 0.699986 0.290576 0.688384 0.281184 0.683688 0.270410 0.678992 0.259636 0.671532 0.249138 0.667112 0.241680 0.665732 0.232286 0.666008 0.226486 0.662140 0.215988 0.660482 0.207424 0.662416 0.199412 0.665732
0 0.178560 0.842546 0.184652 0.839882 0.185794 0.847496 0.185794 0.863868 0.188840 0.873386 0.194932 0.877954 0.206354 0.872624 0.212446 0.868818 0.220060 0.876050 0.234908 0.879096 0.233386 0.870720 0.225770 0.866914 0.222724 0.858538 0.230340 0.847878 0.236430 0.835694 0.246710 0.831126 0.259656 0.828840 0.266890 0.831506 0.269934 0.825414 0.258894 0.821988 0.249376 0.821988 0.233004 0.825414 0.223866 0.829602 0.217394 0.839882 0.214730 0.844450 0.207496 0.842928 0.198358 0.837598 0.194932 0.834170 0.188460 0.831506 0.184272 0.832268 0.178942 0.837598
0 0.200724 0.905718 0.209580 0.920478 0.221878 0.922446 0.225322 0.928842 0.222862 0.949504 0.210564 0.951472 0.209088 0.958852 0.204660 0.974102 0.200232 0.982466 0.198264 0.968198 0.194328 0.960328 0.197280 0.951472 0.198264 0.948028 0.192852 0.939172 0.188424 0.925890 0.188424 0.911130 0.192360 0.909654 0.192360 0.917034 0.193344 0.927858 0.198264 0.936220 0.209088 0.940156 0.213024 0.941632 0.213024 0.931794 0.204660 0.930318 0.198264 0.926382 0.198264 0.921462 0.201216 0.922446 0.199740 0.915066
0 0.248938 0.997226 0.255824 0.994274 0.253858 0.991814 0.242542 0.988370 0.230734 0.987878 0.216468 0.991322 0.212532 0.999194
1 0.231710 0.452654 0.244526 0.466494 0.254266 0.468544 0.250164 0.477772 0.242704 0.483398 0.256492 0.492590 0.258502 0.481962 0.268106 0.469058 0.268106 0.459318 0.261442 0.462394 0.254266 0.455216 0.252214 0.439324 0.247088 0.444452 0.245038 0.451116 0.237348 0.450090
1 0.285536 0.483412 0.289636 0.498790 0.290150 0.507504 0.296814 0.514682 0.297838 0.508018 0.303990 0.508530 0.298352 0.500840 0.294250 0.485462
1 0.269130 0.456400 0.277172 0.464154 0.283778 0.467602 0.282342 0.461570 0.278034 0.454964 0.272864 0.451804
1 0.269704 0.477942 0.272288 0.486846 0.274300 0.493452 0.279470 0.496324 0.277746 0.490004 0.275736 0.480238 0.273150 0.474208
1 0.315372 0.503504 0.325712 0.511546 0.317958 0.517004 0.330020 0.517866 0.337776 0.508674 0.340360 0.501494 0.330308 0.506376 0.319106 0.500344
1 0.249482 0.549124 0.264444 0.542654 0.253122 0.540228 0.246652 0.534162 0.245438 0.541036 0.232498 0.545080 0.221176 0.548314 0.219964 0.555998 0.221984 0.557210 0.224412 0.552762 0.232904 0.551954
1 0.322270 0.592392 0.338848 0.592796 0.352598 0.591178 0.348150 0.585112 0.333188 0.583090 0.321056 0.586326
1 0.198936 0.657900 0.197318 0.646174 0.193678 0.637682 0.194084 0.628784 0.203384 0.638490 0.221176 0.648600 0.210258 0.653856
1 0.207832 0.682566 0.215920 0.694294 0.210662 0.709256 0.222390 0.699146 0.229264 0.690654 0.228860 0.686206 0.221580 0.688632 0.215516 0.679332
1 0.298816 0.722196 0.304882 0.739988 0.306500 0.746458 0.308116 0.753332 0.318226 0.744840 0.327122 0.747670 0.328740 0.733114 0.337232 0.726644 0.324696 0.726240 0.322674 0.735136 0.312970 0.736752 0.305286 0.723812 0.303668 0.719364
1 0.265246 0.695532 0.273578 0.703864 0.278910 0.708864 0.282910 0.702866 0.276578 0.696866 0.270244 0.693200
1 0.193920 0.760858 0.201586 0.769192 0.201586 0.777524 0.200586 0.786522 0.204584 0.794522 0.211584 0.801188 0.216250 0.785190 0.217584 0.769858 0.210584 0.774524 0.210918 0.765526 0.199252 0.756192
0 0.227582 0.717530 0.224250 0.724862 0.228582 0.730862 0.232248 0.738862 0.232248 0.746194 0.232582 0.753526 0.229248 0.756860 0.222582 0.755526 0.219250 0.744528 0.215916 0.745860 0.208584 0.750526 0.213250 0.753526 0.217250 0.762858 0.232916 0.763526 0.234914 0.762192 0.247580 0.766524 0.258246 0.767192 0.265578 0.767192 0.273910 0.769192 0.278576 0.773524 0.281244 0.767524 0.273578 0.757192 0.266912 0.757526 0.272910 0.750194 0.272244 0.743528 0.262912 0.751526 0.255580 0.753526 0.244248 0.749526 0.238914 0.744528 0.241248 0.743194 0.252246 0.741860 0.244580 0.737528 0.242914 0.730862 0.236248 0.729862 0.232248 0.726196
1 0.202252 0.880180 0.213918 0.883846 0.219916 0.887178 0.222582 0.893844 0.225250 0.901510 0.227582 0.894512 0.234914 0.898844 0.237248 0.893512 0.229916 0.880180 0.222916 0.882512 0.209918 0.875514 0.205584 0.875846
1 0.241248 0.938174 0.245580 0.943840 0.252914 0.947172 0.263578 0.956504 0.274244 0.959838 0.280910 0.956172 0.274244 0.952506 0.266578 0.950506 0.259912 0.945172 0.267578 0.941172 0.271244 0.933174 0.266912 0.929840 0.261246 0.927174 0.255912 0.922842 0.252914 0.925508 0.253580 0.929840 0.247246 0.930174 0.238248 0.931840
1 0.285576 0.979168 0.293242 0.989168 0.299908 0.996500 0.301574 0.991168 0.309240 0.982502 0.302908 0.981168 0.298242 0.982168 0.291576 0.976836
0 0.530318 0.045272 0.547134 0.038804 0.557482 0.031690 0.572356 0.036864 0.586584 0.049798 0.596932 0.045272 0.611160 0.039450 0.615040 0.033630 0.616334 0.037510 0.608574 0.047858 0.590464 0.054326 0.592404 0.062086 0.592404 0.070494 0.587230 0.075668 0.578824 0.073728 0.583998 0.067906 0.576236 0.060792 0.569770 0.052386 0.564596 0.049152 0.553600 0.050444 0.538726 0.050444
0 0.605696 0.288100 0.590410 0.292630 0.566066 0.292630 0.556442 0.296026 0.549650 0.306216 0.552480 0.309612 0.558140 0.313576 0.546818 0.312444 0.543422 0.314708 0.537194 0.311878 0.529268 0.310746 0.517946 0.311878 0.507190 0.316406 0.500396 0.323200 0.497566 0.315274 0.515682 0.305084 0.526438 0.303386 0.521908 0.288100 0.524740 0.289798 0.532100 0.301688 0.537760 0.294328 0.538326 0.281872 0.542290 0.283004 0.541158 0.298856 0.541158 0.306216 0.544554 0.306782 0.546818 0.296592 0.554178 0.288666 0.564368 0.286402 0.577390 0.287534 0.589278 0.285836 0.601732 0.279608
0 0.487634 0.427488 0.492162 0.443656 0.498628 0.457884 0.506390 0.468880 0.513504 0.479228 0.527732 0.488282 0.543900 0.497982 0.530966 0.496042 0.510270 0.485048 0.504450 0.484400 0.501862 0.503156 0.497982 0.497336 0.499276 0.481814 0.494102 0.468232 0.488928 0.457238 0.486342 0.445598
0 0.495500 0.775702 0.500332 0.785364 0.498260 0.788814 0.492740 0.789504 0.495500 0.799856 0.490670 0.806068 0.487218 0.817800 0.485838 0.828842 0.494810 0.818490 0.501712 0.830224 0.502402 0.817110 0.498260 0.810208 0.505162 0.806068 0.509304 0.810208 0.515514 0.809518 0.516204 0.800546 0.519656 0.786054 0.528628 0.786054 0.543810 0.787434 0.538290 0.781222 0.521726 0.776392 0.507922 0.781222
0 0.468428 0.882544 0.481180 0.893282 0.464400 0.900666 0.469100 0.907378 0.485878 0.898652 0.488564 0.901336 0.489234 0.917446 0.496618 0.914090 0.497960 0.902680 0.507356 0.901336 0.508698 0.910734 0.512726 0.910734 0.512726 0.895968 0.504000 0.877846 0.493262 0.881872 0.486550 0.879860
1 0.559210 0.125412 0.563322 0.132606 0.556640 0.141858 0.562808 0.151624 0.585424 0.159334 0.583882 0.144942 0.575658 0.142372 0.575658 0.133120 0.565892 0.122328
1 0.587944 0.133022 0.591178 0.150410 0.591986 0.155668 0.596840 0.155668 0.612206 0.156880 0.598862 0.147984
1 0.607354 0.133022 0.613418 0.143132 0.610992 0.147580 0.620294 0.150006 0.626764 0.153646 0.627976 0.144346 0.638086 0.132214 0.632828 0.131810 0.623124 0.139898
1 0.637030 0.062086 0.660312 0.071788 0.663546 0.082782 0.670012 0.078254 0.666132 0.061440 0.653844 0.060792 0.640910 0.054972
1 0.719810 0.008408 0.719810 0.011642 0.712050 0.021988 0.722398 0.019402 0.728218 0.023282 0.723044 0.036216 0.721750 0.042038 0.735332 0.034276 0.741152 0.020696 0.761202 0.016168 0.758614 0.013582 0.737272 0.014228
1 0.659664 0.118352 0.669366 0.132580 0.675186 0.143574 0.688120 0.140340 0.688768 0.137106 0.677774 0.135814 0.668072 0.118998
1 0.659018 0.155862 0.664192 0.162330 0.657078 0.168796 0.670660 0.170090 0.673892 0.179144 0.678420 0.170090 0.685534 0.159742 0.671306 0.159742 0.664838 0.151982
1 0.670660 0.195312 0.688120 0.203074 0.703642 0.199192 0.695882 0.173970 0.692648 0.186258 0.688120 0.193372 0.675186 0.190138 0.670660 0.193372
1 0.583276 0.303346 0.599774 0.315054 0.619998 0.313990 0.614144 0.311330 0.601904 0.308136 0.588066 0.298024
2 0.701760 0.224330 0.701760 0.230530 0.691220 0.227430 0.686260 0.232390 0.696180 0.237972 0.689980 0.246652 0.685640 0.258432 0.683780 0.266494 0.696180 0.255332 0.699280 0.247272 0.708582 0.246032 0.720982 0.245412 0.719742 0.242312 0.711062 0.239832 0.712922 0.232390
1 0.709766 0.279178 0.704138 0.289310 0.697946 0.297754 0.690066 0.292688 0.677684 0.285370 0.692880 0.285932 0.697384 0.287622 0.702450 0.281992
1 0.648978 0.302256 0.669240 0.311824 0.681624 0.318016 0.690066 0.320830 0.688378 0.314638 0.677684 0.309574 0.687816 0.301694 0.690066 0.298316 0.687252 0.296064 0.679936 0.299442 0.671492 0.303944 0.659672 0.298878 0.653480 0.296628
1 0.654598 0.383666 0.660630 0.387378 0.666196 0.382274 0.675938 0.383202 0.672228 0.389234 0.653670 0.396192
1 0.660600 0.454690 0.669684 0.466298 0.667666 0.481438 0.679778 0.472354 0.694414 0.458726 0.691386 0.457212 0.679274 0.461756 0.666656 0.450652
1 0.636376 0.449138 0.642432 0.457718 0.642936 0.467306 0.632842 0.478410 0.644956 0.491026 0.641928 0.495064 0.629814 0.488504 0.616188 0.493046 0.605086 0.493046 0.622244 0.480934 0.622750 0.461756 0.627292 0.468316 0.628806 0.474372 0.634356 0.466802
1 0.689872 0.537962 0.677254 0.547046 0.667162 0.553102 0.668676 0.566224 0.677254 0.561682 0.676750 0.556130 0.685330 0.552094 0.690882 0.545028 0.694414 0.540486
1 0.716116 0.540990 0.717124 0.552094 0.704508 0.560168 0.720154 0.561682 0.735798 0.561178 0.742360 0.555122 0.726714 0.554112 0.722676 0.537458
1 0.574804 0.547046 0.588936 0.554616 0.599534 0.559664 0.605590 0.552094 0.613160 0.545028 0.610636 0.542000 0.599534 0.547552 0.599028 0.550580 0.592468 0.547552 0.579852 0.543010
1 0.544524 0.538972 0.548560 0.552094 0.535944 0.563702 0.538972 0.567738 0.554112 0.557140 0.564206 0.535944 0.554112 0.543514 0.549066 0.536448
1 0.581366 0.576318 0.584898 0.586916 0.582880 0.598524 0.590954 0.593478 0.596506 0.586412 0.588430 0.581366
1 0.553102 0.656058 0.558654 0.662620 0.576822 0.653534 0.576822 0.660096 0.567234 0.669684 0.572786 0.683312 0.558654 0.676246 0.539982 0.667162 0.552094 0.667666
1 0.607608 0.625778 0.614170 0.628300 0.618206 0.635366 0.621236 0.628300 0.632338 0.631328 0.630824 0.624264 0.629310 0.615684 0.624768 0.618712 0.613160 0.621236
2 0.619722 0.663124 0.627292 0.669180 0.627796 0.675236 0.627796 0.681292 0.623254 0.683312 0.626786 0.687854 0.637384 0.684826 0.638394 0.671198 0.639404 0.665142 0.635870 0.653030 0.631328 0.658582 0.624768 0.659086 0.632338 0.646974 0.639908 0.631834 0.629310 0.641928 0.622244 0.657068
2 0.644450 0.643442 0.659086 0.648992 0.670190 0.644956 0.667162 0.640414 0.660096 0.641928 0.644956 0.636880
1 0.608618 0.722676 0.629310 0.736302 0.635366 0.725200 0.628806 0.723686 0.614674 0.717630
1 0.580356 0.746902 0.580356 0.756490 0.577832 0.763052 0.574300 0.776678 0.557140 0.776678 0.570262 0.787276 0.574804 0.793836 0.573794 0.798378 0.586916 0.796360 0.592972 0.794342 0.583384 0.786266 0.581870 0.776172 0.587926 0.762546 0.596000 0.751948 0.587422 0.751444 0.585402 0.744882
1 0.556636 0.785762 0.549570 0.796864 0.547552 0.802416 0.538972 0.802922 0.540486 0.807464 0.547552 0.809986 0.548056 0.816548 0.556636 0.813520 0.556636 0.800902 0.560168 0.790304
1 0.579346 0.815538 0.580356 0.818566 0.564206 0.827146 0.579852 0.827146 0.585402 0.826642 0.596506 0.833706 0.600038 0.825632 0.607608 0.807464 0.600038 0.812510 0.591964 0.815538 0.586412 0.813014
1 0.654040 0.798884 0.664638 0.810996 0.662620 0.818062 0.672712 0.821594 0.668170 0.831688 0.679274 0.827146 0.684320 0.831688 0.686844 0.823614 0.682302 0.810996 0.680284 0.818566 0.672208 0.812510 0.671198 0.804436
1 0.644532 0.864800 0.645074 0.876194 0.645616 0.882704 0.651584 0.878906 0.659180 0.877278
1 0.635308 0.893554 0.625000 0.908204 0.612522 0.915798 0.626628 0.917426 0.636394 0.924480 0.639648 0.920682 0.633680 0.911458 0.638020 0.900608
1 0.597028 0.934522 0.603710 0.942188 0.595312 0.951172 0.598046 0.953516 0.610546 0.946484 0.621290 0.943946 0.619726 0.938672 0.610742 0.940040 0.601562 0.930468
1 0.582148 0.967950 0.597304 0.969328 0.602816 0.973118 0.601438 0.981386 0.612116 0.984140 0.616940 0.981040 0.610394 0.974840 0.609016 0.969674 0.615562 0.963472 0.611772 0.959684 0.602128 0.964162 0.581804 0.961406
1 0.562934 0.967882 0.569878 0.985244 0.564670 0.995660 0.575086 0.995660 0.595052 0.999132 0.581164 0.989584 0.573350 0.980902 0.568142 0.967448
0 0.804924 0.005918 0.788484 0.023674 0.781250 0.038800 0.792430 0.056556 0.800978 0.057212 0.799006 0.066420 0.816104 0.070366 0.830572 0.076942 0.833860 0.057870 0.822022 0.034196 0.823338 0.044060 0.817418 0.045376 0.816762 0.051294 0.810186 0.048664 0.812158 0.042746 0.799006 0.040114 0.808212 0.027620 0.809528 0.017756 0.806240 0.016440 0.799006 0.022360
0 0.779514 0.238716 0.762152 0.238716 0.746528 0.236112 0.714410 0.236112 0.722222 0.230034 0.732638 0.211806 0.745660 0.203124 0.756076 0.196180 0.763020 0.184028 0.763888 0.198784 0.774306 0.199652 0.774306 0.181424 0.782986 0.170138 0.792534 0.165798 0.798612 0.152778 0.796006 0.138888 0.787326 0.131944 0.789930 0.102430 0.795138 0.124132 0.802084 0.136284 0.806424 0.151910 0.796876 0.171876 0.813368 0.156250 0.832466 0.154514 0.828994 0.164930 0.813368 0.175348 0.800348 0.177952 0.810764 0.181424 0.801216 0.189236 0.788194 0.199652 0.785590 0.207466 0.782118 0.217882 0.765624 0.210938 0.756944 0.217014 0.731770 0.230902 0.754340 0.228298
0 0.752366 0.350738 0.757180 0.356926 0.777124 0.351424 0.788128 0.344548 0.794316 0.352112 0.800506 0.358990 0.799130 0.372744 0.801882 0.386498 0.816324 0.391312 0.806008 0.378246 0.808072 0.365868 0.807384 0.352800 0.797068 0.339734 0.801882 0.330794 0.808072 0.330106 0.821138 0.331482 0.814948 0.323916 0.799818 0.321166 0.785376 0.321852 0.779186 0.325980 0.770246 0.330794 0.757180 0.336982
0 0.689096 0.428450 0.695284 0.420196 0.715228 0.416070 0.728296 0.416758 0.741362 0.425012 0.753742 0.431888 0.764744 0.433264 0.781938 0.434640 0.796380 0.438078 0.806696 0.446330 0.813572 0.452520 0.802570 0.451832 0.789502 0.447018 0.779874 0.444268 0.771622 0.448394 0.759930 0.450456 0.750302 0.449082 0.742050 0.453208 0.739986 0.455958 0.739986 0.468338 0.728296 0.469026 0.731734 0.462148 0.729670 0.451832 0.746176 0.443580 0.734486 0.433952 0.724856 0.432576 0.702162 0.432576 0.704914 0.426386 0.717292 0.425698 0.717980 0.421572 0.700100 0.425698
0 0.708184 0.491726 0.723948 0.497878 0.732406 0.505182 0.735482 0.511718 0.736252 0.518254 0.743940 0.524022 0.737790 0.529790 0.742788 0.537478 0.753552 0.530174 0.758936 0.523638 0.756244 0.514410 0.755860 0.502106 0.765086 0.493264 0.778544 0.484806 0.773930 0.482884 0.763164 0.484036 0.753168 0.495956 0.750476 0.486344 0.750862 0.470580 0.757398 0.473656 0.757398 0.467120 0.752400 0.464044 0.755090 0.453278 0.749324 0.454816 0.744326 0.465582 0.741250 0.475962 0.740096 0.484036 0.737790 0.470196 0.732790 0.470964 0.735482 0.483268 0.735866 0.491342 0.733560 0.495186 0.715490 0.487882
0 0.694344 0.624370 0.691652 0.616296 0.697420 0.603992 0.709338 0.595150 0.712798 0.593612 0.725102 0.599764 0.727408 0.609376 0.733560 0.622062 0.737790 0.625908 0.740864 0.620910 0.749324 0.630136 0.756244 0.638980 0.753168 0.645900 0.745478 0.650514 0.746248 0.658588 0.745094 0.672428 0.742018 0.681272 0.740096 0.682424 0.734328 0.674352 0.738174 0.667430 0.739712 0.658204 0.737020 0.648206 0.732790 0.655128 0.730868 0.665124 0.727792 0.675120 0.727024 0.678196 0.721256 0.677042 0.723180 0.669352 0.720872 0.670506 0.723180 0.661664 0.726254 0.656666 0.727792 0.648976 0.730484 0.643594 0.727408 0.634750 0.718950 0.630522 0.705878 0.620140 0.714336 0.620140 0.722794 0.620910 0.718180 0.607838 0.715874 0.600532 0.706646 0.603224 0.702034 0.607452 0.698188 0.613988
0 0.747588 0.675546 0.756126 0.686752 0.754526 0.697960 0.750256 0.704364 0.740650 0.710234 0.741718 0.718772 0.734246 0.719304 0.723040 0.720372 0.712902 0.713434 0.718238 0.709166 0.709166 0.703296 0.702762 0.696892 0.713968 0.697960 0.719838 0.699026 0.716636 0.684618 0.715570 0.671810 0.716636 0.655802 0.718772 0.659004 0.718772 0.672878 0.722506 0.689422 0.725176 0.696358 0.733714 0.697960 0.744386 0.695824 0.750256 0.691556
0 0.732646 0.734780 0.729978 0.750790 0.725708 0.756660 0.733180 0.765732 0.743318 0.773202 0.747054 0.786010 0.743852 0.796150 0.743318 0.801486 0.743318 0.808956 0.741184 0.815360 0.724108 0.810024 0.710766 0.813760 0.701694 0.812692 0.702228 0.806288 0.717170 0.803086 0.707564 0.800952 0.709166 0.794548 0.707032 0.776938 0.708632 0.762530 0.712902 0.758260 0.716104 0.766266 0.712368 0.781740 0.713968 0.791880 0.718772 0.792414 0.724108 0.786544 0.729978 0.793482 0.734246 0.796682 0.737448 0.786544 0.735314 0.776938 0.726242 0.768400 0.721440 0.762530 0.718238 0.753458 0.720906 0.745454 0.725708 0.734246 0.731046 0.729444
0 0.728910 0.853248 0.729444 0.869258 0.732646 0.884734 0.740116 0.896474 0.742252 0.903944 0.738516 0.911416 0.727844 0.923156 0.735314 0.931160 0.733180 0.938632 0.731046 0.944502 0.727844 0.955174 0.727844 0.968516 0.721974 0.968516 0.721974 0.953040 0.723040 0.941834 0.724642 0.931160 0.720372 0.928492 0.705964 0.928492 0.698492 0.924756 0.700628 0.919420 0.718238 0.924756 0.717704 0.918352 0.703830 0.915152 0.695292 0.919954 0.687286 0.925824 0.682484 0.932762 0.677148 0.945036 0.673946 0.950906 0.670210 0.948770 0.672344 0.936496 0.681416 0.921022 0.690488 0.914084 0.689954 0.906080 0.684084 0.900742 0.668610 0.898074 0.657936 0.889002 0.665408 0.890604 0.676080 0.893272 0.691022 0.895406 0.696892 0.905012 0.697426 0.908748 0.710234 0.911950 0.718238 0.914084 0.724642 0.911950 0.734780 0.902878 0.729444 0.891670 0.724108 0.877796 0.723040 0.863388 0.721974 0.850046
0 0.691556 0.950372 0.682484 0.964780 0.676080 0.978120 0.681950 0.986658 0.695292 0.981322 0.706498 0.984524 0.715036 0.987726 0.720906 0.997866 0.745988 0.996798 0.733180 0.991996 0.725176 0.983990 0.719304 0.970650 0.716104 0.977588 0.710766 0.978654 0.708098 0.965846 0.702762 0.966914 0.703830 0.977588 0.696892 0.973318 0.689422 0.974386 0.683552 0.976520 0.690488 0.967448 0.697960 0.954640
1 0.786458 0.085286 0.802734 0.092448 0.811198 0.103516 0.819010 0.113932 0.819662 0.093098 0.822916 0.076822 0.817708 0.076822 0.813152 0.088542 0.799480 0.082032
1 0.831472 0.193170 0.840500 0.207014 0.854344 0.204004 0.855546 0.206712 0.841102 0.214536 0.834480 0.224166 0.831170 0.219352 0.832676 0.208216 0.826958 0.194976
1 0.804688 0.196180 0.797464 0.204004 0.799572 0.209120 0.808298 0.205810 0.824550 0.212430 0.825152 0.207916
1 0.691338 0.728380 0.700768 0.741850 0.718952 0.741514 0.718952 0.738146 0.706156 0.736462 0.694706 0.725350
1 0.702788 0.641838 0.711206 0.650256 0.709186 0.656990 0.709186 0.661706 0.715584 0.651940 0.724340 0.653624 0.725686 0.648572 0.718952 0.645542 0.716258 0.635102 0.713900 0.639480
1 0.697400 0.656318 0.698410 0.669114 0.705818 0.680900 0.698410 0.685278 0.700094 0.688308 0.711206 0.687298 0.714912 0.682246 0.712554 0.674502 0.703798 0.659348
1 0.797438 0.549690 0.793216 0.559192 0.795678 0.564470 0.787936 0.570806 0.787936 0.574324 0.794270 0.570454 0.799902 0.570806 0.804828 0.572564 0.806588 0.567638 0.799550 0.559192 0.801310 0.550394
1 0.829110 0.608460 0.823832 0.614090 0.822424 0.622888 0.811866 0.621128 0.803772 0.620778 0.809756 0.627112 0.819256 0.628520 0.825592 0.626408 0.828406 0.616906
1 0.813978 0.695030 0.810458 0.704884 0.809756 0.713330 0.803068 0.717554 0.797438 0.720720 0.807292 0.722832 0.816794 0.718962 0.817498 0.698550
1 0.767526 0.718258 0.767878 0.727408 0.771396 0.735854 0.769988 0.742188 0.772100 0.747466 0.774212 0.744298 0.776676 0.735502 0.772452 0.724592 0.771044 0.718610
1 0.785472 0.786528 0.789344 0.794270 0.791456 0.805532 0.793568 0.809404 0.791104 0.815738 0.790752 0.819960 0.798846 0.819608 0.800606 0.815034 0.807292 0.804124 0.799902 0.805180 0.797438 0.802716 0.790752 0.784770
1 0.629316 0.987682 0.622278 0.992962 0.635768 0.991202
2 0.966500 0.701942 0.977746 0.716738 0.988400 0.708452 0.987808 0.695430 0.979522 0.700166 0.971236 0.696614