0 0.592760 0.111814 0.601012 0.118232 0.599942 0.127180 0.609026 0.135886 0.608648 0.155568 0.612812 0.155190 0.613190 0.140806 0.628710 0.146106 0.641578 0.149134 0.647636 0.149134 0.645742 0.142320 0.639308 0.141564 0.621518 0.140806 0.624168 0.138158 0.633630 0.136264 0.637794 0.132480 0.635144 0.121882 0.629088 0.114310 0.620760 0.106740 0.611298 0.101442 0.610920 0.105606 0.620004 0.112040 0.627574 0.120368 0.630602 0.124910 0.623032 0.125288 0.619246 0.118852 0.615082 0.114310 0.609784 0.111282 0.609026 0.102576 0.605998 0.092358 0.602592 0.087436 0.602970 0.097656 0.603728 0.107120 0.601078 0.108254 0.600700 0.103712 0.598050 0.103334 0.596158 0.109012
0 0.581016 0.179414 0.585558 0.187742 0.585180 0.193042 0.596536 0.203262 0.599564 0.213860 0.601836 0.222944 0.613568 0.222944 0.620760 0.223322 0.626060 0.219538 0.631738 0.218780 0.638930 0.213860 0.645742 0.199854 0.651042 0.190392 0.666560 0.179036 0.665804 0.175630 0.657476 0.180172 0.650664 0.187364 0.642714 0.199098 0.636658 0.210074 0.629844 0.214238 0.631360 0.210074 0.634766 0.204396 0.630980 0.204776 0.626060 0.210074 0.610162 0.213482 0.607134 0.213860 0.605242 0.202126 0.591994 0.191148 0.589344 0.183578
0 0.580400 0.284008 0.584610 0.290326 0.587770 0.300854 0.590928 0.310858 0.595140 0.319808 0.607774 0.332968 0.619882 0.331916 0.636730 0.326124 0.641468 0.316648 0.639888 0.311910 0.643046 0.297170 0.638836 0.299802 0.630938 0.316122 0.620410 0.323492 0.609354 0.324546 0.609354 0.319808 0.621462 0.302960 0.620936 0.299276 0.614092 0.304540 0.608302 0.308226 0.601984 0.299276 0.595666 0.290326 0.589876 0.285062
2 0.682530 0.080272 0.674464 0.080658 0.669100 0.074218 0.669814 0.070284 0.680546 0.076366 0.680904 0.064560 0.683050 0.055976 0.686984 0.058480 0.687700 0.064918 0.693782 0.060984 0.694854 0.069926 0.703440 0.060984 0.703798 0.066350 0.701294 0.072430 0.708090 0.071358 0.707374 0.076366 0.707374 0.079942 0.711310 0.080658 0.713098 0.084950 0.708448 0.088170 0.701652 0.087096 0.700936 0.093178 0.698432 0.094966 0.694496 0.088170 0.692708 0.090316 0.688058 0.097112 0.684480 0.093894 0.692350 0.085666 0.688774 0.085308 0.682334 0.091032 0.678042 0.092462 0.681262 0.086024
0 0.582174 0.391512 0.596482 0.397594 0.593622 0.402244 0.588970 0.404390 0.586110 0.412976 0.587898 0.417984 0.597198 0.418340 0.600060 0.424064 0.613654 0.419056 0.624742 0.410828 0.627604 0.402244 0.623670 0.389724 0.616872 0.381496 0.615442 0.383642 0.619020 0.392228 0.620808 0.399740 0.619734 0.408324 0.614726 0.411902 0.609360 0.416194 0.611506 0.412260 0.613654 0.405820 0.609718 0.407610 0.606142 0.406536 0.606856 0.401170 0.607572 0.396162 0.604352 0.396520 0.591474 0.388650 0.587898 0.389008
1 0.643702 0.433722 0.635832 0.431576 0.634400 0.424422 0.637620 0.424064 0.643702 0.427284 0.646920 0.425138 0.649424 0.426926 0.648352 0.430860 0.654076 0.437658 0.656936 0.441592 0.653360 0.443380 0.648710 0.440162
0 0.553558 0.460552 0.567150 0.470568 0.577524 0.473786 0.590044 0.475576 0.589686 0.479152 0.586110 0.481656 0.571800 0.483088 0.568582 0.487738 0.578240 0.489526 0.590760 0.487738 0.599344 0.488452 0.606856 0.490600 0.613296 0.498112 0.618304 0.508486 0.621524 0.513136 0.622954 0.504908 0.617588 0.496322 0.610076 0.484876 0.598272 0.482014 0.602206 0.478436 0.606856 0.475576 0.612222 0.473786 0.618662 0.473072 0.623670 0.474502 0.627604 0.476290 0.633328 0.480584 0.637262 0.483802 0.645132 0.485234 0.655148 0.484876 0.651572 0.482372 0.641912 0.480940 0.637978 0.477006 0.635832 0.471640 0.641556 0.470210 0.639766 0.468064 0.632612 0.465916 0.616872 0.464844 0.605068 0.466274 0.601134 0.468420 0.602564 0.459120 0.607214 0.447316 0.604710 0.448032 0.597198 0.463412 0.602564 0.445884 0.603994 0.435154 0.604352 0.429430 0.601490 0.431218 0.597914 0.445170 0.594694 0.455900 0.588614 0.459836 0.582532 0.462340 0.572874 0.464486 0.566078 0.461624 0.559996 0.460194
1 0.670530 0.510274 0.658368 0.504192 0.649782 0.493460 0.651928 0.490600 0.668026 0.502762 0.665522 0.485948 0.667310 0.470210 0.670888 0.472356 0.673750 0.496322 0.680188 0.481298 0.684124 0.483802 0.690562 0.485234 0.700578 0.489168 0.712382 0.497038 0.720252 0.504192 0.723830 0.511346 0.721684 0.519574 0.716318 0.526014 0.707016 0.532452 0.694140 0.534240 0.680546 0.534240 0.671246 0.533882 0.669100 0.525298 0.670530 0.514924
0 0.591474 0.566434 0.579670 0.566078 0.578598 0.559280 0.591118 0.558566 0.591118 0.552842 0.581816 0.542110 0.575378 0.521362 0.576450 0.518144 0.583962 0.526728 0.587898 0.531022 0.589686 0.537818 0.592190 0.544972 0.595410 0.541038 0.599344 0.533526 0.602564 0.535314 0.597914 0.546760 0.598272 0.555346 0.604710 0.551768 0.603280 0.538890 0.600418 0.527802 0.598986 0.516712 0.602564 0.516712 0.609002 0.516712 0.608646 0.534956 0.609718 0.547118 0.621166 0.537102 0.631896 0.521720 0.638336 0.515998 0.639408 0.520648 0.630108 0.533526 0.622238 0.544256 0.612222 0.556418 0.614368 0.572516 0.610792 0.586824 0.609002 0.586110 0.607930 0.558922 0.602564 0.561070 0.596126 0.572516 0.595052 0.580386 0.590760 0.591474 0.584320 0.599702 0.584320 0.592190 0.584320 0.580028 0.589686 0.570012
1 0.614822 0.555676 0.627496 0.540402 0.639520 0.536826 0.651544 0.534552 0.655444 0.539102 0.652520 0.545926 0.655770 0.548200 0.653820 0.552426 0.649270 0.557300 0.647970 0.562500 0.646020 0.567050 0.638546 0.566400 0.631720 0.564450 0.627820 0.564450 0.624572 0.571600 0.618722 0.571600 0.615146 0.562824
1 0.693466 0.568350 0.686968 0.571274 0.681442 0.572574 0.673318 0.572250 0.672018 0.579398 0.672992 0.586548 0.676568 0.592074 0.684368 0.597272 0.691192 0.597922 0.698342 0.597922 0.706140 0.596948 0.703540 0.591748 0.699966 0.583948 0.701916 0.577774 0.703216 0.572574 0.698992 0.574200
0 0.556326 0.616772 0.562824 0.620022 0.569974 0.624246 0.572900 0.631720 0.575500 0.638220 0.565750 0.645370 0.562824 0.651220 0.569974 0.650894 0.577774 0.649594 0.584598 0.656418 0.584924 0.666168 0.587198 0.672992 0.594998 0.675268 0.592724 0.663568 0.600198 0.661618 0.603772 0.664218 0.608972 0.667144 0.615796 0.670068 0.617096 0.667794 0.609946 0.663894 0.607348 0.661618 0.613522 0.657394 0.618722 0.651870 0.627820 0.646020 0.627820 0.641470 0.624246 0.642120 0.619046 0.645370 0.608322 0.646670 0.594022 0.648294 0.594672 0.654794 0.594348 0.658694 0.590774 0.655120 0.590448 0.638220 0.586874 0.628796 0.580048 0.620672 0.569650 0.617422 0.564774 0.615796
2 0.635296 0.679492 0.629446 0.678192 0.631070 0.683718 0.628470 0.686968 0.632046 0.689242 0.629770 0.695416 0.634320 0.697042 0.637570 0.694442 0.638870 0.699316 0.644720 0.696716 0.656094 0.698992 0.657068 0.696392 0.650244 0.693792 0.649920 0.688266 0.656418 0.686318 0.655444 0.681768 0.650244 0.681442 0.650244 0.671368 0.647970 0.669094 0.643420 0.676242 0.644070 0.662918 0.639520 0.665194 0.636920 0.673968
0 0.569022 0.734260 0.577720 0.731722 0.581706 0.732810 0.582430 0.737520 0.582430 0.743680 0.580980 0.746216 0.586778 0.746942 0.589678 0.738970 0.598374 0.728824 0.605258 0.724112 0.615042 0.723388 0.621564 0.723388 0.627724 0.725924 0.635696 0.729548 0.637872 0.727736 0.633886 0.721938 0.623376 0.719040 0.613956 0.716142 0.607070 0.718678 0.596562 0.721214 0.591488 0.724838 0.594026 0.712880 0.591852 0.704908 0.588952 0.702734 0.583516 0.713242 0.584966 0.721576 0.583516 0.725924 0.576632 0.726650 0.571196 0.728824
1 0.642582 0.738970 0.653090 0.739694 0.653814 0.735346 0.671208 0.732810 0.684254 0.727374 0.679542 0.715054 0.671932 0.705994 0.665410 0.705994 0.662150 0.709618 0.660338 0.711792 0.649828 0.714330 0.639682 0.718678 0.637146 0.720852 0.644756 0.729186 0.643668 0.735346
0 0.577720 0.854200 0.580980 0.845504 0.578082 0.843692 0.577356 0.838618 0.584604 0.835720 0.585692 0.832096 0.583516 0.828472 0.584966 0.824124 0.590040 0.819052 0.594026 0.799846 0.595838 0.799846 0.597650 0.819414 0.607432 0.815428 0.621202 0.814704 0.632074 0.817964 0.638596 0.820138 0.638234 0.823038 0.629174 0.822676 0.615768 0.820138 0.607432 0.821226 0.599460 0.825212 0.595474 0.829198 0.594750 0.832458 0.594388 0.835720 0.598012 0.836808 0.603084 0.838982 0.608158 0.839344 0.616854 0.836808 0.616854 0.840430 0.613230 0.842604 0.630986 0.842604 0.636422 0.842968 0.632798 0.846228 0.619028 0.846954 0.608882 0.845866 0.596924 0.847678 0.588228 0.848766 0.585692 0.849852
0 0.578082 0.943704 0.570834 0.947690 0.562500 0.949140 0.560688 0.943342 0.568298 0.940804 0.576994 0.940080 0.582068 0.938630 0.584966 0.925224 0.589314 0.918700 0.594750 0.915440 0.601272 0.916526 0.610332 0.921962 0.616130 0.930658 0.618304 0.935732 0.620840 0.942616 0.620840 0.948776 0.618304 0.950226 0.614680 0.940442 0.610694 0.932108 0.605258 0.927036 0.600910 0.928122 0.595112 0.930658 0.591126 0.933920 0.587140 0.939356 0.585328 0.945154 0.583154 0.953488 0.585692 0.956024 0.591852 0.950950 0.599098 0.950950 0.602360 0.951314 0.601998 0.956024 0.594026 0.956024 0.589678 0.957110 0.587502 0.960010 0.580980 0.961460 0.575544 0.958922 0.575908 0.953126
0 0.945878 0.985376 0.954574 0.979214 0.954212 0.975230 0.945516 0.969794 0.935732 0.965808 0.933196 0.957836 0.935370 0.956748 0.941530 0.962908 0.948052 0.964720 0.954574 0.967620 0.959286 0.971244 0.959648 0.977404 0.959648 0.983564 0.959286 0.990448 0.954574 0.994072 0.962908 0.994434 0.966170 0.991536 0.965808 0.983200 0.967982 0.980302 0.971606 0.988274 0.970518 0.993348 0.986824 0.995884 0.981390 0.997696 0.958984 0.998046 0.941406 0.998046 0.942978 0.993710
0 0.953126 0.892414 0.953524 0.907192 0.951528 0.912384 0.944738 0.916778 0.939544 0.924368 0.933154 0.924368 0.931956 0.927164 0.935550 0.932356 0.941942 0.938346 0.949930 0.943540 0.968302 0.946734 0.984394 0.945724 0.983906 0.941318 0.959430 0.940340 0.947682 0.938870 0.948660 0.936912 0.957472 0.936424 0.965794 0.930060 0.972646 0.921248 0.978520 0.912926 0.975584 0.908522 0.970198 0.913906 0.963346 0.918312 0.959430 0.923206 0.959430 0.928102 0.949640 0.932996 0.954534 0.920270 0.959920 0.907052
0 0.968486 0.797036 0.956738 0.797404 0.946458 0.804746 0.938014 0.813558 0.935076 0.824204 0.937646 0.828610 0.942420 0.831914 0.949394 0.826774 0.954534 0.822736 0.962612 0.818330 0.968486 0.813190 0.974360 0.810254 0.982804 0.806950 0.981336 0.797770 0.982436 0.793732 0.989044 0.802544 0.989044 0.808784 0.984272 0.816128 0.978032 0.819798 0.971790 0.827508 0.961878 0.831914 0.959674 0.838522 0.965182 0.836686 0.975094 0.832648 0.981702 0.828610 0.987210 0.829344 0.986842 0.834484 0.965548 0.845498 0.956738 0.845498 0.947926 0.844030 0.938014 0.839624 0.932508 0.831546 0.929202 0.826406 0.929202 0.816128 0.933608 0.807684 0.941686 0.801442 0.950496 0.795568 0.961878 0.794100
0 0.942052 0.746740 0.938748 0.744538 0.936178 0.743802 0.935812 0.736094 0.937280 0.733524 0.947192 0.730954 0.953800 0.730954 0.958940 0.729484 0.964814 0.719940 0.964814 0.711862 0.967384 0.711496 0.969588 0.721040 0.970322 0.726914 0.966282 0.730220 0.960408 0.734624 0.957104 0.736460 0.952332 0.738664 0.946458 0.739030 0.942052 0.737928 0.944990 0.742334 0.951964 0.741232 0.958940 0.739030 0.961878 0.741600 0.963712 0.746372 0.975462 0.759956 0.984272 0.769134 0.992716 0.770236 0.997856 0.767666 0.998046 0.769532 0.997122 0.772806 0.988678 0.773908 0.968486 0.760690 0.967384 0.756652 0.961878 0.751880 0.960408 0.748942 0.947560 0.747474 0.944622 0.750412 0.943520 0.760690 0.942786 0.776110 0.942420 0.790062 0.943154 0.796670 0.940584 0.798872 0.936178 0.787124 0.932508 0.774642 0.935444 0.769502 0.936912 0.756652
0 0.986474 0.652020 0.962612 0.657528 0.951964 0.657160 0.943888 0.649818 0.936546 0.644678 0.928836 0.640272 0.926632 0.632562 0.929938 0.631094 0.950864 0.631094 0.959674 0.622284 0.970688 0.619346 0.991982 0.621182 0.997488 0.621548 0.998046 0.625000 0.982436 0.626322 0.967018 0.625954 0.959308 0.632562 0.968118 0.633664 0.971422 0.634032 0.971790 0.636968 0.964080 0.638436 0.958940 0.637336 0.954902 0.636968 0.953434 0.638804 0.955270 0.642476 0.944622 0.642108 0.951230 0.649818 0.962612 0.653490 0.976196 0.650186 0.984640 0.648716
0 0.940216 0.548490 0.943154 0.559872 0.943520 0.569416 0.945356 0.574190 0.951598 0.574924 0.957838 0.569784 0.957104 0.558770 0.957472 0.550326 0.960776 0.542616 0.962612 0.536742 0.973992 0.524260 0.977664 0.514348 0.973992 0.515448 0.964080 0.529032 0.956738 0.533070 0.951598 0.538946 0.950130 0.545186 0.949394 0.548124 0.946458 0.548124
0 0.962612 0.425870 0.968118 0.438352 0.970322 0.448632 0.967384 0.452302 0.947926 0.454138 0.942786 0.453772 0.939482 0.455606 0.937646 0.464786 0.932508 0.463316 0.923696 0.464786 0.922228 0.469924 0.933976 0.473228 0.945356 0.478002 0.953434 0.501130 0.958206 0.519120 0.963712 0.516550 0.961878 0.499296 0.952332 0.482040 0.956004 0.480204 0.972156 0.472494 0.976196 0.455974 0.976562 0.445694 0.972156 0.432478
2 0.948660 0.385118 0.949394 0.368598 0.953800 0.365660 0.957838 0.373738 0.956004 0.378510 0.960042 0.373370 0.963712 0.374838 0.963346 0.380346 0.958206 0.384384 0.957838 0.390624 0.962978 0.396132 0.962612 0.399804 0.954902 0.392094 0.949394 0.392094 0.947560 0.400904 0.946090 0.411184 0.940952 0.409348 0.940584 0.394664 0.944256 0.390992 0.936546 0.387320 0.932140 0.380712 0.936178 0.379244
0 0.984272 0.250014 0.982436 0.254788 0.973992 0.261396 0.969220 0.265802 0.960042 0.269840 0.955270 0.275346 0.959674 0.285260 0.967752 0.290766 0.973258 0.292602 0.982436 0.289298 0.986474 0.281588 0.986842 0.271676 0.986108 0.258458 0.989780 0.254420 0.991248 0.250382
0 0.927734 0.169614 0.932508 0.161170 0.937646 0.158600 0.945724 0.159702 0.956370 0.162270 0.956738 0.171450 0.959308 0.176956 0.960042 0.188704 0.962978 0.195312 0.971422 0.200086 0.983170 0.201554 0.989780 0.200086 0.989780 0.196414 0.980968 0.196046 0.987576 0.185768 0.998046 0.175782 0.998046 0.171876 0.986842 0.179158 0.980968 0.187970 0.974360 0.189072 0.968118 0.187236 0.967384 0.175488 0.974360 0.167778 0.987576 0.145016 0.984272 0.143914 0.971422 0.160802 0.963712 0.168512 0.960408 0.160068 0.954168 0.153826 0.946458 0.153460 0.939850 0.153826 0.932508 0.155296 0.929570 0.159334
1 0.965182 0.059108 0.958574 0.064248 0.954534 0.064982 0.959674 0.057272 0.956004 0.049562 0.957838 0.045524 0.963712 0.046626 0.968486 0.057272
0 0.952700 0.098024 0.966650 0.099860 0.968118 0.106834 0.962978 0.109038 0.962612 0.114912 0.967018 0.122622 0.976562 0.124456 0.983906 0.120786 0.986108 0.110872 0.994552 0.109038 0.996020 0.113442 0.994918 0.125558 0.998046 0.126954 0.998046 0.125000 0.998046 0.103516 0.987166 0.105068 0.987166 0.098260 0.983008 0.095118 0.980664 0.094922 0.979296 0.097070 0.981640 0.100196 0.980664 0.104296 0.978320 0.105468 0.975782 0.106836 0.976562 0.102148 0.975976 0.095312 0.974024 0.091602 0.971484 0.092578 0.969726 0.095704 0.966992 0.096680 0.958398 0.095118 0.955664 0.095704 0.953906 0.096484
0 0.969610 0.000994 0.965970 0.006952 0.961004 0.010262 0.960010 0.015890 0.962328 0.023172 0.966300 0.025158 0.969280 0.032110 0.975238 0.038732 0.980866 0.043698 0.987818 0.044028 0.991790 0.043366 0.997748 0.046676 0.998046 0.044922 0.998046 0.039062 0.995100 0.038732 0.994770 0.030786 0.994438 0.019532 0.996094 0.009932 0.996424 0.002318 0.993776 0.004304 0.991790 0.009600 0.990136 0.015558 0.990136 0.021848 0.989142 0.032442 0.986162 0.032110 0.978880 0.029794 0.975238 0.027476 0.974908 0.022510 0.981528 0.019532 0.985170 0.014896 0.985832 0.011918 0.982190 0.012580 0.976894 0.014896 0.975900 0.009600 0.984176 0.007614 0.989804 0.004966 0.995100 0.001656 0.983184 0.000332 0.979542 0.001324 0.976562 0.000994
0 0.397906 0.093016 0.408450 0.101728 0.418538 0.105396 0.421288 0.108604 0.422206 0.112732 0.419912 0.116858 0.416244 0.122360 0.417620 0.126026 0.420372 0.126026 0.420372 0.131070 0.427248 0.128320 0.431374 0.125568 0.435502 0.126944 0.440544 0.122818 0.438252 0.119150 0.434126 0.116398 0.430916 0.109522 0.427248 0.103102 0.423122 0.102186 0.418078 0.099894 0.411660 0.097142 0.405242 0.089808 0.402948 0.089348
0 0.403866 0.147576 0.404782 0.162246 0.405700 0.170500 0.406616 0.176918 0.406616 0.183338 0.405700 0.188380 0.402948 0.192966 0.400198 0.198008 0.403866 0.202134 0.409826 0.205344 0.413952 0.208554 0.421746 0.214056 0.436876 0.216348 0.448338 0.213138 0.457050 0.208554 0.457508 0.196632 0.456132 0.185630 0.453382 0.188380 0.453840 0.201676 0.451548 0.204428 0.447422 0.206720 0.441920 0.205344 0.430916 0.204428 0.436418 0.195716 0.442378 0.188380 0.447880 0.179210 0.444670 0.176002 0.441462 0.182878 0.435502 0.187922 0.430000 0.195258 0.426332 0.195716 0.420372 0.191132 0.417620 0.190214 0.418078 0.192966 0.418996 0.198008 0.415786 0.202594 0.409368 0.195716 0.412118 0.186088 0.412578 0.175542 0.409368 0.163622 0.408910 0.156746
0 0.406616 0.251192 0.406158 0.261278 0.407076 0.268156 0.407534 0.275492 0.405242 0.282368 0.401116 0.287412 0.398364 0.293830 0.399282 0.302542 0.400656 0.308044 0.402032 0.317672 0.401574 0.323632 0.394696 0.330968 0.393780 0.340596 0.395154 0.346556 0.397906 0.341972 0.397906 0.333718 0.401116 0.327758 0.403408 0.333260 0.402948 0.338762 0.401116 0.343806 0.397906 0.347932 0.405242 0.347014 0.408910 0.339678 0.406158 0.325466 0.408910 0.325466 0.412118 0.344264 0.416244 0.344722 0.414410 0.318588 0.418078 0.314004 0.411660 0.303918 0.414410 0.298874 0.421288 0.295206 0.421288 0.291538 0.415786 0.286036 0.415328 0.272740 0.412578 0.259444
0 0.378650 0.365812 0.384610 0.378192 0.389654 0.381400 0.391028 0.390112 0.392862 0.399740 0.396988 0.404782 0.401116 0.413036 0.409368 0.412118 0.419912 0.412118 0.428166 0.409368 0.438252 0.402032 0.435042 0.401116 0.428166 0.404324 0.421746 0.407076 0.413036 0.406158 0.406158 0.405700 0.400656 0.402032 0.399740 0.388736 0.404324 0.383234 0.407076 0.366730 0.415786 0.367188 0.424956 0.371314 0.437794 0.376816 0.452464 0.381400 0.454298 0.376816 0.424498 0.363520 0.407076 0.361686 0.404782 0.350224 0.401116 0.348390 0.399282 0.366270 0.393780 0.377274 0.390112 0.370856 0.385526 0.365812
1 0.499688 0.367646 0.492352 0.361686 0.493728 0.358018 0.498312 0.357100 0.501522 0.349766 0.503356 0.350224 0.503356 0.359394 0.510692 0.363520 0.512526 0.364896 0.506106 0.367646
0 0.413608 0.415672 0.412578 0.432178 0.410858 0.442148 0.407076 0.448682 0.403980 0.454184 0.407420 0.456592 0.414296 0.453152 0.423580 0.453152 0.430114 0.454184 0.438022 0.457622 0.443524 0.461062 0.450402 0.463812 0.451778 0.458654 0.443868 0.451434 0.437678 0.450058 0.428394 0.447650 0.420486 0.448338 0.418078 0.447306 0.420486 0.444556 0.429426 0.441118 0.436992 0.433896 0.446964 0.430458 0.458310 0.429082 0.465188 0.429082 0.465532 0.425988 0.451434 0.425644 0.431490 0.428394 0.420830 0.434928 0.419798 0.431146 0.419454 0.420830 0.417048 0.416360
0 0.407076 0.560092 0.406388 0.550808 0.396072 0.538086 0.393664 0.539806 0.396072 0.545994 0.399854 0.550122 0.400542 0.560436 0.396760 0.561812 0.391258 0.561124 0.386444 0.562156 0.383348 0.564564 0.385412 0.568002 0.391258 0.569378 0.394696 0.569722 0.390570 0.572472 0.386444 0.576254 0.386444 0.581068 0.395040 0.579350 0.398134 0.573848 0.402262 0.569034 0.410858 0.569034 0.416360 0.570752 0.426676 0.574878 0.433896 0.578318 0.442836 0.581068 0.452808 0.581068 0.451090 0.578662 0.442492 0.575566 0.440430 0.569378 0.432864 0.564564 0.425300 0.562844 0.418766 0.561468
0 0.390914 0.604450 0.388506 0.615454 0.387132 0.624050 0.386444 0.634022 0.387132 0.639180 0.388506 0.645370 0.391946 0.649152 0.392634 0.654998 0.397448 0.653280 0.407762 0.656718 0.417734 0.657062 0.425988 0.656374 0.436648 0.657062 0.440774 0.654998 0.431490 0.648808 0.417734 0.646746 0.427706 0.639524 0.431834 0.631960 0.431834 0.625426 0.429770 0.626458 0.424612 0.633336 0.417392 0.638836 0.408106 0.643308 0.404324 0.645370 0.398478 0.643650 0.392290 0.638494 0.391258 0.627490 0.392634 0.616142
0 0.377160 0.781194 0.380942 0.778788 0.381286 0.769160 0.383692 0.761938 0.388506 0.756094 0.393664 0.754374 0.397792 0.754718 0.403292 0.756094 0.404668 0.752998 0.400542 0.748528 0.402262 0.746466 0.420486 0.745778 0.422548 0.741994 0.406732 0.741994 0.408106 0.738900 0.413264 0.736494 0.422892 0.725146 0.423236 0.718956 0.418422 0.721364 0.414640 0.724114 0.410170 0.726522 0.407762 0.728240 0.403636 0.732366 0.400198 0.733398 0.395384 0.731336 0.392634 0.732366 0.385756 0.739244 0.379566 0.745090 0.375440 0.749560 0.375784 0.755750 0.379910 0.756094 0.381286 0.748528 0.388506 0.742338 0.393320 0.736838 0.395040 0.738212 0.395040 0.743370 0.392978 0.748184 0.388850 0.750592 0.380598 0.756780 0.377848 0.765034 0.377504 0.771224 0.377504 0.773630
0 0.381630 0.831398 0.373034 0.822114 0.373034 0.817300 0.375096 0.815238 0.384036 0.823146 0.389882 0.827616 0.392634 0.827272 0.392290 0.819708 0.400886 0.809392 0.410514 0.802858 0.413952 0.803546 0.407762 0.810080 0.401230 0.814206 0.397792 0.825210 0.402262 0.827960 0.407420 0.830710 0.407076 0.833462 0.399854 0.848592 0.390226 0.854438 0.380598 0.857532 0.373720 0.858220 0.379566 0.853750 0.389538 0.847216 0.396072 0.842746 0.399854 0.838964 0.400542 0.830710 0.395384 0.834150 0.390914 0.837244 0.386444 0.834838 0.383692 0.835524 0.379566 0.846184 0.370970 0.856500 0.364780 0.858564 0.365468 0.854438 0.361686 0.854438 0.362374 0.847560 0.365812 0.842058 0.372002 0.837244 0.372002 0.842058 0.369594 0.847904 0.374752 0.842402
0 0.364780 0.898452 0.371314 0.906016 0.376816 0.913924 0.379566 0.923210 0.381974 0.929398 0.383348 0.935932 0.387820 0.937996 0.395040 0.934212 0.397104 0.926648 0.394352 0.922178 0.400542 0.908424 0.402606 0.892262 0.403980 0.883666 0.401574 0.884696 0.393664 0.904640 0.390226 0.913924 0.387476 0.917364 0.389538 0.908768 0.387476 0.904296 0.391946 0.891230 0.394352 0.878508 0.392978 0.874724 0.390570 0.882978 0.385756 0.894668 0.383692 0.901202 0.384036 0.907392 0.380942 0.909110 0.375440 0.900170 0.369938 0.897076
0 0.362374 0.965504 0.374064 0.972382 0.379222 0.979602 0.373376 0.984072 0.368906 0.986824 0.361686 0.987168 0.360998 0.991638 0.371658 0.993700 0.367188 0.998046 0.373046 0.998046 0.384766 0.998046 0.397104 0.994044 0.401918 0.986480 0.405356 0.982354 0.394008 0.987168 0.386100 0.992326 0.384380 0.988198 0.384036 0.979602 0.390570 0.979946 0.392978 0.981666 0.396416 0.981322 0.390570 0.973068 0.384724 0.973068 0.379566 0.969286 0.374064 0.964816 0.368906 0.963096
0 0.130336 0.006152 0.144178 0.011534 0.150714 0.014994 0.153790 0.018840 0.154942 0.024606 0.163016 0.026528 0.169552 0.023068 0.176088 0.016916 0.179164 0.011150 0.188392 0.007690 0.196082 0.003076 0.187624 0.002692 0.180318 0.004230 0.164940 0.005768 0.160326 0.006536 0.156480 0.001154 0.141102 0.000768 0.135720 0.001922
0 0.167246 0.062284 0.158018 0.067282 0.154174 0.074204 0.154174 0.081892 0.156480 0.085738 0.154942 0.091890 0.154174 0.098810 0.154942 0.104576 0.156866 0.109574 0.162248 0.107268 0.167630 0.104192 0.173782 0.101500 0.177626 0.095734 0.178396 0.089966 0.178012 0.079202 0.179164 0.071512 0.181856 0.063822 0.179164 0.063822 0.176088 0.073050 0.174550 0.082662 0.172628 0.091504 0.170706 0.096502 0.168400 0.098040 0.164554 0.098040 0.168014 0.094196 0.169168 0.089198 0.168784 0.080354 0.171476 0.074588 0.174550 0.068436 0.174166 0.063822 0.170706 0.065744 0.169552 0.068820 0.165708 0.078432 0.162248 0.082662 0.159940 0.082278 0.161864 0.074588
0 0.132258 0.178012 0.140718 0.189160 0.142640 0.192622 0.141102 0.200310 0.138026 0.206846 0.138410 0.209922 0.141102 0.211844 0.143408 0.214920 0.142640 0.217612 0.144178 0.221456 0.148022 0.221842 0.150330 0.223380 0.155328 0.229530 0.160326 0.233760 0.165708 0.238758 0.169552 0.237604 0.170706 0.233376 0.162248 0.227992 0.156480 0.222226 0.169938 0.224532 0.178396 0.222226 0.187624 0.218380 0.199542 0.212614 0.201080 0.208000 0.195312 0.209922 0.186470 0.213768 0.172628 0.219150 0.163402 0.218380 0.156096 0.217996 0.156096 0.213768 0.162248 0.210306 0.164554 0.204924 0.160326 0.205308 0.154558 0.208384 0.151482 0.211076 0.149176 0.205308 0.154942 0.201464 0.163786 0.196082 0.162248 0.193390 0.156480 0.195312 0.152252 0.198388 0.147254 0.203770 0.143794 0.207616 0.146484 0.200310 0.147254 0.192236 0.143024 0.185700
0 0.112908 0.336184 0.119264 0.341268 0.128160 0.346776 0.128584 0.351436 0.133244 0.355672 0.141294 0.359486 0.148074 0.358214 0.148920 0.353978 0.142566 0.350588 0.139600 0.345928 0.144260 0.342538 0.157818 0.336606 0.156970 0.331522 0.141718 0.335760 0.135786 0.339572 0.132398 0.343386 0.128160 0.341268 0.133668 0.334912 0.131974 0.325592 0.129008 0.324320 0.123076 0.329404 0.123924 0.334488 0.120534 0.334912
0 0.193132 0.420430 0.181500 0.422370 0.171322 0.426246 0.159690 0.426732 0.152906 0.422854 0.147090 0.425278 0.147574 0.430608 0.157752 0.436424 0.165992 0.440786 0.173262 0.445148 0.177138 0.452418 0.168900 0.448540 0.155330 0.446118 0.149514 0.444664 0.143698 0.443210 0.140306 0.436908 0.139820 0.428670 0.144666 0.418976 0.148060 0.416554 0.155814 0.417038 0.165022 0.416554 0.175684 0.416554 0.180046 0.418008 0.187800 0.420430
0 0.122858 0.520268 0.125282 0.528022 0.142728 0.534808 0.174716 0.537230 0.183924 0.539654 0.190708 0.541108 0.206218 0.528992 0.195554 0.533354 0.189254 0.536262 0.171322 0.529476 0.160176 0.528506 0.160176 0.523176 0.155814 0.519784 0.150482 0.527538 0.146120 0.525600 0.139820 0.522206 0.147574 0.515906 0.154844 0.511060 0.147090 0.511544 0.141274 0.515422 0.143214 0.510574 0.137398 0.501852 0.135458 0.504274 0.136912 0.511060 0.133520 0.518330
0 0.116072 0.617198 0.118496 0.621074 0.117526 0.624466 0.114134 0.628344 0.117042 0.632222 0.132550 0.624466 0.134004 0.627860 0.140790 0.624952 0.144666 0.625436 0.155330 0.616712 0.161144 0.623012 0.163084 0.630282 0.163568 0.638522 0.160176 0.639490 0.158722 0.651122 0.153390 0.651608 0.149514 0.650638 0.155330 0.658876 0.162114 0.660330 0.170838 0.658392 0.176168 0.660816 0.183438 0.662270 0.186832 0.656938 0.176168 0.653546 0.174230 0.645306 0.173262 0.641914 0.170838 0.622044 0.165992 0.613804 0.160176 0.612350 0.154844 0.606050 0.149514 0.606534 0.146606 0.607988 0.144182 0.607020 0.123828 0.615258
0 0.180530 0.769376 0.171322 0.773254 0.164538 0.774708 0.158722 0.777130 0.153390 0.781976 0.152422 0.788762 0.152906 0.795062 0.148060 0.797970 0.138852 0.798454 0.132550 0.796032 0.129642 0.790700 0.124796 0.788278 0.123342 0.784400 0.128188 0.783430 0.132550 0.781976 0.137398 0.781008 0.143214 0.782462 0.141274 0.780038 0.111710 0.767922 0.114618 0.764046 0.144182 0.775676 0.145636 0.780524 0.151936 0.775192 0.165022 0.768406
1 0.211548 0.813964 0.204278 0.816386 0.197008 0.821718 0.192646 0.828504 0.188770 0.840134 0.186832 0.846920 0.189740 0.854190 0.195554 0.856612 0.206702 0.857582 0.211548 0.857098 0.221726 0.853704 0.230450 0.846920 0.231904 0.841588 0.229480 0.830442 0.227056 0.827534 0.220756 0.817840
0 0.131582 0.841588 0.130128 0.848858 0.127220 0.874060 0.123828 0.885206 0.120434 0.887146 0.123342 0.909438 0.131096 0.909924 0.133520 0.883268 0.153390 0.867760 0.149514 0.866790 0.136912 0.874544 0.137398 0.856128 0.142244 0.852250 0.137882 0.851282
0 0.127704 0.942394 0.134004 0.954026 0.132550 0.970020 0.126736 0.967112 0.128188 0.973412 0.129642 0.979712 0.118980 0.986498 0.113650 0.995706 0.121888 0.992798 0.134974 0.983590 0.136428 0.981166 0.154844 0.980682 0.159690 0.973412 0.161630 0.962750 0.166476 0.940940 0.170838 0.927856 0.164538 0.931732 0.159690 0.948696 0.156298 0.967112 0.152906 0.974382 0.149028 0.975350 0.136912 0.975350 0.140790 0.961780 0.140790 0.949180 0.136428 0.941910 0.132066 0.938518
1 0.004730 0.721122 0.007324 0.722234 0.005100 0.726310 0.002134 0.732240 0.003246 0.735576
1 0.001144 0.042902 0.006196 0.042564 0.010910 0.043912 0.015624 0.044586 0.015288 0.039870 0.010910 0.038524 0.000808 0.037850
1 0.085660 0.457362 0.086336 0.468514 0.097826 0.462432 0.102218 0.463444 0.108638 0.464458 0.116072 0.461756 0.120804 0.454998 0.116410 0.454322 0.113370 0.456010 0.109314 0.454998 0.108638 0.450942 0.114044 0.448914 0.121478 0.446550 0.121816 0.442832 0.110666 0.444860 0.116410 0.438102 0.121816 0.433032 0.118776 0.432020 0.110328 0.437426 0.108300 0.443508 0.104922 0.448238 0.103908 0.453984 0.098838 0.456348 0.092756 0.459390
1 0.157336 0.272352 0.181930 0.247034 0.178314 0.246310 0.164568 0.257162 0.154442 0.261502 0.150102 0.268012 0.140698 0.278140 0.141420 0.282480 0.150102 0.276692 0.158782 0.282480 0.160952 0.294054 0.163846 0.291884 0.163846 0.283204 0.176142 0.286096 0.176866 0.281756 0.164568 0.278862
1 0.513238 0.511068 0.529876 0.508174 0.521918 0.515408 0.513962 0.519748 0.513962 0.529876 0.506728 0.526258 0.504558 0.515408 0.498770 0.513238 0.501664 0.508174
1 0.569662 0.030020 0.587022 0.022786 0.579066 0.019170 0.566768 0.020616 0.570384 0.011936 0.563152 0.011936 0.556640 0.019892 0.545790 0.023510 0.556640 0.027126 0.562428 0.035084
1 0.621692 0.029350 0.606216 0.036288 0.611552 0.041624 0.620624 0.036822 0.624360 0.037354 0.619556 0.041090 0.620624 0.045894 0.628628 0.046426 0.632364 0.049628 0.618490 0.051764 0.611552 0.045894 0.605148 0.043758 0.601414 0.039490 0.601414 0.030952 0.609952 0.026682