0 0.943562 0.997104 0.941204 0.990370 0.942888 0.988686 0.946256 0.991380 0.945918 0.985992 0.939520 0.977236 0.935480 0.972858 0.937164 0.960398 0.942552 0.958378 0.946928 0.957368 0.947266 0.951980 0.959726 0.939858 0.962756 0.939858 0.952990 0.955684 0.963092 0.954674 0.969828 0.952316 0.975216 0.950970 0.980604 0.949286 0.974878 0.956694 0.967808 0.960062 0.959388 0.963092 0.954674 0.965114 0.952654 0.967808 0.953328 0.981276 0.955684 0.992052 0.958378 0.999124 0.950970 0.998114
0 0.982288 0.772832 0.979594 0.777210 0.975890 0.783270 0.961408 0.792026 0.956694 0.794384 0.958714 0.798424 0.964776 0.799772 0.972522 0.800108 0.977236 0.800108 0.983298 0.803476 0.988686 0.808526 0.989696 0.812230 0.981614 0.808864 0.975552 0.805496 0.969828 0.804486 0.962756 0.804148 0.955348 0.801792 0.948276 0.808864 0.937836 0.814588 0.933460 0.811220 0.936490 0.808864 0.941878 0.805832 0.940530 0.802802 0.939858 0.798088 0.922684 0.799434 0.908204 0.795730 0.903488 0.792026 0.907866 0.790678 0.925378 0.789332 0.934470 0.784954 0.943562 0.781924 0.949622 0.782596 0.954000 0.778220 0.962082 0.773504 0.966796 0.773168 0.968144 0.777546 0.974542 0.769800 0.979256 0.768790 0.994746 0.766770
0 0.925978 0.839328 0.944948 0.861334 0.952288 0.865164 0.952288 0.868994 0.944310 0.873780 0.943672 0.880482 0.943672 0.887504 0.950374 0.893248 0.956756 0.892290 0.958990 0.889418 0.952608 0.888142 0.950054 0.885270 0.952608 0.882398 0.957714 0.880802 0.965054 0.880164 0.968564 0.877930 0.967926 0.873780 0.965374 0.870270 0.964736 0.865802 0.942396 0.848888 0.933460 0.841868
0 0.959110 0.722474 0.958240 0.708554 0.958676 0.695504 0.961286 0.687674 0.969550 0.687240 0.969986 0.683760 0.964766 0.683760 0.962590 0.678540 0.955630 0.678540 0.955196 0.674190 0.950410 0.664620 0.952586 0.658964 0.954326 0.649830 0.960416 0.647654 0.968680 0.646784 0.976076 0.645480 0.981730 0.638084 0.982600 0.630690 0.978250 0.630690 0.976076 0.636344 0.970420 0.637214 0.966506 0.639390 0.952586 0.645480 0.946496 0.650700 0.946060 0.675060 0.947800 0.688108 0.945626 0.692894 0.949976 0.695504 0.949106 0.698984 0.939970 0.707248 0.941710 0.709858 0.949106 0.705508 0.950846 0.707684 0.948236 0.712468 0.949976 0.716384 0.951716 0.719428
0 0.971290 0.548476 0.969550 0.567180 0.966940 0.573706 0.949106 0.581536 0.938230 0.573706 0.931706 0.571966 0.920396 0.569790 0.913002 0.568920 0.912566 0.573706 0.926486 0.578490 0.935620 0.588060 0.939100 0.595020 0.950846 0.597196 0.953456 0.601546 0.960850 0.604156 0.974770 0.596326 0.980426 0.585016 0.979556 0.571530 0.977380 0.561090
0 0.916482 0.536296 0.923440 0.535860 0.946496 0.531946 0.949106 0.535426 0.950410 0.543256 0.947366 0.544560 0.943016 0.547170 0.943016 0.554130 0.937796 0.557610 0.936056 0.561090 0.942146 0.561526 0.948236 0.562396 0.958676 0.560656 0.963460 0.555870 0.974770 0.546300 0.973466 0.543256 0.952150 0.558916 0.949540 0.555870 0.959980 0.548040 0.987386 0.530206 0.984776 0.527596 0.958240 0.544560 0.955630 0.545430 0.958676 0.534556 0.948236 0.524116 0.936056 0.528032
0 0.972596 0.391442 0.969986 0.399708 0.963896 0.416672 0.957806 0.430592 0.953890 0.435812 0.948236 0.437988 0.945626 0.442338 0.947800 0.446688 0.955196 0.447992 0.965200 0.447122 0.980426 0.437118 0.984340 0.425372 0.982600 0.394922 0.979990 0.410582 0.979120 0.426678 0.976510 0.434072 0.968246 0.437118 0.970420 0.433202 0.975206 0.428418 0.975640 0.421458 0.976510 0.413628 0.974770 0.406668
0 0.919526 0.314448 0.922136 0.321408 0.921702 0.338374 0.925616 0.351858 0.931706 0.356208 0.940840 0.357514 0.951716 0.357078 0.953020 0.360994 0.961286 0.360994 0.969550 0.359688 0.973466 0.355338 0.978686 0.356208 0.986080 0.359688 0.994780 0.357948 0.989126 0.356208 0.985646 0.353164 0.981730 0.350118 0.972596 0.350118 0.972160 0.345334 0.972596 0.337938 0.978686 0.334458 0.988256 0.331848 0.998260 0.332284 0.980860 0.327498 0.972160 0.328804 0.965636 0.304008 0.962156 0.305748 0.964766 0.328804 0.959546 0.332718 0.952150 0.336634 0.945626 0.335764 0.945190 0.339244 0.953020 0.340114 0.953456 0.346204 0.950846 0.349684 0.936490 0.350988 0.931270 0.350118 0.929096 0.340548 0.929530 0.331848 0.929096 0.326628 0.926486 0.320538
0 0.973900 0.222230 0.955630 0.235714 0.951280 0.241804 0.954760 0.248764 0.961286 0.250070 0.961286 0.256160 0.963026 0.260074 0.969986 0.256160 0.974336 0.257900 0.980426 0.255290 0.980860 0.252244 0.989560 0.243110 0.989560 0.231364 0.984776 0.218750 0.977380 0.211790 0.979120 0.224404 0.978686 0.237020 0.974770 0.243980 0.971726 0.237890 0.967810 0.236584 0.964330 0.238760 0.966070 0.241804 0.966070 0.244850 0.964330 0.247894 0.962156 0.245720 0.958240 0.244850 0.959546 0.239630 0.967376 0.233974 0.973030 0.227884
2 0.925180 0.265294 0.920396 0.264860 0.917786 0.258334 0.920832 0.254854 0.924746 0.254854 0.930836 0.255724 0.929530 0.253114 0.928226 0.250940 0.931270 0.245284 0.936490 0.245284 0.939536 0.247460 0.941276 0.249200 0.944320 0.247024 0.946930 0.248330 0.946496 0.253550 0.946060 0.257030 0.949106 0.260944 0.949106 0.265294 0.946060 0.266600 0.939100 0.267470 0.937360 0.274430 0.933880 0.273124 0.933880 0.268340 0.930836 0.267034
0 0.934316 0.200046 0.940406 0.190910 0.951280 0.176990 0.962590 0.170900 0.965636 0.175686 0.970856 0.188736 0.978686 0.188736 0.977380 0.183080 0.971290 0.174380 0.968680 0.170030 0.973900 0.170466 0.982166 0.168290 0.976076 0.157850 0.968680 0.146106 0.973030 0.133926 0.976946 0.122616 0.969550 0.128272 0.964766 0.132186 0.963896 0.141756 0.961720 0.148716 0.959546 0.144366 0.956066 0.143496 0.952150 0.144366 0.948670 0.141756 0.943016 0.145670 0.946496 0.151760 0.956500 0.160460 0.963026 0.165246 0.951716 0.169160 0.946060 0.173076 0.942146 0.176120 0.936490 0.185256 0.933880 0.190476
0 0.966940 0.027788 0.966940 0.033442 0.959980 0.039532 0.957806 0.052582 0.957806 0.059542 0.955196 0.063892 0.959110 0.065632 0.963026 0.072156 0.963026 0.081726 0.963026 0.092602 0.961286 0.103042 0.954760 0.108696 0.948236 0.114786 0.943886 0.118702 0.941710 0.126966 0.941276 0.137842 0.945626 0.140016 0.949976 0.134362 0.949976 0.120442 0.964330 0.105216 0.970856 0.090862 0.969986 0.079116 0.986080 0.075202 0.999566 0.069112 0.999566 0.062586 0.985646 0.068676 0.975206 0.073026 0.973466 0.063456 0.976946 0.052148 0.973900 0.044318
1 0.579524 0.210644 0.586246 0.207482 0.589804 0.202738 0.589408 0.199574 0.578338 0.203528 0.575176 0.202342 0.573198 0.200760 0.569640 0.201156 0.568850 0.201552 0.570826 0.205110 0.573594 0.209064 0.573990 0.212622
0 0.591782 0.183364 0.598502 0.190876 0.605224 0.194040 0.609968 0.195226 0.611944 0.197994 0.617084 0.193248 0.634480 0.189690 0.651482 0.187318 0.646342 0.181388 0.633294 0.178224 0.624202 0.177830 0.619852 0.185736 0.617876 0.172294 0.628946 0.175062 0.639620 0.176248 0.645552 0.175458 0.636854 0.171108 0.625388 0.167154 0.619456 0.165968 0.611550 0.165178 0.604432 0.167154 0.602060 0.169526 0.602456 0.176644 0.604432 0.179806 0.605224 0.173084 0.610758 0.169922 0.613132 0.177830 0.612340 0.188504 0.604432 0.185736 0.597316 0.179410
0 0.727788 0.139478 0.725020 0.148572 0.722648 0.157666 0.718300 0.162410 0.726998 0.177434 0.716718 0.179806 0.704066 0.180992 0.706834 0.184550 0.728578 0.182970 0.742022 0.204320 0.745184 0.203132 0.732928 0.180992 0.738858 0.176644 0.750720 0.163992 0.733324 0.175062 0.726206 0.162410 0.729764 0.146200
0 0.610364 0.238716 0.617084 0.273114 0.622224 0.281812 0.621830 0.291300 0.609178 0.291696 0.598106 0.288138 0.596526 0.292092 0.613526 0.297230 0.626574 0.296044 0.631714 0.294068 0.631318 0.286556 0.625388 0.281812 0.622620 0.275090 0.626968 0.273114 0.633294 0.271532 0.633294 0.266788 0.623410 0.269950 0.621434 0.259670 0.617480 0.246624
1 0.663342 0.435214 0.674414 0.425726 0.673228 0.418214 0.669668 0.413864 0.664530 0.414260 0.659784 0.411492 0.655830 0.413470 0.650296 0.412284 0.645946 0.419400 0.637644 0.417818 0.638040 0.423750 0.644760 0.428494 0.636458 0.428494 0.638830 0.432842
0 0.628946 0.370770 0.624596 0.373538 0.621434 0.374724 0.621038 0.367212 0.617480 0.366026 0.617084 0.376700 0.613526 0.381840 0.611550 0.387376 0.609572 0.392910 0.606410 0.393700 0.600874 0.392910 0.595340 0.395282 0.594154 0.398446 0.600480 0.400422 0.598106 0.408726 0.600084 0.412284 0.617480 0.410306 0.617876 0.406748 0.605224 0.408726 0.608782 0.400026 0.616690 0.388956 0.617480 0.403586 0.619062 0.420586 0.623410 0.426516 0.624992 0.416632 0.623806 0.410306 0.628550 0.408330 0.630922 0.404772 0.623806 0.405166 0.623016 0.394492 0.621830 0.389352 0.621830 0.385398 0.628156 0.384212 0.630528 0.381840
0 0.613132 0.434820 0.614318 0.442726 0.619062 0.454588 0.615504 0.455378 0.609968 0.456960 0.604432 0.457750 0.600874 0.460518 0.605618 0.462496 0.606014 0.466054 0.603246 0.467636 0.605618 0.471588 0.607992 0.477124 0.609968 0.482264 0.604828 0.484636 0.595340 0.488986 0.592176 0.491358 0.595734 0.493730 0.604038 0.490962 0.613922 0.485032 0.617876 0.483846 0.621038 0.479100 0.627364 0.471588 0.631714 0.468822 0.630528 0.456960 0.626574 0.457750 0.623806 0.449448 0.620248 0.445100 0.617480 0.438774
0 0.580316 0.571618 0.585456 0.557384 0.596130 0.545128 0.599294 0.548686 0.602060 0.556988 0.595340 0.555012 0.589804 0.554616 0.588618 0.558966 0.597712 0.561732 0.601666 0.564896 0.606014 0.571618 0.611550 0.573198 0.612736 0.569246 0.607596 0.563710 0.607200 0.559360 0.616294 0.560546 0.628156 0.564106 0.633294 0.562524 0.620644 0.554616 0.615898 0.554220 0.611154 0.555408 0.607200 0.555012 0.607200 0.544336 0.600874 0.538406 0.596130 0.539988 0.592176 0.541570 0.583874 0.552244 0.579524 0.561338
0 0.649504 0.709996 0.629736 0.709996 0.621830 0.717508 0.611154 0.725020 0.604432 0.729370 0.602060 0.734904 0.607992 0.739254 0.613526 0.749138 0.621038 0.752696 0.626178 0.748348 0.625388 0.742416 0.617876 0.742022 0.616294 0.734510 0.620644 0.728578 0.625782 0.726998 0.631714 0.726602 0.634480 0.723044 0.626178 0.722252 0.629342 0.717508 0.634480 0.715136 0.640412 0.715136 0.645946 0.715136
1 0.644366 0.718694 0.639226 0.722648 0.636062 0.726602 0.631318 0.728974 0.626968 0.729764 0.627364 0.733324 0.631318 0.735300 0.629736 0.738068 0.622620 0.732928 0.624596 0.738068 0.632504 0.743208 0.637644 0.747952 0.644760 0.750324 0.648714 0.749534 0.652668 0.745580 0.651878 0.734904 0.649900 0.727788
0 0.585456 0.771674 0.596920 0.774838 0.607596 0.781164 0.609968 0.785116 0.607992 0.794210 0.604828 0.800140 0.604432 0.806072 0.600480 0.798954 0.600480 0.787884 0.600480 0.779976 0.596526 0.780372 0.594154 0.785512 0.587828 0.787488 0.577152 0.798164 0.574780 0.802512 0.575966 0.812002 0.590990 0.813978 0.598898 0.814374 0.605618 0.814770 0.611154 0.816746 0.616294 0.818328 0.623410 0.816746 0.619456 0.812792 0.610758 0.810816 0.615898 0.800932 0.617084 0.793420 0.616294 0.785512 0.613526 0.780372 0.601666 0.770884 0.590200 0.769698
0 0.583874 0.869726 0.593362 0.875260 0.598502 0.880796 0.593758 0.886332 0.592968 0.889890 0.600480 0.888704 0.600874 0.896610 0.600084 0.898984 0.596526 0.897006 0.595340 0.901750 0.600480 0.904122 0.604038 0.906100 0.609178 0.910448 0.612340 0.907682 0.609572 0.904122 0.621434 0.892262 0.622620 0.882378 0.613132 0.877634 0.605224 0.880006 0.596526 0.871308 0.590990 0.867748
0 0.596920 0.978452 0.585456 0.972126 0.580316 0.964614 0.574384 0.957102 0.571222 0.959080 0.577152 0.967778 0.584270 0.977266 0.583478 0.981616 0.596526 0.986756 0.591782 0.994662 0.597316 0.993872 0.599688 0.985174
0 0.385486 0.052940 0.380346 0.080694 0.380346 0.089946 0.384458 0.095086 0.379832 0.099198 0.379832 0.104338 0.391138 0.103824 0.407072 0.100226 0.412212 0.093544 0.418894 0.095086 0.428146 0.088918 0.437398 0.093030 0.450246 0.103310 0.453844 0.102796 0.447676 0.091488 0.433800 0.083264 0.418894 0.085320 0.420436 0.081208 0.435856 0.075556 0.440482 0.073500 0.435342 0.071444 0.416838 0.076070 0.408100 0.084806 0.405016 0.083264 0.403474 0.092002 0.400390 0.096114 0.398334 0.093030 0.387028 0.089432 0.387028 0.076070 0.388056 0.059108
0 0.413364 0.239028 0.426882 0.230170 0.432008 0.229704 0.417558 0.243222 0.416626 0.251146 0.416626 0.257206 0.415228 0.262800 0.418956 0.277716 0.416626 0.280514 0.413364 0.270258 0.409634 0.269792 0.397048 0.284242 0.388192 0.292166 0.382598 0.292166 0.386328 0.281446 0.404972 0.259072 0.399380 0.256274 0.390988 0.253478 0.383996 0.250680 0.391454 0.248350 0.398912 0.249282 0.399846 0.242290 0.404506 0.239494
0 0.419424 0.312210 0.405438 0.327128 0.400778 0.338780 0.395184 0.337382 0.390988 0.336916 0.386328 0.339248 0.384462 0.331322 0.382132 0.320136 0.379802 0.315474 0.383996 0.303354 0.385394 0.295430 0.380734 0.293566 0.377936 0.281912 0.374674 0.280048 0.358358 0.294498 0.361156 0.295896 0.373742 0.287040 0.374674 0.294032 0.374674 0.301490 0.372344 0.308016 0.370478 0.315474 0.373742 0.324330 0.378402 0.329924 0.378402 0.341578 0.387260 0.349502 0.403108 0.353698 0.413830 0.352766 0.423618 0.349036 0.433874 0.342976 0.440400 0.337382 0.443662 0.327594 0.432008 0.332722 0.427348 0.337382 0.418956 0.341578 0.412898 0.342976 0.404506 0.342510 0.404972 0.334586 0.410100 0.327594 0.416626 0.321068
0 0.362554 0.382598 0.372344 0.402642 0.382132 0.402642 0.395184 0.398912 0.393320 0.403574 0.391454 0.413364 0.380734 0.418024 0.366284 0.428280 0.359758 0.440400 0.355096 0.457646 0.363952 0.445526 0.379336 0.429212 0.397514 0.429212 0.403574 0.420356 0.411498 0.419424 0.419424 0.419424 0.419424 0.415694 0.407304 0.414296 0.411964 0.396582 0.408236 0.388658 0.383530 0.394718 0.377470 0.395650 0.369546 0.385862
0 0.403574 0.548078 0.398446 0.533628 0.389590 0.527102 0.386794 0.520576 0.380734 0.519644 0.381666 0.517312 0.360224 0.487946 0.364884 0.487014 0.371410 0.490742 0.377004 0.488878 0.383064 0.485148 0.388658 0.491208 0.389590 0.500532 0.390988 0.497268 0.396116 0.491208 0.401244 0.492140 0.398446 0.499132 0.397980 0.506592 0.405438 0.492140 0.417558 0.483284 0.420356 0.485148 0.406372 0.501464 0.399380 0.510320 0.397980 0.515448 0.402176 0.521042 0.405438 0.524304 0.404040 0.530830 0.404972 0.535492 0.407770 0.539220 0.408236 0.542950
0 0.383530 0.545746 0.389124 0.545746 0.387260 0.549010 0.384928 0.556002 0.383996 0.563460 0.382598 0.569520 0.376072 0.563926 0.370012 0.563460 0.369080 0.567656 0.378402 0.572316 0.381666 0.581174 0.380734 0.590962 0.385394 0.592828 0.385862 0.609608 0.390988 0.614736 0.397514 0.612872 0.397514 0.583970 0.397048 0.560198 0.393320 0.559264 0.393320 0.544348 0.389124 0.539688
0 0.376538 0.664146 0.383996 0.684190 0.385862 0.699574 0.387726 0.705632 0.390056 0.716354 0.388658 0.724278 0.379336 0.728474 0.383530 0.735932 0.391454 0.736398 0.401244 0.718684 0.399846 0.702836 0.396582 0.683258
0 0.376538 0.729406 0.369546 0.737330 0.369080 0.749450 0.365818 0.755044 0.363486 0.764366 0.365350 0.771824 0.376072 0.776952 0.388192 0.776952 0.381200 0.769960 0.372344 0.767164 0.367216 0.766698 0.373742 0.756908 0.374208 0.736398 0.382132 0.738262 0.387726 0.747586 0.388658 0.755976 0.387726 0.760638 0.380734 0.759238 0.375606 0.757840 0.376538 0.763434 0.389590 0.769960 0.389590 0.775088 0.387260 0.777884 0.372810 0.779750 0.370478 0.784410 0.379802 0.782546 0.391454 0.781148 0.397048 0.771358 0.406372 0.764366 0.401710 0.759706 0.398912 0.752712 0.393320 0.741526 0.385862 0.735466
0 0.379424 0.871058 0.386576 0.863014 0.396856 0.859438 0.399984 0.859438 0.396408 0.862120 0.388810 0.866588 0.389258 0.871952 0.389258 0.879102 0.397750 0.876422 0.404006 0.876422 0.410524 0.879274 0.412368 0.882960 0.403892 0.889962 0.394310 0.890698 0.388782 0.892172 0.384728 0.890698 0.378832 0.889224 0.373674 0.893278 0.371094 0.895120 0.368514 0.892172 0.374778 0.888120 0.377358 0.883328 0.355248 0.870430 0.352668 0.868220 0.351932 0.864166 0.357458 0.860850 0.363354 0.863798 0.371094 0.867850
2 0.341982 0.851636 0.337190 0.849426 0.332768 0.850162 0.332768 0.856058 0.334980 0.861586 0.340876 0.867114 0.342718 0.873010 0.348982 0.868956 0.351194 0.863798 0.356722 0.861586 0.357090 0.857900 0.355248 0.855690 0.359302 0.852374 0.359670 0.845372 0.357458 0.839844 0.354142 0.844266 0.352300 0.846846 0.350826 0.847582 0.347878 0.847952
0 0.384360 0.963296 0.393574 0.955558 0.396522 0.957032 0.398732 0.959610 0.403522 0.958136 0.406102 0.953346 0.409788 0.949660 0.413472 0.949660 0.415316 0.953714 0.412368 0.957768 0.408682 0.961822 0.406102 0.962928 0.402418 0.964770 0.397996 0.965508 0.392836 0.965508 0.391730 0.965508 0.393204 0.968824 0.393942 0.970666 0.387308 0.972508 0.381044 0.972878 0.380306 0.969560 0.378096 0.966982 0.374778 0.964034 0.361512 0.962558 0.355248 0.961084 0.350456 0.959610 0.351932 0.955558 0.359670 0.955558 0.367040 0.957400 0.373674 0.957400 0.378096 0.958506
1 0.436454 0.896284 0.436454 0.893824 0.447834 0.885212 0.454908 0.876906 0.457370 0.872294 0.460446 0.873216 0.460752 0.879060 0.453372 0.885826 0.448758 0.893208 0.441376 0.898438 0.433378 0.902436 0.431532 0.897514 0.426612 0.895054 0.426612 0.889518 0.429996 0.889518
0 0.393070 0.137312 0.393070 0.150590 0.393420 0.160372 0.396216 0.162470 0.397264 0.182734 0.400758 0.181686 0.405998 0.178542 0.405998 0.169108 0.404950 0.160372 0.409492 0.138710 0.397962 0.126482 0.393770 0.125434 0.394118 0.132072 0.400408 0.137662 0.403902 0.141854 0.401106 0.152686 0.399010 0.155482 0.396914 0.149192 0.395866 0.140458
1 0.038842 0.988084 0.031284 0.981108 0.024890 0.980526 0.010940 0.983434 0.003384 0.988084
0 0.119136 0.995216 0.125662 0.991736 0.133492 0.985646 0.135666 0.976076 0.132622 0.971290 0.133926 0.960416 0.103912 0.983036 0.102606 0.978686 0.100866 0.967376 0.100432 0.957806 0.095646 0.955630 0.090862 0.958240 0.094342 0.961720 0.095646 0.971726 0.097822 0.981296 0.099126 0.986080 0.103476 0.992170 0.105652 0.998696 0.093906 0.996956 0.099562 0.993476 0.095646 0.989126 0.089556 0.990866 0.092602 0.996956
1 0.197870 0.834268 0.189606 0.828178 0.187866 0.819042 0.194826 0.809038 0.203960 0.808168 0.209180 0.812518 0.210486 0.818608 0.209616 0.828178 0.206570 0.831222
0 0.057498 0.873720 0.063424 0.877572 0.064018 0.874312 0.065500 0.870164 0.081208 0.864532 0.089210 0.864236 0.092766 0.862160 0.099582 0.865124 0.102842 0.868384 0.109364 0.868384 0.114402 0.864236 0.122996 0.862754 0.125664 0.860086 0.125368 0.852380 0.119440 0.850010 0.107584 0.847046 0.100472 0.844378 0.095138 0.844082 0.094544 0.846452 0.100472 0.849714 0.100472 0.856530 0.094840 0.855938 0.088024 0.857716 0.072020 0.863642 0.064018 0.866902 0.059276 0.868384
0 0.144362 0.758606 0.142400 0.766076 0.119834 0.768410 0.108550 0.765688 0.105826 0.752458 0.106216 0.748180 0.081316 0.735340 0.081316 0.729892 0.102714 0.740398 0.114386 0.743122 0.121778 0.747402 0.130338 0.755572 0.140454 0.758294
0 0.083260 0.749736 0.089486 0.757516 0.097268 0.764520 0.103882 0.774636 0.098824 0.776582 0.096490 0.768800 0.091820 0.761796 0.089874 0.766076 0.092598 0.776582 0.096490 0.782028 0.104270 0.783584 0.112052 0.783584 0.114776 0.779304 0.108550 0.775024 0.103882 0.766466 0.091042 0.750902
0 0.089738 0.666336 0.087708 0.672022 0.089738 0.675676 0.090144 0.697196 0.099078 0.699632 0.111260 0.687046 0.128720 0.668772 0.133998 0.667960 0.134404 0.674864 0.138058 0.668366 0.144962 0.658622 0.147398 0.659840 0.143744 0.667148 0.146992 0.667960 0.160392 0.658622 0.158768 0.656998 0.152676 0.658622 0.148210 0.652124 0.137652 0.662682 0.131562 0.664712 0.134810 0.650500 0.136840 0.647252 0.153488 0.642786 0.155520 0.639536 0.145368 0.638318 0.140090 0.640348 0.130750 0.639536 0.114914 0.665930 0.112478 0.674864 0.102326 0.676488 0.099078 0.683796 0.106792 0.681766 0.101108 0.691106 0.096236 0.692730 0.093392 0.675270
1 0.213992 0.522186 0.207494 0.527872 0.203028 0.535992 0.202622 0.555484 0.211554 0.562792 0.220488 0.561168 0.228202 0.556702 0.237948 0.548580 0.242820 0.531932 0.243634 0.515690 0.240790 0.514878 0.234700 0.517720 0.227796 0.519750 0.223330 0.520156
1 0.230234 0.315098 0.224142 0.323626 0.213992 0.332560 0.210742 0.341492 0.207900 0.352050 0.205464 0.363826 0.211960 0.369916 0.224548 0.369916 0.231858 0.366668 0.240790 0.357328 0.240790 0.343116 0.241196 0.328904 0.239978 0.319566 0.236730 0.315098
1 0.136028 0.344334 0.135216 0.357328 0.133592 0.367074 0.138464 0.376820 0.147804 0.381286 0.156738 0.378850 0.167294 0.372758 0.168512 0.365450 0.165264 0.354892 0.160798 0.344740 0.154706 0.339868 0.149022 0.337838 0.142526 0.341086
1 0.194906 0.132780 0.188410 0.138058 0.181100 0.141308 0.173792 0.146180 0.166888 0.153082 0.163234 0.160798 0.165264 0.170544 0.172980 0.178664 0.180288 0.181912 0.190846 0.186380 0.199374 0.184350 0.202216 0.172980 0.201404 0.162422 0.198966 0.149834
0 0.139276 0.176634 0.154706 0.173792 0.153488 0.161204 0.138058 0.162828 0.133592 0.159986 0.129126 0.159986 0.125064 0.161204 0.122628 0.163234 0.127908 0.164858 0.133186 0.166888 0.132374 0.170138 0.124252 0.171356 0.120192 0.175822 0.109228 0.192470 0.102732 0.203840 0.110446 0.200592 0.122628 0.179070 0.127502 0.183130 0.134404 0.184350 0.144150 0.187598 0.168512 0.182318 0.167294 0.178258 0.154706 0.181506 0.146180 0.183942
0 0.124524 0.066400 0.123080 0.051598 0.126328 0.040044 0.129578 0.032464 0.125606 0.033186 0.120914 0.044016 0.119470 0.060984 0.118026 0.062428 0.117664 0.068204 0.121636 0.071092 0.122358 0.076868 0.117664 0.084090 0.124524 0.093836 0.129216 0.091670 0.131022 0.090588 0.136438 0.091670 0.141492 0.093114 0.142936 0.088782 0.135716 0.084090 0.136798 0.079396 0.139686 0.075064 0.134994 0.072176 0.129216 0.074342 0.128134 0.069648 0.136076 0.061706 0.133188 0.059900
0 0.122902 0.347874 0.134476 0.337022 0.146050 0.326896 0.140986 0.325448 0.121456 0.339192 0.117116 0.339192 0.120732 0.332682 0.114222 0.315322 0.105542 0.310980 0.109882 0.324726 0.114222 0.331958 0.111328 0.337022 0.112052 0.343532 0.120008 0.358724 0.126520 0.361618