0 0.003256 0.388672 0.016928 0.391276 0.001954 0.410808
0 0.158204 0.222656 0.206380 0.253256 0.204428 0.243490 0.179688 0.222656 0.161458 0.216796 0.178386 0.212890 0.173828 0.200520 0.178386 0.183594 0.164714 0.189454 0.158854 0.198568 0.141276 0.198568 0.151042 0.206380 0.151042 0.215494 0.143230 0.214844 0.132812 0.198568 0.132812 0.185546 0.147786 0.177084 0.138020 0.177084 0.124348 0.187500 0.118490 0.205730 0.120442 0.224610
0 0.102214 0.294270 0.124348 0.306640 0.137370 0.304036 0.143230 0.322266 0.149740 0.303386 0.152994 0.329428 0.159506 0.332682 0.140624 0.336588 0.132162 0.333334 0.125000 0.344402 0.108724 0.352864 0.069662 0.337240 0.112630 0.345704 0.111328 0.332032 0.110026 0.320964 0.125000 0.317058 0.101562 0.300782
0 0.142578 0.359376 0.119792 0.386718 0.120442 0.394532 0.127604 0.387370 0.121094 0.401692 0.122396 0.416016 0.134766 0.421876 0.143880 0.442058 0.132162 0.440104 0.129558 0.462240 0.132162 0.486328 0.139322 0.496744 0.127604 0.491536 0.107422 0.504558 0.119792 0.489584 0.124348 0.472656 0.121094 0.442708 0.121744 0.426432 0.110026 0.409506 0.113932 0.389974 0.117838 0.369792
0 0.071614 0.574218 0.097006 0.562500 0.101562 0.551432 0.099610 0.538412 0.109376 0.526042 0.124348 0.531902 0.136068 0.531902 0.130208 0.523438 0.111980 0.514322 0.095704 0.493490 0.111328 0.472006 0.098308 0.474610 0.106120 0.470704 0.121744 0.471354 0.117188 0.463542 0.099610 0.465494 0.087240 0.481120 0.085286 0.509766 0.092448 0.518230 0.102214 0.520182 0.092448 0.536458 0.093750 0.555990 0.084636 0.565756
0 0.014322 0.784506 0.010416 0.798828 0.020182 0.805990 0.046876 0.809896 0.039714 0.792318 0.054036 0.791016 0.052734 0.800782 0.061198 0.809896 0.063802 0.781902 0.069662 0.792968 0.068360 0.802734 0.077474 0.807292 0.084636 0.813152 0.109376 0.813802 0.100912 0.822916 0.092448 0.819662 0.091146 0.839192 0.078124 0.837240 0.076822 0.826172 0.059244 0.827474 0.054688 0.833334 0.065104 0.846354 0.089192 0.850912 0.108724 0.848958 0.106120 0.856770 0.060546 0.857422 0.039714 0.835938 0.044270 0.819010 0.029948 0.819010 0.018230 0.828124 0.018880 0.817058 0.008464 0.805990 0.003256 0.792318
0 0.025390 0.896484 0.043620 0.905598 0.057292 0.916016 0.066406 0.923178 0.085286 0.923178 0.065756 0.940104 0.082032 0.940756 0.059896 0.953776 0.050782 0.960938 0.054036 0.973308 0.044922 0.975912 0.021484 0.964192 0.042968 0.960938 0.042968 0.946614 0.036458 0.944010 0.037110 0.918620 0.017578 0.901692
0 0.054036 0.691406 0.066406 0.714192 0.074218 0.718098 0.077474 0.746744 0.064454 0.736328 0.057292 0.717448 0.045572 0.711588 0.033854 0.733724 0.035808 0.709636 0.044270 0.705078
0 0.054688 0.614584 0.065756 0.631510 0.084636 0.630860 0.104818 0.643880 0.108724 0.655598 0.097006 0.677734 0.116536 0.654948 0.110026 0.633464 0.097656 0.628906 0.109376 0.611328 0.099610 0.611328 0.089192 0.621094 0.074218 0.621744
0 0.480468 0.040364 0.475912 0.028646 0.477864 0.005208 0.489584 0.000000 0.563152 0.000000 0.470704 0.004558 0.471354 0.027994
0 0.439454 0.067708 0.452474 0.074870 0.483072 0.078124 0.483072 0.091796 0.491536 0.080730 0.504558 0.084636 0.489584 0.093750 0.507812 0.097656 0.529948 0.105468 0.526042 0.093098 0.514974 0.090494 0.513020 0.076822 0.492188 0.072266 0.479818 0.067708
0 0.455730 0.209636 0.449218 0.197916 0.454428 0.182942 0.486980 0.192708 0.498046 0.182942 0.484376 0.160808 0.468750 0.162760 0.447266 0.167968 0.440104 0.182942 0.443360 0.209636 0.448568 0.210938
0 0.433594 0.304036 0.421876 0.307942 0.421876 0.318360 0.424480 0.335286 0.438802 0.356120 0.450520 0.352864 0.441406 0.341146 0.460938 0.348308 0.488932 0.364584 0.458984 0.358072 0.449218 0.360678 0.455730 0.373046 0.445964 0.373698 0.439454 0.365234 0.427084 0.378256 0.427084 0.391276 0.406902 0.395182 0.397136 0.384114 0.413412 0.387370 0.421224 0.384114 0.421224 0.376302 0.428386 0.363282 0.425782 0.355468 0.416016 0.367188 0.416016 0.355468 0.416016 0.347656 0.412110 0.331380 0.409506 0.307942 0.416016 0.300782
0 0.386718 0.416016 0.407552 0.426432 0.401692 0.449218 0.425782 0.455730 0.425782 0.428386 0.434896 0.427734 0.436848 0.437500 0.440756 0.412760 0.447916 0.410808 0.449870 0.428386 0.464192 0.414714 0.460286 0.430338 0.437500 0.455730 0.440104 0.480468 0.430990 0.506510 0.428386 0.498698 0.432942 0.460286 0.407552 0.474610 0.404948 0.504558 0.399740 0.479818 0.386068 0.494140 0.391928 0.472006 0.380860 0.455078 0.397136 0.462890 0.402994 0.457032 0.392578 0.450520 0.397786 0.434896
0 0.358724 0.591796 0.379558 0.586588 0.396484 0.607422 0.423828 0.622396 0.442708 0.656902 0.443360 0.648438 0.435546 0.626954 0.458984 0.623698 0.463542 0.614584 0.445964 0.621094 0.423178 0.614584 0.422526 0.590494 0.417968 0.605468 0.406250 0.597656 0.405598 0.590494 0.404948 0.582682 0.420572 0.574218 0.401692 0.577474 0.385416 0.569010 0.408204 0.565756 0.399088 0.562500 0.375652 0.560546 0.363282 0.557292 0.364584 0.564454 0.376302 0.574870 0.370442 0.582032
0 0.380208 0.653646 0.393230 0.662760 0.408204 0.688802 0.404948 0.705730 0.401692 0.691406 0.389322 0.703776 0.388020 0.720704 0.395182 0.723308 0.405598 0.734376 0.400390 0.761068 0.395182 0.761068 0.397136 0.743490 0.380860 0.727864 0.377604 0.703776 0.385416 0.680338 0.363932 0.680990 0.364584 0.676432 0.379558 0.671876
0 0.341146 0.846354 0.358724 0.847656 0.363282 0.852864 0.349610 0.865234 0.356770 0.875000 0.392578 0.888020 0.392578 0.880860 0.364584 0.869140 0.376302 0.865234 0.373046 0.856120 0.383464 0.844402 0.404296 0.837890 0.411458 0.816406 0.399088 0.828776 0.373698 0.836588 0.365886 0.841146 0.359376 0.839844
0 0.725260 0.014974 0.736980 0.033204 0.741536 0.052084 0.733072 0.044270 0.730468 0.076172 0.726562 0.067708 0.726562 0.046224 0.715494 0.047526 0.696614 0.065104 0.695312 0.047526 0.686848 0.043620 0.669270 0.050782 0.682292 0.037110 0.696614 0.033854 0.719402 0.039062 0.718098 0.024740
0 0.665364 0.122396 0.690104 0.124348 0.698568 0.136068 0.712890 0.138020 0.710286 0.168620 0.680338 0.180338 0.675782 0.173828 0.698568 0.164062 0.698568 0.146484 0.681640 0.136068
0 0.635416 0.382162 0.633464 0.414714 0.638020 0.425130 0.654948 0.423178 0.677734 0.438802 0.650390 0.436848 0.662110 0.445964 0.660156 0.453776 0.650390 0.445964 0.639974 0.447916 0.649088 0.453776 0.651692 0.462240 0.638020 0.460286 0.611980 0.457032 0.634766 0.451822 0.624348 0.442058 0.619792 0.427734 0.607422 0.430990 0.606120 0.425130 0.626954 0.416016 0.625000 0.404296
0 0.594402 0.523438 0.618490 0.530598 0.628906 0.544270 0.634114 0.544270 0.640624 0.558594 0.652994 0.559896 0.642578 0.552734 0.643230 0.542968 0.652994 0.543620 0.668620 0.528646 0.664714 0.514974 0.659506 0.529296 0.644532 0.537760 0.642578 0.532552 0.625000 0.518230 0.618490 0.523438 0.610026 0.518880
0 0.545572 0.578124 0.548178 0.598958 0.562500 0.611328 0.576172 0.616536 0.572916 0.629558 0.585286 0.620442 0.610026 0.626954 0.632812 0.641276 0.631510 0.632812 0.639974 0.631510 0.646484 0.649740 0.640624 0.666016 0.651042 0.659506 0.651042 0.631510 0.659506 0.633464 0.668620 0.645182 0.670572 0.626954 0.664062 0.625000 0.646484 0.599610 0.651042 0.621744 0.639322 0.623698 0.621744 0.617188 0.599610 0.612630 0.594402 0.604818 0.593750 0.584636 0.589192 0.604166 0.554036 0.595704
0 0.595704 0.697916 0.601562 0.689454 0.612630 0.702474 0.611980 0.719402 0.620442 0.742188 0.634114 0.754558 0.615234 0.744792 0.607422 0.722006 0.605468 0.741536 0.615234 0.757162 0.610026 0.781902 0.602864 0.774740 0.604818 0.766928 0.595052 0.752604 0.595052 0.730468 0.597656 0.720704 0.584636 0.731120 0.585286 0.716796 0.576172 0.712890 0.582032 0.705078 0.587890 0.709636 0.604166 0.711588
0 0.553386 0.805990 0.572266 0.818360 0.577474 0.834636 0.587890 0.852864 0.589844 0.839192 0.602864 0.836588 0.606770 0.817708 0.593750 0.832682 0.587890 0.830730 0.589844 0.818360 0.602214 0.815756 0.585286 0.800130 0.574218 0.800130 0.576172 0.810546
0 0.961588 0.194010 0.989584 0.192708 0.998698 0.161458 0.988282 0.175782 0.985026 0.186198 0.968098 0.186848
0 0.937500 0.264322 0.945312 0.288412 0.936198 0.298178 0.957032 0.298828 0.974610 0.305990 0.992188 0.306640 0.979166 0.257162 0.983724 0.274088 0.986328 0.283204 0.973958 0.295572 0.969402 0.292318 0.954428 0.289714
0 0.938152 0.384114 0.960938 0.397786 0.977864 0.407552 0.992838 0.395182 0.988932 0.414062 0.978516 0.434244 0.983072 0.438152 0.993490 0.426432 0.989584 0.317058 0.988282 0.321614 0.990886 0.362630 0.968098 0.384114 0.981120 0.396484 0.961588 0.389974 0.946614 0.380860
0 0.942058 0.511718 0.963542 0.509766 0.985026 0.509766 0.981770 0.518230 0.957032 0.518880 0.955078 0.526042 0.973958 0.526042 0.986980 0.522786 0.992188 0.515624 0.987630 0.500000 0.970704 0.486328 0.970704 0.479818 0.985026 0.482422 0.982422 0.476562 0.968098 0.472656 0.959636 0.466796 0.947266 0.474610 0.958984 0.472006 0.958984 0.476562 0.951822 0.485678 0.953776 0.496094 0.968750 0.504558 0.940756 0.503906
0 0.961588 0.557942 0.977214 0.554688 0.986980 0.571614 0.988932 0.584636 0.990886 0.599610 0.993490 0.580078 0.992838 0.621744 0.987630 0.634766 0.991536 0.657552 0.984376 0.647786 0.981120 0.629558 0.986328 0.617188 0.979818 0.605468 0.972656 0.594402 0.945312 0.592448 0.951822 0.585286 0.973308 0.582032 0.962240 0.570312
0 0.922526 0.700520 0.949870 0.707682 0.954428 0.728516 0.972006 0.764322 0.971354 0.738932 0.962240 0.714192 0.970052 0.712890 0.968750 0.699870 0.990886 0.706380 0.978516 0.690104 0.965494 0.689454 0.965494 0.671876 0.960938 0.665364 0.955730 0.677084 0.955730 0.693360 0.945964 0.684244 0.938152 0.688802
0 0.918620 0.826172 0.917968 0.815104 0.923178 0.796876 0.930338 0.794270 0.930338 0.804688 0.943360 0.811848 0.944662 0.805338 0.938802 0.800782 0.938152 0.796876 0.949218 0.789062 0.958334 0.798828 0.958334 0.811848 0.970052 0.804688 0.977214 0.812500 0.985678 0.800782 0.979818 0.794270 0.970052 0.782552 0.970704 0.774088 0.970704 0.765624 0.962890 0.767578 0.958334 0.777344 0.944010 0.778646 0.925782 0.781250 0.917318 0.783854 0.908854 0.796224 0.909506 0.812500
0 0.522136 0.996744 0.546876 0.986980 0.556640 0.994140 0.560546 0.981770 0.580730 0.982422 0.594402 0.996744 0.585286 0.997396 0.570312 0.988932 0.567708 0.995442
0 0.888020 0.993490 0.896484 0.972006 0.912110 0.972656 0.918620 0.959636 0.923828 0.997396
1 0.073568 0.091146 0.092448 0.102864 0.103516 0.102214 0.105468 0.096354 0.095052 0.087240 0.118490 0.091146 0.125652 0.101562 0.132812 0.096354 0.135416 0.074870 0.128906 0.076822 0.127604 0.085938 0.100912 0.078776 0.095052 0.073568 0.082682 0.078776 0.088542 0.089192
1 0.084636 0.263672 0.100260 0.269532 0.107422 0.261068 0.108072 0.272136 0.115234 0.289062 0.110678 0.296224 0.093750 0.276042
1 0.162110 0.027994 0.188152 0.024088 0.185546 0.032552 0.197266 0.032552 0.208334 0.043620 0.175130 0.051432 0.213542 0.050130 0.213542 0.040364 0.208334 0.026042 0.203776 0.020182 0.188152 0.013672 0.176432 0.018230
1 0.197916 0.080730 0.214844 0.097656 0.227214 0.103516 0.216796 0.110678 0.208334 0.121094 0.207682 0.108072 0.201822 0.097656
0 0.171224 0.093098 0.162110 0.093098 0.157552 0.104166 0.165364 0.120442 0.177084 0.129558 0.188802 0.115234 0.189454 0.102214 0.186198 0.085938 0.199218 0.102214 0.195964 0.121094 0.182292 0.132162 0.179688 0.141276 0.184244 0.153646 0.218098 0.163412 0.212240 0.167968 0.177084 0.160156 0.168620 0.148438 0.169270 0.136718 0.160808 0.130208 0.152344 0.130208 0.147136 0.139974 0.142578 0.138020 0.143880 0.127604 0.154948 0.123046 0.150390 0.105468 0.154296 0.091796 0.162760 0.083334
1 0.148438 0.293620 0.162760 0.307942 0.175782 0.323568 0.195312 0.325520 0.205730 0.304036 0.200520 0.291666 0.173828 0.289714
1 0.063802 0.404296 0.085286 0.402994 0.093750 0.410156 0.096354 0.401692 0.096354 0.391276 0.096354 0.385416 0.089844 0.389974 0.079428 0.392578
1 0.160808 0.414714 0.180990 0.423828 0.207682 0.432942 0.190104 0.438802 0.179688 0.445964 0.168620 0.446614 0.163412 0.438152 0.153646 0.430990
1 0.374348 0.315104 0.363932 0.333984 0.371094 0.354818 0.391276 0.357422 0.405598 0.348308 0.410808 0.325520 0.403646 0.307292 0.383464 0.302734 0.369792 0.322266
1 0.436848 0.276042 0.451172 0.297526 0.460286 0.330730 0.462890 0.304688 0.492188 0.307292 0.468750 0.288412
1 0.536458 0.166016 0.544270 0.186848 0.560546 0.186848 0.571614 0.199870 0.597656 0.204428 0.605468 0.184244 0.594402 0.171876 0.562500 0.164714
1 0.561848 0.052734 0.576172 0.067058 0.574870 0.085286 0.582682 0.076822 0.589192 0.069010 0.595704 0.054688 0.585938 0.054036
1 0.373046 0.139974 0.392578 0.147136 0.405598 0.156250 0.406902 0.134766 0.397136 0.136718
1 0.665364 0.000652 0.654296 0.005860 0.660156 0.009114 0.673178 0.003906
1 0.664714 0.266276 0.694662 0.268230 0.706380 0.269532 0.697916 0.257812 0.690104 0.246094 0.689454 0.259114
1 0.617838 0.326822 0.623046 0.342448 0.630208 0.350260 0.634114 0.365234 0.644532 0.340494 0.633464 0.338542
1 0.664714 0.332682 0.673828 0.336588 0.667318 0.356770 0.658204 0.353516 0.655598 0.369140 0.651692 0.363282 0.649740 0.345704
1 0.672526 0.413412 0.678386 0.427084 0.686848 0.450520 0.701822 0.455078 0.699218 0.438152 0.701172 0.423828 0.694010 0.401692 0.686198 0.412110
1 0.785156 0.490886 0.772786 0.499348 0.764322 0.513020 0.754558 0.516276 0.759766 0.498698 0.759766 0.491536 0.769532 0.487630
1 0.476562 0.453776 0.495442 0.460938 0.499348 0.466796 0.494140 0.486328 0.479818 0.471354 0.470704 0.468750 0.470052 0.460938 0.477864 0.460938
1 0.542968 0.523438 0.567058 0.536458 0.578124 0.535156 0.582682 0.524740 0.573568 0.524740 0.552084 0.514974
1 0.423178 0.871094 0.452474 0.873698 0.453124 0.847006 0.444010 0.860678
1 0.343098 0.908204 0.364584 0.912110 0.381510 0.929036 0.375652 0.911458 0.369140 0.894532 0.365234 0.902994
1 0.541016 0.918620 0.553386 0.932292 0.570312 0.928386 0.572266 0.935546 0.581380 0.917968 0.574218 0.903646 0.570312 0.914714
1 0.519532 0.762370 0.559244 0.751954 0.563152 0.738932 0.563152 0.729166 0.554688 0.729166 0.548178 0.725912 0.552084 0.721354 0.559244 0.707682 0.558594 0.697916 0.539714 0.698568 0.527344 0.713542 0.537760 0.718750 0.527994 0.722006 0.534506 0.725260 0.527344 0.733072 0.530598 0.751302 0.520834 0.755860
1 0.358724 0.480468 0.376302 0.477864 0.369792 0.504558 0.365886 0.492188
1 0.355468 0.462890 0.367838 0.458334 0.376954 0.465494 0.369140 0.438152 0.365234 0.451172
1 0.346354 0.419922 0.350912 0.438802 0.370442 0.439454 0.388020 0.450520 0.395834 0.442058 0.393880 0.425782 0.380860 0.420572 0.361980 0.419922
1 0.985678 0.540364 0.997396 0.545572 0.994140 0.538412
1 0.886068 0.501954 0.893230 0.518880 0.898438 0.517578 0.897786 0.539714 0.902994 0.537110 0.908854 0.522786 0.911458 0.503906 0.905598 0.496744
1 0.248698 0.915364 0.279296 0.941406 0.268230 0.941406 0.262370 0.950520 0.260416 0.938152 0.248698 0.927734
0 0.357422 0.957032 0.359376 0.962890 0.369140 0.981120 0.352864 0.966146 0.354818 0.984376 0.333984 0.998046 0.347006 0.986328 0.346354 0.969402 0.323568 0.966146 0.303386 0.953124 0.288412 0.955078 0.292968 0.940104 0.302084 0.926432 0.304036 0.938802 0.320964 0.957682 0.336588 0.960286 0.350912 0.954428
1 0.443360 0.966796 0.442708 0.992838 0.427734 0.986328 0.436848 0.976562
1 0.454428 0.972656 0.469402 0.981120 0.480468 0.988282 0.475912 0.992838 0.462240 0.991536 0.467448 0.998046 0.457032 0.997396 0.449218 0.985026
1 0.253906 0.879558 0.277994 0.869792 0.283854 0.855468 0.261718 0.854818
1 0.307292 0.742838 0.352214 0.744140 0.335286 0.731120 0.322266 0.735678
1 0.379558 0.743490 0.383464 0.751302 0.384114 0.766276 0.388672 0.775390 0.385416 0.794270 0.381510 0.799480 0.381510 0.782552 0.376302 0.761068 0.369140 0.761068 0.359376 0.765624 0.351562 0.783204 0.351562 0.764322 0.356770 0.757162 0.366536 0.756510 0.361980 0.752604 0.356770 0.751954 0.344402 0.757812 0.350912 0.746094 0.361980 0.743490 0.369140 0.748046 0.376954 0.756510
1 0.742188 0.195312 0.754688 0.210938 0.796876 0.210938 0.803126 0.192188 0.796876 0.165626 0.770312 0.159376 0.743750 0.168750
1 0.007812 0.985938 0.034376 0.992188 0.035938 0.982812 0.020312 0.975000