1 0.031494 0.033528 0.030476 0.052348 0.032512 0.066080 0.039632 0.071166 0.048788 0.073710 0.058452 0.071676 0.067098 0.069132 0.072184 0.064554 0.067606 0.050822 0.059978 0.046244 0.051330 0.043702 0.042684 0.041158 0.040140 0.036580
0 0.203032 0.039744 0.207360 0.032820 0.216880 0.022146 0.217170 0.012048 0.214862 0.002816 0.224670 0.007144 0.224670 0.025318 0.232748 0.019548 0.239672 0.009452 0.241402 0.005124 0.242846 0.013202 0.239384 0.021856 0.233902 0.026184 0.216880 0.035704 0.216592 0.041186 0.214572 0.042340 0.207938 0.046378 0.209956 0.052148 0.212554 0.059072 0.213130 0.064554 0.209956 0.068882 0.209380 0.060516 0.203032 0.050706 0.203032 0.046090 0.191782 0.039166 0.177644 0.026760 0.169278 0.018972 0.160912 0.017530 0.156874 0.022146 0.152834 0.018106 0.156874 0.012624 0.171298 0.012914 0.177934 0.016952 0.187742 0.023588 0.196108 0.030222 0.200436 0.036570
0 0.185230 0.131454 0.160956 0.148258 0.146392 0.153114 0.141536 0.157220 0.139296 0.163196 0.129960 0.162450 0.126972 0.149752 0.132946 0.151246 0.135562 0.156474 0.139668 0.152740 0.143776 0.148258 0.164316 0.135188 0.165810 0.130332 0.148632 0.116142 0.149006 0.111660 0.171412 0.125852 0.175146 0.122490 0.182242 0.120624 0.184110 0.103072 0.185602 0.097470 0.185230 0.081784 0.188964 0.083278 0.190084 0.092614 0.192698 0.104192 0.191952 0.125852 0.194192 0.122864 0.197926 0.126598 0.201288 0.129586 0.212492 0.126598 0.224442 0.125852 0.226682 0.128840 0.221828 0.132946 0.204276 0.134440 0.209876 0.137054 0.215106 0.140416 0.212492 0.144150 0.194940 0.137054 0.190458 0.141162 0.185230 0.145270 0.173280 0.150872 0.163570 0.159088 0.160956 0.157220 0.182616 0.140790 0.187096 0.137802
0 0.169544 0.210998 0.157594 0.212492 0.142656 0.216226 0.122116 0.216226 0.121370 0.211370 0.129960 0.209504 0.152740 0.203528 0.166184 0.199794 0.160582 0.196060 0.151992 0.186724 0.149378 0.176266 0.149378 0.167678 0.153486 0.169918 0.168798 0.196060 0.173280 0.189338 0.176640 0.190458 0.179254 0.205770 0.181868 0.203154 0.187096 0.200168 0.188590 0.188218 0.191952 0.189338 0.196432 0.193446 0.199046 0.197180 0.199794 0.200914 0.199046 0.205770 0.197926 0.209876 0.197926 0.214732 0.193446 0.212864 0.189710 0.209876 0.183736 0.212492 0.160956 0.228176 0.153860 0.234524 0.147884 0.234898 0.145644 0.233404 0.144150 0.219586 0.151620 0.224814 0.154606 0.227428 0.167304 0.214732
1 0.085146 0.211744 0.073196 0.198300 0.071702 0.199046 0.073568 0.205022 0.080664 0.214358 0.082906 0.221080 0.084398 0.224814 0.088134 0.222574 0.087014 0.219586 0.095228 0.221080 0.098964 0.219960 0.095602 0.213612
0 0.167304 0.319670 0.173652 0.317056 0.181868 0.317056 0.190458 0.312948 0.197554 0.308840 0.202034 0.308840 0.207262 0.304358 0.213612 0.300624 0.219214 0.299130 0.221828 0.295770 0.224814 0.296516 0.224068 0.302492 0.210998 0.312574 0.208010 0.316682 0.186724 0.326018 0.175894 0.327512 0.169918 0.329006 0.170666 0.334608 0.172158 0.338716 0.168798 0.339836 0.165064 0.339836 0.163196 0.337596 0.161328 0.332740 0.158714 0.335354 0.154980 0.336848 0.152740 0.336848 0.136308 0.351040 0.120250 0.361870 0.113528 0.362990 0.113528 0.357388 0.139296 0.335728 0.133320 0.334608 0.129960 0.333862 0.129960 0.328632 0.156848 0.328260 0.154606 0.322658 0.146764 0.304732 0.146392 0.298384 0.151620 0.299878 0.156474 0.304358 0.159836 0.307346 0.166184 0.315562
1 0.131080 0.444774 0.127346 0.437306 0.121744 0.435812 0.121744 0.443654 0.120624 0.447762 0.115022 0.444402 0.109420 0.441414 0.106806 0.444028 0.106058 0.451124 0.104566 0.463448 0.107552 0.473156 0.109794 0.479506 0.116516 0.483614 0.120250 0.483240 0.123238 0.483614 0.126972 0.486228 0.132946 0.485480 0.135188 0.480252 0.134068 0.473904 0.137802 0.476518 0.143404 0.476144 0.147512 0.474650 0.157220 0.470542 0.161328 0.461954 0.160956 0.455978 0.151992 0.453738 0.155728 0.445148 0.152366 0.439920 0.148258 0.439546 0.143030 0.445148 0.140042 0.449630 0.135188 0.444402
1 0.023528 0.548220 0.033610 0.539630 0.033610 0.531414 0.019046 0.541498 0.013070 0.536270 0.007468 0.534028 0.005602 0.537762 0.011576 0.545232 0.012324 0.548966 0.014938 0.551954 0.016058 0.548220
0 0.095976 0.621042 0.087014 0.607598 0.077676 0.594154 0.078798 0.579962 0.080664 0.574734 0.085520 0.584444 0.092988 0.591540 0.100458 0.600128 0.104938 0.605356 0.106806 0.612452 0.112408 0.609464 0.117636 0.612826 0.122116 0.616186 0.122864 0.618054 0.116516 0.618428 0.110540 0.618428 0.108300 0.622908 0.111660 0.629258 0.120996 0.650170 0.123238 0.657266 0.126598 0.661000 0.132574 0.664362 0.140416 0.663614 0.141162 0.667722 0.134814 0.670336 0.116516 0.659506 0.106806 0.639714 0.104938 0.627764 0.100830 0.626270 0.097842 0.626270 0.084026 0.629630 0.073942 0.633366 0.069462 0.635980 0.069462 0.631498 0.081412 0.624030 0.091868 0.622162
1 0.185602 0.562410 0.187844 0.553448 0.190458 0.547846 0.194192 0.550086 0.193446 0.557556 0.191952 0.562036 0.197180 0.569132 0.199046 0.572866 0.196060 0.574734 0.190458 0.565398 0.188218 0.566518 0.190084 0.577348 0.188964 0.585938 0.185976 0.587058 0.184856 0.574734
0 0.138176 0.543364 0.137802 0.529920 0.142284 0.525440 0.150498 0.528800 0.157968 0.535148 0.158714 0.543364 0.164316 0.542244 0.162822 0.533282 0.152366 0.521332 0.143404 0.518344 0.137802 0.519838 0.132574 0.522826 0.129586 0.531414 0.129212 0.524318 0.128092 0.519464 0.125852 0.523198 0.123984 0.529174 0.123610 0.531414 0.112780 0.535148 0.110914 0.542244 0.112780 0.548220 0.116142 0.551206 0.115394 0.555314 0.109420 0.562036 0.106058 0.566518 0.107180 0.569880 0.117636 0.557556 0.119876 0.552328 0.123610 0.553448 0.126598 0.567266 0.129960 0.565024 0.128466 0.554194 0.120624 0.549340 0.116516 0.542244 0.118756 0.536642 0.124732 0.537390 0.133320 0.540004
0 0.100096 0.727314 0.100096 0.721152 0.106874 0.717456 0.112726 0.715916 0.110878 0.707906 0.098556 0.714068 0.094860 0.718380 0.096400 0.721152 0.085618 0.718688 0.080688 0.723310 0.072678 0.729162 0.061896 0.730702 0.058816 0.731628 0.060048 0.735016 0.076376 0.733168 0.078224 0.729778 0.088390 0.727314 0.094242 0.726390 0.089006 0.731628 0.081304 0.741178 0.080380 0.747954 0.084384 0.748262 0.090854 0.736556
0 0.079456 0.784922 0.073602 0.778760 0.069598 0.778452 0.062820 0.780610 0.061280 0.783382 0.059740 0.785846 0.052654 0.785230 0.048034 0.787694 0.044644 0.784922 0.050190 0.778452 0.054194 0.776296 0.057892 0.775988 0.062820 0.772292 0.072062 0.772908 0.079456 0.773524 0.081612 0.776296 0.081304 0.767054 0.086850 0.756888 0.088390 0.760586 0.089314 0.781842 0.091162 0.792008 0.094550 0.797244 0.095784 0.800634 0.099788 0.802174 0.110262 0.803098 0.111494 0.811724 0.110262 0.817268 0.107490 0.819118 0.107798 0.811108 0.099480 0.811108 0.096092 0.808334 0.091162 0.807410 0.089930 0.810184 0.090546 0.814804 0.084076 0.821890 0.083768 0.837292 0.086234 0.835136 0.090854 0.832672 0.093010 0.826510 0.098556 0.825278 0.102868 0.826818 0.103484 0.830516 0.103484 0.834212 0.100712 0.835752 0.098864 0.832056 0.096092 0.831132 0.093626 0.831748 0.094242 0.843146 0.097940 0.845302 0.101328 0.848076 0.101020 0.858550 0.102868 0.859474 0.104100 0.867176 0.106566 0.870872 0.107490 0.877958 0.109338 0.879498 0.109030 0.885042 0.105950 0.884426 0.105334 0.879806 0.103484 0.875800 0.101328 0.868716 0.098248 0.860398 0.095168 0.850540 0.091470 0.843762 0.089622 0.840682 0.088390 0.842222 0.087466 0.846226 0.083460 0.845302 0.082228 0.840374 0.079456 0.839142 0.079148 0.842838 0.075760 0.849000 0.070522 0.856702 0.065592 0.859474 0.064976 0.856702 0.074218 0.836060 0.080072 0.835136 0.080688 0.820042 0.086234 0.813880 0.083768 0.800942 0.080996 0.795704
1 0.126282 0.718996 0.122584 0.717764 0.117656 0.720228 0.115808 0.722386 0.115500 0.725774 0.117348 0.732860 0.121044 0.739020 0.125666 0.746722 0.129054 0.745798 0.138912 0.745490 0.145382 0.743026 0.148770 0.739328 0.149078 0.734708 0.151850 0.729470 0.151542 0.724542 0.149694 0.717148 0.145998 0.714992 0.139836 0.715608 0.129978 0.721152
0 0.069290 0.925092 0.064668 0.920162 0.060356 0.919854 0.060048 0.916774 0.056968 0.915234 0.056352 0.906916 0.053270 0.905684 0.051730 0.907224 0.049882 0.909688 0.049266 0.913384 0.051114 0.917390 0.054502 0.920778 0.054810 0.924476 0.054194 0.927864 0.050806 0.934950 0.045876 0.937414 0.040024 0.948504 0.037252 0.956822 0.036944 0.965140 0.037252 0.979618 0.045876 0.987320 0.050498 0.985472 0.042796 0.979002 0.041564 0.966064 0.043412 0.956206 0.049266 0.947888 0.056660 0.942958 0.063128 0.940802 0.070214 0.933100 0.073910 0.929712 0.072062 0.935874 0.067134 0.951584 0.068366 0.956206 0.073294 0.949736 0.076992 0.934334 0.080072 0.930944 0.083152 0.926324 0.083768 0.920778 0.084076 0.913692 0.077916 0.912460 0.074834 0.916774 0.074218 0.919854
1 0.322826 0.941726 0.326832 0.940802 0.326524 0.931868 0.328680 0.925400 0.326832 0.922318 0.321286 0.927864 0.317898 0.933100 0.316356 0.936798 0.313584 0.932176 0.309888 0.930020 0.306806 0.931868 0.308348 0.936182 0.306190 0.937414 0.303110 0.939570 0.306190 0.943266 0.311736 0.942650 0.316666 0.942958 0.318822 0.946964 0.321902 0.951584 0.323442 0.948812
1 0.247350 0.132134 0.235028 0.125050 0.233796 0.116732 0.238416 0.115500 0.241190 0.108414 0.243654 0.104410 0.243654 0.097324 0.246426 0.097940 0.247966 0.106566 0.252280 0.105026 0.252588 0.098864 0.255668 0.094860 0.259058 0.097324 0.259674 0.109030 0.262754 0.108414 0.262754 0.097324 0.266142 0.097940 0.267374 0.109338 0.264294 0.119812 0.265526 0.125358 0.271380 0.125358 0.276924 0.123508 0.275692 0.128746 0.270764 0.131826 0.259058 0.123818 0.254128 0.124434 0.251972 0.128746
1 0.381544 0.328434 0.371266 0.326034 0.360642 0.316098 0.357902 0.302734 0.360986 0.296566 0.362356 0.286288 0.368182 0.276692 0.377090 0.272580 0.386000 0.270868 0.393880 0.273608 0.397992 0.277378 0.400734 0.285944 0.401418 0.292454 0.403132 0.290398 0.404846 0.284916 0.408272 0.284574 0.407244 0.290398 0.404160 0.298280 0.406558 0.298622 0.409300 0.296224 0.413412 0.296910 0.412726 0.301706 0.407244 0.304448 0.406216 0.307532 0.408956 0.308902 0.412726 0.309930 0.414782 0.311644 0.412040 0.314728 0.408614 0.319524 0.410328 0.324322 0.409300 0.327062 0.404502 0.326720 0.397650 0.329462 0.388740 0.329804
1 0.418894 0.351048 0.415468 0.346936 0.410328 0.344880 0.406216 0.343852 0.406558 0.348308 0.407244 0.351734 0.412040 0.352762 0.413754 0.354132 0.412726 0.358586 0.409984 0.360642 0.411356 0.363726 0.414782 0.364412 0.416152 0.359958 0.419580 0.360642 0.419922 0.367496 0.423348 0.368182 0.423348 0.359958 0.431230 0.359614 0.437398 0.356874 0.434998 0.353790 0.430886 0.352420 0.427460 0.353448
1 0.246540 0.433286 0.239344 0.435684 0.232148 0.432600 0.232148 0.421978 0.233862 0.415124 0.237972 0.408956 0.237630 0.397650 0.241056 0.394908 0.246196 0.396278 0.248252 0.399020 0.250652 0.402790 0.252706 0.406216 0.258190 0.402790 0.260588 0.405188 0.262644 0.408614 0.265386 0.414782 0.266756 0.419580 0.266414 0.424376 0.265386 0.428830 0.264700 0.433286 0.260588 0.436370 0.255448 0.438768 0.251680 0.437054
1 0.460012 0.931160 0.460354 0.914370 0.465152 0.914370 0.467208 0.937328 0.463438 0.939728 0.457614 0.939042 0.452474 0.943496 0.449048 0.942126 0.454530 0.937328
0 0.582682 0.973992 0.584738 0.951720 0.591248 0.950350 0.595704 0.951378 0.597760 0.961314 0.598444 0.970566 0.600842 0.977762 0.599472 0.981874 0.595704 0.991126 0.597760 0.994210 0.607010 0.983586 0.609066 0.973992 0.608724 0.954804 0.601870 0.948294 0.593648 0.940412 0.587822 0.940412 0.586108 0.944182 0.584738 0.948636 0.579942 0.952406 0.579256 0.963028
1 0.642646 0.972622 0.641618 0.956174 0.645046 0.954804 0.646416 0.964740 0.648472 0.973992 0.653612 0.979476 0.655668 0.982216 0.656696 0.985300 0.651212 0.983586 0.647102 0.980846 0.642990 0.984272 0.641276 0.981530
1 0.633052 0.934588 0.635794 0.929448 0.637506 0.924994 0.642990 0.910944 0.640248 0.908546 0.630654 0.922594 0.627570 0.926022 0.616948 0.929104 0.614206 0.932188 0.621402 0.934244 0.629284 0.934588
1 0.755352 0.285520 0.755352 0.269778 0.751416 0.269286 0.749940 0.283552 0.746990 0.289948 0.742070 0.300772 0.749448 0.302740 0.755352 0.292900 0.773556 0.285520 0.772572 0.281584
1 0.758796 0.356364 0.770400 0.357442 0.778522 0.356224 0.776084 0.352164 0.762686 0.348508 0.759030 0.350134 0.746442 0.359472 0.747256 0.363126
1 0.696498 0.266080 0.692844 0.264456 0.691220 0.256334 0.690814 0.246590 0.687564 0.246184 0.685128 0.249432 0.677820 0.250650 0.668480 0.251056 0.666450 0.253492 0.666856 0.263644 0.668480 0.271358 0.670104 0.279074 0.670916 0.286382 0.675790 0.293286 0.681068 0.298564 0.687972 0.300594 0.694874 0.300594 0.702590 0.299376 0.705026 0.294504 0.704620 0.283134 0.707868 0.277044 0.707868 0.271358 0.703808 0.264456
1 0.746850 0.219384 0.746036 0.225474 0.742382 0.223850 0.739946 0.227098 0.737510 0.233190 0.737510 0.238874 0.741570 0.247808 0.750504 0.253086 0.758624 0.257146 0.764716 0.261614 0.768370 0.266892 0.772024 0.274200 0.775272 0.278668 0.782176 0.283946 0.785018 0.281510 0.783394 0.269734 0.784612 0.262020 0.789078 0.263238 0.796388 0.264862 0.806134 0.262426 0.804508 0.253086 0.800854 0.244152 0.791516 0.241310 0.781770 0.233190 0.769182 0.229128 0.764310 0.221820 0.754158 0.219384
0 0.674160 0.382296 0.664946 0.380454 0.659788 0.378612 0.651680 0.382666 0.646890 0.380086 0.649470 0.375294 0.647996 0.373452 0.645416 0.374926 0.643574 0.369030 0.650206 0.366450 0.659420 0.368294 0.664210 0.370136 0.682268 0.369768 0.686690 0.372346 0.688532 0.376400 0.688164 0.380086 0.685216 0.382296 0.681162 0.383770 0.680424 0.386718 0.682636 0.391140 0.688532 0.392246 0.689268 0.388562 0.693322 0.386350 0.695534 0.387824 0.693692 0.393720 0.691480 0.395932 0.678950 0.395194 0.677108 0.389298
1 0.710274 0.399248 0.705484 0.406618 0.705114 0.414726 0.705114 0.425044 0.708800 0.433152 0.718012 0.437942 0.725014 0.437942 0.728332 0.439784 0.731648 0.441258 0.739756 0.438310 0.744546 0.437206 0.750442 0.424676 0.748600 0.415462 0.749336 0.406250 0.748232 0.397038 0.741598 0.394458 0.732754 0.393720 0.725752 0.394458 0.715064 0.398512
1 0.741048 0.451932 0.739708 0.446908 0.737364 0.445568 0.736694 0.441546 0.733008 0.442216 0.729324 0.441546 0.726642 0.441882 0.726642 0.447242 0.729324 0.452602 0.734014 0.455618 0.736358 0.456958 0.733678 0.462318 0.732338 0.465668 0.734014 0.470358 0.734348 0.475718 0.738704 0.475718 0.741048 0.473038 0.737698 0.471364 0.737364 0.466672 0.740044 0.458298 0.743058 0.456958 0.745068 0.457628 0.745404 0.463992 0.742724 0.467678 0.744064 0.469688 0.748418 0.465332 0.749088 0.473708 0.751434 0.475384 0.752438 0.469354 0.755454 0.467342 0.757464 0.471028 0.761820 0.470358 0.762824 0.464998 0.766174 0.464662 0.768854 0.461982 0.768184 0.457628 0.763830 0.458298 0.760814 0.451262 0.757464 0.444898 0.754114 0.440542 0.750094 0.441546 0.745404 0.445902
1 0.666006 0.699172 0.672370 0.693142 0.670026 0.689792 0.664666 0.691466 0.660980 0.679742 0.657630 0.675386 0.655956 0.681416 0.658300 0.689456 0.660310 0.693142 0.654616 0.699172 0.649590 0.704868 0.654616 0.705538 0.661316 0.702522 0.663326 0.709558 0.665670 0.707548
1 0.679072 0.739708 0.678736 0.744064 0.670360 0.743728 0.659306 0.739708 0.659306 0.732004 0.663660 0.722622 0.674716 0.718268 0.686106 0.718268 0.689792 0.721282 0.691466 0.725302 0.690126 0.731334 0.687782 0.735688 0.684432 0.739708
1 0.687446 0.799006 0.687112 0.792306 0.684096 0.780580 0.680412 0.777564 0.681082 0.787616 0.681416 0.798670 0.678402 0.804700 0.673376 0.808052 0.671700 0.811066 0.677732 0.811736 0.684096 0.805370 0.686442 0.807382 0.690796 0.807716 0.690796 0.802690 0.696826 0.797666 0.693476 0.794650
1 0.735354 0.727312 0.726642 0.730998 0.722622 0.729324 0.718602 0.729658 0.720278 0.734684 0.720948 0.738368 0.719272 0.742054 0.718938 0.745404 0.722958 0.744734 0.726308 0.735018 0.731334 0.734014 0.733008 0.736358 0.729658 0.742724 0.725638 0.746744 0.729658 0.748754 0.731668 0.755118 0.733344 0.760144 0.734684 0.765504 0.738368 0.763494 0.735018 0.749758 0.735018 0.739374 0.738704 0.740378 0.740044 0.745068 0.741718 0.749758 0.744398 0.747748 0.743728 0.736358 0.743728 0.728318 0.742724 0.718268 0.739374 0.717262 0.737364 0.719942
0 0.960888 0.969138 0.956764 0.969866 0.950698 0.968410 0.943906 0.970352 0.943420 0.979328 0.943178 0.984180 0.940994 0.986608 0.943662 0.993158 0.949486 0.997768 0.949218 0.998046 0.958984 0.998046 0.954338 0.994614 0.949728 0.992672 0.952398 0.990974 0.959190 0.991460 0.962588 0.992430 0.962890 0.998046 0.966796 0.998046 0.967440 0.992188 0.970594 0.993644 0.973020 0.992916 0.972050 0.989034 0.967440 0.986122 0.971322 0.985152 0.977872 0.984666 0.982482 0.991702 0.984908 0.991460 0.984424 0.984908 0.988548 0.984666 0.989034 0.990490 0.989762 0.993158 0.992188 0.992916 0.992188 0.998046 0.998046 0.998046 0.997768 0.995342 0.996070 0.990246 0.997526 0.989518 0.998046 0.986328 0.997282 0.981026 0.997040 0.971564 0.995098 0.969138 0.991218 0.969138 0.990246 0.976660 0.981998 0.977630 0.982968 0.975204 0.986850 0.972050 0.986608 0.965984 0.979086 0.966470 0.973748 0.970594 0.971080 0.970836 0.966470 0.970836 0.965984 0.960404 0.963800 0.960404
0 0.979548 0.937472 0.978694 0.916718 0.976136 0.915296 0.970166 0.914728 0.967892 0.912454 0.973008 0.910464 0.978410 0.906768 0.979264 0.898808 0.978980 0.895680 0.982106 0.896248 0.984380 0.900228 0.988930 0.900512 0.991772 0.902218 0.995468 0.906484 0.998046 0.908204 0.998046 0.937500 0.987224 0.938040
0 0.994900 0.855594 0.994900 0.862132 0.992056 0.864692 0.986086 0.866682 0.979832 0.868672 0.968744 0.871230 0.954814 0.868388 0.943442 0.861564 0.942588 0.856732 0.945716 0.855310 0.952824 0.859290 0.953676 0.855594 0.952824 0.849624 0.952540 0.842800 0.957656 0.835694 0.970166 0.825742 0.977558 0.816930 0.979264 0.814370 0.981822 0.816646 0.973862 0.828302 0.968460 0.837398 0.966754 0.843370 0.969028 0.846212 0.970450 0.846780 0.973578 0.845644 0.976136 0.843084 0.978694 0.837968 0.978410 0.829722 0.982960 0.834272 0.986086 0.839388 0.987224 0.845644 0.986940 0.850192 0.993194 0.849340 0.998046 0.847656 0.998046 0.853516
1 0.790542 0.187478 0.790906 0.196952 0.794550 0.196952 0.794914 0.186750 0.799288 0.183470 0.798558 0.179826 0.793822 0.180554 0.791636 0.178732 0.787262 0.173632 0.784348 0.174724 0.786170 0.179826
1 0.709648 0.058120 0.709284 0.050104 0.704546 0.047552 0.696894 0.042816 0.696530 0.038444 0.698716 0.036986 0.703818 0.038444 0.707462 0.038444 0.707826 0.027876 0.712198 0.026418 0.715478 0.028240 0.716206 0.035528 0.717664 0.026418 0.719122 0.022046 0.724224 0.021682 0.725316 0.024960 0.728232 0.027876 0.732968 0.031520 0.734790 0.036256 0.737706 0.039900 0.741350 0.044274 0.744628 0.049010 0.744994 0.053382 0.740620 0.054476 0.740256 0.058484 0.735154 0.059578 0.728232 0.059578 0.725316 0.061764 0.731510 0.068322 0.730054 0.073060 0.724588 0.071238 0.719122 0.065772 0.707096 0.076704 0.703088 0.075246 0.711470 0.065408
1 0.512352 0.121728 0.512744 0.131904 0.511962 0.138558 0.511570 0.144038 0.513918 0.149910 0.520964 0.149518 0.525270 0.146778 0.525270 0.139732 0.528400 0.138558 0.530748 0.146778 0.532706 0.156172 0.537012 0.158520 0.544448 0.158520 0.545622 0.155388 0.544448 0.150692 0.541318 0.147170 0.537794 0.145212 0.534664 0.130730 0.529184 0.124076 0.519006 0.121336
1 0.468906 0.176134 0.464210 0.177700 0.459512 0.184354 0.459830 0.194160 0.456754 0.196466 0.453678 0.196850 0.450218 0.200696 0.448680 0.205694 0.446758 0.214152 0.446374 0.220304 0.450988 0.224916 0.458676 0.227608 0.474056 0.227992 0.480592 0.229146 0.492126 0.228762 0.495586 0.224916 0.494048 0.221072 0.489434 0.221072 0.485590 0.215690 0.482898 0.212230 0.478670 0.207616 0.479054 0.204540 0.480208 0.201464 0.484052 0.199542 0.488666 0.195696 0.488282 0.188008 0.487896 0.180318 0.484436 0.175320 0.482898 0.170322 0.479054 0.169938 0.478284 0.180318 0.475210 0.188392 0.473286 0.191852 0.472134 0.186854 0.472518 0.181856
0 0.984506 0.763618 0.984894 0.798108 0.986444 0.805082 0.992644 0.813608 0.995358 0.814384 0.994194 0.802758 0.996520 0.798108 0.993032 0.793070 0.996132 0.789194 0.998046 0.789062 0.998046 0.810546 0.998046 0.771484 0.994582 0.767106 0.988770 0.765556
1 0.995358 0.619846 0.989158 0.626822 0.984120 0.627208 0.978306 0.630310 0.976756 0.635346 0.975982 0.642322 0.975982 0.650072 0.978694 0.654724 0.976368 0.667512 0.980244 0.669836 0.993808 0.669450 0.998046 0.658204 0.998046 0.654296 0.998046 0.652344 0.998046 0.634766 0.998046 0.630860 0.997682 0.623722
1 0.988922 0.687788 0.986096 0.684334 0.987980 0.679624 0.990492 0.673658 0.990492 0.668948 0.987980 0.669262 0.982328 0.673972 0.980758 0.678996 0.974792 0.681508 0.972594 0.684962 0.975420 0.688416 0.979816 0.684962 0.982328 0.689358 0.983270 0.693442 0.980444 0.698466 0.980444 0.702548 0.984212 0.701920 0.991120 0.696582 0.995516 0.688416 0.995516 0.684020 0.993632 0.683392
1 0.065864 0.536574 0.060104 0.525626 0.058950 0.520442 0.063560 0.522746 0.067594 0.526202 0.073354 0.529660 0.074506 0.536574 0.074506 0.540606 0.068746 0.542334 0.065864 0.545792 0.060680 0.548096 0.061832 0.542334
1 0.244626 0.336784 0.244950 0.341312 0.242038 0.342606 0.239776 0.346162 0.239776 0.350366 0.239776 0.356510 0.242686 0.359744 0.248182 0.358774 0.251092 0.355864 0.253356 0.350042 0.254004 0.345838 0.251416 0.341958
1 0.109442 0.508486 0.108882 0.539354 0.112248 0.535426 0.118422 0.531496 0.121790 0.529814 0.124034 0.520834 0.127402 0.518028 0.122912 0.508486 0.121228 0.500068 0.118984 0.502874 0.119544 0.514660 0.116738 0.515220 0.115054 0.511292
1 0.505118 0.623540 0.504558 0.631960 0.500068 0.634204 0.498384 0.642062 0.507364 0.645990 0.515782 0.647112 0.518588 0.642062 0.520272 0.631960 0.516344 0.624102 0.511292 0.621296
1 0.769618 0.052220 0.777666 0.049536 0.779812 0.044708 0.774982 0.042560 0.769080 0.045780 0.763714 0.046854 0.757812 0.049536 0.759422 0.055976 0.763178 0.058122
1 0.703464 0.121942 0.700408 0.115490 0.698030 0.114810 0.698030 0.119566 0.699388 0.123642 0.701766 0.126358 0.703124 0.131794 0.704824 0.134850 0.708560 0.136548 0.710598 0.133832 0.709918 0.130774 0.710258 0.126698 0.713316 0.120244 0.713994 0.116508 0.710938 0.115828 0.707880 0.118546
1 0.350184 0.801012 0.348806 0.794578 0.351102 0.789062 0.356158 0.790900 0.358456 0.795036 0.362592 0.796876 0.366728 0.799172 0.368106 0.805148 0.364430 0.806986 0.361672 0.802850 0.359376 0.801930 0.357996 0.804688 0.357078 0.809742 0.353400 0.811580 0.348806 0.812960 0.350644 0.809284
1 0.751416 0.613174 0.747482 0.615632 0.742562 0.618584 0.739118 0.623504 0.736166 0.629408 0.740594 0.635804 0.746990 0.638756 0.751908 0.639740 0.748958 0.634820 0.749940 0.628916 0.752400 0.623996
1 0.686442 0.621114 0.683092 0.618434 0.680746 0.618434 0.681082 0.622118 0.681082 0.626810 0.682086 0.630830 0.684096 0.633174 0.683762 0.639204 0.687112 0.639874 0.689456 0.637530 0.690796 0.630494 0.692472 0.633844 0.695822 0.632840 0.696826 0.629490 0.696492 0.627480 0.694146 0.627144 0.694146 0.618098 0.691802 0.617094 0.690462 0.618768
1 0.450464 0.475028 0.457654 0.503188 0.464244 0.503188 0.458254 0.475028 0.458852 0.466042 0.454060 0.458254 0.451064 0.453460 0.449866 0.460650 0.452862 0.465442 0.449866 0.468438 0.441478 0.470236 0.442078 0.473830
1 0.568192 0.396090 0.570820 0.389960 0.572572 0.385142 0.570382 0.380764 0.567756 0.377260 0.564690 0.377260 0.560748 0.375946 0.558996 0.370252 0.558996 0.365436 0.556808 0.364122 0.553304 0.365436 0.552866 0.374632 0.552428 0.381638 0.548486 0.379450 0.540604 0.379450 0.536224 0.384704 0.537100 0.390398 0.541480 0.391712 0.549800 0.393024 0.557244 0.394776
1 0.605854 0.439006 0.601474 0.432000 0.595782 0.424992 0.594030 0.429372 0.597096 0.438130 0.601474 0.442948 0.605416 0.445576 0.606730 0.449078 0.610234 0.449078 0.611548 0.444262 0.610672 0.439882
1 0.694022 0.345106 0.707256 0.343502 0.709662 0.339090 0.712870 0.336282 0.715678 0.337084 0.716882 0.344304 0.720892 0.347110 0.720490 0.351122 0.714474 0.347512 0.710866 0.347110 0.704850 0.349116 0.699636 0.349518
1 0.936910 0.300854 0.921432 0.301224 0.911852 0.301224 0.904112 0.300854 0.896374 0.300118 0.893058 0.300118 0.884212 0.300118 0.880896 0.295696 0.898584 0.290536 0.907430 0.289062 0.916642 0.287588 0.922906 0.285746 0.936542 0.281692 0.947228 0.280218 0.957916 0.280586 0.960126 0.284640 0.959390 0.291274 0.953124 0.300118 0.944650 0.302330