0 0.091640 0.000200 0.111694 0.003408 0.125328 0.010226 0.130944 0.017446 0.137360 0.027472 0.136960 0.037098 0.130944 0.045920 0.124928 0.051536 0.120116 0.055144 0.115704 0.057552 0.122522 0.047124 0.126532 0.038702 0.125328 0.028274 0.116906 0.022258 0.110890 0.021858 0.104074 0.026670 0.093646 0.027472 0.084822 0.025466 0.076400 0.024664 0.066776 0.032284 0.067978 0.025868 0.078406 0.019050 0.089234 0.013836 0.097256 0.008622 0.086026 0.006618
0 0.112094 0.057552 0.114100 0.067578 0.118110 0.076000 0.122522 0.081614 0.128136 0.083620 0.129740 0.086026 0.135356 0.088030 0.130142 0.094848 0.122120 0.096854 0.122922 0.109286 0.124526 0.116506 0.121720 0.122522 0.116906 0.112896 0.110088 0.106078 0.104474 0.096454 0.099260 0.080812 0.099260 0.073994 0.103672 0.072792 0.097256 0.063968 0.097656 0.052738 0.099662 0.052338 0.103672 0.065572 0.106880 0.067978 0.108084 0.060358
0 0.104076 0.147630 0.108566 0.162896 0.115750 0.174120 0.122486 0.181304 0.129220 0.182650 0.127874 0.187590 0.126078 0.195672 0.126078 0.200162 0.121588 0.200610 0.119342 0.197916 0.119792 0.188038 0.122486 0.182650 0.116200 0.182202 0.111260 0.180854 0.105424 0.171874 0.101382 0.160650 0.101832 0.153466
0 0.129220 0.228448 0.140894 0.232938 0.148976 0.235184 0.145834 0.245062 0.135956 0.251796 0.124730 0.252244 0.112832 0.246560 0.107554 0.245240 0.104914 0.252278 0.101836 0.261516 0.098316 0.263716 0.087758 0.262836 0.088198 0.250958 0.092158 0.242162 0.101396 0.237762 0.112392 0.239082 0.123390 0.242600 0.130428 0.242600 0.138786 0.240402 0.129548 0.237762 0.124710 0.235122
0 0.114152 0.317382 0.123830 0.324422 0.133948 0.325740 0.141426 0.332340 0.149344 0.338938 0.148464 0.344656 0.143186 0.353454 0.143186 0.359612 0.140106 0.350374 0.138786 0.340258 0.135268 0.335418 0.128668 0.338058 0.121630 0.336298 0.117672 0.335418 0.113712 0.337178 0.105794 0.332340 0.101836 0.330140 0.093918 0.327940 0.083800 0.322222 0.076762 0.321342 0.078960 0.319142 0.090398 0.320022 0.097436 0.323102 0.105354 0.323102 0.109314 0.320902
0 0.093038 0.405362 0.103594 0.415478 0.116352 0.419878 0.132188 0.420758 0.142306 0.418118 0.153742 0.415918 0.160342 0.411520 0.163860 0.416798 0.160780 0.426476 0.149344 0.431316 0.151104 0.434394 0.158582 0.439234 0.169578 0.442752 0.186734 0.443192 0.185414 0.448032 0.166500 0.449790 0.155062 0.447152 0.144504 0.440112 0.137026 0.431754 0.132628 0.428236 0.123830 0.430436 0.118552 0.435714 0.115472 0.440992 0.114592 0.447592 0.125150 0.450670 0.138786 0.452870 0.146704 0.453750 0.137466 0.457268 0.119430 0.456390 0.111072 0.452870 0.104474 0.444072 0.105354 0.431754 0.108874 0.427796 0.098316 0.424716 0.093038 0.418998 0.084240 0.422518 0.078520 0.421638 0.089518 0.418558 0.088198 0.414160 0.086878 0.408000
0 0.125150 0.461668 0.129988 0.473544 0.136146 0.477944 0.140106 0.488502 0.140546 0.498178 0.140986 0.502138 0.137026 0.499058 0.133508 0.488062 0.127350 0.490260 0.120750 0.492900 0.116352 0.502578 0.115912 0.509176 0.115032 0.515774 0.109754 0.517974 0.106234 0.517094 0.107994 0.510496 0.108874 0.495980 0.110634 0.490700 0.095676 0.492460 0.091718 0.492900 0.089958 0.486302 0.092598 0.481024 0.098756 0.473104 0.100076 0.483662 0.107554 0.485422 0.112392 0.481462 0.113712 0.472666 0.119430 0.474424 0.119430 0.467386
0 0.097436 0.558884 0.106234 0.569882 0.117232 0.573840 0.125590 0.578240 0.127788 0.580438 0.129548 0.574280 0.134828 0.569882 0.144504 0.565042 0.147584 0.565042 0.140986 0.573400 0.138786 0.580438 0.138346 0.586598 0.146264 0.590996 0.147144 0.603314 0.143626 0.607712 0.133948 0.614310 0.125590 0.612552 0.126470 0.609472 0.131308 0.603314 0.132628 0.594076 0.123830 0.593196 0.120310 0.594516 0.125150 0.603314 0.122070 0.611232 0.116792 0.609472 0.116792 0.599794 0.112392 0.593196 0.107114 0.588796 0.104034 0.587038 0.100516 0.577360 0.096996 0.569442
0 0.132728 0.783382 0.126140 0.775630 0.126140 0.764392 0.128464 0.753154 0.131178 0.748504 0.136990 0.749666 0.141252 0.743078 0.143578 0.737654 0.146678 0.731840 0.149004 0.734940 0.151716 0.729516 0.147454 0.724866 0.140090 0.731454 0.136602 0.738040 0.131178 0.731066 0.121490 0.728740 0.111800 0.727578 0.115288 0.732228 0.126526 0.736878 0.132728 0.741142 0.127690 0.743466 0.118388 0.744242 0.109864 0.745792 0.104438 0.746954 0.102112 0.753930 0.104826 0.758192 0.116838 0.755480 0.119164 0.755092 0.116064 0.767106 0.120714 0.777956 0.127302 0.786870
0 0.266844 0.001648 0.293722 0.000454 0.312238 0.001052 0.331948 0.000454 0.345088 0.004038 0.354644 0.015386 0.365992 0.024942 0.372564 0.037486 0.373160 0.046444 0.365992 0.038082 0.357034 0.028526 0.340310 0.020164 0.328364 0.015984 0.321794 0.014788 0.315820 0.017178 0.312834 0.011206 0.304472 0.010608 0.296110 0.012996 0.278790 0.029720 0.270428 0.035096 0.270428 0.026734 0.282970 0.012996 0.272220 0.011206 0.264454 0.011206
0 0.341162 0.148386 0.330382 0.157898 0.325944 0.164240 0.313260 0.164240 0.308188 0.169314 0.301212 0.168678 0.303748 0.180728 0.296140 0.176922 0.296140 0.162972 0.301846 0.146484 0.293602 0.146484 0.287262 0.171216 0.292334 0.188338 0.315164 0.191508 0.331016 0.214336 0.344968 0.227020 0.349406 0.219410 0.328480 0.188338 0.326578 0.181996 0.330382 0.169948 0.337992 0.159802 0.345602 0.154094 0.361454 0.157264 0.364626 0.153460 0.357650 0.149020
0 0.266336 0.227020 0.287262 0.232092 0.301212 0.237166 0.315164 0.244774 0.322138 0.251116 0.332920 0.249848 0.336090 0.239068 0.345602 0.235896 0.345602 0.244140 0.343066 0.257458 0.335456 0.266970 0.324676 0.266970 0.324042 0.279652 0.320236 0.288530 0.305018 0.296774 0.291066 0.300578 0.278384 0.297408 0.291066 0.293602 0.301846 0.290432 0.307554 0.275848 0.307554 0.259994 0.305018 0.254920 0.294238 0.253018 0.286628 0.252384 0.279018 0.252384 0.270774 0.254286 0.262530 0.265066 0.255554 0.273310 0.251116 0.279652 0.249214 0.272042 0.256824 0.262530 0.263164 0.254286 0.271408 0.247946 0.281554 0.247312 0.273944 0.241604 0.261896 0.233360
0 0.332920 0.316432 0.327846 0.325310 0.328480 0.329748 0.336724 0.329748 0.342432 0.336724 0.353212 0.341162 0.367162 0.343700 0.379210 0.340528 0.360820 0.350674 0.345602 0.348138 0.332920 0.334822 0.326578 0.339894 0.321504 0.344968 0.317700 0.354480 0.315798 0.363992 0.315798 0.374138 0.318334 0.384918 0.321504 0.391894 0.323408 0.398868 0.317700 0.397600 0.311358 0.390624 0.299944 0.393162 0.288530 0.400136 0.283456 0.406478 0.284090 0.398868 0.290432 0.386820 0.307554 0.384918 0.305018 0.377942 0.303748 0.371602 0.285360 0.377308 0.270140 0.388088 0.262530 0.382382 0.266970 0.374138 0.284090 0.367796 0.292968 0.353846 0.298676 0.345602 0.290432 0.346236 0.285994 0.344334 0.286628 0.335456 0.280286 0.321504 0.285360 0.322138 0.289798 0.331016 0.303748 0.331650 0.317066 0.332284 0.322772 0.331650 0.318968 0.322138 0.324042 0.317700
0 0.317078 0.458296 0.316508 0.465128 0.331314 0.468546 0.339286 0.477656 0.337008 0.489614 0.333592 0.498156 0.333592 0.503280 0.343272 0.504418 0.342132 0.508974 0.329036 0.507266 0.317648 0.505558 0.307968 0.499864 0.299996 0.482780 0.297718 0.477086 0.291454 0.485628 0.290316 0.477086 0.288606 0.470254 0.284620 0.459434 0.278926 0.452032 0.289176 0.456588 0.296010 0.464560 0.297718 0.462850 0.294302 0.444630 0.290316 0.432672 0.283482 0.425838 0.277218 0.420144 0.285760 0.421852 0.293732 0.428686 0.299426 0.438934 0.302274 0.449184 0.302274 0.462850 0.304550 0.469114 0.308536 0.469114 0.310246 0.458296
0 0.314800 0.595526 0.319926 0.601220 0.331314 0.602360 0.337578 0.602360 0.350104 0.605206 0.354660 0.614888 0.359784 0.623428 0.361494 0.635956 0.360354 0.644498 0.356368 0.651900 0.352382 0.654178 0.352382 0.648484 0.354090 0.635956 0.352952 0.627414 0.343272 0.617734 0.335300 0.612610 0.325620 0.612610 0.321064 0.621720 0.320494 0.630830 0.319926 0.639942 0.327328 0.644498 0.322202 0.658732 0.316508 0.661010 0.317648 0.653038 0.310814 0.657024 0.305690 0.657024 0.310814 0.646206 0.311954 0.634816 0.310814 0.626844 0.314232 0.613748 0.307398 0.614888 0.301134 0.617734 0.291454 0.628554 0.286898 0.637094 0.285190 0.640512 0.281204 0.632540 0.284620 0.620012 0.294302 0.610902 0.306828 0.604068 0.310814 0.601220
0 0.301002 0.655614 0.297758 0.663076 0.286078 0.663726 0.278292 0.668916 0.285428 0.673782 0.299704 0.677028 0.297758 0.681570 0.297758 0.687410 0.305220 0.681894 0.311708 0.679298 0.321442 0.679948 0.321118 0.689032 0.311708 0.690330 0.305220 0.694222 0.304246 0.698116 0.319170 0.696170 0.327606 0.695520 0.331500 0.698440 0.330850 0.703306 0.325010 0.706876 0.320468 0.712066 0.329552 0.713040 0.343504 0.705254 0.345450 0.695844 0.340908 0.688382 0.337988 0.678000 0.337664 0.671188 0.335716 0.657236 0.333446 0.655938 0.330526 0.669890 0.326958 0.665672 0.316900 0.667942 0.313006 0.659508 0.307490 0.658534
0 0.326680 0.726876 0.326680 0.737750 0.324940 0.747320 0.321460 0.746450 0.313196 0.744710 0.303192 0.743406 0.296232 0.744276 0.291882 0.750366 0.291012 0.752976 0.303192 0.750800 0.310152 0.752976 0.313630 0.757760 0.317546 0.769070 0.320590 0.779510 0.327986 0.785164 0.331030 0.785164 0.327116 0.776466 0.324506 0.764286 0.328856 0.758630 0.331900 0.752106 0.332336 0.740796 0.332336 0.727746
0 0.347126 0.817354 0.339296 0.820400 0.330596 0.826054 0.326246 0.831710 0.324940 0.840410 0.315370 0.839104 0.312760 0.840844 0.314500 0.852154 0.317110 0.863898 0.319720 0.870424 0.321460 0.874774 0.329290 0.869988 0.336686 0.868684 0.344080 0.871294 0.345386 0.875208 0.345386 0.883908 0.346256 0.886518 0.353650 0.871728 0.353216 0.856070 0.349300 0.847370 0.338860 0.841280 0.334946 0.841280 0.339296 0.829100 0.343210 0.825184 0.349300 0.821704 0.361046 0.823880 0.371050 0.828230 0.391494 0.833014 0.388886 0.830404 0.378010 0.823010 0.362350 0.817790
0 0.336250 0.909574 0.333206 0.920014 0.329290 0.924364 0.323636 0.922624 0.311456 0.926538 0.313630 0.933064 0.310586 0.940022 0.299276 0.943938 0.294926 0.953072 0.297102 0.956988 0.307106 0.948288 0.306236 0.960032 0.306236 0.969168 0.310152 0.976998 0.319720 0.980042 0.316240 0.970038 0.314500 0.964818 0.320156 0.955248 0.324070 0.944808 0.329726 0.936978 0.335380 0.932628 0.335816 0.928278 0.344950 0.926974 0.353216 0.923494 0.361916 0.918708 0.359306 0.913054 0.348430 0.918274 0.341906 0.919578 0.341470 0.911314
0 0.639210 0.005396 0.637578 0.016822 0.637034 0.026070 0.632682 0.018998 0.635402 0.001044 0.611464 0.005396
0 0.622346 0.036952 0.608200 0.044568 0.602216 0.051640 0.604392 0.061434 0.606024 0.075034 0.611464 0.085916 0.621802 0.086460 0.621802 0.080476 0.616360 0.074490 0.614728 0.065786 0.626154 0.061434 0.637034 0.059802 0.644106 0.052728 0.645740 0.046744 0.644106 0.040760 0.650636 0.035320 0.654444 0.023894 0.648460 0.024982 0.641930 0.029880 0.637578 0.037496 0.631050 0.036952 0.627242 0.034232
0 0.597318 0.101150 0.612008 0.102238 0.621256 0.106590 0.632138 0.112030 0.641386 0.109854 0.649004 0.105502 0.658252 0.105502 0.659340 0.110398 0.646828 0.114750 0.643018 0.120190 0.629418 0.119102 0.623434 0.122366 0.614728 0.125088 0.608744 0.133248 0.603304 0.141408 0.598408 0.141408 0.597862 0.129440 0.604392 0.118558 0.606024 0.113662 0.598408 0.109310
0 0.619624 0.175684 0.624522 0.188196 0.632138 0.189828 0.636490 0.197990 0.646828 0.207782 0.653900 0.213222 0.643562 0.215942 0.633770 0.209414 0.635402 0.218118 0.636490 0.225736 0.627786 0.222472 0.625610 0.215942 0.625066 0.210502 0.622346 0.216486 0.619080 0.208326 0.615816 0.201254 0.605480 0.203430 0.603304 0.209958 0.600584 0.218118 0.600040 0.226824 0.598408 0.234440 0.591878 0.232264 0.585894 0.224104 0.585894 0.218662 0.592422 0.219752 0.593510 0.212134 0.595142 0.202886 0.598408 0.197990 0.606024 0.195268 0.603848 0.193636 0.594054 0.190916 0.589702 0.183844 0.587526 0.173508 0.594054 0.177316 0.598952 0.187108 0.606024 0.188196 0.609288 0.191460 0.608200 0.185476 0.608200 0.180580 0.612008 0.178948
0 0.618536 0.265450 0.624522 0.262186 0.629418 0.265994 0.632138 0.273068 0.640298 0.275788 0.642474 0.283948 0.646284 0.294830 0.647916 0.303534 0.650636 0.311150 0.656076 0.314960 0.666956 0.319856 0.669678 0.322576 0.654444 0.325296 0.644106 0.318768 0.640298 0.309518 0.634858 0.299182 0.634858 0.292110 0.633418 0.294892 0.629746 0.310728 0.627242 0.295918 0.621256 0.307342 0.615816 0.299726 0.604936 0.299182 0.596774 0.298094 0.601672 0.293198 0.610920 0.288844 0.616904 0.286124 0.625610 0.282860 0.620168 0.273612
0 0.628874 0.313326 0.626154 0.328016 0.629418 0.338898 0.631050 0.347602 0.631594 0.357938 0.640842 0.365556 0.648460 0.369908 0.645194 0.375892 0.634858 0.380244 0.631050 0.385686 0.629962 0.398742 0.627242 0.409080 0.620712 0.411256 0.620168 0.403638 0.619624 0.379700 0.621802 0.372628 0.617992 0.372084 0.624522 0.367732 0.621802 0.362292 0.613096 0.360114 0.602760 0.357938 0.617448 0.354130 0.621802 0.353586 0.619080 0.337810 0.621256 0.326928
0 0.635012 0.418648 0.636180 0.427224 0.638130 0.438530 0.639690 0.451004 0.644758 0.463090 0.652164 0.472446 0.660742 0.479074 0.668148 0.485700 0.671266 0.490768 0.663080 0.488040 0.653724 0.481022 0.643198 0.472446 0.638130 0.464648 0.633842 0.449444 0.629944 0.451784 0.623706 0.456462 0.610840 0.456852 0.601094 0.462700 0.596026 0.467378 0.590568 0.470496 0.595248 0.458022 0.601874 0.450614 0.614740 0.443988 0.620198 0.438920 0.615908 0.434240 0.619028 0.426834 0.626044 0.432682 0.630722 0.436970 0.629164 0.420596 0.631892 0.415138
0 0.614740 0.535600 0.627994 0.539500 0.640080 0.541448 0.650606 0.545736 0.657232 0.553144 0.659962 0.560160 0.658792 0.574976 0.651384 0.591348 0.646706 0.597976 0.640080 0.601874 0.641248 0.596416 0.646706 0.582772 0.652164 0.573416 0.653334 0.563280 0.654114 0.557042 0.641248 0.553534 0.634622 0.551584 0.627994 0.552754 0.625266 0.555872 0.640080 0.564060 0.649046 0.569518 0.647486 0.573026 0.635790 0.568738 0.623706 0.564060 0.613960 0.561720 0.610062 0.553924 0.606552 0.560940 0.603044 0.556262 0.606552 0.549246 0.608892 0.544178 0.605772 0.541838 0.607332 0.538720
0 0.626434 0.676334 0.625266 0.683742 0.635402 0.688810 0.647876 0.694268 0.656062 0.702454 0.674386 0.716488 0.689200 0.730524 0.696606 0.737150 0.700506 0.742608 0.691928 0.740660 0.684912 0.741438 0.674386 0.742608 0.673216 0.735982 0.671656 0.724676 0.662690 0.719608 0.656842 0.711420 0.650994 0.711032 0.646316 0.713370 0.642418 0.704404 0.638910 0.708302 0.635402 0.718048 0.626434 0.724286 0.613960 0.732472 0.608112 0.733252 0.614350 0.725846 0.624486 0.718048 0.629944 0.711032 0.635790 0.700506 0.630722 0.698556 0.615518 0.696606 0.602264 0.695828 0.591348 0.691148 0.590180 0.684132 0.603044 0.686860 0.615518 0.687250 0.619418 0.682572 0.621366 0.677504
0 0.626824 0.750016 0.635402 0.753914 0.645148 0.757032 0.645538 0.773406 0.642028 0.782372 0.639300 0.786272 0.635402 0.795238 0.634622 0.802254 0.629944 0.809662 0.615908 0.817458 0.607332 0.817068 0.600704 0.813560 0.614350 0.808882 0.624486 0.801476 0.625266 0.795628 0.621366 0.787440 0.613180 0.791730 0.606162 0.796798 0.599146 0.796408 0.615908 0.787050 0.620198 0.782762 0.613180 0.781204 0.604604 0.783152 0.604604 0.778864 0.608112 0.778084 0.610450 0.777304 0.620976 0.773796 0.622926 0.764440 0.625654 0.756642
0 0.632282 0.818238 0.632282 0.828764 0.630334 0.836172 0.625654 0.840070 0.619418 0.839290 0.612400 0.836172 0.606162 0.835002 0.594468 0.836172 0.590958 0.842020 0.586670 0.845528 0.580432 0.850596 0.578874 0.857612 0.591738 0.850986 0.594468 0.847476 0.606552 0.853324 0.601484 0.856444 0.604994 0.860342 0.604214 0.868138 0.603044 0.877496 0.607332 0.876326 0.612010 0.868138 0.615518 0.862680 0.618638 0.863460 0.622536 0.872428 0.626044 0.878664 0.628774 0.875546 0.624876 0.865020 0.626044 0.859562 0.631112 0.864630 0.636960 0.873596 0.641248 0.882562 0.643978 0.888800 0.650216 0.890360 0.653334 0.898546 0.654504 0.904004 0.660352 0.893088 0.656842 0.878274 0.647486 0.865410 0.642418 0.856834 0.644758 0.843578 0.644758 0.832272 0.643198 0.827594 0.635402 0.825646
0 0.628384 0.911412 0.626434 0.920768 0.625654 0.930904 0.624486 0.934412 0.615518 0.935582 0.613960 0.940650 0.614350 0.950786 0.606162 0.960532 0.604994 0.969888 0.604214 0.987432 0.605382 0.994448 0.610450 0.988600 0.622926 0.988212 0.626044 0.985092 0.617078 0.983144 0.613570 0.981194 0.617078 0.975346 0.621366 0.968328 0.622536 0.959752 0.624096 0.956244 0.633452 0.955464 0.632282 0.965210 0.631502 0.975346 0.639690 0.968718 0.640858 0.974566 0.640080 0.981194 0.633452 0.985482 0.628774 0.990550 0.637740 0.989380 0.645148 0.985482 0.650216 0.978076 0.644368 0.965210 0.642418 0.953514 0.639300 0.944158 0.629554 0.937532 0.631112 0.928174 0.633842 0.915310
0 0.835002 0.004242 0.830714 0.014768 0.831104 0.021004 0.831884 0.029582 0.829544 0.037378 0.821748 0.038548 0.817458 0.042836 0.818628 0.049464 0.826426 0.053752 0.829154 0.060770 0.818628 0.058430 0.811612 0.046734 0.806934 0.050634 0.804594 0.055702 0.804594 0.060770 0.798356 0.059990 0.793288 0.061938 0.783932 0.064668 0.774576 0.066616 0.765610 0.066226 0.759762 0.064278 0.766000 0.062328 0.777304 0.062328 0.789000 0.057260 0.793288 0.047124 0.795628 0.039328 0.802254 0.036988 0.796798 0.032310 0.794068 0.030362 0.783152 0.026072 0.774966 0.023734 0.767558 0.021394 0.765610 0.012818 0.777304 0.018666 0.789390 0.021004 0.796408 0.023734 0.803034 0.021784 0.802644 0.014768 0.794068 0.009700 0.798746 0.009700 0.811612 0.012428 0.820578 0.013208 0.824086 0.005412
0 0.844340 0.165098 0.836604 0.176216 0.831770 0.181050 0.832738 0.187820 0.831286 0.198454 0.825002 0.204740 0.817266 0.210542 0.809048 0.211024 0.809532 0.205706 0.819684 0.201840 0.824518 0.191686 0.819684 0.188302 0.802280 0.188786 0.787776 0.191686 0.780524 0.190236 0.774240 0.193136 0.774724 0.187820 0.786326 0.182018 0.807114 0.182984 0.813882 0.179600 0.810016 0.176700 0.816784 0.174282 0.822584 0.175732 0.827420 0.172832 0.839022 0.166548
0 0.832738 0.247766 0.837572 0.256952 0.837088 0.266138 0.846274 0.269522 0.860294 0.273872 0.868512 0.277740 0.861260 0.279674 0.844340 0.277256 0.835154 0.278708 0.825486 0.285476 0.819200 0.289826 0.810982 0.296112 0.808564 0.295628 0.816300 0.284992 0.823552 0.276774 0.806630 0.268554 0.803730 0.269038 0.802764 0.280640 0.803246 0.286926 0.798896 0.279190 0.795512 0.270006 0.778592 0.265654 0.773756 0.257918 0.786326 0.260820 0.792610 0.261786 0.799380 0.258402 0.816784 0.264688 0.826936 0.268554 0.830320 0.270006 0.829352 0.261302 0.827420 0.252118
0 0.837572 0.284992 0.837088 0.292244 0.840472 0.304814 0.842890 0.321250 0.841440 0.336720 0.839022 0.337688 0.844340 0.349290 0.848208 0.357026 0.842406 0.358960 0.832254 0.348324 0.827420 0.349290 0.824518 0.359926 0.824518 0.369596 0.823552 0.379748 0.824036 0.384582 0.820168 0.373946 0.816784 0.361860 0.821134 0.345906 0.818234 0.339622 0.810016 0.329952 0.805664 0.323184 0.810982 0.322700 0.806148 0.313516 0.799380 0.299012 0.795996 0.289826 0.797446 0.282574 0.801796 0.289342 0.809532 0.301430 0.817266 0.311582 0.825486 0.320284 0.829352 0.325118 0.826452 0.309648 0.826936 0.294660 0.826936 0.285476 0.834670 0.279674
0 0.798896 0.492390 0.813882 0.492390 0.823068 0.497226 0.829836 0.507378 0.835154 0.518980 0.836122 0.523332 0.864644 0.533000 0.872864 0.530582 0.874796 0.543152 0.873346 0.549920 0.872864 0.558140 0.881082 0.562490 0.877698 0.565392 0.865612 0.562006 0.866094 0.550404 0.860776 0.539284 0.846758 0.535900 0.835638 0.532034 0.831770 0.529616 0.827420 0.540252 0.826936 0.550888 0.825486 0.562974 0.826936 0.572642 0.830804 0.580862 0.828386 0.582796 0.820168 0.576026 0.818234 0.559590 0.819684 0.538802 0.819684 0.527198 0.812432 0.532034 0.806148 0.534934 0.810016 0.526716 0.808082 0.515112 0.812916 0.514630 0.818718 0.520914 0.819200 0.508344 0.817750 0.501092 0.809532 0.500126 0.798896 0.497708
0 0.803426 0.659712 0.811528 0.666536 0.817924 0.680182 0.828160 0.692122 0.831144 0.695108 0.836688 0.688712 0.846922 0.684446 0.861422 0.680608 0.866966 0.681888 0.853746 0.686152 0.845216 0.689138 0.836688 0.695960 0.834982 0.704064 0.831570 0.714298 0.821762 0.721548 0.814512 0.728370 0.812808 0.737326 0.808970 0.744150 0.804278 0.749692 0.802998 0.742016 0.808970 0.724532 0.814512 0.713872 0.824748 0.702358 0.814940 0.706196 0.812380 0.712166 0.811954 0.704916 0.816646 0.695960 0.807264 0.696814 0.797454 0.695108 0.808970 0.689564 0.808116 0.679330 0.802146 0.671654 0.800440 0.663124
0 0.838820 0.751826 0.839674 0.757368 0.835408 0.762912 0.837968 0.767604 0.838820 0.771868 0.847776 0.772294 0.855878 0.774426 0.854172 0.778692 0.843938 0.779118 0.841378 0.787220 0.840526 0.797882 0.837968 0.801720 0.840100 0.810248 0.842232 0.816646 0.843512 0.823468 0.837540 0.827306 0.830292 0.815792 0.823894 0.797454 0.823042 0.785514 0.814512 0.784236 0.806836 0.790632 0.802146 0.792338 0.805984 0.785514 0.796602 0.782530 0.788926 0.779970 0.786794 0.769310 0.793616 0.774426 0.802572 0.779118 0.813234 0.776560 0.823468 0.775280 0.821762 0.770588 0.814940 0.763340 0.818778 0.761634 0.827732 0.767604 0.830292 0.771442 0.829864 0.759074 0.834130 0.754384
0 0.890832 0.819170 0.880996 0.828538 0.876312 0.840714 0.868350 0.848208 0.860386 0.845398 0.854298 0.851956 0.847272 0.851020 0.841652 0.858982 0.838374 0.868818 0.836968 0.874906 0.831816 0.867412 0.834626 0.854298 0.842588 0.845868 0.851020 0.839310 0.849614 0.834626 0.838374 0.834158 0.827600 0.834158 0.816360 0.836032 0.820106 0.827132 0.826664 0.825258 0.833690 0.824322 0.842120 0.829474 0.848678 0.822916 0.857108 0.830880 0.860386 0.837904 0.866944 0.836032 0.870222 0.827600 0.872096 0.818702 0.876312 0.819170 0.877716 0.824322 0.883338 0.818702
0 0.849614 0.925022 0.844462 0.936732 0.841184 0.943758 0.836032 0.950314 0.829474 0.958278 0.829474 0.972328 0.828538 0.985912 0.828538 0.991532 0.823854 0.979354 0.818232 0.971860 0.816360 0.979354 0.815422 0.987784 0.812144 0.977012 0.810270 0.973734 0.800434 0.972796 0.793410 0.982632 0.796220 0.969050 0.787320 0.969050 0.775142 0.971392 0.774206 0.978886 0.766244 0.982632 0.768116 0.968114 0.768116 0.950314 0.772332 0.949378 0.774206 0.959682 0.774206 0.965772 0.779826 0.959214 0.787788 0.960150 0.794346 0.952656 0.806056 0.948910 0.814018 0.942352 0.825726 0.942352 0.835562 0.938606 0.837904 0.932048 0.843994 0.925022
1 0.063830 0.457572 0.070582 0.463286 0.078894 0.466402 0.078894 0.476792 0.077336 0.486660 0.073180 0.487180 0.072140 0.479908 0.066946 0.486660 0.062790 0.492374 0.058636 0.493414 0.058636 0.484582 0.061752 0.478868 0.058636 0.479388 0.057076 0.473674 0.058116 0.469000 0.063310 0.470038 0.061752 0.463286 0.060194 0.457572
1 0.066946 0.520424 0.072660 0.529256 0.080452 0.532372 0.080452 0.539644 0.079414 0.546916 0.075258 0.541202 0.069544 0.536528 0.065908 0.530814 0.063310 0.536008 0.055000 0.536528 0.048246 0.535488 0.054480 0.530294 0.060714 0.526138
1 0.067466 0.559384 0.062790 0.564578 0.058636 0.567694 0.058116 0.575486 0.064868 0.584836 0.065908 0.574966 0.069544 0.567694
1 0.038376 0.568214 0.040974 0.581200 0.038896 0.586914 0.032662 0.591070 0.034740 0.597822 0.040454 0.597822 0.048246 0.598342 0.049804 0.584316 0.051882 0.570812 0.042532 0.566136
1 0.149538 0.555748 0.160966 0.552630 0.168238 0.552630 0.176550 0.556786 0.178108 0.561980 0.171356 0.571850 0.163044 0.578084 0.160966 0.574448 0.165642 0.570292 0.171356 0.563538 0.166162 0.560422 0.157850 0.560422
1 0.166162 0.597304 0.166162 0.606134 0.162006 0.613926 0.163044 0.622236 0.160448 0.626392 0.155772 0.635742 0.153694 0.639898 0.160966 0.637300 0.172394 0.632626 0.180186 0.630028 0.182784 0.626392 0.177070 0.624834 0.170316 0.621718 0.170316 0.612886 0.172914 0.607692 0.177070 0.607692 0.184342 0.612886 0.193692 0.613406 0.196290 0.608730 0.189536 0.604056 0.179666 0.594706 0.171356 0.596264
1 0.042012 0.673662 0.043052 0.681454 0.045130 0.690284 0.042012 0.697038 0.041494 0.704828 0.050844 0.695998 0.055000 0.687688 0.055000 0.681454 0.063830 0.678336 0.070582 0.675740 0.072660 0.667948 0.072140 0.663272 0.066946 0.666390 0.061752 0.671064 0.055000 0.672104
1 0.065388 0.636262 0.062790 0.643014 0.055518 0.647690 0.050324 0.652884 0.059154 0.652364 0.063830 0.650286 0.058636 0.654962 0.054480 0.659636 0.053440 0.663272 0.066946 0.658598 0.071622 0.653404 0.075258 0.649768 0.085128 0.646132 0.082010 0.644054 0.073180 0.644572 0.069024 0.644054
1 0.084608 0.654962 0.093438 0.666390 0.101750 0.672104 0.109542 0.673662 0.117332 0.670026 0.126684 0.668468 0.132916 0.668986 0.132396 0.681974 0.137592 0.687688 0.144864 0.692362 0.140188 0.680414 0.138110 0.667948 0.133436 0.661714 0.121488 0.662754 0.109542 0.665350 0.101750 0.661196 0.099152 0.656520 0.091880 0.654442
1 0.163564 0.654442 0.163044 0.660676 0.155252 0.664832 0.152656 0.673142 0.161486 0.674182 0.162006 0.681974 0.167720 0.684570 0.168238 0.674182 0.169278 0.665870 0.170316 0.658598
1 0.215190 0.001370 0.214008 0.007670 0.212040 0.010820 0.208496 0.002946 0.197076 0.001764
1 0.199046 0.017908 0.202590 0.021846 0.208890 0.022240 0.212040 0.023028 0.210464 0.028934 0.209284 0.034054 0.212828 0.039960 0.214008 0.044686 0.210464 0.045866 0.204952 0.039960 0.200620 0.041142 0.201014 0.044292 0.195896 0.040748 0.191958 0.037992 0.184082 0.037204 0.176600 0.034054 0.184476 0.030904 0.192352 0.029328 0.197076 0.026178
1 0.029258 0.188144 0.030808 0.195506 0.038946 0.195894 0.039334 0.187368 0.037008 0.185044
1 0.160630 0.050572 0.160630 0.061422 0.158692 0.065298 0.157142 0.069948 0.159078 0.072660 0.164504 0.068398 0.165280 0.054834 0.165666 0.050572
1 0.218370 0.153654 0.231934 0.155204 0.238910 0.156366 0.241234 0.162566 0.243560 0.167216 0.245884 0.162954 0.243560 0.152104 0.241622 0.150166 0.231158 0.151328
1 0.213332 0.179230 0.213332 0.187368 0.213720 0.190468 0.218370 0.187368 0.223796 0.192406 0.228446 0.195118 0.229220 0.189306 0.221082 0.184656 0.217596 0.180392
1 0.185818 0.178068 0.192406 0.182330 0.194344 0.186206 0.194344 0.191632 0.197444 0.195894 0.202870 0.194344 0.207132 0.189306 0.204420 0.182330 0.201706 0.185430 0.197444 0.180780 0.193568 0.177292
2 0.142802 0.188918 0.155592 0.187368 0.161404 0.186594 0.161792 0.184268 0.164116 0.186206 0.167216 0.187756 0.171868 0.187756 0.168380 0.193568 0.164892 0.198994 0.158692 0.199770 0.149778 0.195506 0.144352 0.193182
1 0.170704 0.249372 0.167216 0.260222 0.166054 0.266810 0.161792 0.269912 0.156754 0.277274 0.164116 0.278050 0.170704 0.275724 0.174580 0.265260 0.175354 0.255960
1 0.082336 0.309626 0.083812 0.305200 0.089224 0.306676 0.096112 0.310118 0.103982 0.312578 0.108410 0.311594 0.100540 0.307168 0.101032 0.303724 0.109886 0.302248 0.123662 0.305200 0.119726 0.301264 0.113330 0.296344 0.119726 0.295360 0.122678 0.287488 0.126122 0.284536 0.134486 0.281584 0.137928 0.274696 0.134978 0.269286 0.129566 0.262890 0.121202 0.256002 0.119234 0.250590 0.115790 0.250590 0.114314 0.258954 0.122678 0.263874 0.128090 0.269778 0.128090 0.275680 0.121694 0.278632 0.118250 0.283552 0.113330 0.286012 0.106442 0.283552 0.103492 0.282076 0.103000 0.290440 0.104474 0.297820 0.098572 0.299788 0.096112 0.301264 0.091192 0.304708 0.085288 0.302248
1 0.147070 0.291796 0.155780 0.292802 0.165832 0.292466 0.171526 0.291126 0.167172 0.288446 0.161476 0.286100 0.151760 0.286772 0.145396 0.288112
1 0.135010 0.308546 0.139700 0.311226 0.138026 0.316252 0.139366 0.320608 0.144726 0.318932 0.150420 0.316922 0.152096 0.320942 0.155780 0.319602 0.152766 0.308882 0.145060 0.308882
1 0.259846 0.288054 0.267540 0.297456 0.273096 0.305576 0.275232 0.310278 0.273950 0.313270 0.267968 0.309850 0.264976 0.308996 0.267968 0.314124 0.271814 0.318826 0.270532 0.320962 0.263694 0.317970 0.259420 0.319252 0.259420 0.314552 0.256000 0.311132 0.250872 0.308568 0.247880 0.302158 0.247452 0.296602 0.251300 0.295746 0.253864 0.301730 0.255146 0.297028 0.258992 0.297884 0.255146 0.291472
1 0.206852 0.336776 0.218818 0.343614 0.226938 0.348314 0.226938 0.356434 0.226084 0.365836 0.225230 0.374384 0.223520 0.377804 0.221810 0.370538 0.220956 0.358572 0.221382 0.353870 0.214972 0.350024 0.203432 0.340622
1 0.243180 0.362418 0.238050 0.367546 0.229930 0.375666 0.236768 0.374384 0.247452 0.370966 0.253436 0.375240 0.253864 0.367120 0.250018 0.363272
1 0.272240 0.349596 0.273096 0.355580 0.273522 0.363272 0.275232 0.367974 0.279506 0.367120 0.280788 0.357290 0.278652 0.348314
1 0.252582 0.386352 0.259420 0.393190 0.251300 0.394898 0.252582 0.399600 0.264976 0.405584 0.268822 0.409430 0.270958 0.420542 0.272668 0.411994 0.274806 0.403874 0.276088 0.399172 0.272668 0.399172 0.270104 0.392762 0.261984 0.385924
1 0.145294 0.704766 0.145822 0.716940 0.144234 0.723292 0.139472 0.726996 0.132590 0.728056 0.124650 0.727526 0.117770 0.724880 0.113006 0.721174 0.107184 0.717998 0.104008 0.715352 0.099774 0.711118 0.099774 0.704766 0.099774 0.702120 0.106126 0.705824 0.110888 0.713764 0.119358 0.718528 0.129414 0.719056 0.133120 0.719056 0.137354 0.715882 0.137354 0.710058
1 0.275502 0.740758 0.280794 0.749756 0.278678 0.756108 0.274972 0.761402 0.274972 0.766694 0.280266 0.767752 0.286618 0.757696 0.295616 0.760872 0.296674 0.756108 0.288734 0.750816 0.285030 0.742876 0.281854 0.739170
1 0.210926 0.768282 0.208280 0.777280 0.203516 0.779926 0.188166 0.784162 0.187638 0.786808 0.198752 0.786808 0.205104 0.785220 0.206164 0.792630 0.213044 0.791042 0.212514 0.780986 0.215162 0.773576
1 0.134708 0.789984 0.137884 0.799510 0.134178 0.807980 0.139472 0.811156 0.143706 0.803746 0.147410 0.804274 0.147410 0.797394 0.141588 0.790512
1 0.127298 0.821212 0.126768 0.837092 0.124122 0.842384 0.117770 0.841326 0.113536 0.840796 0.116712 0.838680 0.109300 0.840268 0.104008 0.837092 0.098186 0.836032 0.099244 0.832856 0.110360 0.832328 0.118828 0.831798 0.122534 0.828622
1 0.259428 0.800018 0.260776 0.808998 0.265266 0.814386 0.270204 0.822468 0.274694 0.822468 0.277838 0.830100 0.280980 0.832794 0.282776 0.820222 0.280980 0.813038 0.278736 0.810344 0.274246 0.811692 0.271552 0.807650 0.264368 0.804956
1 0.239674 0.903286 0.249552 0.907328 0.254040 0.914062 0.256286 0.918104 0.261674 0.917206 0.260326 0.911818 0.264816 0.910470 0.266164 0.906430 0.266612 0.904184 0.260326 0.904634 0.255836 0.905980 0.249552 0.899246 0.242816 0.899694
1 0.204652 0.938308 0.211836 0.945044 0.219918 0.952228 0.222612 0.955818 0.219468 0.959410 0.220366 0.967044 0.219468 0.970186 0.216326 0.963452 0.214080 0.954472 0.205100 0.949534 0.201508 0.944146 0.200162 0.939656
2 0.212284 0.976472 0.212284 0.982758 0.206896 0.985452 0.203304 0.989044 0.200162 0.992636 0.210040 0.991290 0.212890 0.998046 0.217224 0.992636 0.227102 0.989494 0.231142 0.997126 0.232422 0.998046 0.232938 0.992636 0.231142 0.982758 0.235632 0.977370 0.233388 0.971084 0.230244 0.970186 0.228448 0.976024 0.221264 0.979166
1 0.074892 0.978718 0.080730 0.982310 0.087464 0.981412 0.090158 0.987248 0.082526 0.990840 0.084322 0.993534 0.091796 0.998046 0.078124 0.998046 0.070312 0.998046 0.058594 0.998046 0.062320 0.995330 0.056932 0.992636 0.056932 0.989494 0.064116 0.988146 0.066810 0.991738 0.067708 0.994882 0.073096 0.993984 0.074444 0.989494
1 0.235632 0.932472 0.233388 0.938758 0.230694 0.942798 0.229796 0.946390 0.231592 0.954920 0.234734 0.952676 0.234734 0.946390 0.239224 0.944146 0.241020 0.932022
0 0.106770 0.892062 0.100036 0.901490 0.100036 0.909572 0.110812 0.914512 0.126976 0.916756 0.130118 0.924838 0.129670 0.930676 0.126078 0.938308 0.123832 0.944146 0.125180 0.948186 0.130118 0.941002 0.134608 0.931124 0.145834 0.931124 0.157508 0.932472 0.167386 0.937860 0.171874 0.936064 0.165140 0.929778 0.148976 0.925288 0.135956 0.919002 0.128772 0.912716 0.118894 0.903736 0.109914 0.897000 0.113056 0.893858
1 0.399894 0.014874 0.406362 0.015306 0.412830 0.013150 0.419296 0.011426 0.419728 0.014874 0.411968 0.020480 0.409812 0.027378 0.408086 0.032552 0.405500 0.029534 0.405500 0.021774
2 0.327462 0.064888 0.324442 0.069200 0.318838 0.073080 0.316682 0.080410 0.311940 0.081704 0.305472 0.078686 0.301160 0.075668 0.297280 0.079116 0.298574 0.086446 0.303316 0.090758 0.297280 0.093344 0.291676 0.092482 0.290812 0.096362 0.298574 0.099380 0.304610 0.095932 0.306334 0.099812 0.305904 0.104124 0.299004 0.107572 0.298574 0.111884 0.309352 0.112746 0.314526 0.110590 0.315388 0.103262 0.318406 0.108004 0.327462 0.108866 0.320994 0.099812 0.315820 0.092482 0.318406 0.090758 0.327462 0.090326 0.330480 0.083860 0.334790 0.078686 0.334790 0.076960 0.326598 0.082998 0.323150 0.081704 0.325306 0.077392 0.330910 0.072650
1 0.366264 0.075236 0.370576 0.082998 0.374456 0.088170 0.370576 0.092482 0.367128 0.098950 0.368852 0.104986 0.373594 0.100244 0.379200 0.091620 0.380492 0.088170 0.376612 0.078254 0.372300 0.075668
1 0.414986 0.085152 0.409812 0.090326 0.402482 0.095500 0.395584 0.100244 0.386960 0.103692 0.386530 0.111022 0.391702 0.116628 0.402482 0.120938 0.416278 0.121800 0.425764 0.124388 0.433094 0.123094 0.436974 0.117058 0.440424 0.112316 0.443872 0.112746 0.443872 0.119646 0.449478 0.120938 0.452496 0.114040 0.450340 0.101968 0.446890 0.097226 0.445598 0.090758 0.439560 0.088170 0.430506 0.089464 0.422314 0.086878 0.420160 0.084722
1 0.347726 0.135166 0.351174 0.138616 0.352900 0.145084 0.355054 0.147238 0.362816 0.144220 0.368420 0.143358 0.366696 0.133874 0.362384 0.131286 0.355054 0.131718
1 0.395152 0.134736 0.401188 0.144220 0.407224 0.148102 0.408950 0.145946 0.413692 0.145084 0.414122 0.141634 0.408086 0.138616 0.403344 0.137754
1 0.420160 0.263650 0.429214 0.263650 0.432232 0.261926 0.435680 0.267530 0.438268 0.272704 0.434388 0.271412 0.430506 0.267530 0.423608 0.268824
1 0.406362 0.333498 0.407656 0.341690 0.402050 0.342982 0.396876 0.345570 0.396876 0.349882 0.405930 0.350744 0.410242 0.354192 0.412398 0.363246 0.415848 0.362816 0.415416 0.354624 0.414986 0.345138 0.413260 0.337808
2 0.383080 0.536140 0.381786 0.541314 0.380492 0.546918 0.373164 0.547780 0.378338 0.551660 0.381356 0.555110 0.381356 0.564596 0.386530 0.569770 0.391272 0.562440 0.391272 0.554678 0.396876 0.562008 0.402482 0.564164 0.404638 0.560284 0.400326 0.550368 0.405068 0.546918 0.405068 0.540882 0.399894 0.543900 0.395152 0.539158 0.393858 0.534846
1 0.402428 0.590302 0.411482 0.591596 0.415040 0.594830 0.420212 0.592566 0.425064 0.591274 0.424094 0.588040 0.417302 0.587716 0.408572 0.586422 0.405338 0.587392
1 0.406308 0.616172 0.401134 0.620700 0.394344 0.621992 0.392726 0.618436 0.391110 0.612292 0.388200 0.614232 0.389170 0.624256 0.388524 0.627814 0.395314 0.627166 0.400164 0.627490 0.402104 0.631694 0.405338 0.633310 0.405338 0.627814 0.405014 0.623932 0.409218 0.621022
1 0.372354 0.668880 0.371062 0.673732 0.370738 0.680846 0.363948 0.682138 0.358126 0.682138 0.353924 0.683108 0.348426 0.685048 0.352306 0.687636 0.366534 0.685696 0.370092 0.688282 0.374942 0.693134 0.379792 0.689900 0.377852 0.682138 0.375912 0.675348
1 0.383672 0.792406 0.386582 0.798874 0.388200 0.807280 0.391756 0.811162 0.397578 0.813748 0.389816 0.816336 0.390140 0.820538 0.393050 0.826036 0.393050 0.828622 0.387876 0.824096 0.386582 0.819892 0.383026 0.821508 0.378176 0.819568 0.373972 0.817952 0.368474 0.816336 0.373002 0.810838 0.380116 0.808898 0.382380 0.806310 0.380116 0.799844 0.378176 0.792406
1 0.373972 0.874540 0.378822 0.884566 0.375588 0.888768 0.372032 0.892002 0.371062 0.896206 0.380762 0.895882 0.387876 0.899764 0.394990 0.899764 0.398870 0.897500 0.403722 0.894590 0.401458 0.890062 0.393050 0.890062 0.394020 0.883596 0.394344 0.878422 0.388524 0.877452 0.383350 0.877452 0.377528 0.872278
1 0.432500 0.957970 0.432500 0.967346 0.431530 0.972844 0.429268 0.977694 0.429268 0.980928 0.437674 0.975754 0.444466 0.978018 0.448670 0.976724 0.447052 0.970904 0.449962 0.968640 0.460634 0.968640 0.457076 0.964436 0.454490 0.964436 0.459016 0.951826 0.459016 0.943094 0.453520 0.950854 0.452550 0.957322 0.449316 0.963142 0.443172 0.961202 0.436704 0.960232
1 0.590424 0.009238 0.584090 0.012932 0.580394 0.013460 0.574588 0.019268 0.567198 0.020324 0.554530 0.020324 0.542388 0.020324 0.545028 0.015572 0.547138 0.007126 0.547666 0.002904 0.538692 0.002904 0.531302 0.002904
1 0.559808 0.181852 0.566670 0.186602 0.572476 0.190826 0.578284 0.192938 0.575644 0.197688 0.566670 0.197160 0.559808 0.192938 0.557168 0.187130
1 0.542388 0.193464 0.539220 0.197160 0.531302 0.199272 0.527080 0.200328 0.520218 0.197160 0.517578 0.198744 0.523384 0.204550 0.530248 0.207190 0.531830 0.211940 0.536054 0.205606 0.538692 0.205606 0.538166 0.215108 0.540804 0.221442 0.545028 0.223026 0.543972 0.211940 0.545556 0.201384 0.547666 0.198744
1 0.563502 0.248364 0.554530 0.247308 0.549778 0.248364 0.541332 0.252058 0.538692 0.256810 0.539748 0.264728 0.538166 0.269478 0.530248 0.273702 0.533414 0.275286 0.542916 0.273174 0.552418 0.268422 0.547138 0.265256 0.545556 0.259448 0.548722 0.254698 0.556640 0.255226 0.564030 0.255226 0.567198 0.253642
1 0.583034 0.291122 0.580922 0.298512 0.579866 0.304318 0.583034 0.307486 0.579340 0.310124 0.571948 0.312236 0.570366 0.314876 0.575116 0.317514 0.583562 0.316986 0.585674 0.313292 0.587258 0.321738 0.589896 0.328600 0.594120 0.332824 0.594120 0.320154 0.592536 0.311708 0.599398 0.309068 0.592536 0.304846 0.587258 0.302206 0.589896 0.292176
1 0.550834 0.323322 0.559280 0.325960 0.563502 0.323850 0.565086 0.331240 0.564558 0.341270 0.562976 0.346020 0.558752 0.343380 0.557696 0.338102 0.552946 0.340214 0.550306 0.342324 0.548722 0.339158 0.551890 0.333878
1 0.521274 0.850666 0.514410 0.854360 0.513356 0.858584 0.508076 0.860694 0.501214 0.864390 0.500158 0.871780 0.503854 0.878642 0.508076 0.879170 0.507548 0.873364 0.507020 0.869140 0.513356 0.867558 0.518106 0.865446 0.520746 0.859638
1 0.751400 0.026378 0.758306 0.031802 0.756826 0.037228 0.756826 0.041174 0.761758 0.037720 0.764718 0.031310 0.760772 0.026378 0.755840 0.023418
1 0.676926 0.110224 0.684324 0.111210 0.691722 0.109236 0.695174 0.108744 0.694188 0.116636 0.689256 0.122554 0.685804 0.120580 0.685804 0.117622 0.679392 0.115648
1 0.747948 0.107264 0.756332 0.113182 0.759292 0.120580 0.763732 0.117128 0.761758 0.124034 0.762252 0.131432 0.765210 0.132912 0.767676 0.123046 0.769650 0.116636 0.774088 0.112690 0.773102 0.106278 0.764224 0.106770 0.753866 0.104304
2 0.816012 0.098880 0.814532 0.108250 0.812066 0.113182 0.810094 0.120580 0.816012 0.119102 0.819958 0.123540 0.825876 0.119594 0.828342 0.109236 0.831302 0.102826 0.829328 0.097892 0.825876 0.102826 0.820944 0.105292 0.820944 0.098880
1 0.853002 0.076684 0.863854 0.079150 0.871252 0.085070 0.879142 0.084576 0.881610 0.081124 0.875690 0.078658 0.875690 0.073726 0.868786 0.075698 0.853002 0.071752
1 0.914162 0.059422 0.910216 0.068300 0.906762 0.076684 0.900352 0.080138 0.893940 0.076192 0.886542 0.074218 0.891474 0.071752 0.896898 0.070766 0.895420 0.063862 0.894926 0.059422 0.901830 0.062382 0.904296 0.066328 0.906270 0.059916
1 0.871252 0.193576 0.880622 0.190618 0.888020 0.188152 0.893940 0.182726 0.896406 0.187658 0.898872 0.194070 0.896406 0.201962 0.889500 0.202454 0.891474 0.196042 0.886048 0.195056 0.878650 0.197028
1 0.873718 0.211826 0.871252 0.221196 0.867306 0.224156 0.861880 0.226128 0.850044 0.226622 0.845604 0.229580 0.853002 0.232048 0.863854 0.231060 0.871252 0.235992 0.878156 0.235500 0.879636 0.233034 0.873224 0.229580 0.873718 0.223170 0.878156 0.217250
1 0.680378 0.179766 0.677912 0.189138 0.677418 0.193576 0.685804 0.189630 0.695668 0.189630 0.698134 0.186178 0.692216 0.178780
1 0.725754 0.200974 0.729700 0.208866 0.730192 0.217250 0.737590 0.222182 0.738578 0.209360 0.742522 0.199002 0.740550 0.195550 0.735618 0.202454 0.732166 0.199002
1 0.883582 0.301590 0.875198 0.307508 0.866812 0.308988 0.867800 0.314906 0.872732 0.321812 0.872732 0.331182 0.877664 0.328716 0.878650 0.314906 0.885062 0.308496
1 0.700600 0.298630 0.709478 0.300604 0.712436 0.303070 0.716876 0.307508 0.720328 0.304550 0.717370 0.296164 0.711450 0.294686 0.704052 0.294192
1 0.680872 0.311454 0.685310 0.318852 0.690242 0.323784 0.695668 0.325758 0.695668 0.330196 0.688762 0.330690 0.683830 0.326744 0.679392 0.321318 0.675940 0.321812 0.670020 0.317866 0.675446 0.315400
1 0.692216 0.394808 0.694188 0.406152 0.700600 0.411576 0.705038 0.417988 0.708984 0.411084 0.715890 0.415522 0.716876 0.412070 0.719342 0.401712 0.718848 0.390862 0.705038 0.389382
1 0.878650 0.424400 0.882102 0.434758 0.889500 0.441662 0.891966 0.449060 0.886542 0.450048 0.884568 0.452020 0.879636 0.446594 0.875690 0.443636 0.866812 0.444128 0.861880 0.444128 0.854976 0.448568 0.858428 0.453006 0.858428 0.455966 0.853002 0.455966 0.847084 0.453994 0.840180 0.453994 0.834260 0.452514 0.832288 0.450048 0.837220 0.446594 0.844124 0.447088 0.852016 0.447088 0.853990 0.440676 0.858428 0.436730 0.868786 0.436730 0.877664 0.437718 0.875198 0.430812
1 0.770142 0.470762 0.775074 0.475202 0.780008 0.477668 0.788392 0.475694 0.790858 0.477668 0.783952 0.482600 0.778528 0.488518 0.780994 0.490984 0.780008 0.497890 0.775568 0.498382 0.773596 0.495422 0.769650 0.497396 0.763732 0.499368 0.763732 0.492956 0.770142 0.484572 0.768170 0.478654 0.766198 0.476680
1 0.871744 0.510220 0.876184 0.510220 0.880622 0.507260 0.887528 0.508740 0.892460 0.510220 0.889500 0.513178 0.882102 0.515152 0.877170 0.518110 0.871252 0.521070 0.871252 0.516632
1 0.903804 0.564966 0.893446 0.570392 0.889008 0.573844 0.885554 0.575816 0.884568 0.572858 0.879142 0.573350 0.871744 0.574830 0.869772 0.573350 0.875198 0.568912 0.883088 0.563980 0.892952 0.562994
1 0.844124 0.590120 0.837714 0.598012 0.836234 0.603930 0.830808 0.611328 0.829822 0.617246 0.827356 0.626618 0.823410 0.628590 0.821438 0.622672 0.823410 0.608368 0.818970 0.605410 0.814532 0.600970 0.811572 0.604424 0.804174 0.608368 0.804174 0.604424 0.810586 0.593080 0.815026 0.584694 0.824890 0.586174 0.829328 0.585682 0.831794 0.593080 0.837714 0.588148
1 0.642894 0.482600 0.642400 0.491970 0.643386 0.500848 0.643880 0.508246 0.650292 0.503314 0.650786 0.498382 0.657196 0.495916 0.662622 0.489998 0.655718 0.490490 0.649798 0.493450 0.649306 0.487038 0.650292 0.478654
1 0.711450 0.612808 0.715890 0.619712 0.712436 0.628590 0.701092 0.625632 0.694682 0.621192 0.702080 0.618234 0.707012 0.616754
1 0.848070 0.874210 0.839192 0.877170 0.833274 0.878650 0.828342 0.886542 0.826862 0.891474 0.822424 0.888020 0.825876 0.877170 0.817984 0.881116 0.813052 0.884568 0.814038 0.890980 0.813052 0.893940 0.806640 0.890486 0.809600 0.878156 0.815026 0.871252 0.819464 0.863360 0.822916 0.860894 0.828836 0.867306 0.830314 0.872732 0.834260 0.876184 0.844618 0.869772 0.850536 0.868292
1 0.946004 0.819356 0.943462 0.829020 0.942952 0.838684 0.945496 0.844788 0.954650 0.841736 0.959738 0.839192 0.951600 0.837158 0.949564 0.829020 0.951090 0.821900
1 0.987368 0.764040 0.974562 0.767242 0.962554 0.772846 0.946546 0.777648 0.939342 0.784052 0.956952 0.785652 0.970560 0.792856 0.976962 0.804864 0.985768 0.816870 0.993772 0.829678 0.998046 0.830078 0.998046 0.763672