0 0.277172 0.026328 0.265682 0.033030 0.251322 0.033030 0.250364 0.040690 0.264726 0.041648 0.278128 0.040690 0.281958 0.056966 0.282916 0.066540 0.288660 0.052180 0.284830 0.034946 0.307808 0.055052 0.319298 0.057924 0.325042 0.055052 0.309724 0.037818 0.294404 0.024414 0.276214 0.010052 0.274300 0.009096
0 0.284830 0.086646 0.267598 0.078986 0.255150 0.066540 0.245576 0.053136 0.240790 0.056966 0.255150 0.078030 0.269512 0.091434 0.261852 0.098134 0.258024 0.119198 0.258980 0.132602 0.270470 0.125900 0.271426 0.112496 0.277172 0.101964 0.277172 0.113454 0.285788 0.097178 0.291532 0.096220 0.303022 0.107710 0.300150 0.095262 0.294404 0.091434 0.312596 0.084732 0.322170 0.066540 0.305894 0.075158 0.293448 0.078986
0 0.114252 0.337648 0.093826 0.342754 0.101486 0.349138 0.095104 0.369562 0.107868 0.367008 0.119358 0.351690 0.135952 0.364456 0.151272 0.365732 0.130846 0.344030 0.115528 0.323606
0 0.089996 0.517642 0.097656 0.526578 0.073402 0.539344 0.058084 0.553386 0.056806 0.566150 0.100210 0.536790 0.106592 0.529130 0.125740 0.543172 0.155102 0.534238 0.160208 0.524024 0.132124 0.529130 0.119358 0.526578 0.115528 0.520196 0.107868 0.509982
0 0.296272 0.248150 0.287780 0.242490 0.280230 0.233054 0.273626 0.242490 0.260416 0.232110 0.255698 0.244376 0.276456 0.250982 0.267964 0.266078 0.263248 0.278344 0.261360 0.292496 0.287780 0.264190 0.292496 0.257586 0.300988 0.269852 0.308538 0.264190 0.305706 0.254756 0.315142 0.245320 0.305706 0.243432
0 0.276456 0.202860 0.271740 0.219844 0.295328 0.205692 0.287780 0.218900 0.298158 0.197200 0.299102 0.184934 0.280230 0.183046 0.277400 0.192482
0 0.285892 0.317972 0.278344 0.328352 0.261360 0.335900 0.252868 0.338730 0.254756 0.345336 0.272682 0.347222 0.277400 0.341560 0.269852 0.360432 0.271740 0.374584 0.274570 0.384020 0.281174 0.383076 0.286836 0.345336 0.289666 0.342504 0.309480 0.352884 0.309480 0.336844 0.301932 0.321746 0.308538 0.316086 0.296272 0.316086
0 0.100958 0.111338 0.089636 0.116998 0.076426 0.129264 0.095298 0.139644 0.106620 0.120772 0.115112 0.133982 0.105676 0.143418 0.116998 0.155684 0.123604 0.144362 0.125490 0.130208 0.116998 0.114168 0.108506 0.089636 0.100016 0.090580 0.104732 0.100958 0.091524 0.090580 0.085862 0.094354
0 0.097184 0.264190 0.081144 0.275514 0.081144 0.289666 0.104732 0.300046 0.102846 0.284948 0.111338 0.267022
0 0.095298 0.157570 0.083974 0.182102 0.102846 0.171724 0.112282 0.185878 0.115112 0.170780 0.130208 0.175498 0.118886 0.154740 0.112282 0.147192 0.106620 0.150966
1 0.080200 0.173612 0.063218 0.183990 0.040572 0.193426 0.057556 0.197200 0.080200 0.196256 0.087750 0.200030 0.100016 0.189652 0.092466 0.182102
2 0.059442 0.215126 0.053782 0.224562 0.052838 0.231166 0.061330 0.237772 0.070766 0.234942 0.077370 0.227392 0.072652 0.214184
0 0.108228 0.425358 0.089098 0.425358 0.086078 0.441466 0.088092 0.454554 0.090106 0.463616 0.071984 0.473684 0.082052 0.483750 0.101180 0.459588 0.111248 0.446500 0.112254 0.438446 0.128362 0.433412 0.131382 0.423344 0.128362 0.413278 0.119302 0.421332
0 0.269310 0.446500 0.242128 0.460596 0.232060 0.471670 0.242128 0.470662 0.267296 0.457574 0.290452 0.449520 0.302534 0.446500 0.287432 0.435426 0.275350 0.435426 0.262262 0.424352 0.263270 0.435426
0 0.279378 0.489792 0.257228 0.499860 0.254208 0.505900 0.274344 0.503886 0.271324 0.509926 0.271324 0.542144 0.275350 0.553218 0.283404 0.528048 0.289446 0.505900 0.317634 0.496838 0.316628 0.487778 0.299512 0.493818 0.290452 0.489792 0.307566 0.480730 0.317634 0.471670 0.300520 0.473684
1 0.241120 0.482744 0.227026 0.491804 0.244140 0.492812 0.249174 0.500866
0 0.286424 0.578386 0.265282 0.580400 0.244140 0.577380 0.258236 0.594496 0.271324 0.594496 0.267296 0.612616 0.272330 0.635772 0.275350 0.615638 0.275350 0.613624 0.286424 0.616644 0.288438 0.599528 0.290452 0.593488 0.297500 0.619664 0.317634 0.612616 0.307566 0.604562 0.298506 0.592482 0.308574 0.594496 0.313608 0.589462 0.300520 0.580400 0.283404 0.561272 0.277364 0.553218
0 0.286424 0.643826 0.276358 0.632752 0.266290 0.638792 0.267296 0.654900 0.276358 0.671010 0.276358 0.688124 0.302534 0.701212 0.290452 0.671010 0.296492 0.652888 0.304546 0.674030 0.301526 0.644834 0.318642 0.634766 0.317634 0.624698 0.300520 0.635772
0 0.283404 0.754570 0.262262 0.740476 0.252194 0.732422 0.248168 0.744504 0.269310 0.754570 0.273336 0.760612 0.266290 0.777726 0.260248 0.783766 0.282398 0.771686 0.290452 0.798868 0.307566 0.811956 0.296492 0.789808 0.292466 0.766652 0.302534 0.757592 0.313608 0.748530 0.297500 0.746516 0.295486 0.748530 0.291458 0.740476 0.284412 0.741482
1 0.449520 0.719334 0.428378 0.732422 0.440460 0.750544 0.456568 0.748530 0.475696 0.733428 0.464622 0.719334
0 0.289446 0.804908 0.277364 0.799876 0.273336 0.811956 0.273336 0.825044 0.259242 0.834106 0.256222 0.842160 0.276358 0.839140 0.275350 0.864308 0.300520 0.880416 0.290452 0.855248 0.292466 0.833098 0.312600 0.844172 0.335756 0.838132 0.315620 0.832092 0.301526 0.832092 0.296492 0.815984
2 0.516974 0.241120 0.511940 0.236086 0.506906 0.227026 0.500866 0.230046 0.501872 0.241120 0.488784 0.247160 0.508920 0.252194 0.509926 0.263270 0.519994 0.251188 0.527042 0.242128
0 0.551204 0.235080 0.540130 0.252194 0.538116 0.262262 0.523014 0.272330 0.500866 0.284412 0.504892 0.294478 0.529056 0.279378 0.541136 0.284412 0.558252 0.294478 0.550198 0.280384 0.541136 0.276358 0.562278 0.285418 0.553218 0.302534 0.564292 0.288438 0.558252 0.271324 0.548184 0.265282 0.549190 0.250182
0 0.535096 0.313608 0.515968 0.327702 0.527042 0.327702 0.534090 0.341796 0.529056 0.343810 0.521002 0.352872 0.512948 0.347838 0.504892 0.338776 0.502880 0.350858 0.502880 0.362938 0.515968 0.361932 0.527042 0.362938 0.528048 0.379048 0.540130 0.354884 0.546170 0.338776 0.542144 0.327702
0 0.090106 0.654900 0.088092 0.677050 0.077018 0.680070 0.078024 0.686110 0.084064 0.689130 0.087086 0.705240 0.097152 0.693158 0.104200 0.678056 0.110240 0.682084 0.100174 0.694164 0.098160 0.707252 0.116282 0.690138 0.123328 0.689130 0.127356 0.680070 0.122322 0.673022 0.112254 0.660942 0.101180 0.654900
0 0.105206 0.737456 0.084064 0.763632 0.072990 0.796854 0.068964 0.804908 0.089098 0.767658 0.103194 0.759604 0.104200 0.771686 0.112254 0.782760 0.131382 0.788800 0.121316 0.781754 0.112254 0.768666 0.117288 0.750544 0.117288 0.748530 0.127356 0.762624 0.132390 0.762624 0.125342 0.739470
0 0.099166 0.834106 0.091112 0.834106 0.088092 0.843166 0.084064 0.847194 0.068964 0.862294 0.066950 0.869342 0.086078 0.854240 0.093126 0.868336 0.106214 0.880416 0.119302 0.887464 0.104200 0.848200 0.114268 0.838132 0.123328 0.835112 0.118294 0.826052 0.118294 0.805916 0.108228 0.816990 0.107220 0.826052 0.097152 0.821018
1 0.347838 0.911626 0.350858 0.928742 0.361932 0.921694 0.369986 0.909612
0 0.293472 0.963978 0.278370 0.951896 0.272330 0.946862 0.272330 0.959950 0.281390 0.978072 0.268302 0.988140 0.255216 0.996194 0.283404 0.995188 0.290452 0.977066 0.327702 0.985120 0.332736 0.975052 0.304546 0.972032 0.320654 0.969012 0.334750 0.957938 0.322668 0.957938 0.305554 0.955924 0.295486 0.946862
0 0.098160 0.901558 0.092120 0.914646 0.069970 0.929748 0.082052 0.930754 0.104200 0.915654 0.117288 0.914646 0.113262 0.905586 0.111248 0.893504
0 0.102440 0.968990 0.084902 0.979352 0.077726 0.984136 0.084902 0.988920 0.084902 0.997688 0.102440 0.990514 0.115992 0.994500 0.129544 0.997688 0.118384 0.988122 0.119180 0.974570 0.111208 0.974570
0 0.124760 0.020328 0.106426 0.029894 0.075334 0.033880 0.066566 0.037866 0.085698 0.041056 0.103236 0.040258 0.095264 0.060986 0.109614 0.064174 0.113600 0.047434 0.119180 0.043448 0.128746 0.053810 0.126356 0.068160 0.140704 0.058594 0.135124 0.046636 0.146286 0.038664 0.152662 0.021126
0 0.540896 0.011560 0.516184 0.008370 0.515386 0.020328 0.532126 0.023518 0.528140 0.031490 0.537708 0.025908 0.543288 0.038664 0.563218 0.048230 0.571986 0.045838 0.552854 0.034678 0.552056 0.022720 0.571986 0.021126 0.583944 0.001992 0.575176 0.005182 0.570392 0.017140 0.558434 0.018734 0.552056 0.017140
0 0.693160 0.006776 0.709104 0.006776 0.707510 0.021922 0.714684 0.026706 0.716278 0.008370 0.727440 0.017140 0.726642 0.000398
0 0.720264 0.083306 0.701132 0.100846 0.685188 0.101642 0.672434 0.100846 0.674028 0.110412 0.693160 0.108816 0.691566 0.122370 0.713888 0.125558 0.709104 0.115992 0.713888 0.108020 0.716278 0.114398 0.721062 0.127950 0.726642 0.117586 0.717874 0.107222 0.719468 0.095264 0.731426 0.099250 0.739398 0.115194 0.740194 0.122370 0.739398 0.101642 0.733816 0.096860 0.728236 0.089684
0 0.543288 0.080118 0.535316 0.098454 0.518574 0.118384 0.511400 0.131138 0.521764 0.128746 0.531330 0.142300 0.525750 0.155852 0.517778 0.170200 0.517778 0.178172 0.523358 0.176578 0.530532 0.193320 0.536112 0.191726 0.535316 0.172592 0.540098 0.163824 0.540098 0.174186 0.548868 0.160634 0.536112 0.150272 0.532924 0.121572 0.538504 0.114398 0.543288 0.120774 0.550462 0.097656
0 0.534518 0.406170 0.517778 0.415736 0.507414 0.437260 0.496254 0.450016 0.504226 0.452408 0.512994 0.436464 0.520966 0.424506 0.530532 0.417330 0.533722 0.416534 0.540896 0.428492 0.544084 0.446030 0.547274 0.451610 0.553652 0.430086 0.560028 0.418926 0.556042 0.420520 0.548868 0.424506 0.545680 0.413346 0.553652 0.414142 0.560028 0.403778 0.545680 0.406170
1 0.522560 0.456394 0.512994 0.454800 0.515386 0.449218 0.521764 0.446828 0.536112 0.459582 0.532924 0.460380
0 0.526546 0.480310 0.517778 0.491470 0.520170 0.499442 0.512994 0.505022 0.512994 0.511400 0.509008 0.523358 0.509008 0.539302 0.519372 0.517778 0.521764 0.508212 0.532126 0.517778 0.533722 0.500240 0.538504 0.501834 0.544084 0.512198 0.552056 0.522560 0.542490 0.500240 0.546476 0.494658 0.556042 0.496254 0.552056 0.485890 0.541694 0.489876 0.534518 0.486686
0 0.543288 0.556042 0.526546 0.571190 0.512994 0.575176 0.490672 0.579162 0.495456 0.584742 0.514588 0.583944 0.513792 0.597496 0.513792 0.608658 0.522560 0.616630 0.520966 0.599092 0.528140 0.583148 0.534518 0.600686 0.541694 0.571190
0 0.534518 0.635762 0.522560 0.631776 0.518574 0.636560 0.526546 0.645328 0.522560 0.659678 0.541694 0.668448 0.536910 0.654098 0.545680 0.638950 0.558434 0.623804 0.568798 0.610252 0.561624 0.609454 0.548070 0.624602
0 0.538504 0.729034 0.521764 0.748166 0.513792 0.751356 0.520966 0.760124 0.518574 0.776866 0.532924 0.760124 0.540896 0.749760 0.549666 0.758530 0.554448 0.745774 0.543288 0.738600 0.548868 0.737802 0.558434 0.740194 0.552854 0.724250 0.571190 0.717076 0.564014 0.713090 0.551260 0.719468
1 0.516184 0.697944 0.507414 0.697146 0.504226 0.708306 0.515386 0.706712 0.523358 0.701930
1 0.601482 0.663664 0.605468 0.672434 0.611050 0.682796 0.618224 0.704320 0.621412 0.686782 0.617426 0.666852 0.616630 0.657286
1 0.583148 0.689972 0.571986 0.706712 0.589524 0.703524
0 0.047672 0.786342 0.024530 0.774308 0.024530 0.785416 0.039340 0.793746 0.038414 0.810408 0.046746 0.799300 0.057854 0.815036 0.059704 0.784490
0 0.532712 0.812260 0.515126 0.825218 0.507720 0.839104 0.504942 0.849286 0.517902 0.841880 0.519754 0.851136 0.527158 0.831698 0.533638 0.854840 0.534564 0.835400 0.541970 0.823368 0.541970 0.835400 0.542894 0.824292 0.555854 0.820590 0.554002 0.835400 0.559556 0.815036 0.544746 0.812260
0 0.527158 0.866872 0.541044 0.879832 0.545672 0.871502 0.549374 0.887238 0.541970 0.906676 0.530862 0.922412 0.530862 0.937222 0.525308 0.946478 0.515126 0.933520 0.516050 0.921486 0.507720 0.921486 0.499390 0.925188 0.487356 0.921486 0.498464 0.912230 0.511422 0.914082 0.516976 0.914082 0.527158 0.902974 0.534564 0.890014 0.532712 0.880758
0 0.724322 0.882608 0.708586 0.883534 0.687296 0.869650 0.676188 0.869650 0.680816 0.881684 0.703958 0.888162 0.718768 0.890940 0.706736 0.903898 0.703958 0.922412 0.707660 0.934446 0.716918 0.912230 0.724322 0.920560 0.727100 0.927966 0.719694 0.941850 0.710438 0.950182 0.726174 0.944628 0.733578 0.915932 0.724322 0.906676 0.732654 0.902974 0.728950 0.897420 0.748390 0.902048 0.751166 0.909452 0.753018 0.902974 0.766902 0.902048 0.765052 0.896494 0.752092 0.896494 0.747464 0.895568 0.733578 0.885386
0 0.715992 0.808556 0.713214 0.823368 0.692850 0.831698 0.687296 0.839104 0.715992 0.836326 0.720620 0.834474 0.728026 0.848360 0.732654 0.861318 0.744686 0.864096 0.729876 0.848360 0.728950 0.821516 0.741910 0.818738 0.750240 0.809482 0.746538 0.800226 0.736356 0.800226 0.732654 0.805780 0.740984 0.806706 0.731728 0.811334
0 0.724322 0.729876 0.702106 0.717842 0.711364 0.714140 0.713214 0.694702 0.707660 0.703958 0.690998 0.700256 0.684520 0.710438 0.691924 0.710438 0.691924 0.724322 0.701182 0.728950 0.712288 0.734504 0.703032 0.742836 0.698404 0.753944 0.690074 0.771530 0.684520 0.781712 0.703958 0.761348 0.715066 0.743762 0.719694 0.739132 0.721546 0.756720 0.714140 0.774308 0.727100 0.762274 0.728950 0.740058
0 0.742836 0.957586 0.728950 0.969620 0.717842 0.981654 0.708984 0.998046 0.727100 0.995538 0.734504 0.975174 0.761348 0.962214 0.763200 0.953884 0.753018 0.957586
0 0.716918 0.535490 0.711364 0.566962 0.698404 0.566036 0.697478 0.573442 0.705810 0.578996 0.691924 0.590102 0.690074 0.596582 0.702106 0.594732 0.699330 0.606764 0.699330 0.616946 0.710438 0.606764 0.714140 0.612318 0.716918 0.606764 0.723396 0.596582 0.712288 0.595656 0.714140 0.582698 0.719694 0.577144 0.731728 0.582698 0.753944 0.577144 0.764126 0.569738 0.744686 0.568812 0.730802 0.573442 0.720620 0.566962 0.721546 0.554002
0 0.725248 0.490132 0.717842 0.496612 0.710438 0.507720 0.699330 0.499390 0.690998 0.497538 0.688222 0.490132 0.696552 0.483652 0.686370 0.471620 0.696552 0.473470 0.705810 0.483652 0.716918 0.483652 0.728026 0.478100 0.740984 0.471620 0.738208 0.480876 0.736356 0.490132 0.750240 0.511422 0.745612 0.519754 0.734504 0.508646
0 0.717842 0.410526 0.698404 0.430890 0.686370 0.451256 0.706736 0.437370 0.721546 0.447552 0.728950 0.447552 0.722472 0.431816 0.731728 0.425336 0.725248 0.421634 0.733578 0.412378 0.740984 0.401270 0.749316 0.392940 0.741910 0.392940
0 0.718768 0.323516 0.698404 0.309630 0.687296 0.317036 0.699330 0.331846 0.690998 0.358690 0.689148 0.376278 0.699330 0.379980 0.698404 0.354062 0.708586 0.341102 0.715066 0.340176 0.728026 0.351284 0.742836 0.351284 0.760422 0.351284 0.765976 0.359616 0.769680 0.349434 0.753944 0.340176 0.740984 0.344806 0.723396 0.341102 0.722472 0.336474 0.728950 0.336474 0.728950 0.326292 0.740058 0.317036 0.744686 0.316110 0.754868 0.306854 0.740984 0.307780 0.727100 0.317036
1 0.962214 0.506794 0.946478 0.507720 0.954810 0.519754 0.968694 0.532712 0.965918 0.519754 0.974248 0.505868
1 0.968694 0.925188 0.948330 0.920560 0.952958 0.938148 0.953884 0.955736 0.965918 0.939074 0.970546 0.945554
0 0.728026 0.628054 0.715992 0.645642 0.715992 0.656750 0.704884 0.660452 0.703032 0.684520 0.715992 0.691924 0.713214 0.675262 0.725248 0.662304 0.728950 0.662304 0.727100 0.680816 0.725248 0.687296 0.733578 0.658602 0.726174 0.648418 0.730802 0.638236 0.735430 0.641014 0.740058 0.654898 0.747464 0.649344 0.741910 0.639162
0 0.713214 0.169858 0.699330 0.170782 0.702106 0.186518 0.708586 0.192072 0.722472 0.176336 0.732654 0.179114 0.736356 0.203180 0.729876 0.217990 0.745612 0.199478 0.743762 0.187444 0.728026 0.168932
0 0.541970 0.964066 0.518828 0.988134 0.515624 0.998046 0.541044 0.997390 0.550300 0.985356 0.552152 0.970546
1 0.158750 0.704884 0.153196 0.718768 0.165228 0.726174 0.173560 0.714140
1 0.029158 0.696552 0.009720 0.708586 0.024530 0.712288 0.035638 0.713214
1 0.394770 0.141418 0.386480 0.153394 0.407668 0.146946 0.405826 0.132204
1 0.048368 0.287902 0.030864 0.300800 0.030864 0.315540 0.040998 0.307248 0.050210 0.310934 0.040076 0.321990 0.054816 0.313698 0.061266 0.307248 0.053896 0.295272
1 0.954026 0.573426 0.945832 0.561134 0.929442 0.550208 0.955392 0.596646
1 0.160544 0.001022 0.148274 0.010226 0.151342 0.021474 0.157478 0.029654 0.162590 0.021474 0.169748 0.013294
0 0.703534 0.244396 0.700466 0.256668 0.691264 0.272006 0.694330 0.282232 0.705580 0.267916 0.710692 0.283254 0.712738 0.260758 0.718872 0.257690 0.727054 0.261780 0.747504 0.265870 0.755686 0.273028 0.765912 0.274052 0.756708 0.256668 0.746482 0.254622 0.758754 0.246442 0.734212 0.246442 0.718872 0.246442 0.713760 0.243374 0.729098 0.227012 0.716828 0.228036
1 0.627850 0.906150 0.623658 0.917046 0.611086 0.919562 0.612762 0.925430 0.626174 0.922914 0.632042 0.929620 0.632880 0.912856