0 0.180832 0.166002 0.173226 0.166372 0.162190 0.180408 0.151198 0.186932 0.142876 0.190358 0.138960 0.199170 0.143972 0.199472 0.137492 0.207002 0.136024 0.213854 0.126178 0.220232 0.114738 0.225740 0.107960 0.234638 0.105842 0.241840 0.108384 0.251160 0.113996 0.255462 0.116932 0.237840 0.123296 0.238330 0.123296 0.229520 0.126178 0.225316 0.139736 0.218538 0.148632 0.218538 0.159224 0.221504 0.162614 0.221504 0.176594 0.214726 0.178122 0.206022 0.171086 0.209218 0.143548 0.210064 0.150750 0.204980 0.158052 0.202106 0.168968 0.202438 0.172782 0.182950 0.174900 0.178290 0.178290 0.175324 0.181058 0.171268
0 0.188034 0.327422 0.178714 0.308780 0.169392 0.301154 0.162190 0.301154 0.158376 0.289292 0.160988 0.275532 0.151198 0.282386 0.142278 0.277004 0.143124 0.287596 0.141430 0.296918 0.128720 0.298188 0.115586 0.301154 0.111548 0.301476 0.089032 0.306372 0.094402 0.312170 0.100758 0.312594 0.097368 0.320642 0.093978 0.332506 0.103724 0.319796 0.106688 0.320220 0.116858 0.311322 0.140158 0.311322 0.141430 0.315136 0.140158 0.324880 0.138040 0.334200 0.135498 0.345216 0.135498 0.346486 0.146090 0.333354 0.158800 0.321490 0.166002 0.320220 0.177866 0.322762 0.181678 0.326998
0 0.170970 0.475254 0.112292 0.498726 0.104748 0.497888 0.125704 0.484476 0.142470 0.480284 0.156720 0.474416 0.156720 0.466034 0.129058 0.456814 0.118998 0.442564 0.143308 0.451784 0.158396 0.457652 0.176000 0.459328 0.194440 0.441724 0.189412 0.456814 0.202824 0.470226 0.190250 0.471064 0.179352 0.474416
0 0.155042 0.564948 0.183544 0.580036 0.182526 0.560424 0.187734 0.562432 0.201618 0.544760 0.195278 0.563272 0.195278 0.575844 0.200148 0.590284 0.205338 0.595962 0.236354 0.618596 0.209530 0.613566 0.186896 0.611052 0.182706 0.606860 0.173716 0.619654 0.168454 0.632846 0.166778 0.648772 0.165102 0.667214 0.153366 0.652126 0.152666 0.634340 0.163426 0.617758 0.172646 0.602668 0.185220 0.593448 0.186058 0.587580 0.170132 0.582550 0.161748 0.580036
0 0.193998 0.706940 0.170970 0.725054 0.161748 0.725054 0.144984 0.718348 0.126542 0.698230 0.126542 0.714994 0.145822 0.726730 0.153366 0.730922 0.150014 0.741818 0.144984 0.735112 0.139116 0.735950 0.125704 0.726730 0.116484 0.721700 0.118160 0.733436 0.124866 0.744334 0.129058 0.749362 0.128218 0.768642 0.132410 0.789598 0.145822 0.798820 0.144984 0.765290 0.151690 0.750202 0.167616 0.740980 0.177676 0.740980 0.191088 0.736790 0.195278 0.730922
0 0.191338 0.934896 0.202596 0.915316 0.198632 0.902762 0.201128 0.880072 0.192806 0.889862 0.187912 0.864408 0.173484 0.892704 0.149176 0.916174 0.148336 0.926234 0.157558 0.929586 0.159234 0.948028 0.160072 0.960602 0.160072 0.967308 0.172646 0.963956 0.175160 0.979044 0.175160 0.993294 0.154624 0.998532 0.209450 0.988742 0.192764 0.994132 0.200308 0.973176 0.213720 0.946352 0.208470 0.930000 0.197794 0.958926 0.191088 0.979882 0.186058 0.980720 0.177676 0.957250 0.173484 0.935454 0.177676 0.918690 0.184382 0.910308 0.183996 0.931470 0.185464 0.948602
0 0.511300 0.262974 0.501346 0.248798 0.511362 0.234490 0.525670 0.223042 0.548564 0.204442 0.560726 0.200148 0.576466 0.205872 0.580042 0.209450 0.595006 0.200196 0.594350 0.211596 0.585050 0.219466 0.597212 0.230912 0.604772 0.244140 0.604074 0.256696 0.602220 0.271692 0.595782 0.258814 0.595066 0.250944 0.592920 0.238066 0.582904 0.228050 0.570026 0.232344 0.549278 0.243790 0.544986 0.251660 0.532108 0.258814 0.528532 0.255952 0.551426 0.236636 0.571458 0.228050 0.559430 0.227400 0.545702 0.225188 0.529246 0.232344 0.516370 0.242360 0.511362 0.259530
0 0.521434 0.556200 0.525524 0.567450 0.530636 0.567450 0.535750 0.568472 0.545976 0.575630 0.550066 0.568472 0.567450 0.579720 0.566426 0.561314 0.569494 0.572562 0.576652 0.576652 0.580388 0.586600 0.592122 0.585910 0.600404 0.576938 0.606614 0.566586 0.614896 0.576938 0.621108 0.570036 0.634602 0.560290 0.634220 0.584530 0.616276 0.594192 0.596952 0.596952 0.584530 0.598332 0.572106 0.599712 0.559684 0.596952 0.539670 0.594882 0.534838 0.583840 0.519656 0.579698 0.512754 0.558994
0 0.523832 0.872062 0.532158 0.849352 0.544270 0.837240 0.570766 0.836482 0.570766 0.850110 0.565468 0.873576 0.560926 0.906128 0.560926 0.913700 0.551842 0.917484 0.549696 0.929470 0.564164 0.925854 0.570812 0.918034 0.585280 0.916062 0.594992 0.913700 0.572280 0.904614 0.572280 0.880390 0.578336 0.855408 0.581366 0.851624 0.582880 0.841024 0.591964 0.818314 0.581366 0.823614 0.570766 0.830426 0.555626 0.829670 0.543514 0.831940 0.535944 0.834212 0.526102 0.844052 0.520046 0.851624 0.520046 0.863736
0 0.903216 0.026634 0.904960 0.044074 0.898566 0.046980 0.892172 0.060930 0.875314 0.078950 0.863106 0.082438 0.836948 0.096970 0.830554 0.109178 0.825904 0.120222 0.836368 0.114990 0.856132 0.094064 0.870082 0.096390 0.868920 0.110340 0.868920 0.139404 0.860200 0.127778 0.859620 0.134754 0.860782 0.149868 0.856218 0.169008 0.868920 0.161494 0.872408 0.151612 0.872408 0.144054 0.877058 0.117316 0.885196 0.087670 0.892172 0.078370 0.898566 0.068488 0.905540 0.064418 0.910772 0.085344 0.910192 0.095808 0.914842 0.117316 0.922398 0.130684 0.917166 0.099296 0.913098 0.080114 0.911934 0.061512 0.911354 0.056862 0.929954 0.055698 0.930530 0.049978 0.914088 0.048006 0.912516 0.057442 0.907866 0.057442 0.911934 0.044654 0.918910 0.036516 0.911354 0.035936 0.909610 0.028378
0 0.882342 0.402296 0.892538 0.420338 0.905310 0.427408 0.909012 0.438378 0.918444 0.448592 0.923914 0.462694 0.922256 0.473588 0.940474 0.477402 0.930730 0.493078 0.914630 0.485874 0.903192 0.467234 0.901496 0.481638 0.889634 0.482486 0.879466 0.476978 0.879988 0.443870 0.872930 0.433672 0.869008 0.417200 0.871360 0.404650 0.872144 0.399944
0 0.934112 0.550546 0.923130 0.537212 0.912148 0.524662 0.901952 0.524662 0.884696 0.535642 0.882342 0.544270 0.885480 0.567018 0.894108 0.573294 0.900382 0.583490 0.900382 0.596824 0.903520 0.607022 0.904304 0.628200 0.908226 0.653300 0.913718 0.632906 0.912932 0.575646 0.909012 0.570156 0.910580 0.559174 0.916854 0.558390 0.929406 0.562312 0.934896 0.560742 0.941956 0.562312 0.934112 0.542702
0 0.955290 0.734878 0.899598 0.701148 0.886264 0.695658 0.871360 0.701148 0.860380 0.707424 0.845476 0.718404 0.861164 0.688598 0.872144 0.685460 0.860380 0.672126 0.889402 0.676048 0.902910 0.661564 0.901952 0.680754 0.923130 0.678402 0.904304 0.690952 0.916070 0.698796 0.950258 0.715488 0.960122 0.733244
0 0.836848 0.808610 0.860380 0.801550 0.876852 0.811746 0.889402 0.820376 0.890186 0.832926 0.890186 0.847044 0.884696 0.862732 0.894892 0.850966 0.910580 0.865086 0.901952 0.843906 0.913718 0.849398 0.922346 0.854104 0.937248 0.872930 0.931758 0.855672 0.919992 0.831356 0.918424 0.818022 0.910580 0.833710 0.897246 0.811746 0.880774 0.800766 0.859594 0.793706 0.846260 0.798412
0 0.937248 0.950584 0.899598 0.981960 0.889402 0.975684 0.904304 0.963134 0.898030 0.956074 0.887048 0.959212 0.883126 0.968624 0.882342 0.982744 0.883910 0.994510 0.878420 0.999216 0.927052 0.995294 0.914502 0.989802 0.910580 0.985096 0.916854 0.979606 0.925484 0.971762 0.933328 0.962350 0.945878 0.942740 0.934896 0.948230 0.932542 0.952152
1 0.169310 0.095884 0.161074 0.100380 0.157184 0.141622 0.145512 0.146290 0.133062 0.147068 0.131506 0.154850 0.136952 0.160296 0.154850 0.155628 0.160988 0.167842 0.163926 0.156582 0.159520 0.147772 0.177416 0.150958 0.166372 0.140918 0.168856 0.117498
1 0.065404 0.210040 0.070682 0.210040 0.071738 0.213736 0.078072 0.217430 0.080184 0.231154 0.083350 0.240128 0.090214 0.234850 0.088630 0.218486 0.107632 0.195254 0.093908 0.199482 0.086518 0.210040 0.079656 0.210040 0.074904 0.203706 0.066986 0.204234
1 0.006282 0.355732 0.007338 0.372624 0.014200 0.375792 0.017894 0.380542 0.023702 0.392156 0.039538 0.374208 0.036370 0.391100 0.031620 0.396906 0.052734 0.407992 0.034786 0.408520 0.025812 0.400074 0.021062 0.395324 0.013144 0.386878 0.007338 0.378960 0.003114 0.375264
1 0.068042 0.293444 0.045872 0.299250 0.037954 0.308224 0.036898 0.312448 0.044816 0.322476 0.048512 0.312448 0.056958 0.307696 0.065404 0.302946
1 0.036362 0.423636 0.038756 0.437520 0.057904 0.442306 0.055990 0.444700 0.037320 0.444700 0.036842 0.448530 0.038756 0.452838 0.029660 0.447094 0.031096 0.436084 0.022002 0.435126 0.031096 0.429860
1 0.112956 0.531824 0.122530 0.529910 0.127316 0.530388 0.147282 0.526648 0.135934 0.538048 0.137370 0.547622 0.136892 0.559110 0.128274 0.544270 0.120136 0.548100 0.105776 0.549536 0.103860 0.543314 0.116306 0.543314 0.124444 0.542356 0.125402 0.539006 0.111040 0.537568
1 0.066042 0.538048 0.066522 0.558632 0.076794 0.571684 0.085670 0.574908 0.090010 0.570704 0.076574 0.561982 0.072266 0.553844
1 0.107212 0.611290 0.085670 0.609854 0.077052 0.610812 0.077052 0.630438 0.083276 0.622300 0.093808 0.617514 0.103382 0.616076
1 0.033298 0.885912 0.034236 0.900466 0.040340 0.898118 0.037992 0.906100 0.044566 0.915490 0.046912 0.925818 0.041278 0.926758 0.051138 0.953988 0.045504 0.948354 0.039870 0.925350 0.037992 0.915960 0.032358 0.911264 0.028602 0.916428 0.024376 0.919246 0.023438 0.911734 0.019212 0.905160 0.019682 0.901874 0.024846 0.896710 0.025316 0.887790
1 0.101844 0.846004 0.096680 0.869010 0.089638 0.872296 0.076492 0.869948 0.077430 0.862906 0.081186 0.866662 0.089168 0.864784 0.095740 0.850230
1 0.194274 0.744968 0.185464 0.776296 0.177904 0.786846 0.170392 0.794828 0.174148 0.794358 0.184946 0.792010 0.195274 0.790132 0.200908 0.791542 0.207482 0.790132 0.201378 0.780742 0.198092 0.771352
1 0.581624 0.031276 0.572304 0.024074 0.569338 0.019412 0.559170 0.023226 0.562982 0.016024 0.565102 0.010516 0.557898 0.014328 0.553662 0.018142 0.547730 0.007974 0.545188 0.012210 0.547730 0.023226 0.549850 0.027038 0.559170 0.033394 0.565102 0.033394 0.574846 0.033818 0.585862 0.032122
0 0.595270 0.778284 0.588758 0.773944 0.596460 0.739162 0.600406 0.733902 0.584418 0.727648 0.546080 0.716074 0.530164 0.716796 0.522208 0.726924 0.521484 0.730542 0.538846 0.722584 0.548250 0.724754 0.558376 0.727648 0.560546 0.732712 0.550420 0.745008 0.541740 0.754412 0.536676 0.765986 0.535952 0.775390 0.543910 0.763816 0.555484 0.746456 0.572120 0.736328 0.567058 0.745008 0.552590 0.755136 0.548250 0.765986 0.545356 0.772498 0.559824 0.763094 0.573568 0.738498 0.577908 0.734158 0.577908 0.752242 0.581524 0.764540 0.582248 0.778284 0.577908 0.787688
0 0.571546 0.049342 0.567434 0.065790 0.550472 0.064762 0.537624 0.067332 0.524260 0.074014 0.513466 0.095086 0.516036 0.104852 0.525288 0.095086 0.526316 0.081208 0.539202 0.073940 0.551500 0.073500 0.557668 0.074528 0.567434 0.078124 0.570004 0.088918 0.563836 0.102282 0.573382 0.103934 0.577714 0.080694 0.583368 0.093544 0.593134 0.102796 0.582854 0.077098 0.576686 0.071444 0.579256 0.061164 0.578228 0.051398 0.575658 0.046258
1 0.616776 0.086348 0.633738 0.095086 0.637336 0.090974 0.639906 0.085320 0.642990 0.099198 0.642990 0.103310 0.654296 0.091488 0.654810 0.100226 0.650700 0.103824 0.656866 0.122842 0.647102 0.113076 0.641448 0.108450 0.635794 0.104852 0.630654 0.104852 0.623972 0.096628 0.617290 0.092002 0.606496 0.088918
1 0.763774 0.092516 0.755038 0.099712 0.757606 0.107422 0.759148 0.111020 0.750412 0.105366 0.746300 0.100740 0.737562 0.099712 0.741674 0.095086 0.741674 0.080694 0.746814 0.092516 0.747842 0.096114
1 0.688814 0.200320 0.689238 0.213878 0.687966 0.225740 0.687118 0.235062 0.693050 0.228282 0.703218 0.230400 0.699406 0.218538 0.697286 0.217268 0.694744 0.207946
1 0.465684 0.259644 0.469260 0.273054 0.470600 0.276628 0.466578 0.284226 0.479092 0.281098 0.499204 0.276182 0.492054 0.273500 0.480432 0.274394 0.474176 0.269924 0.470600 0.255622
1 0.669330 0.337408 0.677010 0.349478 0.684142 0.352770 0.715962 0.355512 0.702796 0.362096 0.689080 0.364290 0.688460 0.378296 0.682620 0.387380 0.670426 0.358804 0.668232 0.349478
1 0.823102 0.179866 0.825594 0.198302 0.833566 0.202786 0.847018 0.199796 0.861966 0.196308 0.852500 0.192822 0.839046 0.194316 0.833068 0.192324 0.831572 0.183852
1 0.827088 0.233180 0.814632 0.239656 0.804170 0.233180 0.792710 0.230190 0.795700 0.237166 0.804170 0.241650 0.809650 0.248126 0.816128 0.245636 0.826092 0.241650 0.832072 0.237166
1 0.627610 0.404516 0.629294 0.422616 0.634344 0.432298 0.640658 0.432718 0.647394 0.432298 0.650340 0.443242 0.653286 0.460500 0.657496 0.457132 0.656654 0.436506 0.650762 0.425984 0.639396 0.423458 0.634344 0.415880 0.630978 0.407462
1 0.718258 0.275900 0.720016 0.284698 0.724240 0.286106 0.728110 0.289626 0.726704 0.294904 0.722480 0.305110 0.729166 0.300886 0.733390 0.301942 0.735150 0.293144 0.737612 0.285402 0.744298 0.285754 0.750634 0.284346 0.742540 0.279068 0.740076 0.275548 0.737260 0.282588 0.734094 0.281180 0.729518 0.281884 0.726352 0.281180 0.723888 0.275548
1 0.700056 0.400886 0.710906 0.402436 0.721758 0.404504 0.737774 0.396236 0.725374 0.409154 0.722790 0.410704 0.721758 0.422072 0.729508 0.429306 0.738292 0.425172 0.753792 0.419488 0.762576 0.415354 0.751210 0.427756 0.740876 0.433956 0.733124 0.438090 0.731058 0.447390 0.734674 0.461340 0.747592 0.473742 0.741908 0.473224 0.733642 0.474258 0.730542 0.456690 0.727958 0.453590 0.725890 0.460824 0.726924 0.442222 0.721758 0.431372 0.713490 0.424654 0.705222 0.419488 0.702640 0.408120
1 0.784278 0.480458 0.788412 0.496476 0.787378 0.505776 0.787378 0.518178 0.789962 0.522828 0.790994 0.511460 0.794612 0.510944 0.803396 0.513010 0.810112 0.515078 0.803396 0.504226 0.797712 0.501644 0.796678 0.490276 0.793578 0.493892 0.790994 0.485626
1 0.758960 0.538328 0.756376 0.547630 0.745526 0.548662 0.732092 0.554864 0.731058 0.542462 0.723824 0.557964 0.731058 0.560030 0.734674 0.561580 0.740358 0.563648 0.749142 0.558480 0.752242 0.559514 0.784278 0.568814 0.768776 0.555896 0.763094 0.554346 0.763094 0.545562
1 0.655168 0.523670 0.654780 0.545328 0.651300 0.549196 0.649366 0.549970 0.635830 0.559252 0.635830 0.554224 0.643564 0.546488 0.647432 0.539140 0.647818 0.517868
1 0.679920 0.627708 0.679146 0.642018 0.692296 0.651686 0.677600 0.648978 0.673732 0.649752 0.676052 0.655168 0.668704 0.658262 0.671798 0.642404 0.672958 0.624614
1 0.477974 0.488806 0.481468 0.497190 0.487058 0.499636 0.486010 0.504178 0.495186 0.518202 0.487408 0.513264 0.482166 0.507672 0.475178 0.502782 0.473432 0.497890 0.473432 0.491252
1 0.669714 0.838370 0.669228 0.850972 0.665836 0.855334 0.660020 0.856786 0.651782 0.849518 0.648874 0.854848 0.648874 0.862602 0.648390 0.871812 0.661960 0.871812 0.682314 0.875688 0.675530 0.868418 0.678438 0.856786 0.684252 0.854364 0.694430 0.851456 0.694916 0.841762 0.685706 0.849518 0.673106 0.846610
1 0.642574 0.965832 0.645482 0.985218 0.645966 0.989580 0.656144 0.994912 0.661474 0.992004 0.671168 0.995396 0.666806 0.990064 0.669714 0.985218 0.675044 0.981826 0.687646 0.988126 0.676984 0.976010 0.675530 0.954686 0.671168 0.964864 0.669228 0.982796 0.660020 0.987642 0.660506 0.973102 0.653720 0.969710
1 0.508810 0.944992 0.511234 0.950324 0.518020 0.951294 0.521896 0.953716 0.527712 0.957594 0.540798 0.962924 0.544674 0.969710 0.545160 0.952746 0.549522 0.953716 0.550490 0.966318 0.556306 0.971164 0.552914 0.973586 0.540312 0.970194 0.534498 0.966318 0.519958 0.962924 0.517050 0.956624 0.511718 0.956140 0.506872 0.954200
1 0.527228 0.987156 0.520928 0.989096 0.514142 0.989580 0.510264 0.996850 0.525288 0.999274 0.525774 0.995396 0.532074 0.993458
1 0.839258 0.825954 0.831808 0.829146 0.828614 0.824358 0.827018 0.833404 0.818504 0.831808 0.815310 0.834468 0.820100 0.839790 0.818504 0.850966 0.821164 0.850966 0.828614 0.838726 0.834468 0.835534 0.841094 0.837806
1 0.852564 0.891412 0.837130 0.899396 0.833404 0.891944 0.820100 0.892478 0.819568 0.899396 0.827018 0.904718 0.825954 0.914296 0.828614 0.923344 0.835000 0.925472 0.840854 0.925472 0.849902 0.920150 0.841388 0.907378 0.850966 0.899928
1 0.854692 0.910040 0.856820 0.930794 0.862674 0.933456 0.868528 0.941438 0.869060 0.935052 0.888220 0.931326 0.883962 0.922280 0.869592 0.922812 0.862674 0.911104 0.854160 0.903120
1 0.931634 0.808706 0.932882 0.818066 0.929762 0.827426 0.929138 0.836162 0.931634 0.837410 0.946610 0.834914 0.977810 0.828674 0.969074 0.821186 0.949106 0.823682 0.940370 0.818066
0 0.902890 0.163910 0.893416 0.166824 0.892688 0.156258 0.882848 0.163180 0.879206 0.165368 0.876654 0.177756 0.875926 0.191604 0.867544 0.193790 0.869366 0.198526 0.880662 0.193060 0.875926 0.203628 0.865722 0.203628 0.857342 0.206178 0.857342 0.213466 0.858434 0.216382 0.867544 0.208364 0.874832 0.213466 0.870460 0.228042 0.873740 0.228770 0.877384 0.233508 0.877018 0.241160 0.873374 0.248084 0.874832 0.251362 0.876290 0.252820 0.882120 0.240066 0.889772 0.217110 0.891958 0.213466 0.898882 0.207272 0.916738 0.209458 0.930220 0.209458 0.931312 0.202900 0.930948 0.195976 0.918194 0.199620 0.903620 0.198526 0.895238 0.197798 0.902162 0.180306 0.901068 0.170832
0 0.831618 0.210894 0.833430 0.219590 0.833430 0.230824 0.834154 0.243506 0.830532 0.252928 0.834154 0.255826 0.839228 0.258000 0.844300 0.258364 0.841402 0.250754 0.847562 0.247854 0.857346 0.251478 0.863506 0.260538 0.859882 0.269596 0.852272 0.280104 0.844300 0.287714 0.851186 0.284090 0.861694 0.275394 0.865318 0.272858 0.869666 0.284816 0.867854 0.291700 0.868578 0.296412 0.871478 0.298948 0.880536 0.302934 0.881624 0.316342 0.878726 0.326488 0.874014 0.336996 0.866404 0.348954 0.863506 0.357650 0.863506 0.360186 0.877638 0.346416 0.883074 0.346780 0.883436 0.350402 0.885972 0.356200 0.891046 0.361274 0.896118 0.374682 0.893220 0.352214 0.884522 0.330110 0.884522 0.315978 0.886334 0.305470 0.893944 0.309094 0.899380 0.305108 0.874740 0.272134 0.867130 0.251116 0.858070 0.244594 0.842126 0.243868 0.838866 0.235896 0.837416 0.227924 0.848286 0.234810 0.849374 0.229374 0.843214 0.214156 0.839228 0.218866 0.835966 0.207996
1 0.790102 0.281262 0.798668 0.283832 0.804664 0.291826 0.810090 0.295538 0.809234 0.285830 0.809234 0.282690 0.813516 0.283832 0.819798 0.278692 0.824082 0.280120 0.826366 0.270696 0.819228 0.274122 0.815516 0.278406 0.809518 0.275264 0.804664 0.280120 0.799810 0.277550 0.793528 0.276122 0.790388 0.276692
1 0.158358 0.032432 0.140368 0.052134 0.148934 0.065840 0.170350 0.065840 0.155114 0.058682 0.164354 0.039286 0.165210 0.027292
1 0.172044 0.002820 0.169928 0.013396 0.181916 0.007050 0.194608 0.014808 0.186146 0.002820
1 0.277630 0.015778 0.274758 0.023438 0.279938 0.042038 0.273322 0.034448 0.266142 0.023916 0.270930 0.015300 0.274280 0.010992
1 0.251058 0.227072 0.237490 0.229054 0.241382 0.246574 0.244628 0.245926 0.253062 0.241382
1 0.199206 0.195312 0.203100 0.217374 0.213482 0.220618 0.218260 0.210428 0.221688 0.197212 0.206992 0.198556 0.210236 0.177144 0.202450 0.189472
1 0.200148 0.481614 0.205534 0.493362 0.206022 0.502662 0.196232 0.507068 0.192316 0.510006 0.197702 0.512454 0.209450 0.512942 0.217770 0.504620 0.219730 0.503152 0.223156 0.494342 0.216302 0.488468 0.212386 0.488468 0.207492 0.484552
1 0.211896 0.759164 0.211408 0.770422 0.217770 0.772870 0.231478 0.769444 0.218260 0.768954 0.216792 0.758674
1 0.507114 0.083706 0.495256 0.087194 0.484794 0.091378 0.472238 0.095564 0.474330 0.101842 0.486188 0.096958 0.495256 0.100446 0.496652 0.096262
1 0.575474 0.263672 0.585938 0.278320 0.603694 0.296586 0.583844 0.288784 0.571290 0.281110 0.563616 0.276926 0.563616 0.270648
1 0.574776 0.337612 0.541294 0.341100 0.530134 0.344588 0.533622 0.350864 0.565012 0.347378 0.565012 0.355748 0.562918 0.369002 0.562918 0.380162 0.543388 0.394112 0.563616 0.394112 0.571986 0.384348 0.572080 0.352192 0.575098 0.346586 0.580704 0.344432 0.578978 0.338826
1 0.736286 0.479148 0.743780 0.479148 0.745186 0.481490 0.745186 0.488984 0.735818 0.494136 0.732070 0.491326
1 0.935546 0.000000 0.956450 0.004170 0.946948 0.013144 0.939736 0.017756 0.929002 0.018950 0.923194 0.021062 0.916860 0.008922 0.922666 0.005226 0.926890 0.006282