0 0.126624 0.329574 0.130136 0.333084 0.137158 0.331768 0.151202 0.333084 0.156470 0.332646 0.159542 0.319478 0.163930 0.324746 0.161298 0.336596 0.163930 0.355908 0.156030 0.351080 0.154274 0.337034 0.141986 0.336156 0.143742 0.342740 0.142424 0.349324 0.141986 0.358542 0.146814 0.367758 0.132720 0.383056 0.137158 0.373464 0.142864 0.364686 0.134964 0.358542 0.138474 0.343618 0.132330 0.349324 0.123990 0.354152 0.116968 0.369074 0.110116 0.374942 0.110986 0.362192 0.124430 0.349324 0.138036 0.341862 0.132768 0.340546 0.128380 0.343618 0.123736 0.343356 0.124868 0.336156 0.119602 0.333962 0.121358 0.331768
0 0.136280 0.498112 0.141546 0.507330 0.149446 0.510840 0.159542 0.511280 0.163054 0.512596 0.162176 0.517424 0.163492 0.533664 0.163492 0.537176 0.159090 0.541856 0.153874 0.523310 0.157786 0.517424 0.152080 0.514352 0.137596 0.513036 0.126186 0.513914 0.126054 0.515776 0.131012 0.502502 0.126186 0.502940 0.113018 0.505574 0.094146 0.510402 0.095900 0.504696 0.104678 0.500308 0.120040 0.498990 0.131890 0.494162
0 0.115652 0.561754 0.131012 0.564826 0.141986 0.563070 0.155152 0.564388 0.168074 0.565038 0.163930 0.570532 0.166126 0.575360 0.168320 0.584576 0.168074 0.588510 0.157348 0.571410 0.149886 0.570532 0.148570 0.574920 0.152958 0.587210 0.146814 0.592038 0.148130 0.606084 0.148570 0.610034 0.143442 0.600682 0.143152 0.587932 0.143302 0.575360 0.136280 0.574920 0.126624 0.575360 0.122674 0.583700 0.113896 0.589404 0.122234 0.572288 0.115212 0.572288 0.112724 0.568806
0 0.113456 0.620568 0.098096 0.625396 0.091512 0.624956 0.093706 0.632856 0.095034 0.632208 0.082692 0.636836 0.077906 0.647780 0.071892 0.651646 0.062944 0.660286 0.066338 0.664606 0.068806 0.671702 0.074978 0.660902 0.078988 0.666456 0.085160 0.662754 0.088246 0.654424 0.092256 0.663680 0.099970 0.666148 0.099850 0.654802 0.114774 0.651290 0.119100 0.656584 0.127432 0.653806 0.128380 0.647780 0.125308 0.639002 0.120548 0.635456 0.123552 0.628906 0.121418 0.622416 0.116492 0.631398 0.110384 0.632856 0.100728 0.631100 0.102924 0.628468 0.110384 0.626712
0 0.140544 0.666172 0.147252 0.668408 0.146814 0.683770 0.146920 0.691094 0.149238 0.693992 0.155612 0.699786 0.161298 0.709664 0.158800 0.720940 0.146374 0.698692 0.141124 0.698918 0.137596 0.692986 0.135840 0.696498 0.133208 0.706592 0.127062 0.704836 0.108628 0.710982 0.107752 0.705714 0.120040 0.704836 0.129258 0.700008 0.136280 0.689914 0.126924 0.687326 0.126634 0.679212 0.135840 0.680258 0.138914 0.685964 0.142424 0.677186 0.139792 0.670164
0 0.138466 0.792302 0.129890 0.765624 0.125762 0.758638 0.120046 0.760544 0.117188 0.762132 0.114330 0.760544 0.099402 0.761496 0.108930 0.755462 0.109884 0.744982 0.116552 0.748476 0.123222 0.750382 0.135924 0.748476 0.130208 0.743394 0.122268 0.744348 0.123856 0.740854 0.134020 0.738314 0.141958 0.743394 0.152122 0.744982 0.148946 0.739900 0.151556 0.729634 0.157202 0.738630 0.163872 0.737996 0.177636 0.735140 0.173000 0.751078 0.159380 0.751078 0.169232 0.744414 0.157520 0.744348 0.154662 0.749428 0.150534 0.755462 0.148946 0.760544 0.140834 0.767306 0.144182 0.756732 0.141642 0.747206 0.136560 0.754510 0.134748 0.766146 0.139736 0.773882 0.140688 0.782140
0 0.321476 0.225464 0.323958 0.228130 0.334670 0.237716 0.340324 0.237716 0.339368 0.249572 0.341044 0.265652 0.334008 0.260962 0.325298 0.255936 0.333248 0.264246 0.336688 0.269336 0.335682 0.276708 0.329652 0.287428 0.328312 0.267662 0.320208 0.262796 0.313908 0.243876 0.311226 0.232486 0.313238 0.227796 0.316922 0.226790
0 0.295482 0.308534 0.311896 0.316574 0.312902 0.321598 0.302516 0.324614 0.305456 0.328658 0.311226 0.324614 0.323958 0.323274 0.330658 0.322268 0.331662 0.327964 0.341044 0.342704 0.344058 0.348734 0.336018 0.351750 0.315918 0.355100 0.319268 0.359790 0.339034 0.358450 0.345398 0.358116 0.360198 0.359584 0.357288 0.352924 0.356110 0.351746 0.347744 0.345384 0.340038 0.327964 0.348078 0.330644 0.363154 0.329974 0.364494 0.336340 0.369470 0.345674 0.372200 0.343374 0.371864 0.333324 0.371530 0.323274 0.371530 0.311214 0.366170 0.317578 0.363488 0.323610 0.357458 0.325284 0.337596 0.320174 0.328648 0.315234 0.327838 0.311458 0.319268 0.315234 0.312232 0.310544 0.307206 0.308534
0 0.329988 0.419758 0.320272 0.434834 0.315282 0.438114 0.311896 0.432824 0.295816 0.431484 0.283086 0.429138 0.281076 0.426122 0.297896 0.418988 0.306202 0.416072 0.289116 0.404012 0.299836 0.408368 0.307876 0.412052 0.324962 0.413058 0.327978 0.407362 0.330992 0.400326 0.338362 0.397312 0.343724 0.393962 0.345734 0.390612 0.356118 0.394966 0.359134 0.398986 0.368850 0.396642 0.380240 0.397312 0.391296 0.399656 0.391630 0.406358 0.375550 0.401332 0.361144 0.405018 0.366504 0.409038 0.358464 0.406692 0.349084 0.406692 0.330658 0.415402
0 0.312902 0.506526 0.314242 0.518252 0.319268 0.521602 0.323622 0.525286 0.328312 0.530646 0.333672 0.524952 0.336688 0.524282 0.345398 0.536678 0.347744 0.548068 0.355448 0.560464 0.360474 0.558118 0.367442 0.541566 0.357288 0.548236 0.351094 0.530646 0.347074 0.521602 0.339368 0.510546 0.332332 0.506192 0.321278 0.502840 0.313572 0.503176
0 0.297606 0.578078 0.297826 0.582238 0.310556 0.595640 0.322952 0.601000 0.324962 0.604684 0.332332 0.603344 0.338362 0.605354 0.342718 0.617080 0.349754 0.621100 0.358798 0.619426 0.361814 0.621100 0.362470 0.629284 0.364158 0.629810 0.374210 0.634836 0.381580 0.639526 0.384146 0.638472 0.379570 0.631150 0.367182 0.623158 0.365062 0.615854 0.350088 0.612056 0.349084 0.600330 0.351428 0.592960 0.372534 0.582908 0.387610 0.577548 0.388614 0.575204 0.381914 0.573864 0.360138 0.583244 0.351094 0.584250 0.345734 0.578888 0.337692 0.569844 0.336352 0.576208 0.341378 0.580564 0.346068 0.585254 0.339368 0.590280 0.329988 0.593630 0.321278 0.589610 0.309552 0.580898 0.302852 0.576544
0 0.333002 0.678388 0.325298 0.688774 0.316588 0.695138 0.313238 0.701504 0.319268 0.704184 0.332332 0.707198 0.331662 0.703848 0.322526 0.700946 0.329318 0.692794 0.337022 0.688774 0.346404 0.680732 0.352434 0.681068 0.363676 0.690224 0.365500 0.696478 0.367174 0.709544 0.369854 0.693128 0.370524 0.684418 0.365164 0.676378 0.353104 0.670682 0.343724 0.669342 0.338698 0.675038 0.339368 0.680398
0 0.317310 0.716014 0.323288 0.733330 0.328902 0.734850 0.328322 0.718912 0.336436 0.727606 0.333338 0.737014 0.343724 0.743380 0.347408 0.741036 0.347074 0.734670 0.351764 0.735674 0.352434 0.743046 0.355448 0.746730 0.365500 0.747736 0.367174 0.740700 0.365164 0.728640 0.367844 0.726630 0.375194 0.721874 0.382800 0.719492 0.374210 0.739024 0.373204 0.746730 0.373540 0.753430 0.381914 0.755440 0.385934 0.760466 0.382920 0.762810 0.388306 0.771362 0.371210 0.772522 0.373204 0.760800 0.368850 0.756110 0.354108 0.752426 0.350424 0.756110 0.352434 0.775206 0.357794 0.776546 0.363824 0.788606 0.363488 0.798992 0.359468 0.795308 0.356788 0.780566 0.350424 0.784586 0.346068 0.789612 0.339704 0.799328 0.334678 0.813398 0.330992 0.813732 0.328612 0.812802 0.338362 0.795978 0.343680 0.781506 0.345064 0.773196 0.345064 0.754100 0.339704 0.746396 0.333672 0.747066 0.330322 0.754770 0.328982 0.764486 0.321612 0.762476 0.322282 0.753096 0.307876 0.755440 0.297826 0.751756 0.285766 0.748070 0.276720 0.738020 0.283086 0.738690 0.295482 0.747400 0.303522 0.746060 0.295482 0.739696 0.290792 0.736344 0.292802 0.731320 0.302182 0.738354 0.307876 0.749076 0.316252 0.752426 0.323106 0.744702 0.325424 0.742384 0.327308 0.739360 0.320272 0.734334 0.315582 0.726294
0 0.306236 0.859108 0.317804 0.860442 0.317358 0.868452 0.324032 0.866672 0.330640 0.865832 0.333248 0.857138 0.336490 0.867116 0.349836 0.888026 0.352664 0.879162 0.344498 0.854660 0.342718 0.842646 0.327592 0.841756 0.316914 0.846206 0.308016 0.852880
0 0.340938 0.908938 0.339158 0.920950 0.339158 0.931628 0.332486 0.946310 0.332040 0.955208 0.341942 0.977108 0.337378 0.979232 0.343970 0.986380 0.339158 0.989020 0.329370 0.973894 0.322890 0.963600 0.320918 0.948978 0.312464 0.952092 0.300008 0.950758 0.305790 0.945864 0.295558 0.936966 0.307126 0.937412 0.320918 0.938746 0.324476 0.931628 0.310646 0.919440 0.315578 0.916946 0.325812 0.922284 0.336044 0.926734 0.331596 0.915166 0.334264 0.906268 0.336490 0.905378
0 0.284854 0.957112 0.270076 0.947260 0.274422 0.965516 0.291810 0.968124 0.300452 0.981012 0.311574 0.997472 0.324032 0.997028 0.320770 0.998232 0.315134 0.988574 0.309794 0.978342 0.300008 0.966330 0.296002 0.958766 0.290220 0.956096
0 0.608790 0.066992 0.607760 0.071740 0.625344 0.079276 0.634570 0.069532 0.641016 0.069140 0.639496 0.071788 0.637500 0.077930 0.630368 0.091836 0.622852 0.101368 0.632880 0.096546 0.647634 0.072330 0.672048 0.069076 0.675304 0.088064 0.674014 0.105966 0.675898 0.105024 0.681814 0.088064 0.678016 0.066362 0.665538 0.058768 0.650390 0.057422 0.646680 0.056250 0.643946 0.056836 0.631640 0.057618 0.625976 0.059180 0.617578 0.061132
0 0.637912 0.198568 0.608616 0.212132 0.604688 0.219726 0.607530 0.226236 0.611132 0.224024 0.610786 0.237088 0.614040 0.243598 0.616210 0.253906 0.621094 0.268012 0.622178 0.281576 0.624892 0.292968 0.629774 0.280490 0.634722 0.281664 0.633466 0.297364 0.641316 0.319032 0.645118 0.310742 0.654882 0.322070 0.651562 0.333984 0.658790 0.330860 0.662110 0.319922 0.647596 0.307100 0.642886 0.296736 0.642796 0.289714 0.649306 0.297852 0.651368 0.290626 0.641168 0.277778 0.628146 0.260960 0.622178 0.246310 0.621094 0.228408 0.626520 0.212674 0.640082 0.208876 0.656358 0.211046 0.669380 0.212132 0.667210 0.206164 0.655274 0.203994 0.643338 0.198026 0.638998 0.198026
0 0.647014 0.483864 0.636946 0.486550 0.633592 0.489234 0.640974 0.499302 0.639632 0.510712 0.628892 0.495274 0.626208 0.479838 0.631578 0.476482 0.651954 0.474414 0.654398 0.481180 0.654102 0.490430 0.659096 0.498630 0.665136 0.518766 0.652384 0.501986
0 0.687956 0.553862 0.675876 0.557218 0.671094 0.551172 0.661110 0.552520 0.655274 0.547070 0.651042 0.548494 0.640820 0.546290 0.634934 0.547822 0.625390 0.543360 0.620168 0.547150 0.614844 0.546484 0.613456 0.550506 0.595312 0.547656 0.604060 0.554534 0.616016 0.558008 0.628892 0.557218 0.629564 0.563260 0.638290 0.596818 0.639632 0.586750 0.637618 0.555204 0.643750 0.553320 0.640040 0.567774 0.643658 0.571314 0.649414 0.571680 0.648356 0.560574 0.657082 0.559904 0.673190 0.563260
0 0.654688 0.615624 0.645672 0.620114 0.643164 0.636524 0.626880 0.652330 0.630236 0.666426 0.640974 0.681190 0.657082 0.674480 0.673190 0.665754 0.659766 0.665626 0.653726 0.672466 0.640302 0.669780 0.642988 0.653672 0.648356 0.640250 0.652540 0.654492 0.655068 0.635550 0.660352 0.624804 0.657082 0.620114
0 0.654868 0.785188 0.654868 0.805324 0.659566 0.817406 0.678320 0.824414 0.672990 0.827472 0.658810 0.823694 0.652906 0.819152 0.650180 0.824148 0.665170 0.833234 0.676524 0.839592 0.651542 0.834142 0.641550 0.822332 0.638036 0.824312 0.638370 0.814610 0.635646 0.813248 0.619748 0.814610 0.607484 0.814156 0.610664 0.809160 0.634742 0.805252 0.638272 0.802900 0.649272 0.803710 0.641096 0.798258 0.641096 0.790082 0.647908 0.795078 0.648818 0.787812 0.649726 0.779182
0 0.679688 0.872548 0.664244 0.875272 0.651526 0.878906 0.641566 0.884084 0.632860 0.886202 0.630742 0.889260 0.624388 0.893260 0.630178 0.899800 0.622036 0.905262 0.611916 0.915616 0.612010 0.918878 0.631086 0.910702 0.638036 0.905968 0.651526 0.912972 0.670148 0.914790 0.684230 0.913880 0.683776 0.910702 0.646530 0.907522 0.643448 0.901026 0.652434 0.889808 0.668332 0.883448 0.675146 0.880268
0 0.659686 0.939148 0.652434 0.966570 0.646076 0.972928 0.644258 0.978834 0.641080 0.995640 0.634266 0.994276 0.637446 0.978380 0.637446 0.975654 0.626544 0.982468 0.616552 0.993822 0.607014 0.999274 0.608376 0.988372 0.611102 0.975654 0.625636 0.972928 0.644712 0.969296 0.642442 0.962028 0.641534 0.950672 0.644712 0.947038
0 0.836214 0.031442 0.828710 0.033984 0.829812 0.040514 0.820352 0.051712 0.812202 0.057056 0.804196 0.042648 0.797792 0.028774 0.796192 0.043716 0.797792 0.054922 0.792774 0.059960 0.790040 0.069922 0.794058 0.067730 0.800462 0.061326 0.806332 0.058124 0.818604 0.069864 0.825542 0.054922 0.835148 0.053856 0.842382 0.044336
0 0.844922 0.111524 0.839416 0.105084 0.825976 0.103124 0.813476 0.110742 0.821290 0.113282 0.813802 0.115758 0.810600 0.121628 0.796484 0.123632 0.790624 0.126562 0.784960 0.133398 0.789254 0.133368 0.814870 0.124296 0.834080 0.116290 0.837282 0.121094 0.837500 0.133398 0.843750 0.140234 0.843686 0.121094
0 0.847070 0.186524 0.838868 0.197656 0.822874 0.203808 0.808466 0.203808 0.795118 0.194532 0.796726 0.201140 0.798242 0.203710 0.810600 0.208610 0.807226 0.208204 0.809532 0.213948 0.801172 0.216602 0.798632 0.216406 0.793750 0.218946 0.778582 0.227288 0.760938 0.222266 0.774414 0.233984 0.779116 0.230490 0.798828 0.232812 0.802596 0.224620 0.811668 0.221952 0.811328 0.233398 0.817968 0.229688 0.827734 0.223046 0.828710 0.220898 0.831250 0.216992 0.833014 0.205942 0.842618 0.202208 0.847460 0.210156 0.860156 0.218360 0.864258 0.218164 0.854102 0.207226 0.843152 0.204342 0.844726 0.200390 0.847956 0.197938 0.854102 0.186132
0 0.841602 0.240234 0.844220 0.248634 0.842086 0.264110 0.845286 0.274248 0.852224 0.284388 0.872502 0.290258 0.873036 0.298796 0.844220 0.283320 0.839416 0.289724 0.839416 0.304132 0.844754 0.312670 0.849610 0.329882 0.851172 0.333008 0.849218 0.336524 0.842578 0.333008 0.830878 0.310002 0.830344 0.292392 0.825782 0.287304 0.821806 0.287056 0.817578 0.289844 0.816406 0.285352 0.823408 0.276916 0.822340 0.261974 0.814454 0.250390 0.820898 0.240626 0.835148 0.261442 0.839950 0.268378 0.835148 0.251302 0.836748 0.243832
0 0.819726 0.368164 0.815430 0.358398 0.828744 0.363366 0.841602 0.359570 0.844220 0.361232 0.847422 0.368170 0.847266 0.370898 0.854358 0.377242 0.864062 0.392188 0.850090 0.387914 0.826610 0.375640 0.820508 0.381446 0.815234 0.377930 0.810066 0.370838 0.803662 0.357496
0 0.867700 0.413528 0.855960 0.427404 0.843686 0.447682 0.843152 0.458888 0.848046 0.471290 0.848242 0.472656 0.838086 0.473438 0.837696 0.480860 0.843750 0.483204 0.844726 0.500390 0.832422 0.487890 0.831836 0.486132 0.830274 0.502734 0.828744 0.496244 0.825782 0.485938 0.815404 0.483970 0.818604 0.474364 0.823408 0.467426 0.826076 0.464224 0.817004 0.462090 0.804882 0.462696 0.815234 0.471680 0.812696 0.477930 0.801528 0.464224 0.790322 0.466360 0.784180 0.464454 0.784986 0.459956 0.777514 0.439678 0.786586 0.444480 0.792456 0.460490 0.814870 0.458354 0.833546 0.456754 0.834080 0.443946 0.844754 0.424202 0.857026 0.416730
0 0.841552 0.522392 0.845820 0.529862 0.842618 0.545338 0.842086 0.553876 0.838884 0.567218 0.844220 0.577356 0.846680 0.585546 0.838476 0.583790 0.834080 0.572554 0.831946 0.564550 0.822852 0.563868 0.829278 0.553342 0.834080 0.541068 0.834614 0.529328 0.820740 0.528796 0.822340 0.518122 0.830878 0.524526 0.836748 0.526660 0.836214 0.517588
0 0.858628 0.683552 0.854358 0.688354 0.847956 0.695292 0.846290 0.700000 0.854358 0.707564 0.867578 0.713476 0.862898 0.726776 0.849022 0.715036 0.843152 0.706498 0.840484 0.713968 0.841018 0.719838 0.833546 0.711834 0.825008 0.724642 0.828210 0.736916 0.819138 0.732646 0.819672 0.716104 0.829278 0.705430 0.823242 0.705078 0.822340 0.702762 0.828516 0.698242 0.831946 0.700628 0.839454 0.695898 0.844220 0.687820 0.849022 0.685686
0 0.853292 0.786010 0.843152 0.794014 0.841552 0.800418 0.851156 0.804688 0.860228 0.804688 0.867700 0.807890 0.856494 0.810024 0.845286 0.810024 0.846888 0.824432 0.847422 0.835106 0.857032 0.848632 0.855078 0.853320 0.842618 0.842042 0.842618 0.827100 0.835682 0.824432 0.825008 0.831370 0.820508 0.831640 0.820740 0.824966 0.815936 0.816428 0.791922 0.820164 0.789258 0.822852 0.778582 0.816962 0.779116 0.812158 0.792990 0.807890 0.786914 0.803320 0.789254 0.794548 0.795312 0.789844 0.807932 0.800418 0.814336 0.807356 0.817188 0.811524 0.826076 0.810024 0.829492 0.805860 0.834614 0.806822 0.835742 0.801954 0.837816 0.792948 0.841552 0.786010 0.846888 0.781740
0 0.861718 0.916796 0.872070 0.913672 0.871290 0.908204 0.857226 0.910546 0.849556 0.903412 0.849022 0.895940 0.861914 0.893750 0.861328 0.890234 0.854358 0.890070 0.835682 0.892204 0.821806 0.891670 0.809532 0.888470 0.803126 0.885352 0.805264 0.896474 0.797260 0.899676 0.778710 0.904102 0.788188 0.907146 0.821806 0.902878 0.841552 0.901276 0.847956 0.908214 0.852758 0.913550
0 0.869726 0.957812 0.862364 0.952506 0.846354 0.946636 0.836132 0.941992 0.830344 0.945568 0.812890 0.943554 0.801528 0.947170 0.803126 0.941016 0.786586 0.950372 0.766210 0.951368 0.764258 0.959960 0.766308 0.963178 0.787120 0.957308 0.805264 0.955174 0.801528 0.964780 0.803126 0.977344 0.806836 0.966016 0.815936 0.959444 0.831412 0.955708 0.841018 0.956776 0.842188 0.960546 0.848046 0.962304 0.856054 0.963672 0.859696 0.959976
1 0.004778 0.397428 0.007980 0.401632 0.003178 0.404032
1 0.253198 0.032494 0.249522 0.039844 0.244796 0.044046 0.233772 0.046670 0.226158 0.048508 0.223534 0.051920 0.233772 0.052446 0.243484 0.050608 0.246634 0.050870 0.250572 0.056384 0.256086 0.056908 0.254510 0.044570 0.254510 0.038270
1 0.220120 0.035908 0.232722 0.037220 0.226420 0.045096 0.219070 0.046408 0.216970 0.042732 0.218282 0.039844 0.215658 0.036432 0.217496 0.035908
0 0.147404 0.067672 0.140316 0.071084 0.127714 0.072396 0.123252 0.075810 0.114064 0.077910 0.105400 0.082898 0.078982 0.073242 0.068860 0.080784 0.097244 0.089122 0.105138 0.089722 0.112226 0.086048 0.119314 0.082110 0.126664 0.082636 0.124040 0.088936 0.121676 0.093136 0.116426 0.091560 0.112226 0.091036 0.112226 0.096548 0.118264 0.097598 0.123776 0.095236 0.134278 0.082898 0.137428 0.086310 0.140316 0.092874 0.150816 0.096810 0.151604 0.092086 0.142940 0.084736 0.141366 0.081060 0.145828 0.085786 0.151340 0.088672 0.147404 0.077648
0 0.145658 0.138364 0.141596 0.149032 0.139564 0.154366 0.136008 0.160462 0.134484 0.166048 0.128896 0.168080 0.121276 0.170112 0.112642 0.172906 0.108832 0.179002 0.110864 0.191192 0.113912 0.196780 0.119498 0.202622 0.127880 0.207194 0.127880 0.204908 0.124070 0.198050 0.125086 0.188400 0.127118 0.177224 0.130166 0.177224 0.132452 0.178748 0.133468 0.182558 0.133976 0.185352 0.141342 0.183320 0.142612 0.182558 0.142358 0.177224 0.134230 0.173668 0.138040 0.170366 0.143374 0.168080 0.147182 0.171128 0.147182 0.178494 0.146674 0.183828 0.143374 0.184336 0.146420 0.188400 0.147182 0.192970 0.150738 0.178494 0.149976 0.166810 0.146166 0.161476 0.146674 0.157160 0.156834 0.159954 0.157342 0.154620 0.148706 0.151826 0.147182 0.150556 0.147436 0.145730
0 0.100196 0.103568 0.095116 0.108394 0.091052 0.109410 0.083942 0.110934 0.077592 0.112458 0.083942 0.117538 0.086482 0.121348 0.085212 0.125158 0.080386 0.126428 0.076068 0.131000 0.072512 0.129476 0.064892 0.130746 0.061336 0.133284 0.063622 0.136586 0.069210 0.133284 0.069972 0.137348 0.078862 0.137856 0.082418 0.133538 0.092576 0.125920 0.096894 0.126428 0.104768 0.127444 0.107816 0.125666 0.105022 0.118046 0.099688 0.114998 0.098926 0.119062 0.097148 0.120840 0.091814 0.118554 0.094862 0.115252 0.098418 0.111442 0.099434 0.108902
1 0.072258 0.193224 0.059304 0.194748 0.040510 0.197034 0.038478 0.201352 0.034668 0.209734 0.034414 0.216338 0.034414 0.220908 0.041526 0.221670 0.056004 0.222432 0.065146 0.222432 0.081402 0.221162 0.088004 0.219638 0.094100 0.216084 0.093338 0.204908 0.090290 0.198050 0.084958 0.194240 0.079370 0.194240
1 0.042034 0.105600 0.032890 0.106870 0.026288 0.107124 0.015620 0.108648 0.010032 0.110680 0.000380 0.111950 0.002666 0.135316 0.007492 0.129476 0.012572 0.128206 0.011556 0.134808 0.012826 0.138618 0.022732 0.138110 0.040764 0.134554 0.046606 0.126936 0.052702 0.122364 0.055496 0.118808 0.063622 0.119062 0.070734 0.117538 0.066924 0.110934 0.062606 0.108140 0.057020 0.105854 0.050162 0.105346 0.044066 0.104076
1 0.035684 0.080456 0.040256 0.081472 0.035176 0.089346 0.033144 0.095950 0.035176 0.100014 0.041526 0.100014 0.049146 0.102300 0.051178 0.095696 0.051178 0.087314 0.055750 0.079440 0.055750 0.075630 0.050162 0.079694 0.046352 0.078170 0.041272 0.076900 0.036446 0.076900 0.034160 0.078424
1 0.093304 0.036778 0.095254 0.049316 0.095534 0.057674 0.089960 0.050708 0.083552 0.048202 0.078538 0.047086 0.084388 0.044858 0.087174 0.042350 0.088568 0.034828
0 0.334032 0.005016 0.334310 0.011424 0.341554 0.020060 0.350056 0.025756 0.347684 0.031762 0.351504 0.037058 0.351214 0.045750 0.347962 0.049594 0.346012 0.053216 0.346214 0.038162 0.339382 0.034392 0.342680 0.044760 0.339382 0.053476 0.337732 0.055832 0.337262 0.047586 0.333964 0.043110 0.330966 0.029256 0.329852 0.022568 0.327344 0.015882 0.318708 0.014766 0.312020 0.016438 0.310628 0.022568 0.300598 0.025076 0.297896 0.023728 0.288896 0.023682 0.274128 0.024240 0.278190 0.021120 0.279060 0.017352 0.282536 0.016482 0.297026 0.014744 0.304498 0.015602 0.313136 0.011980 0.314250 0.008358 0.304776 0.002508 0.309792 0.000836 0.317872 0.000836 0.333196 0.001114
0 0.321494 0.060460 0.316758 0.050988 0.315922 0.047086 0.313692 0.051544 0.312020 0.060182 0.308956 0.061574 0.302826 0.061296 0.301990 0.064640 0.312020 0.067984 0.317036 0.081078 0.321216 0.081914 0.324002 0.084144 0.327624 0.084980 0.328738 0.086372 0.331246 0.091388 0.334588 0.090552 0.331246 0.079964 0.324280 0.073834 0.323166 0.068262 0.329296 0.070770 0.335424 0.074112 0.341834 0.074670 0.344340 0.078292 0.342668 0.081356 0.333754 0.084422 0.321216 0.087208 0.312300 0.091388 0.322886 0.090830 0.329016 0.091666 0.337932 0.092224 0.348520 0.087208 0.348520 0.078850 0.343226 0.068820 0.336260 0.062968 0.330410 0.062132 0.326788 0.059346 0.325116 0.057674
1 0.213390 0.141260 0.213390 0.147112 0.212554 0.151290 0.210604 0.157698 0.210324 0.159092 0.216176 0.155748 0.220076 0.158256 0.222306 0.155470 0.221748 0.147948 0.221190 0.137080 0.218962 0.137080
0 0.315086 0.161042 0.307284 0.162992 0.303384 0.169680 0.303662 0.177760 0.303940 0.184446 0.302548 0.187232 0.305692 0.194130 0.313692 0.191134 0.314806 0.187512 0.320658 0.189462 0.336260 0.195870 0.337654 0.194198 0.335982 0.190018 0.324002 0.186954 0.323722 0.181938 0.330966 0.173022 0.332082 0.168564 0.335424 0.170236 0.340998 0.172466 0.339882 0.167730 0.334310 0.163272 0.330132 0.162436 0.328460 0.170516 0.324002 0.171352 0.320380 0.173858 0.316478 0.177480 0.311184 0.176924 0.311464 0.171908 0.315922 0.168564 0.318150 0.166058
1 0.196060 0.214706 0.203590 0.211512 0.211804 0.212654 0.213402 0.219042 0.212946 0.225202 0.212490 0.230222 0.213858 0.236154 0.214086 0.243456 0.216368 0.246878 0.220932 0.244596 0.221844 0.236382 0.224810 0.239806 0.227776 0.242544 0.229146 0.238436 0.226636 0.227256 0.226864 0.213794 0.223442 0.206492 0.219106 0.204440 0.214086 0.209002 0.208610 0.206720 0.204960 0.204896 0.200852 0.206036 0.196290 0.207862 0.193322 0.209458 0.191954 0.212196
1 0.092472 0.248248 0.102512 0.245966 0.105478 0.246422 0.105478 0.249160 0.103196 0.253268 0.104794 0.258744 0.107076 0.261710 0.103880 0.262622 0.102740 0.267414 0.107760 0.268554 0.119852 0.270152 0.124416 0.266730 0.120080 0.265816 0.114832 0.263992 0.110042 0.261254 0.109584 0.257146 0.111866 0.252354 0.112322 0.245282 0.113236 0.242088 0.120080 0.240262 0.130804 0.238208 0.132402 0.233416 0.126926 0.234558 0.117798 0.237524 0.115060 0.236382 0.113464 0.229538 0.110498 0.232960 0.107988 0.240034 0.105250 0.241174 0.097948 0.241858 0.092472 0.243228 0.090876 0.244826
1 0.129664 0.264448 0.130120 0.267870 0.124416 0.274716 0.122362 0.278366 0.118484 0.284298 0.115746 0.289774 0.115746 0.297532 0.118256 0.299358 0.121678 0.293196 0.123276 0.288406 0.135140 0.283842 0.138790 0.283614 0.138790 0.276312 0.139018 0.268326 0.136508 0.262166 0.132174 0.261710
1 0.186934 0.271064 0.183740 0.277910 0.181002 0.282244 0.181686 0.285440 0.181914 0.290002 0.182370 0.293426 0.188304 0.295250 0.191270 0.293882 0.191042 0.290230 0.186250 0.288178 0.188988 0.283842 0.191270 0.284526 0.193094 0.287950 0.199712 0.291144 0.203362 0.288634 0.200852 0.284982 0.198570 0.274944 0.195832 0.272206 0.192182 0.271064
1 0.090190 0.305518 0.099546 0.316014 0.099546 0.321718 0.094526 0.325596 0.094070 0.323544 0.094070 0.317610 0.092016 0.317382 0.087908 0.319208 0.089050 0.313048 0.088366 0.310994 0.082204 0.312134 0.079922 0.312134 0.082890 0.307800 0.087452 0.304378
0 0.110954 0.386974 0.114376 0.394276 0.117798 0.399068 0.130112 0.396966 0.143354 0.403858 0.146092 0.411388 0.147004 0.422568 0.137194 0.422112 0.134684 0.424622 0.131490 0.430326 0.126926 0.434434 0.126470 0.425992 0.131718 0.421884 0.138562 0.420744 0.140616 0.416408 0.136738 0.406140 0.133086 0.406824 0.131946 0.411844 0.127838 0.405228 0.123504 0.408650 0.125556 0.413898 0.129436 0.416636 0.128522 0.419830 0.123504 0.419374 0.115290 0.416636 0.110954 0.410020 0.107532 0.403630 0.107760 0.402034 0.112322 0.398382 0.107988 0.395872 0.098632 0.397698 0.088594 0.398610 0.086768 0.396786 0.092700 0.394732 0.103424 0.393134 0.106390 0.393134 0.107304 0.387430 0.107532 0.381498
1 0.205644 0.356856 0.213174 0.358910 0.216368 0.362104 0.216140 0.369634 0.216140 0.375338 0.209522 0.377848 0.207698 0.373968 0.208610 0.367352 0.207470 0.363702 0.204046 0.361648 0.202906 0.357312
1 0.098176 0.352064 0.086540 0.352064 0.078782 0.350696 0.078326 0.352748 0.079466 0.358226 0.079694 0.362104 0.078782 0.368036 0.078098 0.372600 0.077870 0.377620 0.078782 0.382410 0.082432 0.378076 0.082660 0.372828 0.087452 0.361192 0.091560 0.360964 0.091788 0.367352 0.089506 0.373056 0.089506 0.379672 0.089506 0.381042 0.083802 0.382410 0.081292 0.386974 0.080608 0.390854 0.076272 0.402262 0.085170 0.396786 0.088138 0.390396 0.092244 0.385834 0.093156 0.380814 0.096122 0.372144 0.094982 0.362560 0.093614 0.355488 0.095894 0.355258
1 0.101600 0.421428 0.101828 0.428044 0.095666 0.430098 0.086996 0.432380 0.079922 0.429186 0.072622 0.429186 0.064864 0.430326 0.063952 0.433520 0.072850 0.433748 0.077642 0.434206 0.077870 0.441734 0.078782 0.446070 0.078782 0.447668 0.083346 0.444016 0.084486 0.436716 0.092244 0.437172 0.097036 0.435802 0.102284 0.433748 0.107988 0.436030 0.108672 0.431240 0.107988 0.423024 0.106846 0.419146
1 0.211348 0.438540 0.210892 0.446526 0.207012 0.449720 0.204046 0.451546 0.204046 0.454512 0.209522 0.455882 0.212946 0.460672 0.221844 0.459988 0.223670 0.459532 0.218194 0.455424 0.218194 0.446754 0.217052 0.437856 0.216140 0.436030
1 0.178036 0.451774 0.163204 0.453144 0.156588 0.456110 0.153394 0.458162 0.155676 0.462726 0.155218 0.466606 0.152480 0.470484 0.145636 0.474134 0.145408 0.477330 0.145408 0.480752 0.153850 0.477330 0.157956 0.473678 0.161836 0.464324 0.166856 0.458848 0.165258 0.461586 0.163890 0.468886 0.164118 0.472994 0.169366 0.470484 0.173244 0.462042 0.173928 0.457022 0.177580 0.456566 0.181686 0.454284
1 0.275736 0.516056 0.270108 0.509726 0.264480 0.504098 0.262606 0.504332 0.261902 0.509726 0.258150 0.511368 0.252992 0.513946 0.252758 0.518166 0.260026 0.516056 0.265418 0.513946 0.272922 0.518636 0.276674 0.519574 0.278314 0.516994
1 0.089258 0.511718 0.093360 0.496484 0.094726 0.485352 0.093164 0.483790 0.086328 0.481446 0.081836 0.479102 0.076172 0.478320 0.072656 0.478906 0.069336 0.478710 0.069726 0.469922 0.073046 0.468164 0.077148 0.468946 0.082618 0.467968 0.084570 0.463672 0.086718 0.465234 0.088672 0.470508 0.094922 0.477148 0.097266 0.480078 0.103124 0.491602 0.100976 0.493946 0.096876 0.498828 0.092774 0.505468
1 0.037890 0.521874 0.033008 0.528906 0.032032 0.537110 0.031446 0.543750 0.030664 0.547070 0.025000 0.547656 0.022266 0.544336 0.019336 0.542188 0.016406 0.544336 0.009180 0.547852 0.007618 0.554296 0.009960 0.554102 0.013672 0.549024 0.016992 0.552540 0.024024 0.553124 0.028124 0.560742 0.029492 0.564454 0.034570 0.564258 0.045312 0.564258 0.053320 0.561718 0.060546 0.553516 0.061524 0.543750 0.056640 0.531640 0.050390 0.520704 0.048438 0.519922 0.042774 0.519922
1 0.289800 0.536978 0.283746 0.539084 0.278218 0.536188 0.270058 0.535398 0.269794 0.538820 0.276112 0.540926 0.275586 0.552244 0.274796 0.560142 0.277428 0.565932 0.277692 0.558036 0.277428 0.549086 0.280850 0.544084 0.286640 0.547770 0.291116 0.545928 0.288220 0.544084 0.291378 0.543296
1 0.254264 0.539346 0.254002 0.531976 0.250052 0.529344 0.243208 0.528554 0.240050 0.525660 0.236628 0.525396 0.230310 0.527238 0.231364 0.522764 0.247946 0.522764 0.250580 0.525396 0.254264 0.521710 0.259528 0.520132 0.256896 0.528292 0.257160 0.533292 0.259528 0.537504 0.256896 0.540136
1 0.255318 0.676750 0.265846 0.680698 0.270320 0.684120 0.270320 0.689648 0.274796 0.695966 0.268216 0.694122 0.265056 0.696228 0.262424 0.692544 0.263478 0.685962 0.261108 0.686226 0.259002 0.681752 0.255844 0.680698 0.252684 0.679908
1 0.264604 0.596294 0.264864 0.588522 0.257352 0.587228 0.256316 0.584638 0.260200 0.581270 0.258906 0.578162 0.257352 0.576088 0.258388 0.570132 0.257092 0.565210 0.254762 0.559252 0.256834 0.560806 0.260460 0.565728 0.262014 0.568576 0.265640 0.563396 0.265640 0.568836 0.265382 0.573498 0.265382 0.579456 0.268748 0.576608 0.270822 0.569614 0.271340 0.577126 0.268748 0.582564 0.268490 0.587746 0.269268 0.593186 0.268230 0.596552
1 0.273670 0.601474 0.270304 0.611836 0.267194 0.614168 0.249580 0.617276 0.246212 0.611836 0.243622 0.613390 0.241292 0.617794 0.238442 0.619866 0.237146 0.624010 0.238960 0.631782 0.242586 0.635926 0.248804 0.636444 0.246990 0.628674 0.246730 0.621680 0.257352 0.620124 0.267712 0.618830 0.275224 0.615204 0.275484 0.612612 0.275742 0.597070 0.275484 0.594998
1 0.242068 0.717004 0.236110 0.722444 0.229376 0.725812 0.223676 0.727366 0.215388 0.726588 0.215128 0.731252 0.220828 0.734100 0.231706 0.731252 0.231448 0.737726 0.228080 0.739800 0.221346 0.742908 0.218496 0.748088 0.231188 0.746534 0.232226 0.748866 0.239996 0.753010 0.242328 0.747570 0.240256 0.741354 0.239218 0.734878 0.240774 0.729178 0.244400 0.731510 0.240514 0.726330 0.242586 0.723480
1 0.177908 0.757266 0.167694 0.762270 0.161024 0.767688 0.165192 0.772274 0.169778 0.769356 0.178742 0.763102 0.179574 0.767480 0.186662 0.767272 0.190206 0.766646 0.188954 0.762686 0.184160 0.760184 0.181450 0.757892
1 0.179574 0.785614 0.173114 0.784572 0.165610 0.785614 0.161648 0.790826 0.155612 0.800052 0.158938 0.801248 0.165400 0.802290 0.174364 0.798956 0.179574 0.799164 0.183326 0.802916 0.188330 0.804374 0.189580 0.801040 0.183744 0.794370 0.182284 0.790826
1 0.121210 0.823968 0.113290 0.826470 0.107244 0.825428 0.099116 0.825220 0.095988 0.825428 0.095154 0.828138 0.095572 0.830430 0.099740 0.831890 0.098490 0.834808 0.096822 0.838142 0.095572 0.842520 0.098490 0.840852 0.104534 0.836476 0.112038 0.834390 0.117458 0.834182 0.123712 0.834600 0.123294 0.830848 0.124338 0.827720 0.124962 0.824178 0.122878 0.821676
0 0.074198 0.773176 0.081448 0.774182 0.090710 0.775190 0.105206 0.774988 0.101180 0.778612 0.095744 0.779620 0.094938 0.783244 0.093730 0.786466 0.096498 0.793096 0.090910 0.795526 0.090710 0.802170 0.090306 0.807406 0.087488 0.810224 0.083460 0.806198 0.080038 0.801566 0.076816 0.799150 0.076010 0.796936 0.072588 0.797338 0.071582 0.789284 0.071984 0.784048 0.066548 0.783244 0.066144 0.781632 0.073796 0.782236 0.079232 0.780828 0.078428 0.778612 0.072386 0.777404 0.071984 0.774182
0 0.148296 0.972716 0.148498 0.964260 0.138632 0.962650 0.132390 0.958220 0.128766 0.953790 0.124940 0.946944 0.121260 0.941684 0.126550 0.930634 0.134202 0.929224 0.143866 0.928620 0.151518 0.923386 0.151720 0.916740 0.154538 0.910298 0.166418 0.905264 0.170244 0.905264 0.175480 0.903250 0.182728 0.903652 0.186754 0.904660 0.184742 0.907076 0.177090 0.906472 0.170244 0.908888 0.161788 0.911304 0.158162 0.915734 0.157760 0.921170 0.159976 0.925802 0.167828 0.927814 0.170446 0.930836 0.168030 0.932044 0.155746 0.930634 0.151316 0.930030 0.146484 0.933856 0.140444 0.937278 0.138430 0.942110 0.139638 0.944930 0.139438 0.948756 0.138806 0.951026 0.139034 0.956810 0.147290 0.957816 0.150310 0.960636 0.152324 0.966474 0.151518 0.970704 0.150914 0.971912
1 0.049858 0.942372 0.046440 0.948996 0.043234 0.953056 0.040242 0.956690 0.040242 0.962672 0.047934 0.959468 0.057226 0.951954 0.060938 0.947460 0.064258 0.946094 0.064062 0.940430 0.062500 0.937500 0.057618 0.933398 0.054688 0.934374 0.051562 0.935938 0.050586 0.937890 0.049804 0.940040
1 0.114258 0.955664 0.102148 0.962500 0.096094 0.966016 0.089062 0.969532 0.083790 0.972852 0.068388 0.985800 0.085352 0.981250 0.095898 0.983790 0.100196 0.981836 0.109570 0.981446 0.116406 0.981054 0.121290 0.976954 0.124414 0.970704 0.122266 0.960742 0.118946 0.955664 0.119336 0.957812
1 0.254146 0.836382 0.253078 0.845356 0.249230 0.851554 0.241110 0.854546 0.236410 0.855186 0.233204 0.849630 0.237692 0.849418 0.241324 0.850700 0.240042 0.845998 0.240042 0.843220 0.245598 0.843648 0.247308 0.840014 0.248804 0.835100 0.250300 0.834886
1 0.256710 0.856468 0.266540 0.854118 0.272522 0.856042 0.270172 0.862880 0.267822 0.870144 0.267394 0.876556 0.267394 0.879548 0.264616 0.883608 0.266540 0.866726 0.267180 0.859674 0.261624 0.859888 0.258634 0.859888
1 0.253932 0.888522 0.249018 0.888522 0.245384 0.889590 0.247094 0.893650 0.248162 0.897924 0.250512 0.894292 0.250512 0.900916 0.252222 0.903480 0.252650 0.894292 0.255642 0.893650 0.259702 0.893864 0.262480 0.896216 0.267822 0.897284 0.267608 0.893224 0.263548 0.889590 0.260342 0.888736
1 0.347546 0.931520 0.344458 0.941474 0.339308 0.945594 0.335532 0.951086 0.334846 0.956922 0.335876 0.960354 0.343084 0.950400 0.346860 0.944220 0.352352 0.946966 0.357500 0.943878 0.353382 0.938042 0.353038 0.929460 0.349950 0.926028
1 0.429928 0.846394 0.425808 0.852914 0.416198 0.858408 0.405556 0.862870 0.404870 0.868362 0.415854 0.867674 0.415854 0.876600 0.419974 0.884152 0.423406 0.876942 0.424778 0.866646 0.430272 0.866646 0.434390 0.865272 0.431300 0.861154 0.435764 0.851886 0.436792 0.841588
1 0.410330 0.771072 0.415512 0.784264 0.414138 0.788726 0.413452 0.797308 0.419630 0.792158 0.422376 0.788726 0.427182 0.794904 0.432330 0.790442 0.428554 0.787354 0.421346 0.779458 0.418944 0.776368 0.414824 0.773622
1 0.393886 0.598906 0.395258 0.606458 0.400408 0.608174 0.395258 0.613666 0.392856 0.621560 0.392856 0.627396 0.401094 0.621560 0.407272 0.611950 0.408302 0.618814 0.413794 0.614008 0.410362 0.608174 0.408990 0.603024 0.405214 0.603024 0.402810 0.599248 0.401094 0.596502 0.394392 0.593438 0.396632 0.595816
1 0.429584 0.411832 0.426152 0.414578 0.417570 0.417324 0.407616 0.420412 0.404184 0.421786 0.403498 0.425904 0.406930 0.430368 0.408990 0.425218 0.424778 0.424876 0.430272 0.422816 0.431988 0.426592 0.441598 0.429680 0.437480 0.421100 0.434734 0.418696
1 0.284414 0.396294 0.283846 0.404516 0.276192 0.408484 0.263436 0.412168 0.262870 0.416988 0.272792 0.417272 0.277610 0.418688 0.284698 0.422090 0.291500 0.420390 0.299438 0.413302 0.297736 0.410752 0.292918 0.406500 0.288666 0.401114 0.287248 0.396862
1 0.372574 0.360576 0.381644 0.366530 0.387880 0.369932 0.382496 0.374184 0.381362 0.379854 0.391000 0.377018 0.392416 0.375884 0.399504 0.378152 0.395534 0.369364 0.394968 0.363696 0.386180 0.362278 0.381078 0.360576 0.375976 0.358310 0.372006 0.357742
1 0.391566 0.265330 0.391000 0.280070 0.387880 0.296228 0.386464 0.304732 0.387880 0.309552 0.396668 0.309268 0.392364 0.301918 0.396102 0.297930 0.396952 0.292260 0.402906 0.288008 0.400638 0.274684 0.396668 0.267314 0.392700 0.260512
1 0.455348 0.062364 0.449394 0.070868 0.448828 0.075404 0.448260 0.078522 0.447978 0.081924 0.450812 0.083340 0.453646 0.090994 0.456764 0.085892 0.456198 0.074836 0.456764 0.067750 0.458750 0.062080
0 0.640682 0.108186 0.630296 0.108474 0.618468 0.110782 0.614140 0.111648 0.614312 0.116810 0.611914 0.132812 0.617892 0.130112 0.622218 0.139056 0.623084 0.145980 0.623950 0.154346 0.623950 0.162424 0.627988 0.156366 0.631450 0.152614 0.634336 0.153768 0.638664 0.160692 0.643280 0.164154 0.640682 0.151460 0.638952 0.144538 0.640820 0.136524 0.642990 0.134440 0.646452 0.127516 0.644722 0.118284 0.642414 0.113956
1 0.587888 0.053084 0.586156 0.049622 0.577790 0.047602 0.576060 0.043564 0.585868 0.045582 0.590772 0.046448 0.595388 0.043274 0.600294 0.045294 0.593080 0.051064
1 0.577502 0.067508 0.577790 0.080780 0.574616 0.086550 0.571732 0.076164 0.570578 0.069816 0.571444 0.063758 0.574040 0.062892
1 0.577214 0.117418 0.576636 0.124920 0.575482 0.131844 0.576348 0.141076 0.580964 0.141652 0.584138 0.134728 0.581252 0.130400 0.584426 0.123766 0.587022 0.109052 0.584426 0.110782 0.582118 0.114822
1 0.541656 0.097942 0.547080 0.104224 0.549080 0.109078 0.551078 0.114218 0.552506 0.120500 0.551078 0.124782 0.546796 0.127924 0.540514 0.127352 0.533660 0.128210 0.533374 0.131064 0.533374 0.139346 0.538228 0.137062 0.544796 0.137062 0.546510 0.139060 0.548222 0.144486 0.548794 0.150768 0.549364 0.156192 0.551650 0.156764 0.555362 0.153338 0.571352 0.155622 0.572780 0.146484 0.566498 0.147342 0.561358 0.149054 0.552792 0.137062 0.556218 0.133350 0.559074 0.124498 0.556504 0.112220 0.550792 0.103082 0.548222 0.098512 0.546510 0.095658
1 0.565954 0.194056 0.572548 0.197510 0.582596 0.202534 0.582596 0.207558 0.578514 0.208186 0.572234 0.210384 0.569408 0.206302 0.563756 0.205046 0.564384 0.202534 0.561872 0.198138
1 0.570836 0.275104 0.559722 0.280662 0.556546 0.286220 0.556546 0.294160 0.570836 0.292968 0.584334 0.289396 0.578776 0.280266
1 0.557736 0.570058 0.543446 0.574426 0.531138 0.578792 0.513672 0.587526 0.516054 0.592686 0.515656 0.599832 0.529550 0.599832 0.546620 0.599434 0.555354 0.596656 0.566072 0.587128 0.574410 0.579586 0.568852 0.574028 0.562896 0.568470
1 0.591876 0.584350 0.597434 0.593480 0.598624 0.604198 0.604580 0.605786 0.604976 0.596656 0.606564 0.594274 0.611726 0.592686 0.608550 0.588320 0.607226 0.577930 0.605374 0.586334 0.601404 0.585144 0.598228 0.583158
1 0.591480 0.592290 0.581952 0.595464 0.577188 0.599434 0.574012 0.606580 0.574012 0.611740 0.582348 0.603802 0.584730 0.603008 0.581952 0.612138 0.579174 0.617298 0.578380 0.624842 0.587510 0.620078 0.589098 0.627620 0.595052 0.619284 0.591210 0.615430 0.591480 0.603404 0.589892 0.599832 0.593068 0.597052
1 0.572822 0.684784 0.563294 0.683990 0.556546 0.682006 0.550782 0.683984 0.556546 0.687960 0.562896 0.689946 0.566072 0.692328 0.568058 0.703840 0.567660 0.709794 0.568852 0.715352 0.575600 0.707412 0.575600 0.696694 0.578776 0.694710 0.582746 0.691534 0.583936 0.685976
1 0.728436 0.479150 0.739552 0.484708 0.743918 0.489870 0.741536 0.497412 0.735582 0.495426 0.733596 0.492252 0.727246 0.491060 0.724864 0.484312 0.724070 0.477562
1 0.794336 0.512110 0.786914 0.512304 0.786394 0.518848 0.781234 0.521628 0.775676 0.522422 0.776074 0.525598 0.778456 0.526392 0.780044 0.531552 0.784410 0.527582 0.792746 0.522024 0.799024 0.514454
1 0.587906 0.699472 0.597434 0.706222 0.600610 0.705030 0.603786 0.709000 0.600212 0.714160 0.597434 0.717734 0.594656 0.711780 0.591082 0.709000 0.586318 0.704634 0.583540 0.701060
1 0.688600 0.955704 0.695552 0.957600 0.699346 0.957916 0.710406 0.961708 0.706930 0.965818 0.699030 0.965186 0.694288 0.963288 0.690496 0.961076 0.684176 0.958548
1 0.858854 0.001180 0.854442 0.013612 0.848026 0.004388 0.847224 0.014012 0.849228 0.025644 0.856046 0.025242 0.856448 0.032462 0.856848 0.036872 0.866474 0.043690 0.875698 0.036070 0.887328 0.035670 0.898558 0.033664 0.905776 0.033264 0.909386 0.029654 0.905376 0.022034 0.900964 0.007596 0.896152 0.000778 0.886718 0.000000 0.861328 0.000000
1 0.910156 0.019532 0.912996 0.034066 0.919412 0.036472 0.923824 0.031258 0.929038 0.030456 0.931846 0.022836 0.927834 0.024842 0.919412 0.027648 0.916204 0.023638
1 0.910188 0.227774 0.908184 0.234190 0.897756 0.236196 0.891740 0.240206 0.890536 0.244618 0.903772 0.244216 0.908986 0.243014 0.910590 0.247426 0.915430 0.251954 0.916204 0.247826 0.913396 0.236998
1 0.754178 0.032462 0.740944 0.034466 0.732924 0.034868 0.730918 0.046498 0.737334 0.047300 0.738136 0.052112 0.745356 0.049706 0.747762 0.046096 0.754580 0.046096 0.751372 0.042488
1 0.904396 0.557402 0.903072 0.564022 0.898828 0.575782 0.906382 0.572960 0.909362 0.572298 0.913666 0.571968 0.912672 0.563692 0.910024 0.560050
1 0.906052 0.745762 0.900424 0.752052 0.892810 0.753708 0.884534 0.753708 0.881224 0.757018 0.884202 0.759004 0.893802 0.759336 0.896452 0.759666 0.899430 0.762976 0.902078 0.758674 0.912890 0.768360 0.907032 0.755664 0.913996 0.748742 0.912342 0.743776
1 0.694518 0.719610 0.705442 0.720272 0.711400 0.720604 0.717360 0.720604 0.715042 0.725900 0.708090 0.725238 0.700476 0.724908 0.694186 0.724576
1 0.877252 0.763970 0.880892 0.775556 0.883872 0.775226 0.896452 0.774894 0.901416 0.771914 0.898438 0.768936 0.886190 0.768274 0.883872 0.759998 0.879238 0.759004 0.876258 0.760660
1 0.822630 0.838784 0.814684 0.842756 0.811044 0.846398 0.808396 0.854344 0.804422 0.860964 0.804092 0.866260 0.809388 0.866260 0.816340 0.854674 0.818658 0.848716 0.820974 0.845406 0.824284 0.843750 0.827264 0.841764
1 0.602344 0.775000 0.602930 0.778710 0.606250 0.782422 0.606250 0.785546 0.601758 0.783204 0.595118 0.781446 0.591796 0.779492 0.593164 0.776368 0.596290 0.778516 0.598046 0.774610 0.600196 0.774218
0 0.639062 0.701562 0.646876 0.712304 0.653124 0.716210 0.658008 0.716602 0.658398 0.724804 0.657812 0.728516 0.657422 0.732032 0.659180 0.736132 0.663868 0.740430 0.667382 0.745704 0.665430 0.751368 0.665040 0.758008 0.661914 0.761524 0.657812 0.767382 0.652540 0.771874 0.647460 0.774218 0.649218 0.766210 0.653516 0.761328 0.655860 0.756250 0.658984 0.751758 0.654688 0.750586 0.651172 0.745898 0.646484 0.748632 0.642578 0.750782 0.633008 0.752734 0.620312 0.754688 0.629102 0.749218 0.637890 0.749804 0.640040 0.744140 0.638282 0.739844 0.633594 0.744336 0.626562 0.746290 0.620704 0.746484 0.621484 0.742382 0.631640 0.740430 0.633984 0.734570 0.639844 0.735156 0.643164 0.729102 0.640430 0.721680 0.638476 0.729102 0.634570 0.726954 0.632812 0.719532 0.632032 0.712696 0.633204 0.713476 0.638476 0.717968 0.643360 0.720312 0.650586 0.720118 0.648242 0.715820 0.641602 0.714454 0.637500 0.708790 0.637110 0.703320
0 0.695898 0.363868 0.693360 0.371484 0.690040 0.375586 0.676758 0.374804 0.670898 0.369726 0.659570 0.367382 0.650782 0.367382 0.646094 0.371484 0.641406 0.375390 0.632812 0.376172 0.630078 0.376954 0.622852 0.377148 0.624414 0.382812 0.624610 0.388086 0.626172 0.394140 0.626954 0.403906 0.631640 0.405274 0.634180 0.410938 0.637890 0.418360 0.641602 0.419532 0.642382 0.415626 0.635156 0.401758 0.634374 0.392578 0.637500 0.386524 0.642968 0.386914 0.649218 0.386914 0.653516 0.386914 0.657422 0.391016 0.672656 0.395898 0.680274 0.397070 0.685742 0.400196 0.685546 0.412304 0.686718 0.421876 0.688672 0.428124 0.691210 0.421484 0.688282 0.395898 0.684960 0.391992 0.679102 0.391406 0.671094 0.389844 0.660742 0.388672 0.656250 0.379882 0.658008 0.377540 0.675976 0.378906 0.685938 0.379102 0.697070 0.373242 0.701172 0.366406 0.699414 0.362890
1 0.997656 0.991602 0.998046 0.996094 0.998046 0.990234
1 0.271438 0.119744 0.278164 0.112568 0.273904 0.108756 0.270988 0.104944 0.268970 0.101356 0.274800 0.102926 0.279286 0.106514 0.281304 0.106962 0.286238 0.104944 0.282426 0.111896 0.280856 0.116156 0.278612 0.121538 0.274800 0.122210
1 0.459774 0.097534 0.447994 0.108136 0.441396 0.112376 0.435036 0.116618 0.429852 0.120622 0.433622 0.123214 0.437862 0.126042 0.442104 0.129810 0.440926 0.121800 0.440926 0.119444 0.448464 0.111906 0.453884 0.109078 0.458360 0.106958 0.462600 0.101774 0.468020 0.096826
1 0.368884 0.295392 0.365734 0.306296 0.355798 0.310174 0.351922 0.301208 0.351194 0.294908 0.358222 0.300966 0.361856 0.300966 0.360888 0.287880 0.361856 0.274794 0.365006 0.279884 0.371064 0.284972 0.373004 0.289334 0.370096 0.292484
1 0.169336 0.408790 0.165430 0.412890 0.164648 0.414844 0.161718 0.421484 0.163282 0.423046 0.174414 0.416796 0.176172 0.418946 0.178516 0.418164 0.177734 0.411132 0.176172 0.409374
1 0.582746 0.010668 0.583806 0.027844 0.574992 0.044618 0.571296 0.052578 0.563620 0.068498 0.557650 0.083282 0.564188 0.082998 0.578404 0.049450 0.582952 0.038078 0.593188 0.019316 0.599158 0.017894 0.606834 0.019030 0.599158 0.015336 0.597736 0.010218 0.594324 0.014198 0.590628 0.014766 0.588638 0.007944