0 0.128242 0.007272 0.102268 0.030128 0.077336 0.063372 0.070064 0.081034 0.070064 0.089346 0.044090 0.087268 0.025390 0.073762 0.020196 0.079996 0.040974 0.097656 0.065908 0.102850 0.070064 0.105968 0.079414 0.109084 0.089802 0.104928 0.107464 0.131940 0.110580 0.117396 0.101230 0.099734 0.086686 0.094540 0.090842 0.070644 0.110580 0.052984 0.122008 0.023894
0 0.046168 0.212974 0.061752 0.246218 0.078374 0.253490 0.094996 0.245180 0.101230 0.220246 0.094996 0.207780 0.085646 0.226480 0.074218 0.233752 0.061752 0.222324 0.056558 0.208818
0 0.066946 0.370886 0.079414 0.409326 0.056558 0.434258 0.054480 0.444648 0.077336 0.429064 0.098114 0.408286 0.127202 0.389586 0.125124 0.378158 0.108502 0.376080 0.086686 0.389586 0.081492 0.374002 0.067986 0.357380
0 0.061752 0.511136 0.080452 0.515292 0.105386 0.505942 0.120970 0.497632 0.135514 0.493476 0.146942 0.493476 0.122008 0.510098 0.108502 0.529838 0.098114 0.538148 0.083568 0.550616 0.080452 0.564120 0.069024 0.575548 0.069024 0.559966 0.076296 0.549576 0.061752 0.543342 0.051364 0.536070 0.047208 0.522564
0 0.008768 0.798912 0.018118 0.830078 0.039936 0.845662 0.057596 0.855012 0.070064 0.867478 0.081492 0.872672 0.089802 0.867478 0.098114 0.862284 0.105386 0.856050 0.132396 0.838390 0.139670 0.823844 0.147980 0.815534 0.149020 0.800990 0.139670 0.814494 0.128242 0.824884 0.120970 0.834234 0.111620 0.838390 0.098114 0.842544 0.087724 0.848778 0.077336 0.857090 0.071102 0.851894 0.071102 0.835272 0.073180 0.820728 0.072140 0.807222 0.062790 0.821766 0.058636 0.830078 0.060714 0.847740
0 0.039936 0.933968 0.055518 0.943318 0.055518 0.951628 0.065908 0.966174 0.048246 0.971368 0.037858 0.980718 0.049286 0.980718 0.069024 0.983834 0.081492 0.982796 0.091880 0.972406 0.101230 0.962018 0.108502 0.959940 0.120970 0.966174 0.132396 0.981756 0.147980 0.989030 0.144864 0.972406 0.131358 0.954746 0.124086 0.947474 0.114736 0.946434 0.098114 0.951628 0.083568 0.945396 0.077336 0.941240 0.062790 0.932928 0.052402 0.930852
0 0.438496 0.066042 0.427486 0.104818 0.423656 0.093328 0.415996 0.089500 0.398284 0.086148 0.389188 0.082318 0.383444 0.081362 0.391104 0.090936 0.404986 0.098116 0.416476 0.101946 0.418868 0.108168 0.419826 0.119658 0.420304 0.126360 0.433708 0.113914 0.442326 0.097638 0.448548 0.073702 0.448070 0.064128 0.443762 0.061734
0 0.425570 0.236940 0.416476 0.271408 0.406422 0.271886 0.401156 0.268536 0.400678 0.280504 0.411688 0.282896 0.416476 0.286726 0.422698 0.296780 0.429400 0.306354 0.436102 0.314492 0.448070 0.312576 0.439454 0.304918 0.434188 0.292470 0.429400 0.279068 0.435144 0.260876 0.438018 0.244600 0.436102 0.237420
0 0.429400 0.328852 0.421262 0.361884 0.418868 0.386298 0.413124 0.401138 0.411210 0.413584 0.406422 0.408796 0.400678 0.404968 0.393018 0.401616 0.389188 0.409754 0.398284 0.424116 0.417912 0.431774 0.427006 0.415978 0.431316 0.397308 0.434188 0.370500 0.437538 0.338426 0.438018 0.328852
0 0.379136 0.487304 0.399720 0.516506 0.407380 0.525602 0.413602 0.533260 0.408338 0.545706 0.407380 0.554324 0.420304 0.544270 0.427964 0.534696 0.438496 0.527994 0.438496 0.522250 0.431794 0.516984 0.436102 0.495442 0.440410 0.485868 0.442326 0.478688 0.439932 0.475816 0.433230 0.496878 0.425570 0.496878 0.421740 0.499752 0.415996 0.524166 0.408338 0.505496 0.402592 0.498314 0.394934 0.492570 0.389668 0.486348
0 0.403550 0.615598 0.408816 0.630916 0.409774 0.643842 0.412646 0.652938 0.412646 0.661076 0.411210 0.677352 0.424614 0.678308 0.428442 0.657246 0.431316 0.647192 0.447112 0.644320 0.463868 0.646714 0.475356 0.651022 0.478228 0.647672 0.458602 0.637618 0.447592 0.636662 0.434188 0.636662 0.428922 0.637140 0.422698 0.640012 0.418868 0.628044 0.415996 0.622300 0.409774 0.612726
0 0.388232 0.799422 0.382008 0.839154 0.382486 0.849208 0.398764 0.852558 0.406422 0.851122 0.410730 0.850644 0.412646 0.841070 0.415996 0.831016 0.423178 0.824794 0.429400 0.813304 0.436580 0.805166 0.443762 0.799422 0.452856 0.789368 0.448548 0.804208 0.446634 0.811390 0.445198 0.820484 0.438496 0.825272 0.432272 0.836760 0.422220 0.840590 0.418868 0.850164 0.418868 0.859738 0.416954 0.866920 0.406902 0.873142 0.403072 0.866920 0.398284 0.864048 0.384880 0.856388 0.376264 0.846814 0.376264 0.826708 0.380572 0.809474
0 0.423178 0.941598 0.409774 0.955002 0.413124 0.964096 0.416954 0.970798 0.430358 0.967926 0.434188 0.957874 0.440890 0.942076 0.443282 0.934418 0.445198 0.924364 0.433708 0.923406 0.429878 0.941120 0.427964 0.946384
0 0.887044 0.102424 0.865502 0.112478 0.848268 0.129232 0.843004 0.135454 0.838694 0.130668 0.830556 0.138328 0.825770 0.129710 0.817154 0.124924 0.804228 0.121094 0.809972 0.128754 0.825770 0.141200 0.828164 0.153168 0.832950 0.169922 0.854014 0.168008 0.861194 0.161784 0.860236 0.157954 0.846832 0.157954 0.849226 0.144550 0.857364 0.135454 0.866460 0.126360 0.885608 0.114870 0.894704 0.106254
0 0.840130 0.273802 0.849706 0.252738 0.853534 0.247472 0.858322 0.249866 0.867896 0.251780 0.885608 0.246036 0.896140 0.243642 0.908108 0.245078 0.920076 0.247472 0.926298 0.253696 0.910980 0.255132 0.900448 0.261354 0.880342 0.270930 0.863588 0.275238 0.853534 0.278110 0.888002 0.278110 0.903800 0.279546 0.910500 0.285768 0.880342 0.290078 0.867418 0.288642 0.847312 0.286726 0.833430 0.287684 0.812844 0.291514 0.804228 0.287206 0.817632 0.282896 0.810930 0.280024 0.801834 0.281940 0.790346 0.281460 0.786038 0.276674 0.788910 0.266620 0.799440 0.260398 0.808536 0.265184 0.828164 0.269014 0.831514 0.271408
0 0.851620 0.405446 0.866938 0.396350 0.877948 0.396830 0.889438 0.396350 0.894704 0.398266 0.904756 0.402094 0.903800 0.409754 0.888960 0.405446 0.871246 0.405924 0.858322 0.410712 0.849226 0.416456 0.839652 0.424594 0.839174 0.433210 0.822898 0.437040 0.802792 0.430338 0.786516 0.420286 0.785080 0.415020 0.811408 0.419806 0.828642 0.418850 0.815238 0.407840 0.801356 0.395392 0.789866 0.386776 0.786516 0.373852 0.800398 0.376724 0.810930 0.386776 0.819546 0.376244 0.826248 0.374808 0.822898 0.394914 0.824334 0.405446 0.830556 0.414062 0.833430 0.408796 0.831036 0.403052 0.834386 0.398266 0.838216 0.388212 0.844918 0.380074 0.844918 0.404488
0 0.806622 0.633790 0.833430 0.657246 0.872204 0.641928 0.877470 0.642406 0.861672 0.653894 0.848268 0.660118 0.836780 0.666820 0.831514 0.672086 0.822418 0.666820 0.810452 0.650544 0.800876 0.639534 0.798484 0.632832
1 0.006076 0.184028 0.007812 0.203124 0.017362 0.191840
1 0.006076 0.878472 0.022570 0.855034 0.020834 0.838542 0.005208 0.821180
1 0.183978 0.137660 0.174676 0.153936 0.175258 0.161494 0.168282 0.160912 0.157820 0.167888 0.160726 0.173118 0.177584 0.171376 0.191534 0.169050 0.201998 0.167888 0.204904 0.160330 0.192696 0.159168 0.183978 0.162074
1 0.416492 0.002802 0.419398 0.027216 0.426956 0.048724 0.431024 0.060350 0.443232 0.058024 0.454276 0.053956 0.461252 0.041748 0.468226 0.025472 0.469970 0.003964 0.465320 0.001640
1 0.732712 0.403890 0.739688 0.435280 0.743756 0.453880 0.753638 0.458530 0.768172 0.457368 0.775146 0.439348 0.772822 0.431210 0.769914 0.424816 0.763520 0.423072 0.760034 0.435860 0.752476 0.423072 0.752476 0.412028 0.752476 0.402728 0.750152 0.395752 0.744920 0.414934 0.739688 0.396334 0.732712 0.396914
1 0.511824 0.523054 0.508916 0.566070 0.518218 0.566070 0.524612 0.564906 0.536238 0.572464 0.546120 0.569556 0.554838 0.566070 0.560070 0.568976 0.546700 0.589902 0.543794 0.606760 0.539144 0.617804 0.532168 0.626522 0.516474 0.621292 0.510080 0.608504 0.499616 0.594552 0.496128 0.581182 0.502522 0.556188 0.504848 0.545142 0.505430 0.531774
1 0.873966 0.788702 0.871058 0.796258 0.865246 0.795096 0.866990 0.803816 0.876872 0.806722 0.879778 0.804396 0.877454 0.801490
1 0.817580 0.957276 0.817580 0.962506 0.808862 0.970064 0.822812 0.972970 0.830368 0.980526 0.858852 0.984014 0.872802 0.982852 0.872222 0.977620 0.856526 0.977040 0.833856 0.973552 0.829206 0.967738 0.828624 0.953788 0.823974 0.951462