0 0.172462 0.245846 0.153270 0.256006 0.157786 0.263908 0.139722 0.267296 0.108110 0.268424 0.100208 0.280844 0.123916 0.278586 0.146496 0.271812 0.157786 0.270682 0.156656 0.300036 0.164560 0.321486 0.187138 0.336164 0.205202 0.341808 0.211976 0.344066 0.214234 0.335034 0.189396 0.315842 0.176978 0.304552 0.172462 0.287618 0.189396 0.300036 0.196170 0.301166 0.178106 0.272940 0.180364 0.260522 0.188268 0.243588 0.183752 0.227782
0 0.174720 0.370032 0.186010 0.351968 0.210848 0.345196 0.222136 0.344066 0.214234 0.354226 0.196170 0.364388 0.192784 0.371162 0.226652 0.355356 0.219878 0.366646 0.193912 0.375678 0.202944 0.384710 0.202944 0.411804 0.189396 0.399386 0.189396 0.383580 0.188268 0.405030 0.197300 0.427610 0.199558 0.433256 0.189396 0.425352 0.181494 0.408418 0.175848 0.388096 0.158914 0.392612 0.161172 0.403902 0.149882 0.407288 0.147624 0.420836 0.136334 0.426482 0.139722 0.401644 0.141980 0.377936 0.154398 0.371162 0.160044 0.370032
0 0.171334 0.507768 0.158914 0.485188 0.160044 0.477286 0.172462 0.484058 0.176978 0.490832 0.179236 0.493090 0.182622 0.479542 0.187138 0.489704 0.187138 0.499864 0.199558 0.516800 0.208590 0.542766 0.216492 0.560830 0.217622 0.575506 0.208590 0.566474 0.200686 0.532604 0.193912 0.517928 0.189396 0.525830 0.184880 0.513412 0.174720 0.520186 0.165688 0.539378 0.165688 0.558572 0.175848 0.572118 0.186010 0.581150 0.195042 0.584538 0.193912 0.594698 0.178106 0.595828 0.170204 0.581150 0.151012 0.563088 0.149882 0.543894 0.157786 0.528088 0.147624 0.529218 0.130690 0.542766 0.114884 0.545024 0.105852 0.540508 0.112626 0.534862 0.132948 0.531476 0.149882 0.522444 0.160044 0.516800
0 0.139722 0.621794 0.132948 0.634212 0.122788 0.642116 0.141980 0.653404 0.157786 0.646632 0.175848 0.640986 0.178106 0.640986 0.192784 0.650018 0.207460 0.650018 0.213106 0.631954 0.206332 0.637600 0.187138 0.642116 0.182622 0.633084 0.208590 0.633084 0.207460 0.610504 0.195042 0.618406 0.192784 0.626310 0.179236 0.628568 0.169076 0.634212 0.161172 0.633084 0.149882 0.628568 0.170204 0.624052 0.186010 0.617278 0.195042 0.604860 0.193912 0.600344 0.180364 0.612762 0.172462 0.615020 0.158914 0.618406 0.152140 0.618406
0 0.465996 0.506638 0.459222 0.488574 0.470512 0.494220 0.480672 0.511154 0.491962 0.490832 0.513412 0.476156 0.521316 0.484058 0.488574 0.512284 0.478414 0.523572 0.479542 0.547282 0.499864 0.564216 0.508896 0.574376 0.504380 0.573248 0.505510 0.596956 0.499864 0.585666 0.490832 0.575506 0.478414 0.567602 0.470512 0.563088 0.468254 0.550668 0.470512 0.533734 0.458092 0.538250 0.445674 0.548410 0.418578 0.548410 0.416320 0.542766 0.446802 0.534862 0.459222 0.529218 0.463738 0.521316 0.443416 0.512284 0.435514 0.506638 0.423094 0.498736 0.414062 0.499864 0.401644 0.505510 0.389226 0.511154 0.370032 0.511154 0.391484 0.498736 0.427610 0.494220 0.443416 0.497606
0 0.468254 0.261652 0.465996 0.269554 0.456964 0.291004 0.447932 0.309068 0.436642 0.320358 0.429868 0.332776 0.410676 0.327132 0.407288 0.337292 0.429868 0.351968 0.435514 0.351968 0.445674 0.363258 0.451318 0.361000 0.443416 0.341808 0.446802 0.323744 0.462608 0.297778 0.476156 0.284230 0.477286 0.297778 0.488574 0.283102 0.490832 0.267296 0.511154 0.257136 0.525830 0.252620 0.533734 0.248104 0.510026 0.248104 0.491962 0.256006 0.505510 0.239072 0.520186 0.218750 0.502122 0.230040 0.494220 0.241330 0.486316 0.251490
0 0.380194 0.428740 0.408418 0.428740 0.426482 0.424224 0.447932 0.424224 0.472770 0.425352 0.480672 0.421966 0.490832 0.409546 0.490832 0.426482 0.512284 0.450190 0.517928 0.463738 0.510026 0.470512 0.510026 0.453576 0.494220 0.437770 0.487446 0.437770 0.477286 0.447932 0.464866 0.449060 0.452448 0.453576 0.440028 0.453576 0.452448 0.446802 0.472770 0.442286 0.482930 0.428740 0.465996 0.436642 0.458092 0.434384 0.444544 0.445674 0.441158 0.433256 0.417450 0.434384 0.429868 0.440028 0.419708 0.445674 0.406160 0.445674 0.393740 0.459222 0.397128 0.450190 0.398256 0.436642 0.391484 0.428740
0 0.455976 0.625302 0.446754 0.650450 0.451784 0.673920 0.440048 0.686494 0.418254 0.694876 0.414062 0.704936 0.415740 0.715832 0.400650 0.721700 0.419092 0.722538 0.436696 0.709966 0.419930 0.713318 0.424960 0.703260 0.440048 0.695714 0.439210 0.699906 0.455136 0.692362 0.469388 0.684818 0.481960 0.686494 0.486990 0.700744 0.493696 0.717510 0.483638 0.727568 0.476094 0.733436 0.488666 0.730084 0.497888 0.720862 0.502918 0.707450 0.490344 0.693200 0.480284 0.678950 0.466034 0.678950 0.463520 0.666376 0.470226 0.661346 0.466034 0.653802 0.461842 0.656318 0.456814 0.646258
0 0.164264 0.763614 0.174322 0.764452 0.183544 0.745172 0.183544 0.761936 0.198632 0.770320 0.204500 0.786246 0.212044 0.791276 0.223780 0.787922 0.233000 0.787084 0.222942 0.799658 0.220426 0.809718 0.211206 0.818100 0.191926 0.818938 0.179352 0.819776 0.201984 0.805526 0.188572 0.795466 0.185220 0.814746 0.176838 0.815584 0.186896 0.789598 0.182706 0.787084 0.167616 0.790438 0.162588 0.803850 0.155042 0.804688 0.157558 0.795466 0.143308 0.795466 0.142470 0.785408 0.159234 0.782892 0.167616 0.782054 0.166778 0.777864 0.154204 0.773672 0.155042 0.767804
0 0.150852 0.870072 0.145822 0.887674 0.139954 0.901924 0.119836 0.901086 0.103910 0.901086 0.100556 0.906116 0.082954 0.908630 0.077924 0.912822 0.125704 0.909468 0.139116 0.910308 0.133248 0.935454 0.139954 0.913660 0.153366 0.901086 0.164264 0.899410 0.160072 0.921204 0.162588 0.935454 0.176838 0.939646 0.165940 0.927910 0.165102 0.917014 0.181866 0.927072 0.212882 0.934616 0.223780 0.936292 0.237192 0.932102 0.227132 0.926234 0.227132 0.917852 0.237192 0.920366 0.229648 0.909468 0.216236 0.895218 0.220426 0.887674 0.233000 0.892704 0.243060 0.865880 0.233838 0.873424 0.219588 0.862526 0.207852 0.861688 0.222104 0.875938 0.212044 0.890190 0.215396 0.909468 0.211206 0.917014 0.193602 0.917014 0.179352 0.906954 0.181028 0.891028 0.187734 0.881806 0.173484 0.876778 0.169294 0.868394 0.162588 0.870072
0 0.452622 0.007510 0.462682 0.034334 0.471902 0.032658 0.475254 0.053614 0.475254 0.066188 0.475254 0.071218 0.481122 0.062836 0.495372 0.072056 0.511300 0.078762 0.519682 0.077086 0.502918 0.068704 0.487828 0.054452 0.485314 0.039364 0.485314 0.023438 0.502078 0.019246 0.515490 0.010864 0.525550 0.017570 0.540638 0.018408 0.537286 0.013378 0.527226 0.010864 0.522196 0.003320 0.510462 0.004158 0.489506 0.014216 0.481122 0.013378 0.471902 0.007510 0.465196 0.004996
0 0.479446 0.104748 0.478608 0.129058 0.471902 0.137440 0.459328 0.140792 0.449270 0.146660 0.435858 0.149176 0.423284 0.161748 0.415740 0.173484 0.419930 0.186896 0.422446 0.195278 0.435858 0.191926 0.427474 0.186896 0.442564 0.166778 0.449270 0.160910 0.457652 0.160072 0.461842 0.164264 0.458490 0.176838 0.452622 0.186058 0.466034 0.173484 0.476094 0.159234 0.466034 0.155882 0.469388 0.143308 0.477770 0.138278 0.477770 0.155882 0.488666 0.150014 0.489506 0.137440 0.489506 0.116484 0.489506 0.103910
0 0.452622 0.804688 0.425798 0.817262 0.412386 0.832350 0.439210 0.827320 0.456814 0.818100 0.471064 0.820614 0.461004 0.825644 0.476932 0.825644 0.482800 0.835702 0.471902 0.839894 0.450946 0.844086 0.443402 0.849954 0.479446 0.847438 0.492020 0.833188 0.484476 0.818100 0.480284 0.811394 0.466034 0.807202
0 0.479446 0.882644 0.472740 0.901086 0.463520 0.899410 0.453460 0.911984 0.438372 0.922880 0.420768 0.925396 0.403166 0.922880 0.397298 0.927072 0.414900 0.933778 0.401488 0.947190 0.426636 0.933778 0.430828 0.933778 0.426636 0.955572 0.423284 0.963956 0.427474 0.975690 0.433342 0.983234 0.438372 0.987426 0.433342 0.969822 0.445916 0.953058 0.451784 0.936292 0.456814 0.927910 0.464358 0.917852 0.469388 0.916174 0.475254 0.913660 0.483638 0.909468 0.480284 0.905278 0.482800 0.901924
0 0.862526 0.162588 0.855820 0.165102 0.853306 0.151690 0.844924 0.165940 0.835702 0.176838 0.819776 0.181866 0.801334 0.189412 0.793790 0.205338 0.785408 0.217912 0.790438 0.231324 0.804688 0.242222 0.811394 0.237192 0.795466 0.222942 0.808878 0.200308 0.823130 0.195278 0.838218 0.191088 0.860850 0.170970 0.875100 0.174322 0.885998 0.189412 0.895218 0.197794 0.892704 0.207014 0.884322 0.219588 0.866718 0.229648 0.863366 0.234676 0.885998 0.222104 0.900248 0.205338 0.900248 0.191088 0.888512 0.170970 0.893542 0.169294 0.901924 0.167616 0.901086 0.161748 0.891866 0.162588 0.895218 0.142470 0.888512 0.130734 0.887674 0.151690 0.884322 0.162588 0.879292 0.163426 0.872586 0.162588 0.879292 0.152528 0.877616 0.148336 0.868394 0.152528
0 0.885998 0.263178 0.872586 0.281618 0.860850 0.270722 0.855820 0.280780 0.863366 0.298384 0.852468 0.310958 0.843248 0.308442 0.829836 0.299222 0.823968 0.310958 0.845762 0.315148 0.854982 0.322694 0.854144 0.331914 0.851630 0.350356 0.860850 0.336106 0.873424 0.344488 0.899410 0.360414 0.901086 0.366282 0.910308 0.365444 0.922880 0.379694 0.917014 0.367958 0.911146 0.353708 0.918690 0.346164 0.935454 0.352870 0.944676 0.349518 0.940484 0.341134 0.921204 0.343650 0.909468 0.328560 0.904440 0.316826 0.905278 0.337782 0.895218 0.341972 0.909468 0.347840 0.900248 0.357062 0.879292 0.342812 0.861688 0.328560 0.865042 0.315988 0.879292 0.308442 0.871748 0.309282 0.869232 0.305928 0.873424 0.300060 0.880130 0.298384 0.873424 0.291678 0.878454 0.284972 0.880968 0.274912
0 0.836542 0.414062 0.823130 0.411548 0.823968 0.419930 0.819776 0.425798 0.839056 0.428312 0.830674 0.436696 0.825644 0.448430 0.820614 0.465196 0.818938 0.487828 0.813070 0.506270 0.823130 0.495372 0.834026 0.463520 0.848276 0.446754 0.861688 0.439210 0.875100 0.444240 0.892704 0.445916 0.905278 0.445916 0.908630 0.468548 0.903602 0.489506 0.904440 0.498726 0.913660 0.477770 0.917014 0.455136 0.909468 0.445078 0.901924 0.441724 0.876778 0.434180 0.874262 0.419930 0.872586 0.409872 0.864204 0.414900 0.868394 0.431666 0.858336 0.429990 0.854144 0.433342 0.850792 0.435858 0.857498 0.420768 0.854144 0.414062 0.845762 0.425798
0 0.840732 0.674758 0.837380 0.690686 0.825644 0.695714 0.803010 0.709126 0.788760 0.724216 0.780378 0.739304 0.779540 0.752716 0.800496 0.725892 0.823130 0.712480 0.832350 0.712480 0.832350 0.723378 0.822290 0.725892 0.828158 0.737628 0.822290 0.752716 0.824806 0.761936 0.832350 0.765290 0.839894 0.736790 0.848276 0.722538 0.857498 0.703260 0.843248 0.719186 0.849954 0.699906 0.862526 0.694038 0.875100 0.699068 0.885998 0.694038 0.902762 0.691524 0.913660 0.690686 0.918690 0.683980 0.897734 0.689848 0.880130 0.693200 0.878454 0.683980 0.887674 0.664700 0.880968 0.657994 0.868394 0.674758 0.870910 0.686494 0.858336 0.689848 0.850792 0.683980
0 0.849114 0.793790 0.843248 0.792952 0.847438 0.803850 0.838218 0.808878 0.849114 0.816424 0.858336 0.816424 0.843248 0.830674 0.829836 0.824806 0.813070 0.819776 0.808040 0.825644 0.812232 0.834864 0.807202 0.842408 0.819776 0.839894 0.839056 0.844086 0.847438 0.836542 0.860012 0.825644 0.865880 0.812232 0.878454 0.823968 0.896056 0.827320 0.906116 0.838218 0.922880 0.849114 0.927910 0.855820 0.937132 0.860850 0.928748 0.837380 0.912822 0.825644 0.901924 0.813070 0.881806 0.799658 0.869232 0.797982 0.870072 0.813070 0.859174 0.801334 0.839894 0.798820
0 0.863366 0.836542 0.850792 0.854144 0.844086 0.869232 0.841570 0.884322 0.835702 0.877616 0.838218 0.896896 0.844086 0.901086 0.823130 0.901086 0.816424 0.922042 0.803010 0.928748 0.839894 0.906954 0.855820 0.904440 0.834864 0.923720 0.850792 0.937132 0.859174 0.937970 0.850792 0.949704 0.836542 0.950544 0.828996 0.953058 0.852468 0.958088 0.874262 0.939646 0.860012 0.932102 0.878454 0.915336 0.880130 0.901086 0.905278 0.891028 0.912822 0.891866 0.917852 0.894380 0.917852 0.882644 0.924558 0.873424 0.917852 0.875938 0.909468 0.859174 0.906116 0.875938 0.898572 0.882644 0.886836 0.890190 0.875938 0.896056 0.875938 0.884322 0.863366 0.896056 0.860850 0.896896 0.850792 0.896056 0.847438 0.887674 0.850792 0.873424 0.854982 0.863366 0.864204 0.850792 0.871748 0.839894 0.875100 0.835702
1 0.001642 0.082116 0.012540 0.076248 0.024276 0.078762 0.023438 0.093012 0.020922 0.085468 0.015054 0.085468
1 0.077086 0.052776 0.088822 0.068704 0.068704 0.071218 0.071218 0.079600 0.084630 0.072894 0.090498 0.079600 0.103072 0.076248 0.094688 0.094688 0.113130 0.077924 0.118160 0.072894 0.124028 0.072056 0.113130 0.067864 0.102234 0.063674 0.093850 0.058644
1 0.143308 0.177676 0.164264 0.190250 0.163426 0.202824 0.180190 0.195278 0.191088 0.192764 0.195278 0.188572 0.210368 0.193602 0.212044 0.184382 0.216236 0.168454 0.205338 0.165940 0.200308 0.180190 0.186058 0.182706 0.174322 0.186058 0.160910 0.175160
1 0.037688 0.221264 0.062836 0.234676 0.067864 0.247250 0.073732 0.254794 0.077924 0.227132 0.060320 0.225456 0.048586 0.221264
0 0.144984 0.104748 0.138278 0.112292 0.124028 0.116484 0.143308 0.118160 0.138278 0.132410 0.134924 0.148336 0.152528 0.125704 0.165102 0.139116 0.180190 0.146660 0.186896 0.131572 0.191088 0.113130 0.179352 0.132410 0.170132 0.125704 0.165102 0.118160 0.179352 0.112292 0.165102 0.109778 0.158396 0.104748
0 0.163426 0.007510 0.144984 0.015054 0.136602 0.028468 0.129058 0.019246 0.129058 0.009188 0.134924 0.006672 0.141630 0.002482 0.156720 0.000804 0.201146 0.000804 0.203662 0.015054 0.210368 0.018408 0.229648 0.020084 0.250604 0.018408 0.274074 0.011702 0.278266 0.010026 0.262340 0.016732 0.242222 0.025952 0.227132 0.028468 0.201146 0.023438 0.201146 0.029306 0.193602 0.020084 0.187734 0.014216 0.182706 0.004158 0.176838 0.006672 0.172646 0.006672
1 0.273236 0.025114 0.284972 0.037688 0.296708 0.038526 0.310120 0.042718 0.309282 0.030144 0.298384 0.030982 0.292516 0.025952
1 0.250604 0.115646 0.260662 0.123190 0.253956 0.132410 0.271560 0.126542 0.263178 0.118998
2 0.279104 0.235516 0.297546 0.250604 0.298384 0.264016 0.286648 0.257310 0.282458 0.262340 0.286648 0.270722 0.272398 0.261500 0.257310 0.253118 0.265692 0.253118 0.279942 0.257310 0.282458 0.247250
1 0.294192 0.270722 0.308442 0.281618 0.326884 0.285810 0.336944 0.292516 0.316826 0.291678 0.311796 0.290840 0.305928 0.295870 0.299222 0.300060 0.294192 0.308442 0.287486 0.303414 0.298384 0.287486 0.300060 0.283296
1 0.274074 0.299222 0.273236 0.310120 0.262340 0.321016 0.278266 0.312634 0.283296 0.312634
1 0.374664 0.286648 0.395620 0.283296 0.401488 0.289164 0.415740 0.273236 0.419092 0.277428 0.406518 0.288324 0.406518 0.304252 0.398974 0.295870 0.392268 0.293354 0.385562 0.295030
1 0.368796 0.004996 0.377180 0.020922 0.381370 0.028468 0.366282 0.034334 0.355384 0.046908 0.389754 0.033496 0.409872 0.036850 0.402326 0.030144 0.388076 0.026790 0.378018 0.013378
1 0.348678 0.129896 0.366282 0.141630 0.385562 0.144146 0.387238 0.155042 0.379694 0.150852 0.371312 0.161748 0.362090 0.173484 0.362090 0.155042 0.360414 0.145822 0.352032 0.140792 0.345326 0.148336 0.335266 0.146660 0.345326 0.138278
1 0.336106 0.157558 0.333590 0.183544 0.327722 0.193602 0.316826 0.181028 0.320178 0.195278 0.313472 0.221264 0.328560 0.206176 0.336944 0.192764 0.341134 0.181028
1 0.319340 0.350356 0.312634 0.362930 0.327722 0.358738 0.337782 0.362930 0.343650 0.356224 0.331914 0.350356
1 0.090498 0.362090 0.092174 0.372150 0.076248 0.369636 0.094688 0.379694 0.097204 0.393944 0.101394 0.405680 0.105586 0.388914 0.106424 0.374664
1 0.090498 0.338620 0.116484 0.341972 0.124028 0.332752 0.129058 0.341972 0.124866 0.367958 0.125704 0.372150 0.116484 0.362090 0.106424 0.356224
1 0.238868 0.407356 0.250604 0.416578 0.239706 0.422446 0.225456 0.429152 0.242222 0.429990 0.258148 0.424122 0.254794 0.413224 0.248928 0.407356
1 0.279104 0.408194 0.279104 0.424122 0.289164 0.416578 0.297546 0.422446 0.309282 0.418254 0.301736 0.407356 0.295870 0.409872 0.289164 0.408194
1 0.341972 0.382208 0.347840 0.398136 0.325208 0.413224 0.322694 0.427474 0.348678 0.412386 0.363768 0.410710 0.357900 0.399812
1 0.370474 0.387238 0.372150 0.401488 0.366282 0.420768 0.372150 0.415740 0.383886 0.420768 0.392268 0.426636 0.390592 0.416578 0.381370 0.408194 0.382208 0.393106
1 0.364606 0.437534 0.351194 0.458490 0.373826 0.471902 0.367958 0.499564 0.378018 0.483638 0.381370 0.475254 0.401488 0.464358 0.394782 0.463520 0.383048 0.468548 0.370474 0.461004 0.360414 0.456814
1 0.346164 0.569138 0.347840 0.582550 0.331076 0.585066 0.331076 0.592610 0.353708 0.590934 0.365444 0.590934 0.366282 0.580036 0.353708 0.575844
1 0.111454 0.567462 0.105586 0.592610 0.088822 0.602668 0.108940 0.601830 0.118160 0.603508 0.138278 0.611052 0.134924 0.598478 0.118160 0.595962 0.115646 0.580874
1 0.103910 0.666376 0.115646 0.684818 0.098042 0.684818 0.122352 0.693200 0.118998 0.712480 0.127380 0.704936 0.120674 0.686494 0.114806 0.673082
1 0.151690 0.730084 0.157558 0.732598 0.133248 0.753554 0.160910 0.740142 0.176000 0.733436 0.172646 0.727568 0.168454 0.731760
1 0.056968 0.820614 0.076248 0.825644 0.080438 0.837380 0.095528 0.823968 0.087982 0.821452 0.066188 0.814746
1 0.380532 0.864204 0.384724 0.877616 0.375502 0.896056 0.390592 0.885160 0.398974 0.889350 0.398136 0.877616 0.388914 0.876778
1 0.502918 0.928748 0.522196 0.922880 0.529742 0.928748 0.546506 0.935454 0.534770 0.918690 0.523874 0.917014
1 0.372988 0.945514 0.379694 0.963116 0.365444 0.968146 0.343650 0.970662 0.346164 0.979882 0.357900 0.979044 0.364606 0.976528 0.377180 0.975690 0.385562 0.974014 0.397298 0.978206 0.404004 0.970662 0.393106 0.969822 0.390592 0.960602 0.386400 0.952220 0.380532 0.950544
1 0.588418 0.714994 0.570816 0.720024 0.569138 0.726730 0.578360 0.725892 0.586742 0.728406 0.595124 0.740142 0.603508 0.741818 0.601830 0.729244 0.597640 0.709966
0 0.606860 0.809718 0.600992 0.802172 0.596802 0.804688 0.579198 0.804688 0.570816 0.803850 0.572492 0.814746 0.585066 0.814746 0.595962 0.813908 0.600154 0.826482 0.602668 0.841570 0.604346 0.818938 0.617758 0.816424 0.621948 0.826482 0.631170 0.829836 0.626978 0.816424 0.626978 0.808878
1 0.604346 0.767804 0.607698 0.773672 0.583390 0.783732 0.609376 0.780378 0.616920 0.785408 0.624464 0.785408 0.630332 0.782892 0.619434 0.774510 0.612728 0.777864
1 0.358738 0.729244 0.346164 0.730922 0.353708 0.737628 0.354546 0.759422 0.366282 0.756068 0.388076 0.773672 0.390592 0.776186 0.394782 0.768642 0.378018 0.759422 0.366282 0.750202 0.370474 0.739304 0.380532 0.735950 0.378856 0.729244
1 0.587580 0.497888 0.587580 0.512138 0.581712 0.521358 0.600992 0.512976 0.598478 0.500402
1 0.524712 0.131572 0.533932 0.143308 0.523874 0.155882 0.542314 0.150014 0.548182 0.155042 0.560756 0.152528 0.566624 0.146660 0.549020 0.141630 0.533094 0.136602
0 0.836542 0.067864 0.842408 0.070380 0.834864 0.078762 0.841570 0.092174 0.843248 0.078762 0.847438 0.103072 0.863366 0.121512 0.852468 0.093850 0.860850 0.081276 0.865880 0.077924 0.885160 0.098880 0.873424 0.077086 0.869232 0.070380
0 0.861688 0.543154 0.851630 0.543154 0.838218 0.544830 0.865042 0.560756 0.885998 0.577522 0.891866 0.584228 0.867556 0.615242 0.892704 0.598478 0.892704 0.569138 0.889350 0.546506 0.882644 0.557404 0.873424 0.550698
1 0.787084 0.559080 0.783732 0.581712 0.762774 0.581712 0.768642 0.587580 0.777026 0.587580 0.784570 0.600992 0.792952 0.574168
1 0.760260 0.443402 0.771996 0.460166 0.784570 0.460166 0.784570 0.482800 0.792952 0.466034 0.799658 0.463520 0.805526 0.451784 0.795466 0.455976 0.786246 0.457652 0.780378 0.453460 0.775348 0.447592
1 0.767804 0.344488 0.766128 0.370474 0.773672 0.362930 0.794628 0.372150 0.791276 0.364606 0.780378 0.356224 0.775348 0.350356
1 0.948028 0.121512 0.968146 0.124866 0.989940 0.113130 0.978206 0.133248 0.974852 0.148336 0.968146 0.136602 0.960602 0.129896
1 0.903602 0.220426 0.917014 0.228810 0.923720 0.224618 0.937132 0.239706 0.918690 0.236354 0.913660 0.241382 0.905278 0.248088 0.905278 0.233000 0.891028 0.246412 0.879292 0.251442 0.901086 0.229648
1 0.958088 0.229648 0.980720 0.233000 0.977368 0.213720 0.985750 0.228810 0.994970 0.248088 0.998324 0.257310 0.986588 0.248928 0.978206 0.237192
1 0.894380 0.256472 0.904440 0.260662 0.903602 0.275752 0.911146 0.273236 0.907792 0.256472
1 0.951382 0.675596 0.947190 0.693200 0.926234 0.697392 0.937132 0.709126 0.946352 0.718348 0.968146 0.724216 0.960602 0.702420 0.973176 0.703260 0.970662 0.696554 0.956410 0.690686
1 0.947190 0.751040 0.946352 0.763614 0.930426 0.761936 0.931264 0.768642 0.950544 0.770320 0.958926 0.785408 0.963956 0.778702 0.961440 0.763614
1 0.952220 0.788760 0.945514 0.804688 0.929586 0.811394 0.956410 0.813908 0.957250 0.808878
0 0.878454 0.943838 0.882644 0.962278 0.875938 0.958088 0.860850 0.977368 0.880968 0.973176 0.902762 0.962278 0.890190 0.953058 0.894380 0.937132 0.885998 0.948028
1 0.942146 0.488578 0.968990 0.485800 0.969916 0.492280 0.955106 0.493206 0.939370 0.509868 0.951404 0.494132