0 0.013564 0.030444 0.017312 0.042154 0.018248 0.051052 0.004666 0.048242
0 0.004196 0.174704 0.006538 0.192034 0.001386 0.195780 0.008880 0.213110 0.017312 0.212642 0.026210 0.212174 0.030426 0.208428 0.023868 0.195780 0.016842 0.185476 0.011690 0.179388
0 0.008880 0.363928 0.015906 0.370016 0.022464 0.366270 0.019654 0.359712 0.022464 0.354560 0.030426 0.360648 0.029020 0.367674 0.035110 0.366738 0.053376 0.351750 0.063680 0.349408 0.039324 0.373296 0.047756 0.393904 0.050098 0.409360 0.048692 0.420132 0.042604 0.412638 0.037920 0.390624 0.034172 0.376574 0.017780 0.375636 0.007944 0.372826 0.004196 0.366270
0 0.003728 0.436058 0.021994 0.438868 0.026210 0.439336 0.036982 0.436058 0.044008 0.439336 0.051034 0.444488 0.044476 0.448236 0.022932 0.454324 0.017780 0.459008 0.017780 0.467906 0.022464 0.477742 0.027616 0.486174 0.028552 0.493200 0.037452 0.498820 0.051034 0.514276 0.053376 0.522238 0.042136 0.517086 0.031830 0.507250 0.017312 0.507250 0.000450 0.509592 0.017780 0.496946 0.016842 0.482426 0.010286 0.466502 0.004666 0.453388
0 0.021994 0.586874 0.033704 0.589684 0.048692 0.578444 0.051970 0.578912 0.044946 0.591090 0.056186 0.605610 0.066958 0.609824 0.070238 0.614508 0.057124 0.610294 0.045414 0.601394 0.043540 0.608888 0.035110 0.608888 0.021526 0.607952 0.018716 0.609824 0.030894 0.627622 0.025742 0.631370 0.009348 0.617318 0.009348 0.602330 0.010286 0.593432 0.013096 0.588748 0.017312 0.586874
0 0.011222 0.665562 0.028552 0.671650 0.044476 0.660410 0.051034 0.661814 0.056654 0.666498 0.042136 0.674928 0.036982 0.683828 0.028552 0.688044 0.015438 0.688980 0.006070 0.691790 0.002324 0.687106 0.016842 0.682892 0.028084 0.681954 0.010754 0.671650
0 0.020122 0.751274 0.033236 0.764856 0.043540 0.764856 0.052908 0.763920 0.057592 0.760174 0.055718 0.768136 0.050566 0.773288 0.050098 0.780314 0.042604 0.779844 0.032300 0.775162 0.033236 0.787338 0.028084 0.784998 0.022932 0.784528 0.018248 0.791086 0.017312 0.796706 0.010754 0.791554 0.014032 0.779844 0.017312 0.768604 0.011222 0.761578 0.011690 0.755020
0 0.027616 0.848696 0.026678 0.852444 0.018716 0.848228 0.007006 0.853380 0.005134 0.866026 0.025742 0.863216 0.041198 0.863216 0.051502 0.859938 0.060870 0.857596 0.058060 0.850102 0.047756 0.849632 0.044476 0.849632 0.044946 0.843076 0.035110 0.845886 0.032300 0.850102 0.030894 0.844012
0 0.038856 0.907242 0.042136 0.921762 0.030894 0.915674 0.027148 0.919420 0.034642 0.929256 0.027148 0.937218 0.038856 0.935814 0.045882 0.940030 0.061338 0.957360 0.077264 0.964384 0.070238 0.953612 0.057592 0.936750 0.053376 0.931598 0.076326 0.930662 0.080542 0.925510 0.063680 0.924104 0.047756 0.926914 0.051502 0.918016 0.051970 0.907242 0.049160 0.900218 0.046818 0.913332
1 0.027616 0.948460 0.033704 0.957828 0.052908 0.973284 0.043540 0.974220 0.032768 0.967194 0.023400 0.968132 0.027148 0.959700 0.021994 0.951270
0 0.198104 0.002342 0.188736 0.029040 0.187332 0.042154 0.189204 0.045432 0.197168 0.037002 0.202320 0.053394 0.181242 0.059952 0.162508 0.066040 0.155014 0.070724 0.149392 0.080560 0.149392 0.092270 0.159228 0.081498 0.163912 0.075408 0.176558 0.071662 0.197168 0.071662 0.199510 0.077750 0.209346 0.080560 0.211218 0.072598 0.224802 0.067914 0.221054 0.056674 0.207940 0.056674 0.204662 0.026230 0.206066 0.010304 0.206066 0.000468
0 0.216840 0.120372 0.214966 0.135360 0.206066 0.132082 0.204662 0.147070 0.204192 0.162994 0.207940 0.178920 0.206066 0.197186 0.208876 0.206554 0.223396 0.220136 0.234638 0.237466 0.247284 0.251986 0.251968 0.251050 0.246346 0.230910 0.235574 0.219200 0.221992 0.208428 0.213092 0.186882 0.209814 0.175640 0.210282 0.168616 0.216840 0.185476 0.220586 0.173768 0.221054 0.162058 0.225270 0.147538 0.233232 0.139576 0.243068 0.131614 0.246816 0.127398 0.238852 0.125992 0.232296 0.129272 0.228080 0.121778
0 0.221522 0.381726 0.229016 0.374232 0.237448 0.373764 0.228548 0.386410 0.237448 0.397182 0.252436 0.422474 0.255246 0.441678 0.251498 0.447766 0.245878 0.438868 0.240726 0.436526 0.229016 0.450578 0.222460 0.460412 0.212156 0.473996 0.211686 0.483364 0.213092 0.493200 0.206066 0.488984 0.205598 0.475870 0.215902 0.452918 0.222928 0.439804 0.229954 0.433716 0.234168 0.429968 0.242132 0.429968 0.237916 0.417790 0.230422 0.400930 0.221522 0.393436
0 0.227612 0.491794 0.223396 0.519896 0.219650 0.510998 0.217308 0.511934 0.221992 0.544720 0.230422 0.549872 0.236980 0.535352 0.238384 0.520834 0.237916 0.502098
0 0.228548 0.634648 0.218712 0.632776 0.207472 0.635586 0.190142 0.647294 0.186394 0.653852 0.197636 0.649168 0.219650 0.648232 0.236042 0.648700 0.240726 0.644952 0.254778 0.648700 0.266018 0.650574 0.254310 0.637458 0.237916 0.636522
0 0.251498 0.711462 0.239322 0.717082 0.220586 0.718020 0.201382 0.722234 0.191078 0.735350 0.183116 0.743780 0.177496 0.757362 0.181242 0.765326 0.185458 0.752680 0.193888 0.741438 0.203724 0.735350 0.218244 0.732070 0.227612 0.730198 0.240726 0.732070 0.238852 0.727386 0.245878 0.725044 0.271638 0.727386 0.272576 0.724108 0.257588 0.718956 0.258056 0.715678
0 0.276792 0.798112 0.268360 0.784998 0.255246 0.783592 0.232764 0.790618 0.223864 0.797644 0.221054 0.803264 0.223396 0.818252 0.226206 0.819656 0.234168 0.812632 0.247284 0.798580 0.256182 0.794832 0.268360 0.796706
0 0.233700 0.819188 0.231828 0.850102 0.229486 0.870242 0.208876 0.873052 0.199510 0.875862 0.206066 0.881950 0.225738 0.882420 0.236042 0.891786 0.240726 0.877266 0.241194 0.865090 0.246346 0.857126 0.251030 0.850570 0.244474 0.851506 0.244004 0.837456 0.240258 0.822936
0 0.272576 0.933472 0.258524 0.951270 0.251498 0.961574 0.246816 0.964384 0.232296 0.967664 0.235106 0.975626 0.235106 0.986866 0.235106 0.992018 0.243068 0.991082 0.247284 0.985930 0.249626 0.976094 0.249156 0.972816 0.256650 0.967664 0.262272 0.963916 0.267424 0.951270 0.270234 0.940498
0 0.513320 0.106322 0.533460 0.124120 0.539082 0.131614 0.541424 0.151286 0.540486 0.166742 0.545170 0.163932 0.552664 0.139576 0.549854 0.122714 0.550322 0.118968 0.568120 0.128334 0.570462 0.122246 0.550790 0.112410 0.543764 0.107258 0.538612 0.100232 0.521752 0.094612
0 0.539550 0.188756 0.539082 0.197186 0.530182 0.193908 0.518942 0.200934 0.522220 0.209364 0.527840 0.214516 0.532992 0.228568 0.540486 0.243086 0.544234 0.246834 0.539550 0.222010 0.547044 0.223416 0.545170 0.228568 0.555942 0.233250 0.554538 0.222478 0.542360 0.214984 0.537208 0.207022 0.545170 0.191098 0.547044 0.185944
0 0.547044 0.252922 0.542828 0.271658 0.537676 0.273532 0.534866 0.276810 0.540486 0.282898 0.522688 0.281962 0.516130 0.281494 0.519878 0.290392 0.541424 0.287114 0.545638 0.285708 0.560626 0.286646 0.575146 0.287114 0.588260 0.282898 0.594350 0.276810 0.583576 0.276810 0.572336 0.280556 0.560626 0.277278 0.551728 0.273532 0.546576 0.267442 0.550322 0.258074
0 0.528776 0.346598 0.540486 0.352218 0.550322 0.363460 0.562032 0.384536 0.566248 0.385472 0.551728 0.356902 0.554538 0.360180 0.570930 0.381258 0.572804 0.377042 0.565778 0.356902 0.557348 0.347066 0.545638 0.337230 0.535334 0.328332
0 0.526904 0.429968 0.542360 0.433716 0.550322 0.436994 0.558284 0.444020 0.562032 0.449172 0.559222 0.456198 0.547512 0.460882 0.532992 0.456198 0.527840 0.447766 0.532524 0.442614
0 0.537676 0.497414 0.535334 0.509592 0.528776 0.514276 0.524094 0.525518 0.522220 0.539100 0.525966 0.545658 0.536270 0.524580 0.538144 0.521770 0.547980 0.523644 0.555006 0.522238 0.559222 0.516150 0.552664 0.512870 0.545170 0.510530
0 0.562968 0.590622 0.554538 0.596710 0.548918 0.599520 0.542360 0.605140 0.537676 0.612166 0.536740 0.622940 0.545170 0.625750 0.556412 0.628092 0.559222 0.624812 0.549386 0.619192 0.552664 0.611230 0.559690 0.609824 0.563906 0.604204 0.564842 0.595306
0 0.502548 0.658068 0.540018 0.656194 0.555006 0.659940 0.569526 0.660878 0.578424 0.668372 0.586388 0.676802 0.597160 0.688044 0.599034 0.692728 0.582640 0.681954 0.577488 0.674460 0.556880 0.670714 0.547512 0.669308 0.532992 0.666966 0.504890 0.666966 0.499738 0.662752
0 0.544702 0.828088 0.548448 0.845418 0.558752 0.843544 0.563436 0.843544 0.582640 0.859000 0.596692 0.861810 0.606996 0.859468 0.615426 0.851974 0.613084 0.847760 0.605122 0.852912 0.592008 0.856190 0.577488 0.846354 0.568120 0.836986 0.562500 0.832772 0.556412 0.824808 0.546576 0.822468
0 0.549854 0.899748 0.545170 0.921762 0.548448 0.935814 0.557816 0.939560 0.560158 0.930194 0.558284 0.918484 0.554538 0.901622
0 0.553600 0.999512 0.559222 0.989678 0.571400 0.990614 0.582172 0.997640
0 0.743762 0.004216 0.732988 0.017798 0.725494 0.017798 0.731116 0.028102 0.722216 0.030444 0.714722 0.037002 0.714254 0.051990 0.716596 0.074472 0.720342 0.076346 0.727368 0.048712 0.729710 0.045900 0.726900 0.072598 0.729710 0.077282 0.737204 0.053864 0.739546 0.036064 0.743292 0.024356 0.746572 0.014520 0.750318 0.003278
0 0.718000 0.097890 0.734862 0.105384 0.746572 0.105384 0.761092 0.102574 0.768116 0.102106 0.769990 0.104916 0.749850 0.111004 0.751724 0.115220 0.764370 0.129740 0.769990 0.139576 0.770458 0.149880 0.763902 0.144260 0.748444 0.129272 0.739078 0.122714 0.722684 0.118498 0.717532 0.111004
1 0.756876 0.147070 0.763902 0.160184 0.768116 0.169552 0.767180 0.159248 0.772332 0.151286 0.775142 0.145196 0.769522 0.146602 0.765774 0.153158
1 0.734862 0.162058 0.745634 0.166274 0.753598 0.161122 0.759686 0.161122 0.752660 0.169084 0.753598 0.179856 0.751724 0.184540 0.744698 0.172362 0.739546 0.170020
0 0.724558 0.177046 0.722216 0.193908 0.709102 0.199996 0.703012 0.209832 0.702076 0.220136 0.713786 0.214048 0.722216 0.203744 0.737672 0.204212 0.752660 0.205148 0.761092 0.199060 0.759218 0.192970 0.741888 0.193438 0.731584 0.178920
0 0.720810 0.264632 0.729710 0.274000 0.723152 0.300696 0.722216 0.316154 0.721748 0.324584 0.725026 0.341914 0.730646 0.339104 0.729242 0.324116 0.732988 0.309596 0.739078 0.288988 0.744230 0.272594 0.750318 0.266038 0.754066 0.259948 0.751256 0.256670 0.742356 0.266038 0.730178 0.260886
0 0.698798 0.411234 0.714722 0.419196 0.724090 0.433248 0.732520 0.449172 0.742824 0.457602 0.753598 0.460882 0.762964 0.461818 0.762028 0.454324 0.745634 0.451514 0.741888 0.440742 0.740014 0.427626 0.739078 0.411234 0.738610 0.404208 0.733926 0.404208 0.732988 0.429032 0.722216 0.408424 0.711912 0.405144 0.695518 0.406082
0 0.719874 0.477742 0.738610 0.496478 0.744230 0.500694 0.753598 0.502566 0.764838 0.509592 0.772332 0.513808 0.780294 0.518492 0.781700 0.528328 0.786384 0.530200 0.786384 0.518024 0.776548 0.500694 0.769990 0.494136 0.751724 0.488516 0.754066 0.480554 0.757344 0.474932 0.752192 0.471654 0.743292 0.477742 0.741888 0.470248 0.740014 0.464160 0.734394 0.464628 0.736736 0.478212 0.727368 0.468376
0 0.748914 0.648700 0.744230 0.663688 0.744230 0.669776 0.735330 0.659940 0.729710 0.659940 0.725026 0.668372 0.733926 0.681018 0.749382 0.686638 0.751256 0.681954 0.735330 0.677740 0.732052 0.670714 0.739546 0.677740 0.749850 0.678208 0.756876 0.681954 0.770458 0.703500 0.777484 0.714740 0.779358 0.710526 0.773268 0.695538 0.781232 0.695068 0.783104 0.688044 0.781232 0.675398 0.773268 0.670714 0.758750 0.668840 0.752660 0.666030 0.753128 0.654788 0.754066 0.648232
0 0.776548 0.817314 0.764838 0.820126 0.758280 0.827620 0.757344 0.822936 0.756408 0.816846 0.753598 0.818252 0.745166 0.838860 0.745166 0.857596 0.748914 0.871178 0.745634 0.884292 0.745634 0.911926 0.748914 0.925042 0.753128 0.932066 0.756876 0.916610 0.754066 0.909116 0.757812 0.895534 0.761560 0.884292 0.767180 0.887102 0.768116 0.883356 0.774674 0.881482 0.767648 0.875394 0.759218 0.870710 0.758280 0.863216 0.755002 0.846354 0.758750 0.837924 0.762964 0.833708 0.775610 0.831366 0.778890 0.824340 0.782168 0.831366 0.787320 0.829492 0.796688 0.834176 0.790598 0.822468 0.784510 0.815910 0.777016 0.809820
1 0.068072 0.259592 0.065976 0.276872 0.061788 0.286822 0.062312 0.292582 0.074878 0.288916 0.085352 0.294676 0.082210 0.287868 0.085352 0.276872 0.082732 0.272160 0.076450 0.277920 0.074354 0.265876 0.073832 0.258022
1 0.163372 0.044382 0.158658 0.053284 0.157088 0.042288 0.152376 0.040718 0.154994 0.059044 0.144520 0.059044 0.142426 0.061662 0.152898 0.065852 0.160230 0.063756 0.165990 0.051714
1 0.170178 0.242836 0.175938 0.247550 0.175414 0.259592 0.179080 0.263782 0.185888 0.250692 0.195312 0.252786 0.200026 0.249120 0.199502 0.244932 0.191648 0.245454 0.181698 0.242314 0.168608 0.236554
1 0.671288 0.028674 0.668146 0.033386 0.659768 0.038622 0.662386 0.041764 0.669718 0.038100 0.683332 0.037052 0.684380 0.032340 0.678620 0.030244
1 0.691710 0.278966 0.691710 0.288916 0.683856 0.297294 0.684380 0.301482 0.702182 0.294676 0.702706 0.285250
1 0.673384 0.539732 0.686474 0.541304 0.686998 0.549158 0.693280 0.553870 0.686474 0.555442 0.680190 0.554918 0.667624 0.555966 0.672860 0.553870 0.680190 0.548110 0.663958 0.546016 0.663434 0.540780
1 0.713702 0.580576 0.727840 0.575862 0.739884 0.584764 0.744596 0.591048 0.735170 0.606234 0.739360 0.607804 0.745644 0.597856 0.755068 0.598902 0.750880 0.583718 0.750880 0.573768 0.747738 0.566438 0.745644 0.576910 0.734124 0.569056 0.718414 0.570104 0.708990 0.574292 0.707418 0.580052
0 0.744596 0.718290 0.749832 0.726144 0.749832 0.737140 0.756116 0.748136 0.764494 0.752324 0.772872 0.765416 0.766588 0.744994 0.764494 0.734522 0.768160 0.729286 0.760304 0.728762 0.757164 0.720384 0.743026 0.710958 0.738312 0.705198
1 0.672336 0.766462 0.674954 0.772746 0.662386 0.776936 0.666576 0.781124 0.678096 0.781124 0.685950 0.783218 0.696422 0.788456 0.699564 0.785836 0.689092 0.774318
1 0.676524 0.799974 0.666052 0.806782 0.652438 0.806782 0.659768 0.813066 0.662386 0.823014 0.668670 0.831392 0.673906 0.824062 0.671288 0.816730 0.680190 0.804688
0 0.989654 0.023962 0.981798 0.034434 0.979180 0.048572 0.971326 0.049096 0.965566 0.050142 0.954046 0.050142 0.944622 0.049618 0.944098 0.059044 0.937814 0.062186 0.925248 0.066898 0.922630 0.074752 0.945144 0.068470 0.961378 0.062710 0.981276 0.062186 0.988082 0.060614 0.991748 0.059568 0.993842 0.053808 0.984940 0.054332 0.984940 0.045430 0.989654 0.036528
0 0.974992 0.084702 0.975516 0.100410 0.981798 0.111930 0.982322 0.120832 0.963996 0.132352 0.962424 0.138112 0.983370 0.128162 0.993842 0.126068 0.997508 0.118214 0.990700 0.110884 0.987558 0.094650 0.985464 0.086272
0 0.969232 0.233412 0.951428 0.239172 0.936244 0.247550 0.928912 0.254356 0.929960 0.264306 0.947240 0.259070 0.959282 0.259592 0.968708 0.273208 0.984940 0.282632 0.993318 0.289964 0.998032 0.291534 0.995414 0.273208 0.987036 0.263782 0.984416 0.245454 0.994890 0.249644 0.988082 0.238648 0.981276 0.234458
0 0.990176 0.434484 0.987036 0.449670 0.972898 0.465902 0.966090 0.483704 0.968708 0.491560 0.971850 0.508838 0.976038 0.514076 0.980752 0.489988 0.996984 0.458048 0.998032 0.443386 0.997508 0.432390
1 0.903254 0.498366 0.916870 0.506744 0.922630 0.518264 0.924200 0.526118 0.930484 0.512504 0.928388 0.510410 0.935720 0.503602 0.939386 0.496272 0.932578 0.499414 0.927866 0.500984 0.918440 0.497320
1 0.928912 0.603092 0.932054 0.607280 0.923676 0.615658 0.923676 0.620894 0.936244 0.617754 0.951428 0.618276 0.959806 0.614612 0.954570 0.608852 0.942004 0.607280 0.932578 0.597332
0 0.965566 0.621942 0.960330 0.630320 0.947764 0.633986 0.948286 0.640268 0.954570 0.646552 0.952476 0.655454 0.959806 0.651788 0.969232 0.651266 0.979704 0.651266 0.988082 0.647076 0.996984 0.643410 0.996460 0.629796 0.982322 0.629272 0.973944 0.635032 0.966090 0.635032
0 0.954046 0.836106 0.965566 0.828250 0.982322 0.829822 0.993842 0.835582 0.996984 0.820920 0.990700 0.820920 0.981798 0.819872 0.970278 0.820396 0.957188 0.824586
1 0.923058 0.150456 0.915228 0.149586 0.906528 0.147410 0.907398 0.154370 0.917404 0.155240 0.914358 0.170900 0.920014 0.163070 0.927408 0.161766 0.927844 0.157850
1 0.597008 0.702206 0.585654 0.715264 0.584518 0.720942 0.602118 0.713560 0.607796 0.718102 0.614610 0.715264 0.611204 0.700502
0 0.983092 0.668140 0.976846 0.667572 0.979118 0.681766 0.972304 0.709586 0.980252 0.702206 0.983092 0.684604 0.993312 0.680062 0.997854 0.670978
1 0.565354 0.148380 0.564396 0.164656 0.554822 0.169922 0.553864 0.178060 0.562002 0.175188 0.571576 0.171358 0.571576 0.144072