0 0.065066 0.003092 0.053172 0.004344 0.046912 0.009352 0.041904 0.023750 0.045660 0.028132 0.059432 0.016864 0.068822 0.015612 0.073830 0.028132 0.060058 0.027506 0.061310 0.036896 0.071952 0.042530 0.076960 0.035018 0.075708 0.013734 0.076960 0.010604 0.085098 0.012482 0.083846 0.028132 0.080716 0.036270 0.081342 0.040652 0.089480 0.031262 0.094488 0.020620 0.090106 0.006222 0.083220 0.001840
0 0.030636 0.070074 0.038148 0.078838 0.037522 0.096366 0.050042 0.103878 0.059432 0.106382 0.065066 0.108260 0.072578 0.115146 0.080090 0.117024 0.085724 0.125788 0.088854 0.134552 0.086976 0.147072 0.086976 0.155836 0.092610 0.147698 0.093862 0.127666 0.090106 0.107634 0.075708 0.097618 0.063814 0.088228 0.055050 0.087602 0.049416 0.088228 0.053172 0.099496 0.045660 0.096366 0.041278 0.090106 0.045660 0.080716 0.052546 0.071952 0.053172 0.066318 0.047538 0.066318 0.040652 0.073204
0 0.017490 0.152080 0.041904 0.163974 0.031262 0.172738 0.040026 0.170860 0.050668 0.173990 0.056928 0.177746 0.054424 0.184632 0.051920 0.187762 0.043782 0.190892 0.050042 0.194022 0.054424 0.197778 0.059432 0.207794 0.063814 0.186510 0.081968 0.222820 0.085724 0.222820 0.080090 0.203412 0.085724 0.199030 0.075708 0.189014 0.070700 0.175868 0.069448 0.160218 0.073830 0.145820 0.075082 0.137056 0.072578 0.136430 0.066318 0.145820 0.060058 0.155836 0.065692 0.173990 0.055676 0.167104 0.048164 0.157714 0.041278 0.150202 0.029384 0.143942 0.023750 0.141438
0 0.055676 0.339882 0.063814 0.356784 0.069448 0.369304 0.071326 0.387458 0.063814 0.396222 0.055050 0.399978 0.047538 0.403108 0.038148 0.405612 0.051294 0.418132 0.058806 0.422514 0.062562 0.430652 0.066318 0.437538 0.078838 0.468212 0.086976 0.473220 0.086350 0.470716 0.077586 0.446928 0.075708 0.430652 0.078838 0.424392 0.095740 0.427522 0.108886 0.429400 0.116398 0.429400 0.112016 0.423766 0.090732 0.420010 0.093236 0.412498 0.097618 0.403108 0.095740 0.393718 0.089480 0.384328 0.085724 0.365548 0.081968 0.355532 0.076334 0.341760 0.063814 0.337378
0 0.040026 0.498886 0.053798 0.500138 0.051920 0.517040 0.060684 0.522674 0.066318 0.518918 0.069448 0.511406 0.066944 0.504520 0.076960 0.512032 0.081968 0.519544 0.088228 0.521422 0.095740 0.522674 0.100122 0.529560 0.107634 0.530812 0.113268 0.537698 0.120780 0.546462 0.126414 0.556478 0.120780 0.555852 0.113268 0.547088 0.102626 0.542706 0.082594 0.533942 0.075082 0.528934 0.066318 0.527056 0.056928 0.530186 0.046286 0.524552 0.038774 0.514536
0 0.067570 0.583396 0.073204 0.595916 0.060058 0.604054 0.051920 0.609688 0.048164 0.614696 0.040026 0.624086 0.039400 0.631598 0.041278 0.641614 0.043782 0.645996 0.046912 0.632224 0.051920 0.619704 0.058806 0.611566 0.053172 0.619704 0.065692 0.615322 0.075708 0.609688 0.080090 0.607810 0.086976 0.607810 0.096366 0.604680 0.105756 0.607184 0.113268 0.614696 0.118902 0.615322 0.124536 0.616574 0.127666 0.614070 0.124536 0.609688 0.115772 0.602176 0.102626 0.597794 0.093236 0.596542 0.084472 0.597168 0.077586 0.585274 0.075708 0.578388
0 0.051294 0.677296 0.064440 0.685434 0.076334 0.689190 0.078838 0.717360 0.083846 0.720490 0.084472 0.694824 0.082594 0.682930 0.075082 0.676670 0.061310 0.672288 0.052546 0.668532
1 0.024376 0.654760 0.038774 0.655386 0.048164 0.652256 0.048790 0.661646 0.049416 0.672914 0.044408 0.672288 0.040652 0.662898 0.030636 0.661020
0 0.090732 0.754294 0.078838 0.764936 0.076334 0.789350 0.073830 0.806878 0.078838 0.806878 0.082594 0.786846 0.086976 0.771822 0.093862 0.766188 0.096992 0.759302
0 0.043782 0.830666 0.068196 0.849446 0.078838 0.858836 0.077586 0.877616 0.083220 0.897648 0.083846 0.903908 0.073204 0.887006 0.067570 0.895770 0.072578 0.912046 0.077586 0.918306 0.075708 0.940216 0.078212 0.958370 0.086976 0.959622 0.088854 0.921436 0.095740 0.942094 0.105130 0.947102 0.101374 0.936460 0.093236 0.913924 0.093236 0.901404 0.085098 0.890136 0.079464 0.878242 0.081342 0.868226 0.088854 0.860088 0.095740 0.851324 0.096992 0.840682 0.095114 0.835048 0.090106 0.832544 0.089480 0.842560 0.075708 0.831292 0.060684 0.822528 0.043782 0.818772 0.033140 0.820024
1 0.100122 0.857584 0.088228 0.859462 0.083846 0.866974 0.084472 0.887006 0.090106 0.894518 0.103252 0.902656 0.113894 0.892640 0.119528 0.878868 0.115146 0.866348 0.108260 0.856958
1 0.063814 0.861340 0.075708 0.862592 0.076334 0.882624 0.065692 0.883876 0.059432 0.875738
1 0.069448 0.938338 0.051920 0.951484 0.051294 0.960874 0.063814 0.969638 0.070700 0.973394 0.081968 0.973394 0.091358 0.969638 0.095740 0.959622 0.090732 0.953362 0.085724 0.962126 0.078838 0.959622 0.075708 0.952736 0.075082 0.943972
0 0.048164 0.959622 0.064440 0.974020 0.071326 0.977776 0.075082 0.982784 0.082594 0.986540 0.079464 0.995930 0.069448 0.997808 0.053798 0.998434 0.058806 0.990296 0.066944 0.987792 0.055676 0.976524 0.049416 0.966508
0 0.247234 0.002466 0.247860 0.009978 0.233462 0.013734 0.234714 0.023750 0.253494 0.022498 0.262884 0.060058 0.271648 0.061936 0.268518 0.033766 0.276656 0.047538 0.274152 0.031888 0.269144 0.018742 0.277282 0.010604 0.283542 0.000588 0.275390 0.000000 0.268518 0.007474 0.266640 0.001214 0.261718 0.000000 0.260380 0.010604 0.253494 0.001840
0 0.263510 0.065066 0.264136 0.077586 0.257876 0.076334 0.256624 0.068196 0.253494 0.067570 0.249112 0.085098 0.257250 0.090732 0.273526 0.120154 0.281038 0.125162 0.276656 0.109512 0.300444 0.118276 0.284794 0.105756 0.276030 0.092610 0.276030 0.066318
0 0.261632 0.175242 0.254746 0.195274 0.249112 0.220942 0.252868 0.241600 0.258502 0.229080 0.262258 0.203412 0.271022 0.220316 0.272900 0.207168 0.294810 0.223446 0.279786 0.199030 0.274152 0.191518 0.280412 0.193396 0.277908 0.180876 0.270396 0.170860 0.262258 0.168982
0 0.253494 0.248486 0.214054 0.257250 0.197778 0.264136 0.192770 0.266014 0.189014 0.274778 0.196526 0.272900 0.228454 0.267892 0.249112 0.262884 0.267266 0.262884 0.277908 0.261632 0.266014 0.252868 0.259754 0.250990
0 0.254120 0.339256 0.250364 0.356784 0.253494 0.368678 0.255372 0.353028 0.259754 0.346142 0.267892 0.349898 0.260380 0.362418 0.267892 0.390588 0.271022 0.359914 0.277908 0.376190 0.278534 0.356784 0.279160 0.339256 0.289802 0.326110 0.297314 0.320476 0.293558 0.317972 0.279786 0.324858 0.272900 0.344264 0.266640 0.334874
0 0.257876 0.436912 0.242852 0.436912 0.235340 0.442546 0.237844 0.446302 0.256624 0.443172 0.234088 0.461952 0.265388 0.456944 0.274152 0.455692 0.292932 0.497634 0.294810 0.481984 0.288550 0.457570 0.279786 0.446928 0.283542 0.420636 0.285420 0.411872 0.281664 0.408742 0.271648 0.438164 0.257250 0.428148 0.252242 0.431278
1 0.230958 0.425644 0.212802 0.423766 0.197778 0.430026 0.195900 0.445050 0.202786 0.451936 0.222820 0.455066 0.230332 0.453188 0.234714 0.441294
0 0.225950 0.550844 0.259754 0.582144 0.260380 0.575258 0.273526 0.591534 0.281664 0.600298 0.273526 0.602802 0.247234 0.585900 0.234088 0.562112
0 0.264762 0.651004 0.271022 0.676670 0.250990 0.691694 0.244730 0.700458 0.242852 0.711726 0.241600 0.714856 0.269144 0.689816 0.277908 0.685434 0.289802 0.687312 0.293558 0.684808 0.320476 0.692320 0.336752 0.695450 0.333622 0.686686 0.315468 0.677296 0.313590 0.670410 0.295436 0.671662 0.283542 0.666654 0.276656 0.653508
0 0.251616 0.744904 0.264136 0.757424 0.217184 0.758050 0.212176 0.756172 0.217810 0.769944 0.245982 0.773700 0.268518 0.775578 0.277282 0.776204 0.287924 0.779334 0.307956 0.775578 0.313590 0.771822 0.308582 0.768692 0.287298 0.771196 0.284794 0.764310 0.284794 0.754294 0.275404 0.753042 0.269770 0.751164 0.262258 0.744904 0.256624 0.741148
0 0.269770 0.869478 0.234714 0.873860 0.215306 0.885128 0.222194 0.888884 0.258502 0.881998 0.267892 0.885128 0.275404 0.890762 0.289802 0.888884 0.292306 0.881998 0.291054 0.873860 0.302948 0.863844 0.300444 0.858210 0.284794 0.868226 0.276656 0.866974 0.272900 0.863218
0 0.234088 0.924566 0.235340 0.936460 0.257250 0.945850 0.274778 0.956492 0.282290 0.959622 0.290428 0.955866 0.284168 0.945850 0.263510 0.940842 0.249112 0.930826 0.242226 0.923940 0.238470 0.915802
0 0.591534 0.031262 0.595290 0.038774 0.587778 0.037522 0.587152 0.044408 0.567746 0.048164 0.584648 0.058806 0.596542 0.058806 0.603428 0.061936 0.607810 0.073830 0.589030 0.085724 0.589030 0.091358 0.608436 0.087602 0.617826 0.075708 0.615948 0.053798 0.642866 0.053798 0.644118 0.047538 0.619704 0.043156 0.607810 0.045660 0.603428 0.036896 0.600924 0.025628 0.588404 0.022498
0 0.567746 0.117650 0.587778 0.132674 0.584022 0.173990 0.591534 0.175868 0.595916 0.152706 0.608436 0.143316 0.600924 0.127040 0.569624 0.107634
0 0.582770 0.198404 0.586526 0.206542 0.577762 0.215932 0.579014 0.234714 0.592160 0.247860 0.603428 0.250364 0.599672 0.274778 0.612192 0.277908 0.614070 0.258502 0.611566 0.234714 0.603428 0.209046 0.595290 0.197778
0 0.589656 0.269770 0.594664 0.289176 0.604054 0.289176 0.625964 0.272900 0.632850 0.275404 0.615322 0.296688 0.632850 0.308582 0.630972 0.328614 0.620330 0.338630 0.613444 0.334874 0.623460 0.326110 0.625964 0.315468 0.618452 0.309834 0.609062 0.307956 0.603428 0.311712 0.596542 0.305452 0.589656 0.300444 0.584022 0.279786 0.582144 0.269144
0 0.592786 0.364296 0.595916 0.394970 0.605306 0.415628 0.612818 0.423766 0.622834 0.424392 0.631598 0.428774 0.624578 0.417412 0.615816 0.406590 0.614270 0.391646 0.628184 0.401436 0.635400 0.398344 0.628700 0.389584 0.613756 0.375670 0.605510 0.365878 0.596234 0.355572 0.590566 0.353510
0 0.599842 0.419988 0.604480 0.434934 0.610148 0.435448 0.623546 0.414836 0.629216 0.412774 0.615816 0.443180 0.630762 0.451940 0.639522 0.456578 0.645706 0.468430 0.638492 0.476160 0.629216 0.466884 0.623546 0.463792 0.611694 0.454002 0.602934 0.447818 0.593142 0.444726 0.592626 0.432356
0 0.605510 0.523572 0.601388 0.536454 0.617878 0.567890 0.631276 0.581290 0.641068 0.584382 0.640552 0.579744 0.624062 0.544700 0.634884 0.540062 0.642098 0.530270 0.643644 0.524602 0.639522 0.521510 0.625608 0.535940 0.618908 0.536454 0.612724 0.524086
0 0.602418 0.640038 0.596750 0.639006 0.580258 0.635914 0.583866 0.644676 0.592112 0.657558 0.596234 0.679718 0.597264 0.664258 0.607056 0.661166 0.610664 0.653952 0.620970 0.658074 0.625092 0.671474 0.626638 0.679204 0.630246 0.667866 0.631276 0.662196 0.641584 0.666320 0.642098 0.661166 0.633338 0.652406 0.622000 0.646736 0.610664 0.641068
0 0.603448 0.696724 0.588504 0.696210 0.582836 0.715792 0.586442 0.731768 0.590050 0.741044 0.594172 0.731252 0.591080 0.714246 0.595204 0.706516 0.600872 0.705486 0.594688 0.714246 0.596234 0.730222 0.603964 0.731768 0.617362 0.722492 0.621486 0.717854 0.625608 0.716822 0.637460 0.721460 0.634368 0.712700 0.621486 0.709092 0.613756 0.718368 0.600356 0.724552 0.603448 0.713216 0.609632 0.708062 0.610148 0.699816
0 0.607056 0.777118 0.607056 0.796700 0.611694 0.802368 0.607056 0.810614 0.607572 0.835866 0.611178 0.821436 0.611178 0.817828 0.616848 0.817828 0.617362 0.830712 0.622000 0.831228 0.625608 0.815252 0.622000 0.808038 0.620970 0.795670 0.617878 0.791546 0.612210 0.786908 0.613240 0.778664
0 0.615816 0.899252 0.604480 0.899252 0.586442 0.911620 0.580774 0.919866 0.578198 0.931718 0.579228 0.942540 0.584382 0.932748 0.596234 0.920380 0.602934 0.913682 0.612724 0.910074 0.621486 0.909044 0.627154 0.908528 0.609118 0.922442 0.608602 0.926564 0.622516 0.925534 0.627154 0.917804 0.630246 0.907498 0.636430 0.904920 0.640038 0.901314 0.631276 0.898736 0.625608 0.893584 0.622516 0.892552
0 0.592626 0.939448 0.601902 0.957484 0.614786 0.961092 0.628184 0.961608 0.639006 0.963668 0.645706 0.963668 0.642614 0.969338 0.620970 0.969338 0.623546 0.978098 0.612724 0.977582 0.609118 0.984798 0.610664 0.997680 0.599326 0.994074 0.598296 0.976036 0.600872 0.965730 0.589534 0.956970 0.590050 0.946662
0 0.745166 0.067498 0.735374 0.069044 0.731252 0.076260 0.703940 0.100480 0.708578 0.103572 0.733828 0.093266 0.746196 0.089658 0.752896 0.093780 0.757018 0.084504 0.766294 0.081412 0.768356 0.076774 0.754958 0.071106
0 0.777632 0.099964 0.779178 0.140162 0.774024 0.150984 0.772478 0.162320 0.771964 0.171082 0.776602 0.182418 0.781240 0.185510 0.779694 0.168504 0.784848 0.161290 0.787940 0.155106 0.793092 0.144800 0.796184 0.137584 0.793608 0.136038 0.788454 0.124186 0.787940 0.114910 0.790516 0.105634 0.791546 0.098418 0.786394 0.098418
0 0.758564 0.197364 0.781756 0.216946 0.784848 0.226222 0.787940 0.234468 0.791546 0.239622 0.789486 0.248382 0.790000 0.259720 0.790000 0.266934 0.795670 0.271572 0.797730 0.258688 0.799792 0.249928 0.799792 0.246836 0.809068 0.250958 0.806492 0.243744 0.800822 0.238076 0.804430 0.218492 0.809584 0.212824 0.805976 0.204578 0.796700 0.216946 0.786908 0.207154 0.781756 0.199424 0.768872 0.192726
0 0.781240 0.264872 0.782786 0.289608 0.788454 0.298884 0.789486 0.312284 0.797730 0.326712 0.804430 0.337536 0.804430 0.325166 0.798762 0.304038 0.802884 0.289608 0.804430 0.283940 0.802884 0.276726 0.797216 0.280848 0.791032 0.272088 0.788454 0.265388
0 0.799276 0.337536 0.799276 0.360210 0.789486 0.369486 0.783302 0.371548 0.776602 0.377216 0.776602 0.385976 0.787940 0.388038 0.791546 0.403498 0.794638 0.388038 0.795670 0.376186 0.804946 0.366910 0.809068 0.361240 0.808552 0.348872 0.808038 0.342174
0 0.791546 0.479768 0.783816 0.498836 0.796184 0.507080 0.805976 0.547792 0.813190 0.556554 0.818860 0.557584 0.812676 0.542124 0.811644 0.522540 0.809068 0.510688 0.815768 0.499350 0.822466 0.489560 0.829166 0.476676 0.823498 0.478738 0.814222 0.486982 0.809068 0.491620 0.803400 0.494712 0.796184 0.494198 0.794638 0.489044 0.795154 0.484922
0 0.780724 0.507596 0.774540 0.517902 0.774540 0.526664 0.774540 0.533362 0.774540 0.552430 0.774024 0.562738 0.774024 0.578712 0.779178 0.588504 0.780724 0.578198 0.780210 0.571498 0.784848 0.568922 0.789486 0.565830 0.793092 0.557068 0.789486 0.534908 0.786394 0.525632 0.785878 0.517388 0.786394 0.509142
0 0.776602 0.639522 0.790516 0.640038 0.795670 0.637976 0.805460 0.643130 0.812160 0.647768 0.820406 0.647768 0.822982 0.653436 0.803400 0.653952 0.791546 0.650860 0.781240 0.647768 0.774540 0.644676
0 0.805460 0.719400 0.800308 0.734860 0.790000 0.744650 0.780724 0.758564 0.781240 0.769386 0.777632 0.786908 0.777118 0.801854 0.778148 0.804946 0.788970 0.784332 0.793092 0.770932 0.798246 0.776602 0.800822 0.755472 0.805976 0.749288 0.818344 0.760626 0.821436 0.754958 0.810098 0.743620 0.811130 0.728676 0.813706 0.719400
0 0.792578 0.810614 0.800308 0.820406 0.805976 0.837412 0.815768 0.846688 0.831742 0.850294 0.828136 0.844110 0.815768 0.832258 0.815768 0.820920 0.816282 0.812676 0.812160 0.804946
0 0.780210 0.894614 0.791032 0.892038 0.799276 0.894098 0.811644 0.899252 0.818344 0.905952 0.802884 0.906466 0.798762 0.905952 0.796700 0.914712 0.793092 0.909558 0.795670 0.905436 0.790000 0.903374 0.788454 0.912650 0.782270 0.915742 0.783302 0.909044 0.788970 0.894614
0 0.794638 0.939964 0.796184 0.952846 0.791032 0.965214 0.787424 0.978098 0.794124 0.993558 0.797216 0.982220 0.797730 0.972430 0.803914 0.969338 0.801854 0.979128 0.805460 0.986858 0.813706 0.982220 0.812676 0.967276 0.808552 0.955938 0.804946 0.943056 0.803400 0.934810
0 0.992018 0.003748 0.999982 0.027166 0.982652 0.066040 0.974688 0.063700 0.987336 0.049180 0.994360 0.042154 0.999982 0.037938 0.992956 0.022482 0.987336 0.004216
0 0.995766 0.186882 0.991550 0.175172 0.984056 0.176578 0.990146 0.201402 0.999512 0.207958
0 0.993424 0.503036 0.992018 0.509124 0.984056 0.503036 0.984524 0.496010 0.996702 0.495542 0.999982 0.447766
0 0.999982 0.857126 0.997172 0.861810 0.992956 0.871178
1 0.001874 0.193908 0.016862 0.201870 0.017330 0.218262 0.006558 0.222478 0.000936 0.223416
1 0.007962 0.251518 0.008430 0.268380 0.004684 0.271190 0.012178 0.273062 0.018736 0.274936 0.022014 0.269316 0.014988 0.259012 0.012646 0.251986
1 0.043558 0.560176 0.054800 0.564860 0.059484 0.561582 0.062294 0.558304 0.066510 0.556898 0.064168 0.566734 0.063700 0.574228 0.062762 0.583128 0.058078 0.577976 0.056674 0.574228 0.048242 0.565798
2 0.095080 0.980310 0.103980 0.988272 0.111942 0.992018 0.105852 0.997640 0.092738 0.997640 0.083370 0.988740 0.090396 0.983588
1 0.230910 0.605140 0.227630 0.599988 0.226226 0.603268 0.224352 0.611230 0.222010 0.622470 0.227630 0.618256 0.234188 0.619192 0.237466 0.615914 0.236530 0.607952 0.238404 0.603268
1 0.171426 0.733008 0.154096 0.730198 0.151286 0.731602 0.168616 0.739564 0.175640 0.748464 0.177514 0.741438 0.181262 0.730198 0.179388 0.725044 0.175172 0.724108
1 0.687106 0.512870 0.700222 0.515682 0.709120 0.515682 0.715678 0.518960 0.710994 0.523176 0.702562 0.522238 0.700222 0.527390 0.696942 0.525986 0.691790 0.521302 0.684296 0.517554
1 0.710178 0.716146 0.702040 0.708550 0.697700 0.708550 0.699870 0.715604 0.706380 0.724284 0.709636 0.730252 0.710720 0.723198 0.728082 0.719402 0.725368 0.715060
1 0.616680 0.843520 0.617626 0.857300 0.610136 0.867672 0.612440 0.871128 0.620506 0.864790 0.631452 0.860182 0.623386 0.857878 0.623962 0.844050
1 0.765118 0.858454 0.773760 0.852692 0.783554 0.853844 0.788164 0.863638 0.782402 0.863062 0.777216 0.860758 0.770304 0.861334
1 0.997906 0.115072 0.993192 0.123450 0.976960 0.125020 0.974866 0.129210 0.989004 0.129734 0.994764 0.133922 0.997906 0.139158 0.997382 0.128686
1 0.038186 0.262198 0.046954 0.269372 0.066884 0.264588 0.062898 0.273358 0.056522 0.291694 0.049346 0.289302 0.050144 0.281330 0.037388 0.270966
1 0.085864 0.250590 0.086232 0.267172 0.086600 0.275648 0.096182 0.276754 0.105026 0.277122 0.104290 0.271226 0.096182 0.266068 0.094340 0.243956 0.084022 0.245062
1 0.089738 0.333948 0.099132 0.332014 0.109906 0.323450 0.115154 0.322346 0.109352 0.336712 0.112944 0.348590 0.111562 0.353838 0.106590 0.341684 0.094712 0.339474 0.086424 0.335606
1 0.509110 0.210636 0.516356 0.218750 0.525628 0.226284 0.517224 0.228892 0.511140 0.223966 0.503894 0.225704 0.502156 0.221068 0.507662 0.219040
1 0.985462 0.069320 0.975158 0.051052 0.969536 0.050116 0.966258 0.057610 0.973752 0.064168 0.966726 0.071194 0.969536 0.081028 0.979372 0.082902 0.991082 0.089928 0.988272 0.081498 0.991550 0.074472
1 0.591192 0.442802 0.584740 0.454532 0.567146 0.454532 0.570078 0.460984 0.570664 0.469196 0.590606 0.468022 0.588846 0.459224 0.593538 0.449840