0 0.010026 0.045232 0.021760 0.065350 0.043556 0.063674 0.043556 0.073732 0.016732 0.072056 0.010026 0.077924 0.015894 0.090498 0.025952 0.100556 0.022600 0.106424 0.002482 0.086306 0.000000 0.060546 0.000000 0.052734 0.006672 0.056968
1 0.041040 0.118998 0.025114 0.115646 0.034334 0.125704 0.045232 0.129896 0.050262 0.129896 0.050262 0.128218 0.056130 0.124028
0 0.009188 0.120674 0.008348 0.130734 0.003320 0.137440 0.010864 0.139954 0.015054 0.152528 0.020084 0.164264 0.025114 0.158396 0.030982 0.158396 0.030982 0.149176 0.020084 0.150014 0.021760 0.140792 0.013378 0.130734
0 0.002482 0.163426 0.011702 0.179352 0.018408 0.187734 0.014216 0.191926 0.010026 0.199470 0.003320 0.206176 0.000000 0.199218 0.001642 0.182706
0 0.000804 0.244736 0.013378 0.221264 0.013378 0.233838 0.011702 0.240544 0.005834 0.254794 0.006672 0.258986 0.013378 0.244736 0.020922 0.248088 0.017570 0.258148 0.015894 0.267368 0.017570 0.274074 0.014216 0.279104 0.009188 0.285810 0.000804 0.290002 0.000804 0.266530
0 0.015894 0.336944 0.034334 0.327722 0.036012 0.336106 0.025952 0.338620 0.038526 0.356224 0.030144 0.357900 0.021760 0.347840 0.012540 0.349518 0.009188 0.361252 0.002482 0.362090 0.000804 0.341972
0 0.002482 0.429990 0.011702 0.430828 0.016732 0.419930 0.021760 0.424960 0.015894 0.435018 0.023438 0.447592 0.026790 0.457652 0.015894 0.447592 0.010026 0.439210 0.005834 0.443402
0 0.002146 0.489292 0.010662 0.501216 0.015772 0.510868 0.011798 0.519384 0.022586 0.508596 0.027696 0.513706 0.020314 0.517112 0.014638 0.526196 0.018612 0.534714 0.028264 0.541526 0.037348 0.543798 0.054380 0.550044 0.048704 0.551746 0.041890 0.551746 0.023154 0.550044 0.016340 0.545500 0.006688 0.536984 0.007256 0.527900 0.000442 0.530740 0.000000 0.521484 0.004418 0.518248 0.003850 0.508028 0.000442 0.502918
0 0.003282 0.647700 0.022018 0.642590 0.027696 0.647132 0.011230 0.656216 0.011230 0.659622 0.019748 0.658488 0.020314 0.664732 0.012366 0.673816 0.010662 0.677792 0.014638 0.688010 0.012366 0.698230 0.007256 0.704476 0.002714 0.704476 0.004418 0.693120 0.007256 0.684036 0.004986 0.678358 0.001010 0.678358
0 0.002714 0.852664 0.014638 0.858342 0.008392 0.871400 0.007824 0.877646 0.011798 0.889002 0.024856 0.896950 0.020314 0.900924 0.008960 0.899788 0.001010 0.890136 0.003282 0.870832
1 0.079362 0.167934 0.065736 0.171910 0.077660 0.177018 0.083338 0.176452 0.090150 0.174748 0.085040 0.166800
1 0.135572 0.225848 0.127624 0.234364 0.135572 0.241176 0.145792 0.237202 0.144656 0.228686
1 0.169070 0.152604 0.158282 0.165664 0.180426 0.168502 0.187238 0.164528 0.184968 0.150902 0.177018 0.152604
0 0.226982 0.001010 0.210518 0.013502 0.205408 0.026560 0.225280 0.018044 0.230390 0.007824 0.236066 0.004986 0.242880 0.009528 0.246854 0.014638 0.250262 0.023722 0.246854 0.033374 0.234932 0.043026 0.248558 0.039052 0.255938 0.034508 0.259346 0.023154 0.260482 0.015204 0.249126 0.002714
1 0.273540 0.050974 0.278082 0.060626 0.271268 0.068576 0.286598 0.063466 0.287734 0.057788 0.282056 0.057788
1 0.246854 0.117404 0.226414 0.123648 0.232660 0.135004 0.245152 0.137842 0.253100 0.131030 0.259914 0.131598 0.258778 0.125920 0.251964 0.124784
0 0.229254 0.082770 0.250262 0.082770 0.250262 0.091854 0.257642 0.093556 0.258210 0.082770 0.256506 0.073686 0.253100 0.071982 0.243448 0.077660 0.223576 0.075388 0.217330 0.079362
1 0.225280 0.262184 0.209950 0.274676 0.208814 0.290572 0.226414 0.294548 0.240610 0.291140 0.237202 0.276946 0.240610 0.267294
0 0.232092 0.340536 0.222440 0.346782 0.209950 0.348486 0.210518 0.364382 0.221872 0.364950 0.226414 0.359272 0.227550 0.368924 0.229822 0.375738 0.235500 0.376874 0.232092 0.359272 0.237202 0.356434 0.240042 0.353028 0.245720 0.359272 0.251396 0.365518 0.253668 0.374034 0.252532 0.378010 0.247990 0.383686 0.245152 0.389364 0.244584 0.393906 0.255372 0.389364 0.262752 0.378010 0.255938 0.364950 0.253668 0.360976 0.243448 0.349052 0.241176 0.343944 0.252532 0.339968 0.249694 0.337130 0.243448 0.338266 0.242312 0.338834
0 0.245720 0.405830 0.234364 0.417752 0.226414 0.424566 0.221304 0.435354 0.224144 0.437624 0.209382 0.440464 0.204272 0.447276 0.198026 0.446710 0.192348 0.442734 0.194052 0.454658 0.203136 0.450684 0.221872 0.441032 0.228118 0.441600 0.220170 0.451252 0.211086 0.462038 0.213924 0.472826 0.217898 0.464310 0.221304 0.458632 0.230958 0.452954 0.240042 0.441600 0.247990 0.441032 0.237202 0.455226 0.237202 0.462606 0.253100 0.451820 0.253668 0.434786 0.245152 0.434218 0.250262 0.426270 0.248558 0.423430 0.238338 0.431380 0.234364 0.434218 0.229254 0.430812 0.236634 0.421728
0 0.232660 0.577864 0.219034 0.574458 0.209950 0.568212 0.205976 0.571618 0.207678 0.580702 0.220738 0.581838 0.215628 0.586380 0.223008 0.589220 0.226982 0.585244 0.236066 0.594330 0.237770 0.588652 0.234364 0.583542
1 0.199162 0.558560 0.180426 0.554586 0.175884 0.566508 0.175884 0.574458 0.190078 0.578432 0.198594 0.569916
1 0.150334 0.590354 0.134436 0.596600 0.135004 0.606820 0.135572 0.613634 0.150902 0.611362 0.156580 0.605116 0.152038 0.598304
1 0.167934 0.654512 0.178154 0.655648 0.176452 0.669842 0.182128 0.661326 0.189510 0.657352 0.190078 0.651106 0.181562 0.650538 0.177586 0.650538
0 0.222440 0.702772 0.216196 0.692554 0.208814 0.696528 0.204840 0.707316 0.209950 0.709018 0.205408 0.722644 0.212788 0.723780 0.213924 0.711290 0.224712 0.714128 0.226414 0.721510 0.234932 0.716968 0.233796 0.710154 0.238906 0.718102 0.241176 0.729458 0.244584 0.740814 0.247990 0.736840 0.247422 0.733432 0.255938 0.733432 0.255938 0.730594 0.246854 0.724348 0.245152 0.710722 0.246286 0.702206 0.253100 0.698798 0.254804 0.690282 0.251396 0.688010 0.242880 0.695960 0.239474 0.700502 0.236066 0.705044 0.228118 0.703908
0 0.219602 0.794184 0.212788 0.782260 0.205408 0.783964 0.212220 0.794184 0.212220 0.798726 0.200298 0.802132 0.188942 0.801564 0.199162 0.807810 0.216762 0.803268 0.221872 0.811216 0.220170 0.819166 0.219602 0.835064 0.223576 0.834496 0.224144 0.815758 0.227550 0.806106 0.241176 0.796454 0.242312 0.788506 0.248558 0.781126 0.238338 0.783964 0.236066 0.778854 0.235500 0.788506 0.233796 0.794184
0 0.224144 0.868562 0.229822 0.874240 0.212220 0.882188 0.204272 0.889568 0.202568 0.894112 0.208814 0.898654 0.218466 0.887866 0.228118 0.882756 0.231524 0.885594 0.236066 0.886162 0.238338 0.883892 0.248558 0.881620 0.258210 0.890136 0.257074 0.882188 0.270700 0.875374 0.276946 0.866858 0.284896 0.856070 0.285462 0.851528 0.272404 0.866290 0.261048 0.871968 0.246854 0.875374 0.239474 0.871968 0.232660 0.862884
0 0.204840 0.913984 0.203136 0.919092 0.195188 0.924770 0.196890 0.933288 0.203136 0.927610 0.204840 0.938398 0.213356 0.929880 0.223008 0.934990 0.227550 0.941236 0.220170 0.948050 0.212788 0.952592 0.206542 0.953160 0.203704 0.950888 0.201434 0.958836 0.203136 0.962244 0.209382 0.962812 0.220738 0.964514 0.217330 0.958268 0.220738 0.955998 0.233228 0.957702 0.228686 0.949184 0.229254 0.946346 0.237770 0.950888 0.236066 0.937830 0.240042 0.934990 0.228118 0.932152 0.225848 0.918526 0.222440 0.913984 0.222440 0.920796 0.215628 0.918526 0.214492 0.912848 0.210518 0.916254
0 0.220170 0.984954 0.208246 0.998580 0.202000 0.991200 0.263320 0.998012 0.263888 0.991200 0.226982 0.993470 0.226414 0.983250
0 0.393906 0.050406 0.393906 0.060058 0.387094 0.058924 0.374602 0.060058 0.348486 0.060058 0.337130 0.063466 0.349620 0.065736 0.367222 0.067440 0.361544 0.075956 0.363248 0.079930 0.372900 0.070846 0.383120 0.069710 0.388230 0.070278 0.380280 0.085608 0.395042 0.076524 0.398448 0.066872 0.407534 0.071982 0.407534 0.079930 0.404694 0.087312 0.410940 0.087312 0.414914 0.079362 0.414914 0.076524 0.429676 0.077092 0.424566 0.071982 0.414346 0.071414 0.407534 0.064032 0.399584 0.066304 0.401288 0.056652 0.400152 0.041890 0.396178 0.043026
0 0.390624 0.265754 0.379098 0.272798 0.363730 0.268314 0.351562 0.273438 0.357966 0.278560 0.375256 0.281762 0.382940 0.279842 0.370134 0.302254 0.373976 0.312500 0.392546 0.318904 0.386142 0.308658 0.381020 0.299052 0.388704 0.283044 0.394468 0.281762 0.402152 0.285604 0.412398 0.279200 0.404714 0.279200 0.395748 0.276640
2 0.431608 0.263832 0.437372 0.272798 0.431608 0.281762 0.445696 0.274718 0.454022 0.279200 0.449538 0.272156 0.454022 0.265112 0.446978 0.267034 0.438652 0.263832
1 0.476434 0.283684 0.481558 0.290728 0.480918 0.298412 0.493724 0.290728 0.487962 0.286886
0 0.390624 0.346440 0.371414 0.343878 0.363730 0.348360 0.345158 0.336194 0.344518 0.351562 0.363090 0.354124 0.374616 0.355404 0.374616 0.364370 0.388064 0.369492 0.404714 0.372054 0.418160 0.371414 0.400870 0.366932 0.384222 0.367572 0.382940 0.359888 0.392546 0.354124 0.403432 0.356046 0.417520 0.363730 0.428406 0.365650 0.420722 0.354764 0.408556 0.353484 0.398310 0.351562
0 0.392546 0.426486 0.383580 0.426486 0.372694 0.441854 0.358606 0.450180 0.350282 0.463628 0.338756 0.477716 0.331712 0.490522 0.348360 0.473872 0.357326 0.455942 0.372054 0.452100 0.382940 0.445696 0.390624 0.433530 0.397028 0.436092 0.401512 0.443776 0.413678 0.450820 0.424564 0.446978 0.450820 0.457224 0.457864 0.455302 0.465548 0.461706 0.464908 0.470030 0.470030 0.456582 0.460426 0.447618 0.448898 0.444416 0.434170 0.441854 0.416880 0.443136 0.410476 0.440574 0.403432 0.436092
0 0.375256 0.089652 0.376536 0.106942 0.370134 0.116548 0.362448 0.124872 0.363090 0.136398 0.375896 0.117828 0.382300 0.124872 0.376536 0.131276 0.384862 0.135118 0.393186 0.135758 0.396388 0.142162 0.386142 0.150486 0.386782 0.153688 0.399590 0.144082 0.406634 0.133196 0.402152 0.118468 0.393186 0.111424 0.397670 0.101818 0.402792 0.094134 0.388064 0.105660 0.388704 0.110144 0.381660 0.106942 0.382300 0.096696
1 0.430328 0.142802 0.439294 0.151128 0.450820 0.151768 0.455302 0.154328 0.442494 0.158172 0.439294 0.164574 0.434170 0.158172 0.430328 0.153688
0 0.382940 0.201076 0.361168 0.199154 0.352844 0.201716 0.348360 0.209400 0.357326 0.211962 0.358606 0.222208 0.374616 0.211962 0.383580 0.208120 0.393826 0.211322 0.393186 0.217086 0.402792 0.217086 0.418160 0.231814 0.426486 0.232454 0.411116 0.222208 0.402792 0.213884 0.415600 0.214524 0.427766 0.213884 0.413678 0.208760
0 0.395748 0.641650 0.380380 0.652536 0.373976 0.658940 0.365010 0.669186 0.359246 0.676230 0.369492 0.676230 0.375256 0.671746 0.385502 0.676230 0.391906 0.660220 0.398950 0.648694 0.406634 0.639728 0.411116 0.631404 0.397670 0.634606
0 0.393186 0.731942 0.377818 0.726818 0.361808 0.725538 0.343878 0.725538 0.359888 0.733862 0.384862 0.735784 0.381020 0.747310 0.382300 0.756276 0.384862 0.767162 0.389344 0.767162 0.393186 0.761398 0.388704 0.747310
0 0.388704 0.499488 0.388704 0.509734 0.379098 0.504610 0.370134 0.516138 0.372054 0.525102 0.378458 0.518058 0.383580 0.521900 0.388064 0.512936 0.394468 0.516138 0.394468 0.525742 0.401512 0.528944 0.422644 0.532786 0.428406 0.528944 0.436732 0.521900 0.443136 0.511654 0.438012 0.509734 0.432248 0.519340 0.421362 0.525742 0.408556 0.521260 0.399590 0.512936 0.402152 0.504610
0 0.386782 0.557120 0.371414 0.562884 0.360528 0.562884 0.358606 0.571850 0.375896 0.568648 0.382300 0.567366 0.381020 0.575692 0.379098 0.587218 0.389344 0.589780 0.388704 0.577612 0.399590 0.573130 0.402152 0.565446 0.398310 0.564164 0.400870 0.553920 0.397670 0.546876 0.391906 0.550076
1 0.368852 0.592342 0.357326 0.587218 0.358606 0.595544 0.356686 0.605788 0.357966 0.617316 0.373976 0.618596 0.392546 0.612192 0.394468 0.602588 0.393826 0.594262 0.385502 0.591060 0.380380 0.592982 0.374616 0.589140
1 0.410476 0.577612 0.397670 0.592342 0.404072 0.605148 0.416240 0.609632 0.434170 0.609632 0.446338 0.604508 0.443136 0.592982 0.435450 0.583376 0.429048 0.578894 0.416880 0.579534
1 0.461706 0.571210 0.459144 0.578894 0.468110 0.584016 0.475154 0.593622 0.488602 0.594262 0.487320 0.578254 0.481558 0.569928 0.468110 0.573770
1 0.465548 0.600666 0.450820 0.601946 0.443136 0.610272 0.455942 0.618596 0.468750 0.608990 0.475154 0.601306
1 0.450180 0.423924 0.435450 0.422004 0.439294 0.432248 0.449538 0.430328 0.455302 0.438012 0.457864 0.438652 0.459784 0.435450 0.456582 0.428406 0.460426 0.420082 0.456582 0.416240
1 0.429048 0.475154 0.422004 0.471952 0.416240 0.471312 0.411116 0.475794 0.422004 0.477716 0.417520 0.488602 0.430968 0.484118 0.448258 0.480276 0.448898 0.475154 0.436092 0.477716
0 0.388064 0.770364 0.391266 0.781250 0.386782 0.787014 0.376536 0.796618 0.379098 0.813268 0.381660 0.820952 0.397028 0.823514 0.411758 0.825436 0.409196 0.817110 0.397028 0.814550 0.391266 0.804944 0.394468 0.794698 0.400230 0.790216 0.399590 0.782530 0.407274 0.774846 0.412398 0.774206 0.418160 0.772284 0.422004 0.781250 0.427126 0.774846 0.423284 0.768442 0.416240 0.767162 0.408556 0.768442 0.397670 0.771004
0 0.660860 0.513576 0.647412 0.515496 0.628842 0.519340 0.637808 0.524462 0.647412 0.523182 0.651896 0.526384 0.649334 0.537270 0.661502 0.528304 0.674308 0.543032 0.680712 0.541752 0.674948 0.530866 0.671746 0.523822 0.666624 0.523822
1 0.630764 0.678150 0.608350 0.691598 0.608350 0.699924 0.617316 0.703766 0.633966 0.699924 0.643570 0.689678
0 0.660860 0.651896 0.644212 0.668546 0.643570 0.680072 0.660860 0.669186 0.662782 0.676230 0.664702 0.687116 0.675590 0.692880 0.681992 0.690958 0.671106 0.681992 0.665344 0.669186 0.671106 0.664702 0.664062 0.657658
0 0.661502 0.579534 0.642290 0.585298 0.650614 0.595544 0.656378 0.601946 0.642930 0.607710 0.662782 0.606430 0.671106 0.598744 0.671106 0.594262 0.682634 0.594262 0.680712 0.589140 0.673028 0.584656 0.667264 0.583376
0 0.658300 0.737704 0.645492 0.740266 0.653816 0.744748 0.663422 0.749872 0.648054 0.754354 0.635886 0.749872 0.635886 0.759478 0.647412 0.759478 0.651896 0.770364 0.656378 0.758196 0.662142 0.754994 0.669826 0.765240 0.671746 0.762038 0.669186 0.751152 0.665344 0.751152 0.662782 0.744108
0 0.668546 0.813908 0.658940 0.803662 0.651896 0.789574 0.642290 0.787014 0.652536 0.801742 0.653816 0.807506 0.657018 0.817110 0.649974 0.817110 0.652536 0.825436 0.643570 0.832480 0.648054 0.839524 0.649334 0.846568 0.649974 0.861936 0.658940 0.845286 0.656378 0.838884 0.659580 0.825436 0.662782 0.819672
0 0.827356 0.723616 0.811988 0.726178 0.806224 0.732582 0.790216 0.733862 0.783812 0.740906 0.769082 0.738346 0.762038 0.729380 0.755636 0.738346 0.756916 0.741548 0.767802 0.747950 0.787654 0.746030 0.811348 0.739626 0.829918 0.738346
0 0.820312 0.667264 0.816470 0.667904 0.804304 0.667904 0.792136 0.676870 0.803662 0.676230 0.812628 0.676230 0.803022 0.690958 0.797260 0.705686 0.798540 0.714652 0.812628 0.699282 0.813268 0.680712 0.826716 0.683274 0.828638 0.673028 0.839524 0.662782 0.839524 0.651256 0.851690 0.646772 0.862576 0.639088 0.853612 0.641650 0.840164 0.647412 0.833120 0.650614 0.828638 0.656378
0 0.822874 0.606430 0.807506 0.615394 0.803022 0.622438 0.800462 0.633324 0.801102 0.641010 0.791496 0.641650 0.792776 0.628202 0.800462 0.616034 0.807506 0.608990 0.796618 0.616034 0.775486 0.614114 0.785732 0.608990 0.775486 0.606430 0.769082 0.598744 0.767802 0.591060 0.782530 0.598104 0.794058 0.601946 0.804944 0.601306 0.807506 0.594902 0.797260 0.587858 0.795338 0.579534 0.806864 0.591060 0.814550 0.596824 0.822234 0.596824 0.830558 0.596184
0 0.820952 0.503970 0.799820 0.505252 0.779328 0.504610 0.799180 0.512936 0.797900 0.518058 0.793418 0.523822 0.801102 0.524462 0.813908 0.532146 0.815830 0.519340 0.826716 0.510374 0.840164 0.504610 0.851050 0.495646 0.845286 0.487320 0.835040 0.493724 0.833760 0.484760 0.824154 0.492444
0 0.671746 0.890112 0.656378 0.885630 0.644852 0.876664 0.651896 0.896516 0.646772 0.906122 0.664702 0.902280 0.665344 0.906762 0.652536 0.918930 0.661502 0.919570 0.668546 0.909324 0.672388 0.915728 0.670466 0.927254 0.675590 0.933018 0.680072 0.920850 0.674948 0.906762
0 0.666624 0.961194 0.671106 0.947746 0.676870 0.944544 0.677510 0.956712 0.671746 0.970158 0.676230 0.979124 0.690958 0.986808 0.691598 0.990650 0.684554 0.989370 0.670466 0.980404 0.675590 0.985528 0.674308 0.994492 0.685836 0.998976 0.694800 0.997694 0.664702 0.994492 0.652536 0.994492 0.657658 0.988730 0.664062 0.983606 0.662782 0.977202 0.660860 0.975282 0.653176 0.981046 0.648694 0.978484 0.653816 0.972080 0.653816 0.965036 0.657018 0.966956 0.662142 0.967598
0 0.408556 0.998976 0.420082 0.991932 0.404714 0.990010 0.387424 0.999616 0.386782 0.990650 0.377818 0.994492
0 0.820952 0.972080 0.811988 0.975922 0.805584 0.982326 0.796618 0.978484 0.789574 0.974002 0.778688 0.968878 0.774206 0.970800 0.767162 0.974642 0.766522 0.966956 0.776128 0.962474 0.794058 0.968238 0.807506 0.966956 0.817110 0.965676 0.827356 0.959912 0.835040 0.959912 0.838884 0.966316 0.841444 0.970800 0.833760 0.971440 0.829278 0.968238 0.829278 0.974642 0.822874 0.980404 0.813268 0.983606 0.807506 0.983606 0.814550 0.976562
0 0.844006 0.982966 0.828638 0.995774 0.836322 0.995774
0 0.825436 0.872182 0.814550 0.886910 0.810706 0.890754 0.804944 0.892034 0.796618 0.889472 0.790856 0.890754 0.785092 0.892034 0.784452 0.895236 0.794698 0.897798 0.806224 0.896516 0.811988 0.899718 0.811988 0.909324 0.811348 0.920850 0.811348 0.931096 0.815830 0.943264 0.815830 0.925974 0.817110 0.909964 0.824796 0.895876 0.829278 0.892674 0.846568 0.895236 0.856174 0.889472 0.849130 0.884350 0.833120 0.891394 0.827356 0.883710
0 0.372694 0.862576 0.364370 0.878586 0.365650 0.885630 0.365010 0.895236 0.361168 0.902920 0.356686 0.909324 0.357326 0.915088 0.370134 0.908044 0.373976 0.909324 0.375896 0.917648 0.378458 0.895236 0.383580 0.888832 0.395108 0.894596 0.398950 0.894596 0.397670 0.906122 0.390624 0.911886 0.402792 0.914446 0.412398 0.909324 0.416880 0.899718 0.409836 0.892034 0.397670 0.891394 0.382940 0.885630 0.372694 0.882428 0.370774 0.874744
1 0.485400 0.845286 0.478996 0.858094 0.493724 0.863218 0.503970 0.858734 0.512296 0.845286 0.500128 0.844646 0.491804 0.848488
0 0.394468 0.927894 0.397670 0.942622 0.386782 0.950948 0.381660 0.954790 0.376536 0.965036 0.377818 0.975922 0.392546 0.963114 0.402792 0.968238 0.402792 0.978484 0.413678 0.974002 0.413678 0.968878 0.419442 0.966316 0.417520 0.956070 0.418160 0.947106 0.411758 0.946466 0.410476 0.959912 0.407914 0.963756 0.401512 0.954150 0.405354 0.945184 0.404072 0.936860
1 0.313140 0.991290 0.331070 0.993852 0.326588 0.988090
0 0.311220 0.210682 0.325948 0.219006 0.325948 0.226050 0.320824 0.235656 0.331070 0.232454 0.339396 0.231814 0.343238 0.230532 0.343238 0.224770 0.350282 0.215804 0.349002 0.208120 0.339396 0.215164 0.335554 0.220286 0.330430 0.214524 0.327228 0.207480 0.320824 0.207480
0 0.225410 0.132556 0.211962 0.141522 0.224770 0.142162 0.226690 0.153048 0.226690 0.162014 0.227330 0.178022 0.233734 0.173540 0.234374 0.159452 0.238218 0.151768 0.244620 0.140882 0.238218 0.136398 0.230532 0.136398
1 0.172260 0.004482 0.183786 0.012808 0.196594 0.016650 0.208120 0.010886 0.213884 0.003202 0.202356 0.001922 0.194032 0.001280 0.180584 0.001922
0 0.661502 0.015368 0.664062 0.032658 0.676870 0.038422 0.690318 0.040344 0.705686 0.040984 0.712090 0.035220 0.693520 0.034580 0.669186 0.027536 0.667904 0.021772 0.673668 0.020492 0.669826 0.010886 0.667264 0.007684
1 0.629482 0.003202 0.625000 0.017290 0.639728 0.019852 0.645492 0.018570 0.649334 0.011526 0.645492 0.007684
0 0.659580 0.069800 0.653816 0.075564 0.645492 0.076844 0.636526 0.085170 0.626922 0.093494 0.640368 0.092854 0.653176 0.092214 0.648694 0.099258 0.646772 0.110144 0.649974 0.117828 0.653816 0.105020 0.659580 0.093494 0.663422 0.105660 0.668546 0.107582 0.673668 0.108862 0.674308 0.104380 0.666624 0.090292 0.669826 0.085810 0.674948 0.081968 0.680712 0.081326 0.675590 0.074924 0.666624 0.081326 0.663422 0.077484
1 0.685194 0.069800 0.683274 0.080046 0.698002 0.082608 0.706968 0.085810 0.706968 0.076844 0.702484 0.074282 0.696080 0.067880 0.691598 0.068520
0 0.664062 0.119108 0.658940 0.129354 0.648054 0.131916 0.639728 0.136398 0.635246 0.138960 0.650614 0.137680 0.659580 0.135758 0.649334 0.142802 0.649334 0.151128 0.650614 0.154970 0.664062 0.140240 0.658940 0.154328 0.672388 0.156890 0.673028 0.169698 0.681352 0.152408 0.674948 0.138320 0.671746 0.130636
0 0.672388 0.183146 0.657658 0.201716 0.655098 0.209400 0.662142 0.217086 0.649974 0.220928 0.645492 0.213884 0.639088 0.217086 0.646132 0.227330 0.639088 0.231814 0.632044 0.241420 0.625640 0.250384 0.637168 0.244620 0.648694 0.229892 0.658300 0.220928 0.653816 0.232454 0.657018 0.245262 0.662142 0.226050 0.669186 0.222848 0.667904 0.233094 0.674948 0.231174 0.673028 0.215164 0.673028 0.203638 0.678790 0.199796 0.687116 0.192110 0.681992 0.192110 0.673028 0.199154 0.672388 0.192110
0 0.657018 0.303534 0.644212 0.313140 0.634606 0.318264 0.622438 0.325308 0.622438 0.332352 0.613474 0.340036 0.614114 0.345800 0.631404 0.341956 0.647412 0.341956 0.643570 0.325308 0.653176 0.322106 0.661502 0.321466 0.664062 0.315062 0.674948 0.319544 0.677510 0.324026 0.676870 0.334272 0.676870 0.345158 0.676870 0.348360 0.683914 0.333632 0.681992 0.318904 0.671106 0.311220 0.665344 0.306736
0 0.645492 0.377818 0.636526 0.380380 0.633324 0.380380 0.628202 0.380380 0.623078 0.381660 0.631404 0.386142 0.644212 0.387424 0.639088 0.391906 0.626280 0.391266 0.632684 0.397028 0.646772 0.394468 0.647412 0.407914 0.648054 0.414318 0.651896 0.410476 0.660220 0.420082 0.663422 0.413678 0.658300 0.395748 0.665984 0.390624 0.670466 0.386782 0.682634 0.379738 0.680072 0.366290 0.678150 0.363090 0.673668 0.375896 0.670466 0.379738 0.662142 0.381020 0.653816 0.382940
0 0.653176 0.423924 0.648694 0.436092 0.638448 0.443136 0.638448 0.446978 0.652536 0.439934 0.658940 0.436092 0.660220 0.443776 0.645492 0.446978 0.645492 0.452740 0.659580 0.450820 0.666624 0.461066 0.671106 0.471952 0.689678 0.476434 0.683274 0.468110 0.673028 0.462986 0.669186 0.451460 0.671106 0.446338 0.683274 0.451460 0.678150 0.443136 0.669186 0.438652 0.665344 0.428406 0.665344 0.422004
0 0.819672 0.277280 0.802382 0.277280 0.786372 0.277280 0.796618 0.284324 0.808786 0.284324 0.805584 0.288166 0.801102 0.293930 0.801102 0.297132 0.810706 0.284964 0.819032 0.284324 0.811348 0.297132 0.810066 0.307378 0.808786 0.317622 0.810706 0.325308 0.810706 0.317622 0.815830 0.297132 0.825436 0.286886 0.831198 0.278560 0.837602 0.276640 0.842086 0.274718 0.846568 0.267674 0.836322 0.272156 0.834400 0.264472 0.822234 0.264472 0.814550 0.270236 0.827356 0.268954 0.831198 0.274718
0 0.806224 0.172260 0.801742 0.187628 0.803022 0.199154 0.807506 0.210040 0.811348 0.216444 0.812628 0.220286 0.802382 0.222848 0.804304 0.235016 0.806224 0.245902 0.808786 0.251664 0.811348 0.245262 0.818392 0.238218 0.820312 0.231174 0.820952 0.240138 0.825436 0.236296 0.831198 0.227972 0.833760 0.221568 0.851050 0.218366 0.858734 0.211962 0.848488 0.210682 0.834400 0.216444 0.824796 0.214524 0.825436 0.210682 0.839524 0.208120 0.842726 0.202356 0.841444 0.199154 0.827356 0.206840 0.819672 0.209400 0.813908 0.205558 0.813268 0.199154 0.810066 0.185706
0 0.824154 0.366290 0.816470 0.363730 0.810706 0.370774 0.812628 0.375896 0.790856 0.379738 0.769082 0.381020 0.758196 0.393186 0.753714 0.402152 0.767162 0.395108 0.780610 0.388704 0.791496 0.386782 0.787654 0.391906 0.782530 0.398310 0.785732 0.411758 0.790216 0.394468 0.804304 0.384222 0.813908 0.381020 0.819672 0.379098 0.817752 0.391906 0.822234 0.404072 0.829918 0.407274 0.835040 0.414960 0.842726 0.418160 0.864498 0.421362 0.850410 0.415600 0.836962 0.408556 0.833760 0.397028 0.833760 0.387424 0.830558 0.375256 0.841444 0.368212 0.846568 0.360528 0.843366 0.357326 0.831840 0.361168 0.825436 0.352202 0.819032 0.353484
1 0.708248 0.149206 0.703124 0.156250 0.701844 0.163934 0.705686 0.170978 0.706968 0.160092 0.714012 0.165216 0.714012 0.158812
2 0.708888 0.230532 0.703124 0.231174 0.705046 0.240778 0.705686 0.249744 0.711450 0.244620 0.722336 0.247822 0.717854 0.236936 0.726818 0.232454 0.727460 0.225410
0 0.808786 0.427126 0.806224 0.410476 0.811988 0.411758 0.817110 0.425204 0.827356 0.429688 0.835040 0.432248 0.837602 0.439294 0.836962 0.445696 0.825436 0.440574 0.820952 0.447618 0.819032 0.451460 0.814550 0.453382 0.811988 0.463628 0.801742 0.458504 0.804304 0.448258 0.804304 0.442494 0.798540 0.450180 0.794058 0.445696 0.801102 0.439294 0.795978 0.439294 0.794058 0.432890 0.799180 0.431608
1 0.977844 0.062756 0.961194 0.070440 0.974002 0.075564 0.970158 0.089652 0.977844 0.092214 0.986168 0.090292 0.992572 0.089652 0.996414 0.067880 0.990650 0.068520
0 0.805584 0.006404 0.800462 0.005764 0.796618 0.010246 0.787014 0.008324 0.792136 0.016650 0.783172 0.019212 0.778688 0.024974 0.771644 0.030738 0.770364 0.035860 0.772284 0.040344 0.776768 0.035860 0.785732 0.030098 0.795338 0.030098 0.806224 0.024974 0.809426 0.024974 0.809426 0.031378 0.814550 0.024974 0.814550 0.018570 0.826716 0.017290 0.831840 0.019852 0.838884 0.028176 0.848488 0.035860 0.852972 0.038422 0.857454 0.036502 0.844646 0.027536 0.845928 0.024334 0.833760 0.012808 0.827356 0.015368 0.817752 0.012168 0.812628 0.013448
0 0.818392 0.058914 0.808146 0.059554 0.799180 0.071722 0.792136 0.073642 0.799820 0.061476 0.808146 0.054432 0.798540 0.050590 0.781250 0.042264 0.778048 0.037142 0.786372 0.035860 0.798540 0.039062 0.806224 0.049308 0.817752 0.047388 0.815830 0.038422 0.817110 0.028176 0.822874 0.030098 0.822874 0.046106 0.831840 0.054432 0.831840 0.060836 0.831198 0.065318 0.836962 0.073642 0.842086 0.079406 0.844646 0.080046 0.839524 0.083248 0.833760 0.080046 0.826076 0.073002 0.826716 0.067238 0.826716 0.058914 0.824154 0.055712
0 0.831840 0.111424 0.819032 0.112704 0.819672 0.120390 0.822234 0.130636 0.822234 0.138960 0.815830 0.139600 0.812628 0.140240 0.813908 0.149846 0.813908 0.159452 0.815190 0.168418 0.821594 0.167136 0.817752 0.154970 0.822234 0.152408 0.823514 0.147284 0.826076 0.141522 0.829278 0.140882 0.822874 0.154970 0.822874 0.158172 0.829918 0.159452 0.837602 0.161372 0.843366 0.162014 0.830558 0.154328 0.834400 0.143442 0.835040 0.129354 0.838884 0.124872 0.845928 0.114626 0.839524 0.112704 0.834400 0.121670 0.831198 0.125512 0.828638 0.119748
1 0.768442 0.356686 0.758838 0.349642 0.753074 0.352844 0.759478 0.363730 0.765882 0.365650
1 0.692238 0.852972 0.699924 0.858734 0.690958 0.865778 0.693520 0.873464 0.704406 0.863218 0.718494 0.861296 0.716572 0.856174 0.705686 0.856814 0.700564 0.850410
1 0.749232 0.924052 0.751794 0.930456 0.743468 0.935578 0.747950 0.939422 0.747310 0.945824 0.762038 0.936220 0.767162 0.933658 0.761398 0.924052
0 0.806224 0.806224 0.794058 0.811348 0.782530 0.813908 0.776768 0.820312 0.778688 0.829278 0.787014 0.829278 0.802382 0.825436 0.806224 0.819032 0.808786 0.824154 0.795978 0.831840 0.797260 0.842086 0.794698 0.858734 0.799180 0.847208 0.806864 0.833760 0.819032 0.822874 0.822874 0.817752 0.814550 0.813268 0.824154 0.814550 0.831840 0.813908 0.828638 0.806224 0.816470 0.805584 0.812628 0.795978 0.804944 0.787014 0.803022 0.782530 0.801102 0.792136
2 0.001922 0.566726 0.000640 0.579534 0.003202 0.590420 0.002562 0.598104 0.001280 0.612192 0.005122 0.614114 0.005764 0.600026 0.011526 0.594262 0.010886 0.587858 0.013448 0.583376 0.013448 0.574410 0.009606 0.571850
0 0.009606 0.724898 0.001922 0.733862 0.003202 0.738986 0.010886 0.733222 0.017930 0.732582 0.023694 0.740266 0.032658 0.735784 0.023054 0.723616
1 0.032018 0.690318 0.037142 0.705046 0.037142 0.709528 0.044826 0.703766 0.052510 0.703766 0.049948 0.694800 0.038422 0.694160
0 0.001922 0.781890 0.012808 0.790216 0.024334 0.787014 0.031378 0.783172 0.039062 0.776768 0.045466 0.774846 0.053150 0.781890 0.040984 0.785092 0.021772 0.794058 0.029456 0.803022 0.029456 0.811348 0.018570 0.813908 0.016010 0.823514 0.005122 0.824154 0.003842 0.820312 0.001922 0.815190 0.001280 0.806864 0.010246 0.809426 0.018570 0.806224 0.012808 0.797260 0.008966 0.792776 0.003202 0.796618
0 0.007044 0.937500 0.019212 0.938780 0.028176 0.941342 0.031378 0.949026 0.025614 0.954150 0.019212 0.954790 0.016650 0.964396 0.021772 0.970800 0.017930 0.975282 0.012168 0.977844 0.007684 0.968878 0.012168 0.959272 0.008966 0.950308
1 0.442494 0.747310 0.432890 0.760758 0.427766 0.769724 0.444416 0.758838 0.448898 0.761398 0.455302 0.757556
1 0.318440 0.176026 0.309722 0.178932 0.315534 0.191138 0.325416 0.186488 0.330648 0.182420 0.335880 0.177188 0.338786 0.168468 0.330066 0.171376 0.326578 0.175444
1 0.052212 0.476550 0.049886 0.483526 0.044074 0.491664 0.043492 0.498640 0.055698 0.491664 0.055698 0.488758 0.062094 0.485852 0.059186 0.478876
1 0.983324 0.181040 0.975060 0.198318 0.984074 0.193058 0.995342 0.188552 0.995342 0.180288
1 0.159056 0.840896 0.182448 0.838558 0.195312 0.839726 0.191804 0.853762 0.181278 0.871304 0.184786 0.856100 0.187126 0.850252 0.178938 0.847914
1 0.610352 0.232652 0.613942 0.236960 0.611788 0.249168 0.611788 0.253476 0.621122 0.244858 0.629022 0.224034 0.619686 0.229780 0.619686 0.234088
1 0.631894 0.288660 0.627586 0.293686 0.635484 0.295122 0.637638 0.298714 0.637638 0.303740 0.645536 0.297278 0.644100 0.292250