0 0.051364 0.074218 0.056558 0.088764 0.073180 0.111620 0.052402 0.122008 0.032662 0.125124 0.033702 0.138630 0.055518 0.134474 0.072140 0.127202 0.067986 0.150058 0.078374 0.154214 0.084608 0.139670 0.089802 0.125124 0.093958 0.119930 0.091880 0.093958 0.096036 0.076296 0.096036 0.066946 0.080452 0.075258 0.078374 0.092918 0.073180 0.085646 0.065908 0.075258
1 0.114736 0.132396 0.121112 0.139782 0.121112 0.156058 0.127336 0.162282 0.129730 0.150792 0.135952 0.142654 0.144570 0.137868 0.151272 0.134996 0.151750 0.129730 0.145526 0.129730 0.137868 0.131644 0.133080 0.137868 0.127336 0.127814 0.123986 0.122550 0.115368 0.119676 0.106272 0.119676
0 0.080902 0.190046 0.073720 0.200578 0.075636 0.216854 0.072764 0.230736 0.067976 0.237438 0.053616 0.238396 0.041648 0.240790 0.032552 0.243184 0.023936 0.247012 0.044042 0.251800 0.049306 0.254194 0.053616 0.261374 0.056488 0.267118 0.070848 0.266162 0.068456 0.279564 0.073720 0.289618 0.080422 0.298234 0.089040 0.303022 0.097656 0.297278 0.101486 0.292012 0.090476 0.284830 0.086646 0.279086 0.085688 0.269990 0.084732 0.262810 0.078986 0.255630 0.076594 0.248928 0.078508 0.236960 0.081380 0.228822 0.082816 0.224034 0.083296 0.218290 0.087604 0.204886 0.086168 0.198184 0.085688 0.192918
0 0.065104 0.321212 0.066540 0.330786 0.049306 0.331266 0.033988 0.324084 0.028244 0.330786 0.039732 0.343712 0.053616 0.348498 0.063668 0.356158 0.069892 0.360946 0.052658 0.356636 0.066540 0.368604 0.079466 0.372434 0.084252 0.374348 0.084252 0.384880 0.099092 0.393976 0.106272 0.397806 0.104358 0.386796 0.096220 0.378658 0.099572 0.371476 0.090476 0.363818 0.080422 0.354244 0.074678 0.341318 0.078986 0.336532 0.077550 0.328872 0.083774 0.326956 0.080902 0.318340
0 0.044520 0.472006 0.037818 0.485410 0.034466 0.494026 0.039254 0.502642 0.056966 0.505514 0.072284 0.509824 0.079466 0.522270 0.088560 0.524184 0.098614 0.525620 0.109624 0.532802 0.118240 0.534716 0.136432 0.544290 0.142176 0.550992 0.128772 0.546204 0.104358 0.538546 0.084252 0.533280 0.079466 0.525620 0.074678 0.523706 0.061754 0.525142 0.055052 0.529450 0.047870 0.522270 0.039732 0.521312 0.021064 0.521312 0.024892 0.518440 0.036382 0.514132 0.031116 0.506472 0.024892 0.496420 0.024892 0.487802 0.030158 0.480144 0.039254 0.471526
0 0.033510 0.575884 0.029680 0.593118 0.026808 0.611308 0.028244 0.628542 0.034466 0.638596 0.056488 0.650084 0.064146 0.652956 0.050264 0.654872 0.039732 0.663488 0.040690 0.669232 0.054572 0.665882 0.067976 0.661574 0.079944 0.656308 0.083774 0.652956 0.077550 0.650562 0.078986 0.638116 0.084732 0.638596 0.087604 0.634286 0.087124 0.626628 0.081380 0.623756 0.072764 0.625670 0.062232 0.623276 0.067976 0.612266 0.069412 0.598862 0.069892 0.591682 0.067018 0.589768 0.058402 0.613702 0.057924 0.622798 0.056966 0.638116 0.052180 0.634766 0.046434 0.629500 0.038296 0.625670 0.031594 0.618968 0.033510 0.610352 0.038296 0.598862 0.036860 0.585458
0 0.072764 0.700348 0.065104 0.718060 0.060796 0.741996 0.063190 0.763060 0.067018 0.770718 0.072284 0.778378 0.069892 0.788430 0.071328 0.798962 0.080422 0.797526 0.082338 0.786038 0.079466 0.764974 0.078986 0.755878 0.078986 0.749656 0.076114 0.742954 0.074200 0.734816 0.071806 0.725242 0.075636 0.706092 0.078030 0.699870
0 0.091434 0.831514 0.078986 0.846832 0.071806 0.864066 0.070848 0.873162 0.059838 0.865024 0.051700 0.859758 0.045478 0.859758 0.046434 0.868374 0.059360 0.879384 0.069892 0.887522 0.073242 0.890874 0.062232 0.891352 0.055530 0.895660 0.052180 0.899490 0.050742 0.903320 0.067976 0.899970 0.078508 0.901884 0.080902 0.899012 0.084252 0.914810 0.092870 0.921032 0.098134 0.928692 0.098614 0.943532 0.101008 0.961722 0.101486 0.968904 0.110102 0.961722 0.113932 0.944968 0.115368 0.928214 0.111538 0.922948 0.107230 0.918638 0.103400 0.909544 0.099572 0.900926 0.090954 0.889916 0.092390 0.887044 0.093348 0.878906 0.104836 0.875556 0.105794 0.862152 0.102922 0.857364 0.098134 0.852578 0.096220 0.841088
0 0.454772 0.095742 0.438974 0.106752 0.431794 0.102444 0.425092 0.108188 0.425570 0.114410 0.421262 0.120634 0.416954 0.124942 0.410730 0.120634 0.405944 0.113932 0.399720 0.111538 0.395890 0.113454 0.405944 0.129250 0.416954 0.137388 0.434188 0.124464 0.442804 0.126378 0.464824 0.101008 0.472006 0.090476 0.472484 0.085688
0 0.403072 0.172814 0.389668 0.184302 0.389188 0.195792 0.392540 0.203450 0.401156 0.209674 0.412646 0.214460 0.418868 0.210632 0.426050 0.205366 0.431316 0.205844 0.423178 0.221162 0.422220 0.227386 0.424134 0.234566 0.434666 0.231216 0.447592 0.233130 0.455250 0.236482 0.456686 0.244620 0.455730 0.250364 0.438496 0.251322 0.423178 0.253236 0.409294 0.248928 0.411210 0.242704 0.401156 0.234566 0.393018 0.224992 0.388232 0.217812 0.381530 0.209196 0.382966 0.190046 0.384880 0.179036 0.397806 0.168984
0 0.393498 0.307330 0.411688 0.309244 0.422220 0.315468 0.420304 0.319298 0.429400 0.320256 0.434188 0.326000 0.427964 0.334616 0.424614 0.338446 0.422698 0.348978 0.418868 0.357594 0.415518 0.361424 0.427006 0.370998 0.423656 0.362382 0.428442 0.360466 0.434188 0.366210 0.442326 0.371476 0.454772 0.377700 0.461952 0.382486 0.455250 0.369562 0.444240 0.357594 0.443762 0.346584 0.446634 0.339404 0.453336 0.322170 0.453336 0.314990 0.447112 0.317382 0.432752 0.311160 0.414560 0.303980 0.406902 0.303980
0 0.861194 0.057444 0.840610 0.084252 0.831514 0.080422 0.832472 0.089996 0.831992 0.100050 0.831992 0.107710 0.834386 0.113454 0.847790 0.114410 0.848748 0.111060 0.841088 0.108666 0.845876 0.097656 0.847790 0.086168 0.853534 0.078986 0.859758 0.068456
0 0.824334 0.238396 0.822898 0.256108 0.817154 0.250842 0.809494 0.249406 0.805186 0.249886 0.799440 0.250364 0.787952 0.254194 0.786516 0.260416 0.795132 0.257066 0.805186 0.258980 0.811888 0.263768 0.813324 0.272864 0.817154 0.280044 0.824812 0.287702 0.824812 0.302542 0.832950 0.303500 0.834866 0.297278 0.852098 0.314032 0.862152 0.323606 0.870290 0.338446 0.877470 0.347062 0.883694 0.345148 0.880822 0.330786 0.874598 0.321212 0.861194 0.307330 0.850184 0.294884 0.842046 0.284352 0.831992 0.278608 0.827684 0.274778 0.831992 0.256108 0.832472 0.247012 0.831992 0.239354
0 0.807100 0.340360 0.821462 0.374348 0.826728 0.389188 0.821940 0.399242 0.808058 0.388232 0.794176 0.377700 0.777900 0.365732 0.765452 0.361902 0.754442 0.364296 0.772634 0.375306 0.792738 0.386316 0.805186 0.398284 0.811408 0.402114 0.816674 0.404986 0.795132 0.405944 0.787952 0.406422 0.788910 0.411210 0.793696 0.415040 0.813324 0.412166 0.824812 0.410730 0.840610 0.412166 0.843482 0.422220 0.852578 0.447112 0.861672 0.455250 0.861672 0.445676 0.858800 0.433708 0.853534 0.419826 0.848748 0.411688 0.846354 0.404986 0.851142 0.401156 0.863108 0.399720 0.874120 0.393018 0.882736 0.391582 0.891832 0.393018 0.909544 0.388710 0.919118 0.383924 0.931086 0.375306 0.925820 0.373870 0.914330 0.374348 0.905714 0.376742 0.900926 0.380572 0.886566 0.376742 0.871726 0.376742 0.852098 0.380572 0.856408 0.384880 0.852578 0.386316 0.850662 0.381530 0.847312 0.382486 0.841088 0.382966 0.831514 0.393018 0.835344 0.383444 0.839652 0.373870 0.832472 0.364296 0.827206 0.356636 0.820504 0.348498 0.815238 0.339882
0 0.786038 0.514610 0.800876 0.523706 0.813324 0.526578 0.819068 0.528492 0.811888 0.535194 0.812844 0.542854 0.816196 0.545248 0.824812 0.532322 0.831514 0.522270 0.838216 0.517962 0.850184 0.513174 0.855928 0.509344 0.877948 0.507908 0.883214 0.504078 0.876512 0.502164 0.859758 0.502164 0.850184 0.503600 0.836302 0.502642 0.830078 0.507908 0.826248 0.513652 0.826248 0.521312 0.818590 0.520834 0.815238 0.515568 0.803270 0.510780 0.792738 0.507430 0.789866 0.506950
1 0.772154 0.484930 0.782208 0.487802 0.788430 0.491632 0.793696 0.497376 0.796568 0.501686 0.788910 0.510302 0.783164 0.512696 0.777900 0.505514 0.767846 0.502164 0.763060 0.492110 0.763538 0.486846 0.766410 0.484930
0 0.827206 0.595032 0.813324 0.613224 0.810930 0.626148 0.804228 0.627586 0.799920 0.634766 0.806142 0.639552 0.815238 0.655828 0.825770 0.665402 0.838694 0.670668 0.847790 0.668276 0.847790 0.664446 0.834386 0.659180 0.827684 0.653914 0.835822 0.647690 0.851620 0.641468 0.863588 0.633808 0.877470 0.624234 0.885130 0.618490 0.890874 0.609872 0.892788 0.598862 0.893268 0.595032 0.884650 0.604128 0.875076 0.612266 0.864546 0.619446 0.856408 0.623756 0.830556 0.638116 0.821462 0.645776 0.820504 0.640988 0.823854 0.633330 0.824812 0.629500 0.819546 0.633808 0.816674 0.631894 0.816196 0.626148 0.821462 0.612266 0.827206 0.603650
0 0.843004 0.744390 0.842046 0.762580 0.838694 0.780772 0.831036 0.794176 0.826248 0.797048 0.814280 0.786516 0.810930 0.778378 0.807100 0.778378 0.812366 0.798484 0.814760 0.807100 0.815716 0.812844 0.788430 0.822418 0.776942 0.825292 0.779336 0.831514 0.804706 0.826728 0.819068 0.821462 0.821462 0.813324 0.826248 0.809494 0.830556 0.811888 0.839652 0.810930 0.851142 0.815716 0.865982 0.822898 0.882258 0.826728 0.897576 0.827206 0.906672 0.821940 0.905714 0.817154 0.890396 0.816196 0.878906 0.809972 0.872684 0.806622 0.854014 0.802314 0.845876 0.800398 0.849226 0.789866 0.851620 0.777420 0.852098 0.768324 0.848748 0.757314 0.848268 0.745346
0 0.801834 0.827206 0.797526 0.847312 0.799440 0.875076 0.805664 0.890874 0.807578 0.899970 0.814760 0.909064 0.820982 0.920554 0.830078 0.933000 0.841088 0.931564 0.837738 0.926776 0.855928 0.932042 0.864066 0.931086 0.862630 0.922468 0.842046 0.918638 0.836302 0.912416 0.828164 0.908586 0.827206 0.900926 0.832472 0.897576 0.828642 0.893746 0.823854 0.879864 0.819068 0.873640 0.814280 0.866460 0.813324 0.856886 0.811408 0.849706 0.807578 0.835344 0.809016 0.827684
1 0.096982 0.964440 0.089574 0.968480 0.084186 0.979930 0.084860 0.990032 0.101024 0.992052 0.106412 0.985318 0.107086 0.966460
1 0.235712 0.115386 0.244432 0.097366 0.247338 0.100854 0.246756 0.117710 0.263032 0.129336 0.264776 0.134568 0.246176 0.131662 0.238038 0.127012 0.223504 0.129336 0.208392 0.122360 0.204904 0.116548
1 0.422306 0.472878 0.411260 0.487410 0.410680 0.501360 0.394404 0.506010 0.393240 0.509498 0.408936 0.508916 0.418818 0.511824 0.428118 0.514148 0.428700 0.508916 0.418236 0.506592 0.421142 0.492060 0.428118 0.479272 0.431606 0.469970
1 0.321742 0.732132 0.329880 0.737362 0.338018 0.733294 0.347900 0.730388 0.353714 0.733876 0.339182 0.744920 0.324068 0.750152 0.316510 0.741432
1 0.413586 0.803630 0.419980 0.795492 0.429280 0.800724 0.433930 0.811768 0.439744 0.819324 0.445556 0.834438 0.440326 0.849552 0.430444 0.846064 0.421724 0.833276 0.417654 0.825718 0.392660 0.825138 0.400216 0.816418 0.396148 0.807118 0.393240 0.790842 0.404286 0.793166
1 0.251550 0.585938 0.243950 0.590498 0.245470 0.602656 0.257630 0.602656 0.264470 0.597338 0.262190 0.588218
1 0.806524 0.544234 0.801840 0.553600 0.795282 0.552664 0.793878 0.564842 0.794346 0.567652 0.804182 0.561564 0.809334 0.551258
1 0.129806 0.328502 0.150594 0.326084 0.153978 0.329952 0.148176 0.330920 0.142376 0.335754 0.134156 0.336238