0 0.145856 0.149176 0.145018 0.163426 0.156752 0.174322 0.153400 0.181866 0.133282 0.190250 0.126576 0.193602 0.140826 0.196118 0.144180 0.200308 0.153400 0.202824 0.159268 0.204500 0.170164 0.212044 0.175194 0.212882 0.171842 0.222942 0.162620 0.235516 0.158430 0.240544 0.179386 0.221264 0.180224 0.210368 0.193636 0.209530 0.210402 0.206176 0.223814 0.194440 0.238064 0.178514 0.230520 0.181866 0.219622 0.186058 0.213754 0.190250 0.203696 0.196956 0.191122 0.202824 0.181062 0.207014 0.164298 0.199470 0.160944 0.191926 0.166812 0.186058 0.168488 0.176838 0.168488 0.171808 0.175194 0.150014 0.166812 0.152528 0.160944 0.163426 0.158430 0.171808
0 0.147532 0.308442 0.144180 0.319340 0.148370 0.326884 0.156752 0.332752 0.144180 0.334428 0.121546 0.334428 0.112326 0.343650 0.135796 0.347840 0.126576 0.351194 0.111488 0.348678 0.093884 0.348678 0.128252 0.357900 0.148370 0.353708 0.160944 0.362090 0.179386 0.368796 0.172680 0.359576 0.160106 0.357062 0.160944 0.341972 0.165974 0.338620 0.160106 0.331914 0.158430 0.322694
0 0.208724 0.383048 0.182738 0.388914 0.160106 0.392268 0.147532 0.401488 0.146694 0.412386 0.155076 0.419930 0.165136 0.428312 0.173518 0.435858 0.177710 0.442564 0.193636 0.437534 0.204534 0.440048 0.212078 0.440886 0.212078 0.439210 0.213754 0.448430 0.201180 0.445916 0.184416 0.445916 0.179386 0.451784 0.163458 0.450108 0.153400 0.452622 0.141664 0.446754 0.150886 0.460166 0.159268 0.475254 0.158430 0.484476 0.150886 0.478608 0.140826 0.471902 0.133282 0.457652 0.136634 0.443402 0.144180 0.429152 0.143340 0.426636 0.135796 0.426636 0.133282 0.426636 0.133282 0.435858 0.122384 0.429152 0.119870 0.418254 0.132444 0.417416 0.132444 0.408194 0.137474 0.397298 0.148370 0.388914 0.162620 0.382208 0.186092 0.382208
0 0.164298 0.557404 0.163458 0.575844 0.151724 0.571654 0.145856 0.569978 0.136634 0.591772 0.129928 0.607698 0.129928 0.612728 0.141664 0.594286 0.150886 0.578360 0.163458 0.584228 0.158430 0.599316 0.154238 0.600992 0.145856 0.606022 0.145018 0.610214 0.158430 0.611052 0.165974 0.632846 0.175194 0.643744 0.186092 0.645420 0.168488 0.640390 0.170164 0.632846 0.167650 0.610214 0.181900 0.632008 0.194474 0.639552 0.204534 0.645420 0.208724 0.650450 0.203696 0.632008 0.188606 0.630332 0.182738 0.611890 0.171004 0.602668 0.173518 0.595962 0.182738 0.590096 0.168488 0.594286 0.170164 0.586742 0.172680 0.582550 0.172680 0.569138 0.174356 0.576684 0.176032 0.571654 0.176032 0.565786
0 0.116516 0.636200 0.113164 0.652964 0.115678 0.664700 0.121546 0.672244 0.134120 0.682302 0.126576 0.687332 0.115678 0.678950 0.113164 0.692362 0.099752 0.694038 0.081310 0.700744 0.064546 0.704098 0.051134 0.714994 0.082148 0.712480 0.106458 0.704098 0.108972 0.710804 0.122384 0.703260 0.129090 0.703260 0.125738 0.726730 0.129928 0.732598 0.135796 0.699068 0.148370 0.694038 0.160106 0.691524 0.167650 0.701582 0.174356 0.709966 0.187768 0.714156 0.197828 0.720862 0.192798 0.738466 0.203696 0.728406 0.199504 0.714994 0.192798 0.704098 0.182738 0.696554 0.176870 0.690686 0.166812 0.682302 0.145856 0.683142 0.134958 0.673082 0.125738 0.663024 0.120708 0.652126
0 0.081310 0.823968 0.104782 0.818100 0.126576 0.818938 0.141664 0.818938 0.152562 0.818938 0.164298 0.818938 0.177710 0.818938 0.191122 0.814746 0.194474 0.819776 0.184416 0.826482 0.171842 0.822290 0.167650 0.828996 0.168488 0.834864 0.155076 0.838218 0.142502 0.836542 0.139150 0.847438 0.147532 0.854144 0.165136 0.860850 0.151724 0.864204 0.135796 0.854144 0.131606 0.857498 0.124062 0.868394 0.123222 0.849954 0.118194 0.850792 0.107296 0.859174 0.094722 0.866718 0.096398 0.877616 0.093884 0.884322 0.087178 0.870910 0.086340 0.860850 0.098076 0.848276 0.103104 0.837380 0.093046 0.831512 0.088854 0.828996
0 0.166812 0.984912 0.150886 0.978206 0.128252 0.975690 0.119870 0.988264 0.125738 0.994970 0.152562 0.992456 0.160106 0.992456 0.164298 0.995808 0.175194 0.992456 0.180224 0.984074 0.196150 0.983234 0.199504 0.978206 0.191122 0.973176 0.179386 0.977368
0 0.639586 0.129058 0.632880 0.150014 0.626174 0.152528 0.620306 0.150852 0.628688 0.163426 0.616114 0.181028 0.619468 0.194440 0.627850 0.165102 0.636232 0.155882 0.648806 0.163426 0.632880 0.170970 0.633718 0.183544 0.653836 0.169294 0.678146 0.176838 0.698264 0.177676 0.720896 0.180190 0.730116 0.181866 0.734308 0.178514 0.720896 0.176000 0.708322 0.178514 0.688204 0.174322 0.679822 0.171808 0.665572 0.158396 0.698264 0.163426 0.690718 0.155042 0.674792 0.150014 0.665572 0.149176 0.659704 0.144146 0.658866 0.139116 0.654674 0.134924 0.647968 0.132410
0 0.645454 0.010026 0.636232 0.005834 0.632042 0.018408 0.630364 0.028468 0.621982 0.046070 0.621982 0.062836 0.633718 0.065350 0.626174 0.054452 0.631204 0.038526 0.643776 0.043556 0.652160 0.056968 0.656350 0.059482 0.665572 0.057806 0.652160 0.043556 0.649644 0.036850 0.652160 0.020084 0.664734 0.030144 0.671440 0.035174 0.678984 0.054452 0.678146 0.035174 0.689042 0.050262 0.687366 0.080438 0.693234 0.067864 0.692396 0.039364 0.688204 0.027628 0.673116 0.023438 0.658866 0.018408 0.660542 0.007510 0.657188 0.001642
0 0.665572 0.225456 0.665572 0.230486 0.659704 0.241382 0.644616 0.241382 0.628688 0.238868 0.624498 0.244736 0.604380 0.238868 0.599350 0.246412 0.615276 0.256472 0.623658 0.258148 0.637910 0.270722 0.656350 0.279942 0.677306 0.284134 0.673954 0.277428 0.659704 0.275752 0.637910 0.258986 0.644616 0.250604 0.660542 0.253118 0.663894 0.268206 0.667248 0.258986 0.675630 0.266530 0.683174 0.261500 0.668086 0.250604 0.663894 0.242222 0.677306 0.234676 0.684012 0.223780 0.678146 0.219588
0 0.627012 0.332752 0.640424 0.354546 0.651322 0.362930 0.645454 0.372150 0.636232 0.376342 0.637910 0.389754 0.651322 0.393944 0.659704 0.398974 0.671440 0.407356 0.684012 0.411548 0.702454 0.416578 0.722572 0.409032 0.737660 0.400650 0.740176 0.388076 0.727602 0.394782 0.716704 0.398974 0.701616 0.401488 0.692396 0.405680 0.681498 0.398136 0.665572 0.390592 0.664734 0.371312 0.667248 0.363768 0.652998 0.351194 0.641262 0.341972 0.638748 0.332752
0 0.605218 0.491182 0.617792 0.505432 0.626174 0.507946 0.649644 0.508784 0.658028 0.503756 0.669762 0.499564 0.684012 0.489506 0.694910 0.490344 0.684852 0.502918 0.698264 0.514652 0.690718 0.529742 0.680660 0.538962 0.698264 0.549860 0.692396 0.555726 0.680660 0.552374 0.667248 0.542314 0.661380 0.535608 0.677306 0.533094 0.686528 0.522196 0.689880 0.515490 0.682336 0.514652 0.664734 0.515490 0.658028 0.513814 0.660542 0.531418 0.655512 0.530580 0.655512 0.517168 0.643776 0.527226 0.635394 0.533932 0.637910 0.556566 0.637910 0.571654 0.646292 0.571654 0.654674 0.580874 0.653836 0.586742 0.640424 0.578360 0.643776 0.591772 0.627012 0.580874 0.614438 0.581712 0.626174 0.569138 0.617792 0.554050 0.628688 0.563272 0.628688 0.533094 0.626174 0.522196 0.623658 0.516330 0.611086 0.506270
0 0.614438 0.613566 0.613600 0.631170 0.614438 0.636200 0.610246 0.661346 0.613600 0.674758 0.616114 0.657156 0.625336 0.634522 0.630364 0.634522 0.635394 0.634522 0.629526 0.654640 0.640424 0.637876 0.649644 0.642906 0.666410 0.647934 0.687366 0.644582 0.679822 0.635360 0.676468 0.625302 0.673954 0.612728 0.659704 0.608536 0.651322 0.617758 0.640424 0.616082 0.622820 0.614404
0 0.608570 0.720024 0.627012 0.735950 0.627850 0.741818 0.601026 0.739304 0.611924 0.747686 0.620306 0.749362 0.615276 0.772834 0.623658 0.761098 0.624498 0.771996 0.643776 0.768642 0.626174 0.783732 0.641262 0.777026 0.641262 0.794628 0.647968 0.793790 0.648806 0.773672 0.660542 0.784570 0.662218 0.802172 0.669762 0.791276 0.675630 0.798820 0.673116 0.813070 0.667248 0.820614 0.656350 0.828158 0.648806 0.840732 0.646292 0.849114 0.666410 0.828996 0.680660 0.819776 0.681498 0.786246 0.675630 0.781216 0.682336 0.770320 0.673116 0.766128 0.659704 0.768642 0.647968 0.761936 0.637910 0.753554 0.658028 0.762774 0.651322 0.748524 0.636232 0.746010 0.634556 0.735112 0.627850 0.729244
0 0.625336 0.854982 0.647130 0.872586 0.632880 0.885160 0.632880 0.896056 0.643776 0.896896 0.652998 0.913660 0.668086 0.922880 0.689880 0.928748 0.723410 0.923720 0.724248 0.917014 0.710836 0.921204 0.689042 0.922042 0.679822 0.918690 0.669762 0.910308 0.657188 0.899410 0.657188 0.881806 0.663056 0.891866 0.665572 0.875100 0.652998 0.865042 0.642100 0.856660
0 0.607732 0.963956 0.625336 0.975690 0.614438 0.996646 0.623658 0.989940 0.637910 0.990780 0.646292 0.993294 0.647968 0.998324 0.652160 0.988264 0.679822 0.989102 0.677306 0.995808 0.691558 0.988264 0.689880 0.983234 0.697424 0.976528 0.682336 0.973176 0.669762 0.970662 0.657188 0.972338 0.637070 0.965632 0.616114 0.958926 0.611086 0.954734 0.602702 0.945514 0.594320 0.950544
0 0.931296 0.072894 0.938842 0.076248 0.920400 0.086306 0.899444 0.093850 0.911178 0.104748 0.917046 0.093012 0.933812 0.088822 0.956444 0.090498 0.963150 0.092174 0.986622 0.109778 0.993328 0.103072 0.971532 0.087144 0.969018 0.077924 0.958960 0.077924 0.948062 0.071218
0 0.925430 0.118998 0.918724 0.136602 0.925430 0.153366 0.932136 0.161748 0.928782 0.164264 0.913694 0.171808 0.896928 0.184382 0.917884 0.174322 0.931296 0.169294 0.947224 0.181866 0.930458 0.191926 0.929620 0.198632 0.942194 0.200308 0.940518 0.208690 0.943870 0.218750 0.948900 0.226294 0.952254 0.233838 0.964826 0.242222 0.967342 0.233838 0.948900 0.220426 0.953930 0.201146 0.954768 0.185220 0.973210 0.178514 0.961474 0.178514 0.954768 0.168454 0.943032 0.159234 0.934650 0.155042 0.927106 0.144146 0.927106 0.130734
0 0.918724 0.287486 0.922076 0.291678 0.910340 0.291678 0.891900 0.288324 0.886032 0.291678 0.906988 0.300060 0.917046 0.302576 0.915370 0.315148 0.905312 0.314310 0.913694 0.325208 0.913694 0.343650 0.922914 0.338620 0.930458 0.341134 0.932974 0.355384 0.937164 0.343650 0.941356 0.341134 0.951414 0.338620 0.941356 0.335266 0.931296 0.326046 0.923752 0.326884 0.924590 0.315988 0.934650 0.305090 0.951414 0.306766 0.963150 0.310958 0.978240 0.313472 0.974886 0.308442 0.973210 0.300898 0.960636 0.295030 0.952254 0.284134 0.952254 0.295030 0.943870 0.295030 0.932974 0.292516
0 0.926268 0.377180 0.917046 0.381370 0.911178 0.383886 0.906150 0.389754 0.905312 0.393944 0.919562 0.388076 0.928782 0.396460 0.937164 0.400650 0.946386 0.409872 0.938842 0.416578 0.929620 0.419092 0.920400 0.420768 0.936326 0.426636 0.945548 0.427474 0.949738 0.447592 0.951414 0.455976 0.942194 0.445916 0.940518 0.459328 0.953092 0.470226 0.942194 0.486152 0.960636 0.476932 0.962312 0.504594 0.967342 0.472740 0.975724 0.464358 0.976562 0.461004 0.982430 0.447592 0.976562 0.433342 0.973210 0.419092 0.960636 0.410710 0.943870 0.392268
0 0.948062 0.544830 0.938002 0.550698 0.931296 0.552374 0.917884 0.554050 0.906988 0.553212 0.892738 0.559918 0.880164 0.573330 0.874296 0.577522 0.866752 0.599316 0.885194 0.575844 0.903634 0.574168 0.918724 0.573330 0.920400 0.585066 0.937164 0.602668 0.945548 0.606022 0.933812 0.586742 0.932974 0.561594 0.942194 0.553212 0.949738 0.559080 0.971532 0.563272 0.953930 0.583390 0.948900 0.598478 0.971532 0.583390 0.974886 0.593448 0.981592 0.590096 0.977400 0.570816 0.979916 0.556566 0.962312 0.554888 0.956444 0.548182 0.962312 0.535608 0.956444 0.538124
0 0.948900 0.644582 0.943032 0.676436 0.935488 0.682302 0.932974 0.689848 0.927944 0.704098 0.932974 0.720862 0.935488 0.741818 0.939680 0.771158 0.953092 0.785408 0.960636 0.780378 0.952254 0.768642 0.955606 0.738466 0.955606 0.723378 0.969018 0.733436 0.975724 0.728406 0.955606 0.714994 0.957282 0.698230 0.948900 0.683980 0.951414 0.668890 0.951414 0.659670
0 0.938842 0.792114 0.956444 0.800496 0.962312 0.809718 0.968180 0.814746 0.979916 0.797982 0.995004 0.789598 0.998046 0.796876 0.988298 0.813908 0.978240 0.827320 0.972372 0.831512 0.973210 0.849114 0.969018 0.869232 0.962312 0.882644 0.965666 0.858336 0.969018 0.830674 0.963150 0.821452 0.959798 0.838218 0.949738 0.845762 0.933812 0.847438 0.947224 0.838218 0.957282 0.828158 0.955606 0.820614 0.945548 0.820614 0.931296 0.828996 0.922914 0.828158 0.937164 0.821452 0.923752 0.823130 0.918724 0.813908 0.923752 0.803010 0.953092 0.809718
1 0.035206 0.191088 0.057002 0.183544 0.054486 0.170970 0.061192 0.170970 0.068736 0.181028 0.059516 0.188572 0.048618 0.190250
1 0.559812 0.111764 0.536176 0.094348 0.532444 0.108032 0.544884 0.115496 0.551104 0.137888 0.571010 0.122960 0.584694 0.140376 0.585938 0.116740 0.578474 0.105544 0.567278 0.100568
1 0.572254 0.275976 0.584694 0.277220 0.585938 0.271000
1 0.527468 0.381718 0.543640 0.379230 0.544884 0.397890 0.557324 0.396646 0.561056 0.404110 0.543640 0.401622 0.527468 0.399134
1 0.034712 0.715362 0.050448 0.724618 0.056928 0.722768 0.062482 0.726470 0.057854 0.731098 0.060630 0.740354 0.050448 0.734800 0.043968 0.741280 0.045820 0.762570 0.035638 0.750536 0.028232 0.761644 0.024530 0.749612 0.020828 0.732950 0.034712 0.737578 0.039340 0.731098
1 0.197626 0.471916 0.181890 0.475618 0.179114 0.482098 0.181890 0.495982 0.192072 0.486726
0 0.931152 0.920410 0.934814 0.931396 0.938476 0.944824 0.943360 0.955810 0.926270 0.953370 0.912842 0.938720 0.947022 0.972900 0.956788 0.950928 0.964112 0.931396 0.978760 0.976562 0.984864 0.942382 0.981202 0.931396 0.978760 0.921630 0.965332 0.924072 0.953124 0.921630 0.945800 0.922852