0 0.021246 0.190614 0.036382 0.176200 0.044310 0.180524 0.045030 0.184128 0.047912 0.191334 0.047912 0.200704 0.055120 0.214396 0.072416 0.226648 0.078904 0.251154 0.050074 0.225208 0.042868 0.215118 0.023408 0.215118 0.014760 0.212956 0.003950 0.204306 0.000346 0.199262 0.000346 0.186290
0 0.021968 0.543762 0.043588 0.553852 0.058724 0.572590 0.070254 0.587724 0.069534 0.605742 0.050796 0.612230 0.042148 0.617994 0.034220 0.639616 0.029174 0.656914 0.021968 0.679256 0.016202 0.696552 0.003950 0.739794 0.001066 0.754930 0.018364 0.733308 0.032778 0.686462 0.042868 0.664120 0.045750 0.643220 0.051516 0.618716 0.067372 0.616554 0.069534 0.630246 0.076020 0.632408 0.081066 0.601418 0.076742 0.578356 0.052238 0.548086 0.037102 0.540158 0.029460 0.536836 0.022368 0.518832 0.013094 0.530290
0 0.506274 0.791548 0.498580 0.809304 0.489110 0.819958 0.485558 0.823508 0.477864 0.832386 0.468394 0.844224 0.455374 0.854286 0.454782 0.869674 0.462476 0.862572 0.478456 0.857836 0.491478 0.844224 0.497988 0.844224 0.506274 0.847182 0.511600 0.841856 0.519886 0.832386 0.503906 0.843040 0.502130 0.822916 0.502722 0.818774 0.510416 0.808712 0.518702 0.799834
0 0.483136 0.715598 0.458370 0.729670 0.444862 0.730232 0.438670 0.734172 0.448240 0.738112 0.456120 0.740364 0.483700 0.726856 0.489328 0.720664 0.507902 0.709406 0.510716 0.712784 0.515220 0.709406 0.539986 0.708844 0.548992 0.707156 0.538860 0.700400 0.529854 0.696460 0.510716 0.700964 0.501148 0.702090 0.493832 0.707718 0.493268 0.709970
0 0.395894 0.359870 0.399270 0.369438 0.431354 0.374504 0.453868 0.380134 0.465126 0.384636 0.479760 0.394768 0.489892 0.394768 0.500586 0.386324 0.506214 0.385200 0.502274 0.399270 0.492142 0.409964 0.503400 0.416156 0.512406 0.428540 0.512968 0.431354 0.496646 0.427414 0.479196 0.417282 0.469628 0.403210 0.456682 0.404336 0.449928 0.398144 0.435294 0.393642 0.416720 0.388014 0.409402 0.381822 0.397582 0.377882 0.393642 0.372816
0 0.425724 0.293452 0.418970 0.278818 0.427976 0.277692 0.439234 0.269250 0.466250 0.259118 0.475820 0.256866 0.476382 0.245046 0.469066 0.220844 0.469628 0.217466 0.479760 0.225346 0.486514 0.232664 0.486514 0.249550 0.489892 0.255742 0.502836 0.255742 0.510154 0.257992 0.519722 0.260806 0.518596 0.268124 0.525352 0.281632 0.546178 0.291764 0.559686 0.297392 0.567566 0.303584 0.566440 0.311464 0.548428 0.298518 0.515782 0.281632 0.498334 0.268124 0.490454 0.264184 0.482574 0.265310 0.476946 0.274316 0.483136 0.287262 0.491580 0.297956 0.509028 0.305836 0.515220 0.312028 0.508466 0.319344 0.485388 0.294016 0.478070 0.286698 0.475820 0.276568 0.477508 0.265872 0.469628 0.266436 0.458370 0.271502 0.443736 0.279944 0.433042 0.283322
0 0.420332 0.053608 0.461990 0.035170 0.470184 0.026292 0.481794 0.014000 0.502964 0.007854 0.509792 0.002390 0.484526 0.000342 0.461306 0.007854 0.451062 0.024244 0.440818 0.029706 0.434672 0.037902 0.425112 0.042682
0 0.855946 0.012498 0.846064 0.032262 0.846064 0.055512 0.846644 0.063070 0.825576 0.078264 0.813802 0.091422 0.844276 0.082420 0.861176 0.065976 0.855946 0.045050 0.859434 0.027030
0 0.877392 0.118064 0.811624 0.144970 0.779736 0.157924 0.771764 0.164900 0.768774 0.171876 0.785714 0.165896 0.798668 0.158920 0.819596 0.150948 0.832550 0.147960 0.831552 0.161910 0.828564 0.181840 0.842514 0.228676 0.840522 0.176858 0.846500 0.156928 0.849490 0.140984 0.865434 0.137994
0 0.811558 0.377636 0.826952 0.396878 0.839458 0.406500 0.826952 0.429592 0.816368 0.461342 0.825026 0.463266 0.839458 0.440174 0.855816 0.427668 0.873134 0.431516 0.887566 0.411310 0.884680 0.405538 0.871210 0.414198 0.849080 0.402652 0.843308 0.393030 0.823102 0.376674
0 0.835610 0.531578 0.790390 0.550820 0.782694 0.563328 0.837534 0.548896 0.844270 0.576798 0.845232 0.593154 0.854852 0.606624 0.865436 0.598926 0.865436 0.563328 0.864474 0.554668 0.875058 0.540236 0.886604 0.522918 0.872172 0.520994 0.862550 0.535426 0.846194 0.532540
0 0.830078 0.690654 0.844198 0.699478 0.850080 0.701242 0.861846 0.703008 0.870082 0.705360 0.885206 0.697164 0.898482 0.682494 0.906400 0.661820 0.910798 0.668858 0.908160 0.682494 0.900680 0.694372 0.880446 0.710648 0.871648 0.714606 0.867688 0.717246 0.870768 0.720764 0.886164 0.722964 0.895402 0.725164 0.908160 0.726484 0.912998 0.741440 0.906400 0.741880 0.897602 0.732642 0.883526 0.731762 0.875608 0.728682 0.866370 0.721204 0.857132 0.720764 0.847014 0.721204 0.847014 0.728682 0.849654 0.736160 0.850094 0.743640 0.847014 0.746278 0.840856 0.723844 0.841296 0.714606 0.833818 0.704048 0.824580 0.699210 0.822380 0.693052
0 0.840416 0.775752 0.839096 0.797306 0.842176 0.815782 0.847894 0.824580 0.850094 0.835576 0.846574 0.839536 0.837776 0.843934 0.829418 0.847894 0.827658 0.854492 0.850974 0.850534 0.870328 0.854492 0.884404 0.857572 0.898042 0.864610 0.900242 0.860210 0.884844 0.850094 0.888804 0.843054 0.881326 0.841736 0.869008 0.847014 0.862850 0.847454 0.863730 0.836016 0.871648 0.831618 0.882206 0.822820 0.883526 0.814462 0.871648 0.817102 0.865490 0.822820 0.860210 0.825020 0.846574 0.814022 0.846134 0.793348 0.846134 0.773992 0.845254 0.768274
1 0.009486 0.127790 0.000558 0.141742 0.009486 0.140624 0.013950 0.142300 0.016742 0.148996 0.022322 0.155134 0.028460 0.155134 0.030134 0.152902 0.034598 0.152344 0.029018 0.143974 0.019532 0.136718
1 0.150102 0.011782 0.142418 0.024590 0.137936 0.036116 0.149462 0.027792 0.164830 0.030994 0.169954 0.036116 0.174436 0.032914 0.166112 0.022670 0.157786 0.020108 0.155226 0.007940
1 0.198586 0.579390 0.189312 0.589756 0.178400 0.592484 0.184402 0.599576 0.190948 0.614306 0.192040 0.600122 0.204042 0.591938 0.198040 0.592484 0.196950 0.587028
0 0.061648 0.361164 0.034916 0.368802 0.038190 0.376986 0.038190 0.380260 0.028914 0.386260 0.030006 0.394444 0.034916 0.398262 0.033280 0.412994 0.029460 0.429906 0.033280 0.431542 0.038736 0.429360 0.041462 0.406992 0.036552 0.390624 0.047464 0.388988 0.046374 0.373712 0.048556 0.369348 0.054010 0.366074 0.057284 0.368256 0.057284 0.375350 0.056738 0.380260 0.062740 0.378622
1 0.002186 0.650760 0.007312 0.676384 0.017562 0.680370 0.014714 0.674676 0.005034 0.660440
1 0.064824 0.762368 0.083044 0.762938 0.084184 0.775464 0.089878 0.774896 0.087030 0.764646 0.092726 0.770340 0.092726 0.788562 0.097280 0.784006 0.096142 0.768632 0.101266 0.759520 0.090448 0.756674 0.084184 0.757812 0.072796 0.756674
0 0.020024 0.872102 0.024318 0.884444 0.028610 0.893566 0.027000 0.895712 0.039878 0.905906 0.064560 0.917712 0.054366 0.898394 0.072072 0.897858 0.076366 0.894638 0.089780 0.900004 0.096754 0.895176 0.079048 0.890882 0.088170 0.874248 0.092998 0.860298 0.081730 0.871030 0.072610 0.890346 0.061342 0.887664 0.042024 0.889272 0.034512 0.883908 0.031292 0.880152 0.037196 0.881224
1 0.007148 0.880152 0.006074 0.895712 0.012512 0.897858 0.012512 0.906980 0.018952 0.910200 0.025928 0.915028 0.030220 0.912882 0.026464 0.902688 0.016806 0.894638 0.013050 0.889810
1 0.097292 0.928442 0.090852 0.915028 0.087096 0.920394 0.079584 0.928442 0.079048 0.947222 0.079048 0.960100 0.089242 0.960638 0.089780 0.967076 0.096218 0.954198 0.099438 0.944540 0.105340 0.941856 0.118218 0.944540 0.123584 0.945076 0.108560 0.934882
0 0.367632 0.972854 0.376038 0.977304 0.392356 0.983732 0.405212 0.996588 0.389388 0.996588 0.376532 0.987194 0.367632 0.980766
1 0.563402 0.018530 0.562900 0.047576 0.558394 0.059596 0.554388 0.065104 0.563902 0.058092 0.578926 0.059094 0.573418 0.041566 0.568410 0.029548 0.564404 0.013522 0.563902 0.013522
0 0.483336 0.095956 0.480092 0.106338 0.474902 0.122560 0.467114 0.135538 0.471008 0.145920 0.472306 0.151110 0.474902 0.165386 0.476200 0.175120 0.484634 0.176418 0.491772 0.156950 0.496964 0.147218 0.503452 0.150462 0.519026 0.151110 0.512536 0.140728 0.498262 0.138134 0.506048 0.130996 0.498910 0.122560 0.497612 0.105690 0.489826 0.102444
1 0.391196 0.121912 0.384058 0.139432 0.374326 0.134240 0.372378 0.139432 0.382112 0.146568 0.384708 0.158248 0.385356 0.162790 0.379516 0.171226 0.389250 0.169928 0.400930 0.171226 0.395738 0.183554 0.408716 0.174470 0.419746 0.171226 0.405472 0.161492 0.395090 0.156950 0.390548 0.151110 0.393142 0.135538
1 0.467764 0.332796 0.474252 0.348370 0.470360 0.371730 0.473604 0.377570 0.483986 0.358104 0.490474 0.360698 0.490474 0.349668 0.478794 0.344476
1 0.692924 0.010954 0.698764 0.014846 0.701360 0.009006 0.707848 0.005114
1 0.384128 0.329820 0.395090 0.327328 0.411034 0.331812 0.404058 0.319356 0.411034 0.308892 0.415020 0.300422 0.399574 0.308394 0.394092 0.316366 0.386120 0.307896
1 0.386258 0.277682 0.394254 0.280450 0.402560 0.281374 0.415170 0.290908 0.408710 0.281988 0.413632 0.273376 0.405634 0.278912 0.397946 0.275222 0.390564 0.273684 0.386258 0.274298
1 0.588000 0.159940 0.580404 0.165908 0.573894 0.158312 0.570638 0.162652 0.573894 0.175130 0.582574 0.176216 0.589084 0.178386 0.585286 0.173502 0.588000 0.170248 0.593968 0.164822
1 0.609402 0.166484 0.608060 0.178552 0.597334 0.181680 0.593758 0.185704 0.592866 0.195982 0.583480 0.202686 0.590184 0.209838 0.598676 0.210732 0.595100 0.203134 0.608508 0.194642 0.616552 0.190620 0.629068 0.196430 0.638452 0.195982 0.627280 0.188384 0.619682 0.185256 0.622364 0.175870 0.623704 0.159334 0.613424 0.157100
1 0.667950 0.214308 0.665270 0.222800 0.655884 0.221906 0.652754 0.212072 0.650520 0.216542 0.650968 0.229950 0.650074 0.236208 0.647838 0.241570 0.653202 0.242018 0.655884 0.247380 0.660352 0.246040 0.659012 0.230844 0.670632 0.225480
1 0.465804 0.522156 0.476690 0.537526 0.498464 0.544570 0.518954 0.547772 0.503586 0.534324 0.498464 0.528560 0.489498 0.524078 0.479252 0.518314 0.467086 0.515112
1 0.511910 0.444032 0.485016 0.463884 0.472848 0.476050 0.486296 0.476690 0.490778 0.492060 0.491420 0.509350 0.500384 0.513832 0.513832 0.524718 0.510630 0.508068 0.495902 0.494620 0.490778 0.472848 0.501024 0.460682 0.505508 0.455558
1 0.575340 0.627378 0.592912 0.635488 0.612510 0.627378 0.628730 0.608456 0.607104 0.623324 0.604400 0.611834 0.601698 0.598994 0.598318 0.622648 0.588182 0.626028 0.578720 0.621296
1 0.415170 0.728076 0.413144 0.740916 0.400978 0.745648 0.396248 0.750378 0.416522 0.747676 0.419902 0.757812 0.422604 0.771328 0.422604 0.784170 0.416522 0.798362 0.433418 0.795658 0.435446 0.778088 0.441528 0.777412 0.425984 0.760516 0.425984 0.749026 0.432742 0.755110 0.434094 0.763220 0.438824 0.746324 0.440176 0.732132 0.436122 0.726048 0.432742 0.744296 0.423956 0.744296 0.425984 0.736186 0.424632 0.724698
1 0.423764 0.835544 0.415892 0.843416 0.409006 0.843416 0.418844 0.852762 0.427208 0.860634 0.437540 0.864078 0.426224 0.847844 0.429176 0.838988 0.437048 0.837512
1 0.558098 0.760806 0.551572 0.764720 0.547222 0.764720 0.540698 0.766896 0.538958 0.772550 0.549832 0.771680 0.563318 0.776466 0.574628 0.782120 0.562448 0.769506 0.555052 0.768636
1 0.435430 0.892608 0.428904 0.911748 0.423684 0.913488 0.417160 0.914358 0.407154 0.920014 0.406284 0.928278 0.409330 0.933498 0.430644 0.931758 0.440214 0.929148 0.443694 0.939588 0.446740 0.939588 0.452394 0.940892 0.445434 0.924798 0.463270 0.923494 0.476318 0.922188 0.493718 0.922188 0.481104 0.919144 0.485454 0.913924 0.485454 0.905658 0.475884 0.914358 0.456744 0.920014 0.460660 0.912618 0.441520 0.907834 0.442824 0.891738 0.442824 0.883908
1 0.406720 0.864334 0.401064 0.873034 0.403674 0.882168 0.416290 0.886954 0.408024 0.878254 0.411504 0.869118 0.411940 0.861724
1 0.603764 0.997826 0.598950 0.990262 0.607890 0.989574 0.619140 0.998046 0.640900 0.987512 0.636086 0.997140
1 0.799076 0.997826 0.783258 0.985448 0.793574 0.984072 0.805266 0.991638 0.829336 0.987512 0.833462 0.987512 0.825210 0.993700 0.814894 0.996452
1 0.950936 0.011082 0.971714 0.027012 0.988336 0.040170 0.986258 0.050560 0.964788 0.039478 0.952322 0.029090 0.950936 0.019392 0.944704 0.027704 0.942626 0.013852
1 0.775710 0.214706 0.767398 0.223016 0.748006 0.218860 0.739694 0.216784 0.738308 0.227172 0.757702 0.230634 0.759086 0.241716 0.772938 0.234790 0.784020 0.237560 0.787484 0.226480 0.795794 0.211934 0.784712 0.218168 0.777094 0.227864 0.775016 0.223016
0 0.839528 0.229178 0.837954 0.252804 0.834016 0.277218 0.828504 0.290606 0.849766 0.305570 0.858430 0.308720 0.842678 0.289030 0.848980 0.274068 0.851342 0.286668 0.856068 0.292968 0.866306 0.300844 0.857642 0.329984 0.859218 0.341010 0.867880 0.342584 0.874968 0.300844 0.902532 0.316596 0.882056 0.285094 0.865518 0.274068 0.863942 0.265404 0.891508 0.271704 0.871818 0.255954 0.893082 0.238628 0.868668 0.241778 0.852918 0.253592 0.852130 0.241778 0.850554 0.226026
1 0.952148 0.294544 0.940336 0.298482 0.937972 0.310294 0.949786 0.324470 0.945848 0.306358
1 0.748964 0.477120 0.746572 0.489876 0.756936 0.504226 0.768096 0.514588 0.759328 0.491470
1 0.677216 0.575176 0.693958 0.589524 0.701930 0.588728 0.695552 0.579162 0.698740 0.570392 0.686782 0.570392 0.678014 0.567204
1 0.780054 0.625398 0.776068 0.638950 0.774474 0.654098 0.784040 0.647720 0.805564 0.670838 0.797592 0.642140 0.788824 0.634168
1 0.762516 0.728236 0.762516 0.746572 0.748166 0.749760 0.735412 0.756138 0.738600 0.761718 0.771286 0.756138 0.784838 0.764908 0.794404 0.780054 0.806362 0.787228 0.803970 0.773676 0.818320 0.774474 0.807158 0.767300 0.807956 0.758530 0.795200 0.757732 0.783242 0.733020 0.786432 0.754544 0.777662 0.752152 0.772082 0.739398
1 0.932010 0.696228 0.920572 0.722622 0.934650 0.727900 0.961044 0.741976 0.945206 0.724380 0.935530 0.719102
1 0.930250 0.866906 0.919694 0.888020 0.910896 0.879222 0.904736 0.885382 0.903856 0.898578 0.903856 0.914414 0.911776 0.896818 0.927612 0.897698 0.934650 0.910896 0.924972 0.891540 0.932010 0.876584
1 0.926732 0.910016 0.914414 0.924972 0.904736 0.918814 0.898578 0.925852 0.890660 0.936410 0.884502 0.946086 0.897698 0.953124 0.918814 0.938168 0.939048 0.941688 0.922332 0.930250 0.939928 0.906496
1 0.942568 0.908256 0.939928 0.924972 0.939928 0.932010 0.960164 0.938168 0.982158 0.948726 0.972480 0.933770 0.950486 0.927612 0.952246 0.904736
1 0.667722 0.648466 0.660156 0.662220 0.667722 0.672536 0.681476 0.678036 0.669784 0.661532
1 0.715862 0.755062 0.706234 0.757124 0.697294 0.751624 0.686290 0.750248 0.680788 0.750248 0.683538 0.760564 0.701420 0.769504 0.708296 0.765378 0.724114 0.755062
1 0.676234 0.774740 0.670572 0.781534 0.670572 0.789458 0.674536 0.795120 0.690388 0.802480 0.701144 0.797950 0.697746 0.776438 0.692652 0.770210
1 0.740772 0.900418 0.737942 0.915138 0.742470 0.930424 0.748698 0.932688 0.745868 0.916270 0.752094 0.911742 0.747000 0.910610
1 0.420932 0.955516 0.404936 0.969828 0.389784 0.969828 0.402412 0.979930 0.408304 0.984982 0.421774 0.984982 0.424300 0.976562 0.405778 0.974878
1 0.374816 0.391602 0.371002 0.409912 0.352692 0.423646 0.350402 0.434326 0.388550 0.402282 0.394654 0.387786 0.383972 0.398468
1 0.832124 0.671664 0.866978 0.684160 0.855140 0.692050 0.838700 0.680872 0.829492 0.678898
1 0.681528 0.690736 0.684160 0.705204 0.696654 0.708492 0.703888 0.706518 0.718356 0.711780 0.709148 0.701914 0.694682 0.699942 0.690736 0.693366
1 0.902488 0.569076 0.911696 0.577626 0.934054 0.571050 0.951810 0.563816 0.954440 0.559870 0.936026 0.561842 0.926162 0.559212 0.920244 0.569076 0.909722 0.565788
1 0.881444 0.636810 0.878156 0.653908 0.880788 0.665088 0.868950 0.659828 0.871580 0.648648 0.874210 0.634838