0 0.002208 0.243716 0.014662 0.249378 0.027118 0.255604 0.038440 0.261266 0.050328 0.268060 0.055424 0.273720 0.055424 0.279948 0.049762 0.275986 0.037874 0.270890 0.022022 0.269192 0.010700 0.269758 0.005038 0.271456 0.000000 0.267578
0 0.010054 0.337456 0.006438 0.331670 0.010778 0.322990 0.015842 0.327330 0.020182 0.333116 0.023076 0.325160 0.028862 0.322990 0.039714 0.321542 0.056352 0.320096 0.067926 0.313586 0.069372 0.323712 0.059244 0.331670 0.048394 0.343244 0.033926 0.347584 0.021630 0.356264 0.012948 0.359158 0.008608 0.365668 0.007162 0.372178 0.004992 0.371456 0.001374 0.364222 0.001374 0.351924 0.001374 0.343968 0.002822 0.340350
0 0.023800 0.443070 0.018736 0.430050 0.020182 0.412688 0.028862 0.405454 0.023800 0.393880 0.025246 0.383030 0.041160 0.378690 0.049840 0.372178 0.054904 0.366392 0.030310 0.371456 0.017288 0.373626 0.005714 0.373626 0.004268 0.368562 0.001374 0.368562 0.002822 0.391710 0.000652 0.398220 0.002098 0.411242 0.011502 0.433666 0.017288 0.442346
0 0.028140 0.465494 0.026692 0.472006 0.018012 0.482132 0.010778 0.492260 0.012226 0.499494 0.020182 0.506004 0.029586 0.509620 0.044778 0.509620 0.058522 0.508174 0.052734 0.513962 0.034650 0.517578 0.015842 0.513962 0.007162 0.504558 0.002098 0.490814 0.000652 0.473452 0.009332 0.471282 0.020906 0.465494
0 0.000652 0.553748 0.014396 0.552300 0.023076 0.558810 0.038266 0.566768 0.043330 0.574002 0.044778 0.584852 0.040436 0.587022 0.033204 0.576896 0.023800 0.575448 0.018736 0.585576 0.012948 0.589916 0.007162 0.592086 0.008608 0.584852 0.015842 0.571832 0.011502 0.574726 0.000652 0.576896
0 0.002098 0.600766 0.009332 0.608000 0.019458 0.611618 0.021630 0.620298 0.018012 0.628256 0.017288 0.632596 0.020182 0.634042 0.023800 0.639106 0.020182 0.647064 0.018012 0.652850 0.029586 0.661530 0.028862 0.666594 0.017288 0.665148 0.006438 0.653574 0.000000 0.648438
0 0.001374 0.692636 0.011502 0.694806 0.018736 0.698424 0.023076 0.708550 0.033204 0.717230 0.040436 0.723018 0.045500 0.727358 0.034650 0.728082 0.024522 0.723742 0.014396 0.715060 0.007884 0.711444 0.007162 0.707104 0.002098 0.709274
1 0.041884 0.754124 0.041884 0.761358 0.039714 0.767868 0.050564 0.763528 0.061414 0.759186 0.052010 0.758464
0 0.025246 0.746166 0.014396 0.750506 0.010054 0.762804 0.008608 0.770760 0.006438 0.775824 0.001374 0.777272 0.000000 0.798828 0.002822 0.816334 0.012226 0.822844 0.008608 0.814888 0.005714 0.800420 0.005714 0.788846 0.010778 0.785228 0.018012 0.792462 0.031756 0.796802 0.039714 0.795356 0.049840 0.795356 0.067202 0.789568 0.055628 0.787398 0.041160 0.785952 0.031756 0.782336 0.020906 0.776548 0.018736 0.769314 0.020906 0.762080 0.025246 0.754124
1 0.054904 0.812718 0.046224 0.814164 0.040436 0.805484 0.031756 0.805484 0.029586 0.804036 0.036096 0.801142 0.039714 0.796802 0.049118 0.796080 0.055628 0.796802 0.049118 0.799696
0 0.012948 0.894458 0.019458 0.905310 0.026692 0.920500 0.026692 0.934968 0.031756 0.945818 0.049118 0.954500 0.045500 0.960286 0.032480 0.958840 0.020906 0.945818 0.014396 0.941478 0.017288 0.950160 0.013672 0.958116 0.008608 0.952330 0.002822 0.932798 0.000000 0.921876 0.007884 0.923394 0.007162 0.916884 0.000652 0.916160 0.000652 0.908204 0.006438 0.907480 0.005714 0.901692 0.004268 0.895182
0 0.042608 0.965350 0.023800 0.963904 0.010778 0.967520 0.002822 0.971138 0.001374 0.975478 0.002098 0.982712 0.000652 0.986328 0.000000 0.998046 0.007812 0.998046 0.018736 0.992838 0.029586 0.995008 0.044778 0.996456 0.046876 0.998046 0.054182 0.997902 0.057074 0.989222 0.059968 0.979094 0.054182 0.978370 0.049840 0.986328 0.039714 0.985604 0.031032 0.981988 0.025970 0.977648 0.018736 0.973308 0.023076 0.971138 0.037544 0.971860
1 0.039714 0.933522 0.050564 0.933522 0.063586 0.938586 0.071542 0.940756 0.071542 0.944372 0.059968 0.946542 0.052010 0.950882 0.049118 0.947266 0.049118 0.942926 0.042608 0.939308
0 0.203704 0.004792 0.214386 0.002502 0.239562 0.006318 0.251008 0.001740
0 0.218964 0.051330 0.215912 0.059722 0.209046 0.071166 0.203704 0.080322 0.218200 0.069642 0.215148 0.078034 0.212098 0.084900 0.219726 0.090240 0.233460 0.082612 0.245666 0.074218 0.249482 0.062774 0.244904 0.052094 0.240326 0.052094 0.230408 0.052856
0 0.227356 0.112366 0.215912 0.119996 0.209046 0.126098 0.223542 0.129150 0.231170 0.136780 0.237274 0.143646 0.237274 0.156616 0.242614 0.161956 0.248718 0.176452 0.252532 0.170350 0.244904 0.148986 0.256348 0.151276 0.261688 0.139068 0.260162 0.129914 0.252532 0.138306 0.247956 0.139832 0.248718 0.132966 0.247956 0.123810 0.238038 0.116180
0 0.170136 0.197052 0.196838 0.197814 0.215148 0.197052 0.229644 0.190948 0.244140 0.205444 0.249482 0.216888 0.251008 0.229096 0.254058 0.236724 0.244140 0.232148 0.234986 0.224518 0.228882 0.226806 0.225830 0.229858 0.217968 0.227734 0.222778 0.213836 0.213624 0.215362 0.208282 0.222992 0.204468 0.213074 0.201416 0.219178 0.197602 0.224518 0.191498 0.219940 0.186920 0.214600 0.189208 0.205444
0 0.263026 0.316206 0.254860 0.325626 0.247952 0.333790 0.242300 0.335674 0.249208 0.343838 0.247952 0.353258 0.244184 0.363934 0.239788 0.368958 0.232252 0.374610 0.235392 0.368330 0.242300 0.351374 0.241044 0.343210 0.233508 0.340070 0.229112 0.345094 0.228484 0.351374 0.230368 0.360794 0.224716 0.365818 0.221576 0.353258 0.223460 0.339442 0.213412 0.341954 0.201480 0.335674 0.214668 0.334418 0.222832 0.333790 0.217180 0.328766 0.212784 0.326882 0.214040 0.320602 0.219064 0.319346 0.227856 0.324370 0.231624 0.324998 0.227228 0.314322 0.222832 0.304902 0.228484 0.309926 0.235392 0.319346 0.243556 0.326882 0.248580 0.324370 0.256116 0.313066
0 0.212156 0.412292 0.215296 0.409152 0.223460 0.407268 0.233508 0.411664 0.241672 0.419200 0.251092 0.417944 0.261768 0.413548 0.259256 0.422340 0.252348 0.429248 0.241672 0.433644 0.222832 0.432388 0.222204 0.434900 0.230996 0.439924 0.243556 0.449344 0.247952 0.454368 0.237904 0.453112 0.221576 0.446832 0.214668 0.437412 0.214668 0.430504 0.209644 0.431760 0.202736 0.432388 0.202736 0.426736 0.211528 0.424224 0.216552 0.422968 0.214668 0.418572
0 0.197712 0.514030 0.205248 0.509006 0.211528 0.505866 0.219064 0.510890 0.227856 0.517798 0.232252 0.517798 0.230368 0.512774 0.234136 0.509634 0.242928 0.509634 0.244184 0.517170 0.251720 0.515286 0.252348 0.510890 0.261768 0.514658 0.267422 0.519054 0.271190 0.529730 0.279982 0.531614 0.288774 0.526590 0.290658 0.519054 0.286262 0.515914 0.281866 0.520310 0.275586 0.522194 0.273074 0.514658 0.268050 0.504610 0.268678 0.497702 0.258628 0.497074 0.246068 0.493934 0.238532 0.492678 0.232252 0.493934 0.222832 0.497702 0.219692 0.493934 0.210900 0.495190 0.197712 0.500842 0.190804 0.505866 0.185152 0.510890
0 0.199596 0.535382 0.214668 0.532242 0.229112 0.530358 0.242300 0.530358 0.252348 0.536638 0.259256 0.542918 0.261768 0.554222 0.261140 0.558618 0.257372 0.556106 0.251092 0.545430 0.239788 0.540406 0.232252 0.542918 0.227228 0.548570 0.223460 0.549826 0.221576 0.544802 0.215924 0.546686 0.214040 0.551082 0.212784 0.556734 0.203364 0.553594 0.200224 0.557362 0.195828 0.558618 0.193944 0.549826
0 0.211528 0.694898 0.207132 0.705574 0.209016 0.710598 0.210900 0.721902 0.208388 0.732578 0.215924 0.726298 0.218436 0.716878 0.221576 0.710598 0.231624 0.711854 0.236648 0.709342 0.239160 0.714366 0.239160 0.720018 0.235392 0.728182 0.226600 0.731950 0.222832 0.736974 0.232252 0.738232 0.242300 0.732578 0.247952 0.725042 0.244812 0.709342 0.244184 0.703062 0.248580 0.698038 0.246696 0.693014 0.241044 0.689874 0.232252 0.695526 0.222204 0.695526
0 0.228484 0.764608 0.219692 0.768376 0.219064 0.778424 0.219064 0.787844 0.227856 0.789100 0.230996 0.789728 0.229112 0.798520 0.227856 0.811708 0.235392 0.804172 0.247952 0.804800 0.238532 0.798520 0.237904 0.784704 0.237904 0.775912 0.238532 0.765864
0 0.200852 0.896490 0.200852 0.910306 0.203364 0.920356 0.210272 0.917216 0.219064 0.912192 0.225972 0.909050 0.222832 0.917844 0.223460 0.925380 0.228484 0.920356 0.234764 0.911564 0.240416 0.910934 0.240416 0.915332 0.235392 0.919728 0.239160 0.922240 0.238532 0.930404 0.232252 0.937312 0.228484 0.945476 0.241044 0.936684 0.249836 0.926636 0.249208 0.912192 0.246068 0.902770 0.233508 0.900886 0.221576 0.900886 0.216552 0.906538 0.209644 0.911564 0.205876 0.906538
0 0.388320 0.008182 0.388648 0.015098 0.384038 0.013452 0.380414 0.001924
0 0.391942 0.019380 0.397870 0.028932 0.401164 0.040130 0.406106 0.046058 0.414668 0.053962 0.418292 0.061538 0.416644 0.066150 0.410386 0.065490 0.411704 0.074712 0.416644 0.083934 0.423232 0.089204 0.413680 0.089864 0.403800 0.084594 0.400836 0.079654 0.396224 0.071420 0.394248 0.066808 0.384696 0.066478 0.375804 0.065162 0.369876 0.062526 0.365594 0.059892 0.375474 0.058244 0.389308 0.058904 0.396554 0.055940 0.393590 0.053962 0.382720 0.052974 0.373828 0.052646 0.363288 0.051986 0.372840 0.049022 0.384368 0.044740 0.389636 0.043752 0.393590 0.048034 0.397542 0.049022 0.394248 0.041448 0.390954 0.031566 0.390954 0.023990
0 0.414304 0.094748 0.398796 0.088932 0.388618 0.090386 0.385226 0.095718 0.388618 0.106864 0.392496 0.112196 0.383772 0.113650 0.371656 0.111226 0.362932 0.109288 0.358570 0.110258 0.365840 0.118012 0.377472 0.118496 0.390072 0.120920 0.389104 0.128674 0.391042 0.140306 0.395404 0.147574 0.398312 0.158238 0.407036 0.159690 0.412366 0.153876 0.418666 0.149998 0.417212 0.146120 0.409458 0.137398 0.407520 0.132066 0.408490 0.120434 0.411882 0.111226 0.406066 0.104442 0.400734 0.097656 0.408974 0.098140
0 0.368264 0.258558 0.369232 0.270676 0.376502 0.279398 0.381348 0.283276 0.380380 0.292484 0.382318 0.300724 0.387650 0.308962 0.396858 0.309446 0.408004 0.305570 0.393950 0.303146 0.388618 0.299754 0.387650 0.292000 0.396858 0.288122 0.403642 0.283760 0.403158 0.280368 0.393950 0.276490 0.382318 0.274068 0.375534 0.268252 0.374080 0.261952
0 0.406066 0.317202 0.394918 0.319624 0.385710 0.323016 0.382318 0.323986 0.381834 0.329802 0.377472 0.336102 0.371172 0.339980 0.363902 0.352580 0.365356 0.355004 0.376502 0.347734 0.385710 0.345310 0.396858 0.342402 0.400250 0.336586 0.406066 0.339010 0.408004 0.343856 0.407520 0.349672 0.397826 0.351126 0.403158 0.355972 0.415758 0.352580 0.417698 0.343372 0.414304 0.330772 0.407520 0.325440
0 0.372140 0.468896 0.378440 0.476166 0.380864 0.483434 0.390072 0.488282 0.399280 0.494582 0.406550 0.498458 0.411396 0.502336 0.412850 0.495066 0.400250 0.488766 0.403642 0.484404 0.409458 0.490704 0.418182 0.492644 0.422544 0.497004 0.423514 0.502336 0.418666 0.506698 0.410912 0.512028 0.409458 0.517844 0.424968 0.512028 0.429814 0.505244 0.427390 0.492644 0.418666 0.483434 0.405582 0.478104 0.392980 0.473258 0.383772 0.469864
0 0.399766 0.563402 0.391042 0.561948 0.381348 0.565340 0.376502 0.567764 0.376988 0.576486 0.380864 0.583272 0.382802 0.587634 0.388618 0.588604 0.393466 0.596358 0.397342 0.601688 0.400734 0.608474 0.402674 0.609928 0.401220 0.603142 0.399280 0.594904 0.396858 0.586180 0.392012 0.577940 0.391526 0.571156 0.397342 0.568732
0 0.417212 0.612350 0.414304 0.621074 0.412366 0.625436 0.410912 0.633190 0.404612 0.640944 0.402674 0.647246 0.406550 0.655484 0.409944 0.657908 0.399280 0.656454 0.393466 0.649668 0.390558 0.638522 0.392496 0.633676 0.385710 0.632222 0.380380 0.632222 0.375048 0.633190 0.371656 0.633190 0.377472 0.627374 0.367778 0.628344 0.357116 0.625436 0.347908 0.621074 0.359540 0.620590 0.378926 0.621560 0.382802 0.615744 0.387164 0.617198 0.389588 0.622044 0.398796 0.622044 0.402188 0.619620 0.400734 0.611382 0.408974 0.608474 0.407520 0.617682 0.410912 0.611382
0 0.407036 0.744660 0.394918 0.749990 0.381348 0.755806 0.371172 0.758714 0.363902 0.756776 0.355662 0.753868 0.352754 0.757260 0.358086 0.762106 0.361478 0.765498 0.351300 0.771800 0.348392 0.777616 0.345000 0.782946 0.358086 0.781492 0.362932 0.781008 0.364386 0.787792 0.374564 0.778100 0.381348 0.772284 0.389104 0.767438 0.394918 0.767438 0.392980 0.775192 0.398796 0.773254 0.402188 0.779070 0.407520 0.780524 0.406550 0.770830 0.409458 0.760168 0.414790 0.749990
0 0.374564 0.834804 0.364386 0.843528 0.371172 0.854190 0.376018 0.864366 0.388618 0.866306 0.395888 0.862428 0.401220 0.851282 0.396858 0.841588 0.388134 0.835288
0 0.387164 0.909438 0.377956 0.912832 0.372140 0.919132 0.378926 0.922524 0.378926 0.930278 0.378440 0.941910 0.384256 0.948696 0.385710 0.933186 0.392980 0.928340 0.404128 0.924948 0.408490 0.917194 0.399766 0.912346
0 0.643412 0.001890 0.654614 0.006760 0.663380 0.007248 0.660458 0.011632 0.659484 0.017962 0.667278 0.014554 0.669712 0.005300 0.669226 0.001890 0.654126 0.001402
0 0.631234 0.035984 0.639514 0.046700 0.649742 0.052058 0.658022 0.060338 0.666790 0.067644 0.666790 0.075436 0.663868 0.086638 0.657048 0.087126 0.647308 0.087126 0.639028 0.084690 0.645360 0.082256 0.653640 0.081282 0.655588 0.075924 0.653152 0.069592 0.644872 0.066670 0.632696 0.067644 0.622954 0.070078 0.625390 0.066182 0.631234 0.061312 0.632208 0.055954 0.626850 0.048648 0.626850 0.041342
0 0.634644 0.105148 0.631722 0.116836 0.631722 0.126578 0.640488 0.134858 0.646820 0.148008 0.654126 0.156776 0.647308 0.164082 0.643412 0.177232 0.652178 0.171876 0.666302 0.169440 0.673608 0.165056 0.676044 0.157264 0.685298 0.161646 0.692604 0.160186 0.686272 0.153366 0.677992 0.148984 0.668738 0.131936 0.660946 0.126578 0.648282 0.111966 0.642436 0.108556
0 0.629286 0.193792 0.635130 0.198664 0.635130 0.206456 0.642924 0.204508 0.643898 0.209866 0.651204 0.219120 0.658998 0.224964 0.670200 0.229348 0.682864 0.229836 0.689194 0.227888 0.688220 0.213276 0.682376 0.202072 0.678480 0.195742 0.667278 0.195742 0.658510 0.197202 0.645360 0.191358 0.638054 0.186974 0.631722 0.186974
0 0.652666 0.271236 0.651692 0.280004 0.654614 0.286334 0.644386 0.289258 0.636592 0.301434 0.655100 0.300946 0.664842 0.304844 0.665816 0.311176 0.665816 0.317994 0.668738 0.316532 0.667278 0.320916 0.663868 0.325788 0.675558 0.322864 0.678480 0.316046 0.677506 0.306792 0.677506 0.297538 0.687734 0.301434 0.693578 0.309714 0.692118 0.299972 0.684812 0.293640 0.669712 0.288770 0.663868 0.282926 0.658022 0.274646
0 0.675070 0.334554 0.670200 0.340400 0.658510 0.343808 0.646334 0.345756 0.637080 0.347704 0.630748 0.348680 0.639028 0.354036 0.648282 0.357446 0.651692 0.369622 0.658998 0.378878 0.665328 0.387158 0.668252 0.390080 0.673608 0.391054 0.684812 0.398360 0.676044 0.388618 0.664842 0.380338 0.658022 0.367674 0.658998 0.357446 0.666302 0.350140 0.674584 0.350628 0.681402 0.353550 0.679940 0.361830 0.680428 0.372546 0.677992 0.382774 0.682376 0.379852 0.685786 0.359882 0.682864 0.351114 0.678480 0.345756
0 0.624416 0.435376 0.632696 0.443170 0.640002 0.446092 0.638540 0.451450 0.644872 0.453884 0.642436 0.458268 0.642436 0.462652 0.647308 0.462164 0.648768 0.466062 0.658998 0.472880 0.670200 0.474828 0.679940 0.473368 0.686760 0.468984 0.685786 0.464600 0.678966 0.466548 0.667278 0.468010 0.658510 0.465088 0.654126 0.459242 0.657536 0.452910 0.662894 0.450476 0.662894 0.454372 0.663380 0.457294 0.670686 0.454858 0.679940 0.459242 0.685298 0.457782 0.680428 0.453884 0.676044 0.450476 0.674096 0.446578 0.671174 0.438786 0.661920 0.441708 0.654126 0.443170 0.645360 0.443170 0.639028 0.439272 0.630748 0.434890
0 0.625390 0.487492 0.628312 0.496746 0.634156 0.499182 0.631722 0.504540 0.631234 0.514768 0.642436 0.522074 0.648768 0.524996 0.659484 0.521100 0.655100 0.517204 0.660946 0.516228 0.664842 0.512332 0.666790 0.508924 0.669712 0.505026 0.662894 0.500156 0.655100 0.494798 0.647308 0.490902 0.640002 0.489928 0.634156 0.487980
0 0.657536 0.544478 0.648282 0.554220 0.641462 0.557630 0.627824 0.559090 0.619058 0.561038 0.611752 0.562988 0.603472 0.565910 0.598602 0.569318 0.608342 0.568832 0.619058 0.567858 0.628312 0.570294 0.631234 0.575164 0.634156 0.581982 0.634156 0.587340 0.627824 0.590262 0.632208 0.593672 0.641950 0.594646 0.646334 0.591724 0.647308 0.582470 0.651692 0.576624 0.659484 0.577598 0.665816 0.576624 0.664842 0.568832 0.668252 0.566396 0.666302 0.561038 0.660458 0.559090 0.658998 0.552758
0 0.634156 0.669654 0.651204 0.669166 0.657536 0.669166 0.658998 0.674524 0.655100 0.683292 0.652666 0.689624 0.642436 0.695468 0.638540 0.700826 0.634644 0.710080 0.634156 0.719334 0.636592 0.729076 0.645360 0.725180 0.653640 0.730050 0.659484 0.727614 0.657048 0.722744 0.651204 0.717874 0.661432 0.714464 0.667278 0.707158 0.674584 0.710080 0.682376 0.710568 0.677506 0.704722 0.671660 0.701800 0.680914 0.697416 0.686272 0.690110 0.689682 0.682804 0.690656 0.672090 0.689194 0.661374 0.682376 0.655530 0.670686 0.655530 0.654614 0.657964 0.647308 0.661860
0 0.669226 0.894678 0.677506 0.891754 0.679454 0.884450 0.679940 0.878604 0.677992 0.872760 0.672634 0.863992 0.671660 0.852302 0.676532 0.852302 0.681402 0.857660 0.680428 0.865940 0.682864 0.868376 0.686760 0.858634 0.682376 0.846458 0.685786 0.841588 0.685786 0.833308 0.682376 0.826976 0.666790 0.825514 0.655588 0.831846 0.653152 0.840126 0.650716 0.852790 0.641950 0.849380 0.628800 0.851816 0.635130 0.856686 0.646334 0.861558 0.656562 0.873734 0.670200 0.873246 0.672634 0.877630 0.673608 0.884450 0.671660 0.889320
0 0.828212 0.001642 0.828212 0.012584 0.834230 0.025166 0.841890 0.036656 0.830400 0.032826 0.826572 0.025166 0.820554 0.015866 0.809064 0.014224 0.804688 0.016960 0.808518 0.025166 0.815630 0.035014 0.819460 0.050332 0.817818 0.058540 0.811252 0.060180 0.799764 0.060180 0.795386 0.057992 0.807422 0.051426 0.798670 0.037750 0.794840 0.026808 0.794840 0.015318 0.797028 0.006018 0.807422 0.001094
0 0.844078 0.112154 0.833136 0.122550 0.829854 0.132396 0.817270 0.138414 0.803594 0.140604 0.797028 0.137320 0.783350 0.137320 0.773504 0.137868 0.767486 0.140056 0.763656 0.146622 0.763108 0.156468 0.761468 0.161940 0.755996 0.153186 0.757090 0.142244 0.765296 0.131302 0.779522 0.126926 0.793746 0.123096 0.798122 0.121454 0.799764 0.112154 0.794840 0.105042 0.794840 0.096288 0.806328 0.093006 0.818364 0.093554 0.836966 0.097930 0.833684 0.105590 0.832042 0.113248
0 0.856114 0.252758 0.847360 0.264246 0.841342 0.271906 0.834230 0.277376 0.832590 0.281206 0.835872 0.287772 0.844626 0.290506 0.851738 0.295978 0.856662 0.303638 0.859396 0.309656 0.852284 0.309108 0.846814 0.306920 0.844626 0.313484 0.839154 0.309656 0.831496 0.305278 0.823836 0.295430 0.816176 0.287224 0.801952 0.293242 0.795386 0.293242 0.793198 0.292696 0.788822 0.290506 0.783898 0.285036 0.796482 0.284488 0.811800 0.281206 0.806328 0.274094 0.799216 0.259870 0.798122 0.251116 0.801952 0.252758 0.809612 0.262058 0.812894 0.267528 0.815630 0.263700 0.818912 0.266434 0.826572 0.271906 0.829306 0.273546 0.833136 0.267528 0.841342 0.261510 0.846266 0.255492
0 0.813442 0.326616 0.822194 0.327162 0.828760 0.330992 0.830948 0.339198 0.831496 0.348498 0.831496 0.357252 0.830948 0.364364 0.826024 0.360534 0.824382 0.367100 0.823288 0.370382 0.829306 0.372570 0.835324 0.372570 0.838060 0.376948 0.830948 0.379684 0.821100 0.378588 0.816724 0.381872 0.811252 0.386796 0.803046 0.390078 0.798122 0.391720 0.791558 0.395548 0.787180 0.395002 0.795386 0.389530 0.793198 0.381872 0.792652 0.367100 0.797028 0.360534 0.791010 0.358894 0.780616 0.357800 0.776786 0.358894 0.773504 0.359988 0.775144 0.355064 0.782804 0.347952 0.790464 0.343028 0.804140 0.345216 0.809064 0.349046 0.811800 0.344670 0.807970 0.339746 0.811252 0.335916 0.815630 0.337010 0.815082 0.333180
0 0.788274 0.409774 0.800858 0.413602 0.810158 0.414150 0.820006 0.414150 0.826024 0.411962 0.830400 0.406490 0.835324 0.406490 0.839702 0.407584 0.845172 0.405396 0.852832 0.406490 0.852832 0.410868 0.846266 0.414150 0.843532 0.415792 0.841342 0.424544 0.836966 0.429468 0.832590 0.433846 0.824382 0.437128 0.826024 0.431658 0.833136 0.422356 0.835324 0.415244 0.827118 0.419074 0.822742 0.425092 0.816724 0.428374 0.813442 0.429468 0.809064 0.431658 0.807422 0.438222 0.806876 0.440958 0.804688 0.435486 0.801404 0.433298 0.798122 0.439316 0.793746 0.441504 0.790464 0.445334 0.789368 0.448616 0.787180 0.443146 0.785540 0.434392 0.789916 0.428374 0.793198 0.425640 0.794292 0.421262 0.790464 0.417980
0 0.831496 0.483084 0.836966 0.492384 0.837514 0.501686 0.831496 0.507704 0.827666 0.508798 0.827666 0.516456 0.829306 0.521928 0.823288 0.518644 0.823288 0.525758 0.820554 0.519740 0.818912 0.510438 0.817270 0.501686 0.811252 0.500044 0.799216 0.496214 0.792652 0.494026 0.787728 0.491838 0.794292 0.490744 0.802500 0.491838 0.813988 0.496214 0.816724 0.491838
0 0.851190 0.527946 0.841890 0.533964 0.835324 0.535604 0.830948 0.536700 0.823288 0.537246 0.815630 0.537246 0.810158 0.532870 0.806328 0.527946 0.804140 0.519740 0.800310 0.519192 0.800310 0.525210 0.800858 0.533416 0.804140 0.538888 0.799764 0.540528 0.788274 0.543812 0.778426 0.551470 0.776786 0.558036 0.776786 0.564600 0.781710 0.559130 0.789368 0.554206 0.796482 0.550924 0.807970 0.548736 0.809612 0.552018 0.819460 0.550376 0.824382 0.544906 0.832042 0.544358 0.840248 0.541076 0.845720 0.538888
0 0.820006 0.625876 0.826024 0.629706 0.834230 0.632988 0.842984 0.633534 0.852832 0.629158 0.859396 0.626422 0.865962 0.626422 0.861038 0.633534 0.853926 0.636818 0.843532 0.640100 0.853378 0.643382 0.862132 0.648306 0.867604 0.653778 0.855568 0.656512 0.845720 0.654324 0.833136 0.649400 0.824930 0.646118 0.825478 0.649400 0.832042 0.656512 0.838060 0.663078 0.839154 0.668548 0.833684 0.667454 0.827666 0.660890 0.821100 0.652682 0.817818 0.647760 0.813442 0.648306 0.808518 0.649948 0.806876 0.655966 0.805234 0.664172 0.802500 0.655966 0.801404 0.649948 0.793746 0.645570 0.788822 0.642836 0.786086 0.636270 0.790464 0.630252 0.797576 0.629706 0.791010 0.632440 0.791558 0.640100 0.801952 0.640646 0.809612 0.637912 0.814536 0.635724 0.816724 0.631346 0.813988 0.626422
0 0.836418 0.699186 0.832590 0.704110 0.828760 0.710128 0.824930 0.717788 0.820554 0.722710 0.811800 0.727634 0.806876 0.735842 0.799216 0.747330 0.804688 0.748424 0.806876 0.751706 0.806328 0.760460 0.807970 0.769214 0.811252 0.762648 0.814536 0.749518 0.817818 0.741860 0.825478 0.737482 0.830948 0.734200 0.834778 0.722164 0.836966 0.713410 0.838060 0.706846
0 0.832042 0.783986 0.830948 0.793834 0.836418 0.799304 0.849002 0.803134 0.862132 0.805870 0.875262 0.806416 0.862680 0.809698 0.852832 0.810246 0.840796 0.808058 0.835872 0.808058 0.837514 0.816264 0.842984 0.823924 0.846814 0.827752 0.856662 0.833772 0.847908 0.835960 0.838608 0.833224 0.829854 0.826658 0.823288 0.816264 0.818912 0.809152 0.812894 0.806964 0.811252 0.803680 0.804140 0.804776 0.802500 0.812434 0.795934 0.815170 0.792652 0.811888 0.797028 0.804776 0.799764 0.796022 0.811252 0.792738 0.821648 0.796022 0.827118 0.800398 0.826572 0.792192 0.826572 0.786174
0 0.837514 0.835412 0.834230 0.840336 0.832042 0.844712 0.830400 0.853466 0.827666 0.846354 0.824382 0.841978 0.816724 0.836506 0.809612 0.831036 0.803594 0.834866 0.800310 0.838694 0.797576 0.846354 0.806328 0.847448 0.812894 0.851826 0.820006 0.856202 0.816176 0.858938 0.809064 0.861672 0.805782 0.866050 0.804688 0.873708 0.801952 0.878632 0.797028 0.879726 0.787180 0.875350 0.782256 0.880274 0.782256 0.884650 0.793198 0.890122 0.803594 0.895046 0.808518 0.897780 0.809064 0.890668 0.814536 0.882462 0.826024 0.878086 0.832590 0.874256 0.840248 0.872614 0.841342 0.863314 0.835872 0.853466 0.836966 0.847448 0.841342 0.838694
0 0.803594 0.912006 0.812346 0.915836 0.819460 0.920212 0.825478 0.925682 0.831496 0.930060 0.836966 0.927872 0.842436 0.922400 0.847908 0.918024 0.853926 0.916382 0.851738 0.922400 0.846266 0.930606 0.839154 0.934984 0.845720 0.936078 0.852284 0.940454 0.857208 0.947020 0.859944 0.953584 0.862680 0.962886 0.862680 0.969998 0.863226 0.979298 0.859396 0.976016 0.856662 0.962886 0.855568 0.953584 0.851738 0.949754 0.841342 0.944284 0.833136 0.943190 0.826024 0.941548 0.818912 0.944284 0.807422 0.943190 0.802500 0.943736 0.793198 0.946472 0.786634 0.949754 0.781162 0.950302 0.774050 0.949208 0.770220 0.947020 0.778974 0.945378 0.787728 0.942642 0.794292 0.939908 0.804140 0.937172 0.817270 0.935530 0.823288 0.933342 0.817270 0.928966 0.814536 0.924042 0.809064 0.920212 0.804140 0.917476
1 0.201888 0.230276 0.192218 0.235304 0.192992 0.244198 0.196472 0.254254 0.202274 0.264696 0.214264 0.266244 0.217358 0.275526 0.227800 0.282100 0.230894 0.284808 0.228186 0.292156 0.227414 0.297958 0.226640 0.305694 0.230120 0.308400 0.235922 0.290610 0.247912 0.294478 0.251780 0.292930 0.245204 0.287128 0.237082 0.283262 0.242110 0.271658 0.244044 0.268178 0.253326 0.267790 0.260674 0.266244 0.264156 0.264696 0.266090 0.261602 0.261834 0.258896 0.246752 0.260442 0.245204 0.253094 0.240564 0.253094 0.237856 0.261216 0.233214 0.256962 0.233214 0.246520 0.242884 0.243426 0.252940 0.237624 0.247138 0.237238 0.237470 0.238010 0.227026 0.233756 0.216198 0.231822
2 0.314878 0.256658 0.320992 0.259716 0.315260 0.262392 0.312202 0.266596 0.323668 0.268890 0.328614 0.266568 0.332842 0.268124 0.337046 0.268124 0.335134 0.262774 0.334752 0.254748 0.327416 0.255470
1 0.279332 0.333866 0.274744 0.339600 0.283536 0.344568 0.291944 0.346096 0.304558 0.348008 0.314112 0.351448 0.324816 0.351066 0.330166 0.346862 0.329402 0.339216 0.320992 0.330808 0.310674 0.331190 0.296532 0.331954 0.289268 0.331954
1 0.336664 0.424068 0.348512 0.430566 0.358068 0.435154 0.360362 0.437828 0.357304 0.447384 0.357304 0.451970 0.363418 0.449296 0.368388 0.438594 0.377178 0.435918 0.381766 0.431332 0.378326 0.429420 0.367242 0.431332 0.358450 0.427892 0.351570 0.424834 0.342780 0.422540
1 0.264042 0.444708 0.259456 0.448912 0.257162 0.452736 0.252194 0.454264 0.250282 0.459998 0.258692 0.458850 0.259074 0.467260 0.265954 0.469934 0.269776 0.466112 0.268630 0.463438 0.265190 0.461526 0.264042 0.453500
1 0.205946 0.483312 0.191422 0.478726 0.181484 0.477580 0.173840 0.481402 0.168870 0.487516 0.168106 0.494014 0.174986 0.496690 0.183778 0.499748 0.192186 0.500512 0.197154 0.500512 0.204034 0.495544 0.212062 0.492486
1 0.171546 0.599888 0.181484 0.605240 0.191804 0.604092 0.200594 0.604092 0.196390 0.609444 0.189128 0.613266 0.183778 0.617852 0.178808 0.621674 0.170400 0.624732 0.171164 0.620528 0.179572 0.614030 0.176132 0.609444 0.171928 0.605240
1 0.214354 0.643844 0.202888 0.647666 0.195626 0.652634 0.189892 0.657986 0.191422 0.663336 0.200594 0.664100 0.203270 0.669070 0.212062 0.672128 0.222382 0.668688 0.232318 0.667922 0.240346 0.665630 0.243402 0.662190 0.239964 0.653398 0.236140 0.649576 0.227350 0.647284
1 0.665968 0.020388 0.673590 0.026582 0.676448 0.033728 0.668826 0.040872 0.664062 0.044684 0.650248 0.037538 0.642626 0.033250 0.640244 0.028010 0.646436 0.024200 0.652630 0.019436 0.655488 0.016102
1 0.446836 0.017054 0.446836 0.021342 0.451600 0.025152 0.453982 0.027058 0.452076 0.035156 0.452554 0.041350 0.457318 0.038968 0.463034 0.028964 0.464940 0.024200 0.467798 0.018960 0.463986 0.019436 0.459222 0.019436 0.454458 0.018006
1 0.470180 0.113282 0.480182 0.118044 0.477802 0.121380 0.485900 0.123286 0.494474 0.122332 0.500666 0.116616 0.503048 0.111376 0.494950 0.108994 0.492092 0.106136 0.483994 0.110424 0.477324 0.111376
1 0.578316 0.129002 0.578316 0.138528 0.581174 0.147580 0.584032 0.159012 0.586890 0.168064 0.604516 0.168540 0.617378 0.165682 0.626430 0.158536 0.625476 0.150438 0.618330 0.139006 0.605468 0.139006 0.595942 0.126620 0.586890 0.129954
1 0.452076 0.473894 0.441596 0.474372 0.435404 0.474372 0.427306 0.476276 0.420160 0.477230 0.423494 0.484852 0.429212 0.488662 0.432546 0.499618 0.438262 0.493902 0.441596 0.486756 0.453506 0.487710
1 0.614520 0.341464 0.614520 0.349562 0.614996 0.355278 0.611662 0.359090 0.605468 0.364330 0.602610 0.370998 0.617854 0.367664 0.621666 0.364330 0.623570 0.371952 0.632622 0.374334 0.628334 0.366712 0.625476 0.358136 0.624048 0.349562 0.621666 0.341940
1 0.411586 0.557260 0.431116 0.557736 0.436356 0.563452 0.437310 0.573932 0.436834 0.581554 0.426830 0.583936 0.415396 0.583936 0.410632 0.582984 0.408250 0.586794 0.406822 0.589654 0.405392 0.581554 0.401106 0.583936 0.401106 0.586318 0.398246 0.581554 0.397770 0.576792 0.401106 0.569170 0.404440 0.565834 0.411586 0.563452
1 0.637386 0.687310 0.627382 0.684452 0.616426 0.683974 0.610708 0.692074 0.612614 0.698742 0.624048 0.702076 0.631192 0.705412 0.633098 0.709698 0.635004 0.701124 0.639292 0.693978
1 0.460652 0.526296 0.462080 0.532488 0.468274 0.535824 0.475896 0.536300 0.483042 0.534870 0.484470 0.530106 0.483518 0.527248 0.477324 0.528678 0.472560 0.528678
1 0.658346 0.746856 0.669302 0.751620 0.674542 0.750190 0.676924 0.743998 0.680260 0.740186 0.683594 0.735900 0.686928 0.733042 0.690740 0.731612 0.693598 0.727324 0.691692 0.724466 0.682642 0.727802 0.676924 0.731136 0.674542 0.738282 0.671208 0.741140 0.665968 0.740664 0.658346 0.741140
1 0.468750 0.698266 0.473514 0.704458 0.481136 0.706364 0.490664 0.711604 0.491140 0.706364 0.499238 0.703030 0.495426 0.699696 0.489234 0.700172 0.480660 0.697790 0.475896 0.697314
1 0.608804 0.782584 0.602134 0.786872 0.592606 0.787824 0.583556 0.790682 0.594512 0.792112 0.599752 0.797828 0.603086 0.795446 0.609280 0.791158
1 0.414444 0.962176 0.411586 0.970750 0.413490 0.977896 0.412538 0.984566 0.407774 0.987424 0.405392 0.996952 0.403964 0.997904 0.402058 0.995522 0.403010 0.985994 0.406346 0.978850 0.398724 0.975038 0.394912 0.971704 0.401582 0.969322 0.406346 0.969322 0.406822 0.965510
1 0.647866 0.828792 0.645960 0.838796 0.632622 0.842606 0.620712 0.843084 0.617378 0.844512 0.621666 0.853564 0.624048 0.863568 0.624524 0.873570 0.626906 0.878810 0.639292 0.881192 0.645484 0.882146 0.651200 0.876430 0.651676 0.872142 0.648342 0.864996 0.641674 0.862138 0.633574 0.858804 0.629764 0.854992 0.627382 0.850228 0.630240 0.848324 0.637386 0.848324 0.643578 0.848324 0.651200 0.849276 0.651200 0.842606
1 0.592130 0.882146 0.589748 0.886910 0.599276 0.887862 0.603564 0.889768 0.609756 0.889292 0.614996 0.885004 0.616426 0.879764 0.610708 0.878334 0.608804 0.867378 0.605468 0.867378 0.603564 0.878334 0.598800 0.880240
1 0.653106 0.899772 0.645008 0.896914 0.630240 0.896914 0.623094 0.901676 0.619284 0.907394 0.612614 0.912158 0.604040 0.915968 0.596418 0.917874 0.592130 0.920732 0.602134 0.926448 0.612614 0.928354 0.625476 0.929306 0.634528 0.932164 0.648342 0.919778 0.656440 0.914062 0.655964 0.908346
1 0.764576 0.699696 0.761718 0.704936 0.756478 0.707794 0.747428 0.709698 0.743616 0.713986 0.742664 0.719226 0.752192 0.715416 0.758860 0.715416 0.762672 0.719702 0.766006 0.722084 0.766958 0.713986 0.766958 0.709698
1 0.726468 0.579174 0.705030 0.582032 0.692168 0.588224 0.686928 0.591558 0.686928 0.596798 0.677400 0.600610 0.668826 0.603468 0.681212 0.609184 0.689310 0.616330 0.701220 0.620618 0.720274 0.625858 0.736948 0.621570 0.752192 0.616806 0.745522 0.613948 0.745046 0.603468 0.741712 0.593464 0.735518 0.587272
1 0.887600 0.022652 0.877342 0.022224 0.867512 0.020086 0.860246 0.022224 0.852982 0.020942 0.852554 0.024788 0.851700 0.030344 0.849134 0.032054 0.848280 0.025642 0.843580 0.023934 0.845288 0.018378 0.844862 0.012822 0.846998 0.008120 0.854690 0.011540 0.860246 0.013248 0.865376 0.009402 0.871786 0.003420 0.872640 0.007266 0.870504 0.012822 0.875632 0.014530 0.882898 0.016668
1 0.840588 0.044448 0.840160 0.050858 0.845716 0.055986 0.841442 0.061116 0.837596 0.059834 0.837596 0.065816 0.832468 0.065390 0.832040 0.055560 0.831186 0.050858 0.825630 0.055986 0.827766 0.063252 0.825202 0.069236 0.823920 0.073936 0.820928 0.076500 0.817082 0.073936 0.815800 0.072228 0.813662 0.076928 0.814944 0.085476 0.815372 0.088894 0.811952 0.089322 0.808106 0.087186 0.806398 0.082484 0.805970 0.073936 0.808534 0.067954 0.811526 0.061970 0.814518 0.059834 0.820500 0.058124 0.822638 0.053422 0.824774 0.046158 0.829902 0.043166
1 0.865802 0.174370 0.870932 0.181636 0.867084 0.191038 0.865376 0.200014 0.851700 0.200014 0.845716 0.204714 0.844434 0.211126 0.844006 0.217108 0.836314 0.216682 0.829476 0.209416 0.826912 0.200014 0.820928 0.198304 0.813236 0.197876 0.802550 0.195740 0.799132 0.190612 0.798704 0.185910 0.811526 0.186338 0.824346 0.185910 0.832468 0.182918 0.832894 0.175654 0.829902 0.172662 0.820074 0.170098 0.814090 0.167532 0.806824 0.161976 0.799132 0.158986 0.808962 0.157276 0.819218 0.158130 0.829902 0.160268 0.840160 0.164114 0.846998 0.166678 0.856400 0.169242 0.861102 0.171806
1 0.700834 0.258564 0.711092 0.263266 0.708954 0.267968 0.710664 0.273096 0.716220 0.269676 0.718356 0.261984 0.719638 0.258138 0.713656 0.258138 0.707672 0.256000
1 0.910250 0.247452 0.910678 0.253008 0.911960 0.257282 0.911960 0.264976 0.913670 0.270104 0.917516 0.264548 0.917944 0.257710 0.924782 0.256428 0.927772 0.250872 0.931192 0.242752 0.929482 0.238050 0.925636 0.245316 0.923500 0.249162 0.917088 0.250444
1 0.923500 0.708596 0.915806 0.712870 0.909822 0.721416 0.903412 0.728682 0.896574 0.732102 0.891872 0.738084 0.895720 0.740222 0.905550 0.735092 0.912814 0.730820 0.914096 0.737658 0.917088 0.740648 0.917944 0.727828 0.921362 0.731674 0.925636 0.732102 0.926918 0.721844 0.931192 0.729964 0.932902 0.732956 0.934184 0.721416 0.933328 0.711588 0.931192 0.707314
1 0.841014 0.750478 0.838024 0.758598 0.832894 0.761590 0.841014 0.774412 0.849990 0.771848 0.852982 0.770566 0.854264 0.774840 0.863666 0.772702 0.866658 0.767146 0.858538 0.759454 0.854690 0.754326 0.848280 0.749196
1 0.877770 0.941944 0.883326 0.944082 0.879052 0.947500 0.876488 0.955194 0.886744 0.951774 0.887172 0.948356 0.888882 0.952202 0.892728 0.948782 0.893582 0.940662 0.888454 0.938954 0.883752 0.937670 0.878196 0.938954
1 0.763232 0.923994 0.758530 0.932542 0.758104 0.938954 0.763660 0.938526 0.764086 0.942800 0.762804 0.947928 0.761522 0.954338 0.767932 0.948356 0.770498 0.942372 0.776054 0.941090 0.781608 0.938954 0.775626 0.934680 0.768788 0.933824 0.765368 0.931260