0 0.265128 0.005020 0.286544 0.037572 0.290828 0.052134 0.292540 0.068410 0.306862 0.089592 0.275206 0.083620 0.266842 0.035002 0.240234 0.000000
0 0.250566 0.064984 0.248852 0.089826 0.231006 0.111096 0.221450 0.136778 0.219658 0.139764 0.224436 0.153502 0.223838 0.153502 0.223838 0.154698 0.226228 0.157086 0.233396 0.118262 0.250120 0.103928 0.246536 0.132598 0.242354 0.147530 0.247138 0.160928 0.256562 0.133514 0.259988 0.096680 0.277594 0.089592 0.271982 0.078690 0.262066 0.079440 0.262066 0.076452 0.263414 0.066698 0.260844 0.046994
0 0.311386 0.256870 0.284830 0.229458 0.287892 0.218508 0.280640 0.204004 0.261786 0.193852 0.244568 0.202046 0.233432 0.202902 0.203290 0.214640 0.198938 0.232528 0.209090 0.221892 0.219726 0.241714 0.218276 0.216092 0.230362 0.227210 0.226494 0.241230 0.225044 0.250900 0.233264 0.255250 0.229878 0.255734 0.236648 0.255734 0.231812 0.244130 0.240032 0.236880 0.255706 0.232028 0.243712 0.249160 0.233432 0.263724 0.228292 0.268006 0.224010 0.273146 0.246282 0.260296 0.260844 0.236310 0.274552 0.238024 0.289970 0.244878 0.299394 0.252588
0 0.270376 0.299442 0.275806 0.304078 0.259682 0.310136 0.254052 0.316328 0.240286 0.327970 0.232576 0.314264 0.230862 0.307412 0.225722 0.320262 0.230006 0.336538 0.218870 0.339108 0.216300 0.316834 0.208590 0.302272 0.203450 0.315978 0.211160 0.339108 0.219726 0.343390 0.240286 0.335680 0.252278 0.331398 0.272838 0.328828 0.281404 0.318548 0.289114 0.311694 0.285958 0.307462 0.264688 0.305528
0 0.249708 0.399072 0.250566 0.414490 0.260844 0.421344 0.271982 0.430766 0.274552 0.440190 0.271124 0.459036 0.261702 0.465032 0.264272 0.441046 0.253136 0.431624 0.238572 0.439334 0.219718 0.455354 0.215444 0.443616 0.210304 0.431624 0.222296 0.436764 0.234352 0.435090 0.237166 0.423270 0.242856 0.417060 0.242000 0.411064 0.230862 0.410208
0 0.268686 0.536968 0.263414 0.562688 0.277130 0.570740 0.273752 0.589878 0.256304 0.596632 0.246282 0.599524 0.231720 0.616656 0.230006 0.608090 0.240286 0.589244 0.250566 0.572112 0.254848 0.554978 0.255178 0.530214
0 0.265128 0.603806 0.260844 0.633790 0.250566 0.648352 0.235146 0.656062 0.214090 0.669804 0.221440 0.672338 0.246282 0.668912 0.262558 0.670624 0.266842 0.674908 0.258276 0.684330 0.236002 0.704034 0.234290 0.708316 0.269412 0.691184 0.276264 0.670624 0.269412 0.660344 0.286698 0.637158 0.269412 0.634646 0.270268 0.617514
0 0.217908 0.774016 0.199494 0.814788 0.198838 0.835174 0.207386 0.832544 0.215936 0.836490 0.221196 0.835174 0.219882 0.818734 0.225142 0.804924 0.230402 0.782566 0.228430 0.772700
0 0.250132 0.924610 0.230402 0.925926 0.232376 0.936448 0.242240 0.947628 0.257366 0.960780 0.265914 0.965382 0.271832 0.964726 0.264600 0.982482 0.252104 0.996292 0.242898 0.989058 0.234348 0.989714 0.246186 0.997606 0.266572 0.997606 0.284986 0.977878 0.286958 0.958806 0.274464 0.951574 0.266572 0.936448 0.261968 0.933160 0.254078 0.939736 0.243556 0.933818
0 0.542990 0.305670 0.512696 0.363992 0.538898 0.347594 0.544012 0.368046 0.544012 0.378272 0.538898 0.410994 0.525606 0.425310 0.550148 0.422244 0.565486 0.418152 0.555260 0.400768 0.576734 0.393610 0.605366 0.376228 0.585938 0.385430 0.575712 0.381340 0.567532 0.367024 0.572644 0.342482 0.564464 0.335324 0.561396 0.326120 0.573666 0.327144 0.585938 0.331234 0.577756 0.311804 0.565486 0.311804 0.561396 0.296466 0.551170 0.298512
0 0.544012 0.521434 0.544012 0.543930 0.541294 0.553572 0.556282 0.550066 0.568554 0.552110 0.575712 0.567450 0.581848 0.598126 0.577756 0.622668 0.571622 0.621646 0.560516 0.606274 0.556282 0.628804 0.577756 0.629826 0.598208 0.635962 0.584914 0.607330 0.581848 0.566426 0.573666 0.546998 0.600818 0.526290 0.579802 0.525524 0.570598 0.531660 0.553696 0.540550 0.555556 0.505828
0 0.578498 0.676960 0.575396 0.665178 0.546056 0.676866 0.530718 0.675842 0.505154 0.678910 0.492882 0.681978 0.496032 0.683780 0.516402 0.689136 0.525606 0.687090 0.521516 0.704474 0.513334 0.723904 0.521516 0.748446 0.526628 0.727994 0.523314 0.714782 0.529696 0.695272 0.537876 0.690158 0.553214 0.687090 0.574156 0.701760 0.584914 0.688114 0.589006 0.703452 0.590028 0.713678 0.600254 0.736174 0.600254 0.713678 0.594118 0.686068
0 0.554238 0.768898 0.567532 0.791394 0.565486 0.806732 0.555260 0.822072 0.549356 0.808408 0.545014 0.827628 0.534808 0.834342 0.521516 0.850704 0.516402 0.871156 0.534808 0.845590 0.555260 0.830252 0.554238 0.850704 0.551170 0.861952 0.565486 0.866042 0.572644 0.830252 0.600254 0.824116 0.580824 0.817982 0.580824 0.791394 0.569576 0.771964
0 0.599806 0.902680 0.562418 0.942736 0.553214 0.924330 0.545034 0.929442 0.549124 0.947848 0.564464 0.959096 0.580824 0.957052 0.600254 0.958074 0.609456 0.967278 0.615900 0.954618 0.595418 0.948766 0.593224 0.939988 0.574204 0.942182 0.590028 0.920238
1 0.028154 0.377112 0.021398 0.386940 0.017100 0.380184 0.013414 0.381412 0.012800 0.398610 0.020784 0.397996 0.029998 0.385712
1 0.186994 0.521484 0.172526 0.532336 0.179036 0.545356 0.184824 0.561994 0.201462 0.559100 0.204354 0.544632 0.213036 0.534506 0.232566 0.522208 0.247034 0.511358 0.225332 0.513528 0.207248 0.529442 0.210866 0.514974 0.213758 0.501954 0.198568 0.509186
1 0.372832 0.506340 0.378624 0.517926 0.382762 0.532822 0.382762 0.547720 0.369522 0.555168 0.362900 0.562616 0.387728 0.557650 0.385246 0.565926 0.415040 0.565098 0.394350 0.548546 0.407590 0.541926 0.391866 0.538616 0.389384 0.517098 0.381936 0.512960 0.382762 0.498892
0 0.561548 0.024772 0.543446 0.042874 0.545350 0.073362 0.536776 0.098132 0.507240 0.107660 0.497714 0.111472 0.503430 0.113376 0.482470 0.141958 0.524390 0.115282 0.550114 0.104802 0.556784 0.124810 0.560772 0.166794 0.570122 0.137196 0.557736 0.112424 0.569170 0.100038 0.586318 0.096228 0.593940 0.107660 0.581554 0.088606 0.570122 0.089558 0.575838 0.070504 0.554878 0.095274 0.552020 0.073362 0.552020 0.041920 0.572980 0.022866
1 0.506170 0.216404 0.520834 0.221682 0.533150 0.215230 0.548986 0.210538 0.559544 0.191770 0.548400 0.197636 0.545468 0.190010 0.538430 0.191184 0.531390 0.183558 0.526112 0.191184 0.510276 0.198222 0.505584 0.202914 0.504410 0.209952
1 0.310202 0.989720 0.301132 0.992744 0.295690 0.992744 0.322296 0.998790 0.331970 0.990326 0.341646 0.992140 0.361600 0.990930 0.370670 0.978836 0.353134 0.974604 0.343460 0.977022 0.327134 0.977626
1 0.484872 0.804688 0.470956 0.844066 0.482768 0.836978 0.514270 0.854304 0.494582 0.828314 0.493552 0.817708
1 0.485928 0.082854 0.484752 0.108740 0.495340 0.102856 0.496518 0.085796 0.490634 0.072854
1 0.619470 0.056970 0.607116 0.064618 0.608880 0.041086 0.602998 0.035792 0.598880 0.058146 0.602410 0.079914 0.612410 0.084032 0.611234 0.072266
1 0.259308 0.791122 0.252962 0.811570 0.229694 0.816504 0.224758 0.822146 0.228282 0.826376 0.252256 0.818620 0.262832 0.821440 0.267064 0.838364 0.267064 0.853170 0.272704 0.846824 0.266358 0.809454 0.264948 0.798172 0.264244 0.778430
1 0.358022 0.699458 0.358726 0.716380 0.374944 0.722726 0.367188 0.714266
1 0.933254 0.760246 0.921366 0.769304 0.913440 0.777796 0.924196 0.780628 0.928726 0.780062 0.928726 0.768172
1 0.610782 0.002732 0.604572 0.015156 0.623206 0.022748 0.651502 0.013086 0.653572 0.002042 0.637698 0.001352