0 0.167616 0.010898 0.171808 0.015926 0.182038 0.028880 0.191088 0.016766
0 0.128854 0.130856 0.144376 0.129130 0.149982 0.128700 0.150412 0.137754 0.155154 0.133442 0.162054 0.126112 0.160328 0.141202 0.159466 0.146376 0.160760 0.152412 0.167658 0.157586 0.171108 0.147670 0.176712 0.137322 0.183180 0.125682 0.191372 0.122232 0.202582 0.124388 0.212930 0.116196 0.210774 0.126974 0.209912 0.133442 0.211636 0.138184 0.200426 0.135598 0.187922 0.151120 0.178006 0.160174 0.166364 0.174832 0.150844 0.182162 0.160328 0.166640 0.156018 0.164916 0.148256 0.159312 0.146100 0.155430 0.134890 0.144220 0.131010 0.138184
0 0.145952 0.293148 0.157866 0.273148 0.175738 0.265488 0.168080 0.251446 0.168930 0.237404 0.175314 0.238682 0.174888 0.246766 0.176590 0.256978 0.182122 0.254426 0.188504 0.251022 0.190206 0.251022 0.202120 0.244212 0.207652 0.239532 0.215738 0.239958 0.213184 0.252298 0.216162 0.262084 0.218290 0.274850 0.208930 0.303360 0.202972 0.304210 0.202972 0.299956 0.208504 0.282084 0.208078 0.273148 0.200844 0.274424 0.196164 0.283786 0.200418 0.296978 0.200418 0.308040 0.195312 0.319104 0.189356 0.329316 0.184674 0.312722 0.191908 0.300806 0.188078 0.280382 0.186802 0.285062 0.182122 0.299530 0.171484 0.309742 0.163398 0.319104 0.148080 0.333146 0.145526 0.333998 0.151058 0.322508 0.159144 0.314424 0.169782 0.302508 0.177866 0.288042 0.179142 0.283786 0.186802 0.272722 0.185526 0.264638 0.174036 0.271020 0.163398 0.277404 0.158718 0.280382 0.153612 0.287190
0 0.207002 0.359786 0.196790 0.371248 0.192140 0.377966 0.182840 0.388300 0.171988 0.398118 0.163204 0.405868 0.143570 0.423952 0.158554 0.420336 0.174572 0.411552 0.169922 0.424986 0.184906 0.410518 0.192140 0.395016 0.204024 0.390884 0.210742 0.384682 0.207640 0.379000 0.209192 0.367632
0 0.206284 0.755624 0.181058 0.750900 0.168820 0.740132 0.156416 0.764628 0.134254 0.777788 0.131482 0.782636 0.130790 0.795794 0.124556 0.812416 0.122478 0.814494 0.151568 0.793024 0.163342 0.790946 0.167498 0.793024 0.170268 0.807568 0.191046 0.800642 0.201436 0.793024 0.206976 0.835272 0.212876 0.832648 0.209054 0.808262 0.203512 0.781250 0.215980 0.777094 0.215288 0.770862 0.201436 0.775016 0.191738 0.779864 0.176502 0.777788 0.150876 0.787484 0.148798 0.782636 0.162650 0.770862 0.170960 0.763936 0.189660 0.762550 0.196586 0.759086
0 0.167824 0.713534 0.175098 0.679396 0.192448 0.675480 0.192448 0.687232 0.198604 0.683874 0.219310 0.700662 0.218750 0.690030 0.206438 0.679956 0.215952 0.675480 0.227704 0.665966 0.247292 0.645818 0.229942 0.657570 0.214272 0.670442 0.202520 0.674360 0.194686 0.668764 0.190208 0.646378 0.183494 0.652534 0.185172 0.666524 0.173980 0.673800 0.167824 0.682754 0.163346 0.694506 0.163346 0.707378
0 0.164302 0.494254 0.177650 0.511114 0.188892 0.516736 0.206456 0.519546 0.220506 0.516032 0.231044 0.513222 0.219102 0.527274 0.224020 0.536406 0.212076 0.530084 0.182568 0.525166 0.173434 0.526570 0.167814 0.534300 0.177650 0.549052 0.175542 0.554674 0.169220 0.544136 0.165004 0.538514 0.165706 0.530786 0.174840 0.521652 0.188188 0.523058 0.171328 0.515330 0.164302 0.501982
0 0.171268 0.949640 0.167352 0.939360 0.172960 0.921726 0.183604 0.904164 0.182540 0.890860 0.170832 0.886602 0.175622 0.882876 0.194780 0.888198 0.194764 0.862998 0.199570 0.883408 0.200634 0.889794 0.215324 0.890410 0.203296 0.897778 0.194248 0.910550 0.187330 0.926516 0.176686 0.941950 0.176164 0.956982 0.175090 0.951528
0 0.572636 0.252776 0.577660 0.273500 0.572636 0.282920 0.558192 0.294224 0.548144 0.308670 0.546260 0.315578 0.562588 0.297992 0.577660 0.279780 0.578288 0.281036 0.582684 0.288572 0.583312 0.292340 0.585824 0.310554 0.586452 0.315578 0.592732 0.320602 0.600896 0.326882 0.620858 0.329308 0.617898 0.348840 0.620266 0.363044 0.629142 0.342330 0.640388 0.322206 0.634470 0.304450 0.622878 0.297364 0.601524 0.287944 0.594616 0.281664 0.595244 0.276012 0.605920 0.267848 0.608432 0.264708 0.600268 0.264080 0.597756 0.257800 0.589592 0.258428 0.583312 0.251520
0 0.577100 0.079964 0.577984 0.102942 0.561192 0.110012 0.537330 0.125036 0.532912 0.143594 0.524074 0.170108 0.521422 0.175410 0.521422 0.185132 0.514352 0.188666 0.507282 0.202806 0.510818 0.213412 0.530260 0.219598 0.542632 0.220482 0.535562 0.208110 0.532028 0.199272 0.537330 0.199272 0.530260 0.187782 0.537330 0.165688 0.539098 0.141826 0.547936 0.127686 0.566494 0.112662 0.578868 0.109128 0.573564 0.117082 0.559424 0.127686 0.546168 0.146246 0.544400 0.152432 0.544400 0.159502 0.555006 0.141826 0.572680 0.127686 0.587706 0.123268 0.598310 0.130338 0.609800 0.127686 0.608916 0.117966 0.587706 0.110896 0.585938 0.094104
0 0.564402 0.340512 0.566114 0.359358 0.586674 0.366210 0.593528 0.378204 0.605520 0.385914 0.602950 0.417608 0.596954 0.401332 0.595240 0.397906 0.583248 0.415040 0.563546 0.426176 0.577252 0.397050 0.577252 0.389340 0.549838 0.385914 0.535276 0.382486 0.526710 0.380774 0.501868 0.357644 0.530136 0.371350 0.548982 0.373920 0.564402 0.377348 0.549838 0.367068 0.548982 0.348222 0.552408 0.335372
0 0.595884 0.795326 0.620518 0.803538 0.627558 0.810576 0.637528 0.817614 0.639288 0.829932 0.630490 0.824066 0.617586 0.825240 0.606442 0.829932 0.607028 0.845182 0.603510 0.852806 0.602924 0.821134 0.597644 0.811162 0.597058 0.808230 0.604096 0.805298 0.602924 0.802364 0.597058 0.801778
0 0.568280 0.994570 0.567358 0.979794 0.577054 0.971946 0.582594 0.962710 0.581672 0.952552 0.588136 0.950706 0.597370 0.953938 0.598294 0.965020 0.601064 0.980718 0.604296 0.990876 0.608914 0.989952 0.607066 0.967790 0.606604 0.964096 0.609376 0.962710 0.620456 0.971946 0.627382 0.977486 0.631538 0.955784 0.618610 0.953476 0.597370 0.947936 0.578900 0.943780 0.577054 0.946550 0.577054 0.956246 0.571052 0.966866 0.565048 0.968714 0.560894 0.974254 0.561354 0.981180 0.561816 0.990414 0.564454 0.998046
0 0.875282 0.003138 0.891754 0.000784 0.900382 0.012550 0.912932 0.017256 0.921562 0.016472 0.935680 0.013334 0.941170 0.007060
0 0.958524 0.060788 0.965108 0.045866 0.947550 0.047622 0.934112 0.094126 0.923130 0.107462 0.907442 0.120012 0.899598 0.125502 0.910580 0.101186 0.902736 0.106676 0.885480 0.104324 0.879988 0.087068 0.873714 0.099618 0.873714 0.115304 0.859594 0.116090 0.829788 0.123148 0.812532 0.128640 0.813316 0.134130 0.850966 0.128640 0.878420 0.128640 0.892538 0.130992 0.912148 0.141974 0.910580 0.144328 0.918424 0.156094 0.932542 0.176488 0.949800 0.191390 0.935680 0.156094 0.919208 0.131778 0.904304 0.131778 0.912148 0.127070 0.923130 0.116090 0.948230 0.091774 0.958428 0.069026 0.957644 0.063536 0.973446 0.090194 0.979152 0.087562 0.978274 0.078344 0.990124 0.070444 0.970812 0.067372 0.981786 0.056838
0 0.866082 0.546718 0.866740 0.563816 0.877178 0.575464 0.892734 0.593612 0.894462 0.610032 0.903104 0.624724 0.907426 0.642872 0.917796 0.696454 0.921252 0.697318 0.912610 0.630772 0.933818 0.625632 0.940394 0.621686 0.910882 0.621266 0.904832 0.600526 0.888412 0.578056 0.875450 0.557314
0 0.897948 0.488282 0.892924 0.520938 0.874712 0.527218 0.856498 0.525962 0.846450 0.530358 0.848962 0.534754 0.867802 0.534754 0.889784 0.530986 0.894180 0.531614 0.884132 0.542918 0.876596 0.545430 0.876596 0.554222 0.893552 0.543546 0.904228 0.539778 0.918044 0.536638 0.902344 0.547942 0.901088 0.554222 0.920556 0.568668 0.911764 0.554222 0.928720 0.540406 0.949444 0.524078 0.971426 0.509634 0.992778 0.487654 0.960750 0.509006 0.931860 0.517170 0.926208 0.513402 0.907996 0.514030 0.907996 0.491422 0.906112 0.480118
0 0.884246 0.740616 0.891758 0.751544 0.893808 0.761104 0.897222 0.782958 0.879466 0.790470 0.879466 0.796616 0.895174 0.793884 0.905416 0.813688 0.914294 0.812322 0.902686 0.791152 0.904052 0.783640 0.919076 0.795250 0.931368 0.797982 0.936830 0.792518 0.924538 0.787738 0.923068 0.774656 0.910198 0.771348 0.910198 0.760422 0.902686 0.746080 0.892442 0.732422
1 0.109826 0.020658 0.114520 0.031926 0.114520 0.039438 0.107008 0.036622 0.099028 0.038030 0.090500 0.040140 0.097150 0.045072 0.098558 0.048358 0.104192 0.044602 0.112642 0.044602 0.113582 0.052114 0.119216 0.050706 0.124380 0.059626 0.133770 0.063852 0.123910 0.038030 0.134240 0.021128 0.127198 0.020188 0.122032 0.032866 0.119686 0.024414
1 0.068980 0.012676 0.079778 0.015024 0.086820 0.021128 0.089168 0.025822 0.089168 0.033804 0.084472 0.039908 0.085412 0.027232 0.079308 0.021128 0.070388 0.021128 0.064284 0.020188 0.063814 0.013146
1 0.041958 0.164820 0.044930 0.176702 0.046786 0.190070 0.047528 0.202322 0.049014 0.209378 0.055698 0.209750 0.059782 0.193782 0.079090 0.195640 0.074634 0.186356 0.056812 0.185986 0.055326 0.172988 0.054954 0.162220 0.053840 0.170762 0.047900 0.163706 0.043444 0.161106
1 0.174158 0.472470 0.164810 0.468534 0.161366 0.465090 0.159890 0.471978 0.147592 0.474438 0.144640 0.463122 0.139228 0.468042 0.140704 0.476898 0.128896 0.488212 0.126928 0.495592 0.138244 0.496576 0.143164 0.494608 0.143656 0.490672 0.152020 0.481816 0.163826 0.478864 0.171698 0.477390 0.190392 0.476898 0.189900 0.471978
1 0.247952 0.711358 0.253216 0.716624 0.252738 0.727634 0.250824 0.742474 0.255610 0.729070 0.258962 0.722370 0.271408 0.715188 0.271886 0.709444 0.265184 0.707530 0.262792 0.718060 0.258004 0.713274 0.247952 0.705136
1 0.258004 0.568704 0.253216 0.574928 0.254174 0.582108 0.256090 0.588332 0.260876 0.594076 0.266620 0.600298 0.285768 0.603170 0.272366 0.605564 0.270450 0.607480 0.265664 0.607480 0.257526 0.593596 0.250824 0.587374 0.244600 0.578756 0.245078 0.574928 0.246994 0.569182 0.253216 0.565832
1 0.185464 0.609434 0.163698 0.611308 0.156996 0.618490 0.155560 0.631414 0.152210 0.644818 0.147422 0.635724 0.151252 0.613702 0.145508 0.601734 0.143114 0.591204 0.152688 0.600298 0.160348 0.605086 0.166092 0.607000 0.175666 0.607480
1 0.076506 0.556358 0.076942 0.565928 0.082596 0.572452 0.090862 0.576802 0.106086 0.581152 0.102606 0.585502 0.082596 0.582458 0.080422 0.585502 0.081292 0.588982 0.072156 0.589418 0.075636 0.578108 0.072592 0.570712 0.072592 0.552008
1 0.036052 0.585502 0.039098 0.591158 0.044752 0.594202 0.052148 0.598118 0.043882 0.600292 0.045188 0.607688 0.043012 0.610732 0.036922 0.603772 0.031268 0.584198
1 0.093038 0.907596 0.116792 0.901658 0.124050 0.919474 0.131128 0.927612 0.138960 0.930060 0.126234 0.898732 0.114152 0.887142 0.108874 0.891100 0.100296 0.892420 0.089078 0.897698 0.084460 0.901658
1 0.119146 0.850300 0.124586 0.864990 0.115338 0.867710 0.112618 0.869886 0.115338 0.879134 0.118602 0.886208 0.123786 0.891878 0.134380 0.887296 0.144346 0.889920 0.148750 0.897752 0.154510 0.896000 0.147772 0.881110 0.132748 0.882400 0.134380 0.878046 0.141996 0.874238 0.132204 0.870430 0.130572 0.856284 0.124586 0.845404
1 0.069094 0.823098 0.073990 0.840508 0.086504 0.842140 0.084872 0.848124 0.085416 0.857916 0.089768 0.861726 0.093576 0.851388 0.092488 0.832346 0.091400 0.821466 0.088680 0.837788 0.079974 0.825274
1 0.074448 0.670036 0.084100 0.676470 0.075368 0.678308 0.077206 0.688420 0.077206 0.694852 0.070772 0.682444 0.066636 0.686580 0.065258 0.681066 0.068934 0.671876 0.065716 0.663144 0.068014 0.648438 0.073530 0.650276 0.073530 0.658088 0.072150 0.662684
1 0.788748 0.045792 0.780652 0.062996 0.780652 0.079188 0.775594 0.066032 0.770534 0.056924 0.766992 0.045792 0.773064 0.049840 0.778628 0.044274 0.787736 0.040226
1 0.695140 0.008854 0.698682 0.019480 0.698176 0.034154 0.688562 0.041744 0.676418 0.048322 0.665792 0.045286 0.671358 0.053888 0.677936 0.064008 0.684008 0.076152 0.687550 0.076658 0.687550 0.069574 0.696658 0.058442 0.701212 0.050852 0.706778 0.045286 0.721958 0.038202 0.723476 0.032636 0.712850 0.039214 0.708802 0.040226 0.707284 0.030612 0.706778 0.017962 0.701718 0.012396
1 0.725342 0.114222 0.726504 0.121198 0.726504 0.131662 0.745106 0.145612 0.733480 0.146776 0.723598 0.139800 0.719528 0.135150 0.713716 0.138056 0.709066 0.140380 0.707322 0.133986 0.719528 0.131080 0.721854 0.121780
1 0.722436 0.178746 0.709648 0.195604 0.698022 0.199672 0.693372 0.187466 0.693372 0.200834 0.699766 0.202578 0.697440 0.213624 0.700346 0.214204 0.708484 0.207810 0.713716 0.215366 0.714298 0.201416 0.714298 0.197928 0.722436 0.190952
1 0.671282 0.174676 0.663726 0.187466 0.659656 0.179908 0.657912 0.189208 0.659076 0.206066 0.675374 0.207386 0.668376 0.196184 0.671282 0.186884
1 0.568976 0.203742 0.554444 0.220018 0.545724 0.226992 0.539330 0.229318 0.542236 0.232224 0.549212 0.231642 0.548630 0.239200 0.557350 0.226992 0.567232 0.221762 0.573626 0.208392
1 0.857346 0.200578 0.841070 0.204886 0.840112 0.219248 0.849208 0.220206 0.844898 0.213024 0.845856 0.208716
1 0.819528 0.276692 0.798944 0.280044 0.798944 0.281480 0.798944 0.286746 0.815698 0.282916 0.819048 0.287702 0.820964 0.296320 0.822878 0.285310 0.828144 0.279086
1 0.770220 0.313554 0.753944 0.314032 0.741498 0.305894 0.745806 0.316904 0.750594 0.322170 0.753944 0.350892 0.755860 0.341318 0.758252 0.322170
1 0.754902 0.353764 0.746286 0.372434 0.751552 0.378658 0.760646 0.376264 0.761604 0.370520 0.756816 0.368126 0.759210 0.358072
1 0.760168 0.485410 0.764476 0.493068 0.769742 0.517962 0.771656 0.501206 0.778838 0.497376 0.796550 0.487802 0.790326 0.486366 0.774050 0.489718 0.767828 0.483016 0.761126 0.478708 0.758732 0.479664
1 0.670978 0.769042 0.673250 0.785508 0.688578 0.805948 0.692086 0.802636 0.685172 0.790618 0.679494 0.774152 0.675520 0.765636
1 0.769714 0.549818 0.760924 0.561666 0.758630 0.570458 0.749076 0.583454 0.752898 0.584218 0.770480 0.573134 0.775448 0.571222 0.776212 0.563960 0.775066 0.554786
1 0.803732 0.542556 0.826664 0.538352 0.843864 0.556316 0.840806 0.530708 0.834692 0.526886 0.828958 0.526120 0.824372 0.501658 0.822078 0.517712 0.820550 0.526886 0.825136 0.530326 0.825518 0.533764 0.809082 0.534530 0.804114 0.536440
1 0.853802 0.506628 0.853420 0.524592 0.847686 0.506628 0.835838 0.508538 0.835838 0.503952 0.841954 0.503952 0.845394 0.501276 0.849598 0.487900 0.853802 0.494396 0.854184 0.500512
1 0.689068 0.461144 0.698622 0.467260 0.707032 0.467260 0.715058 0.469552 0.720408 0.481402 0.720408 0.495162 0.722702 0.493250 0.723466 0.486752 0.739138 0.484076 0.726524 0.480254 0.731494 0.470700 0.727670 0.466878 0.722320 0.471082 0.715440 0.463820 0.700534 0.462672 0.692890 0.455028 0.685628 0.455028 0.684862 0.459232 0.684480 0.464202
1 0.830274 0.696388 0.840082 0.707474 0.845200 0.718136 0.855008 0.724532 0.869934 0.728370 0.865242 0.733062 0.847758 0.728370 0.839656 0.724106 0.838804 0.718562 0.831980 0.707048 0.826862 0.699798
1 0.887380 0.877174 0.876670 0.887570 0.873204 0.896704 0.866904 0.892924 0.865958 0.891034 0.860288 0.898280 0.853988 0.901430 0.846742 0.906470 0.852728 0.906156 0.865644 0.903320 0.877930 0.904266 0.896200 0.911510 0.889586 0.904896 0.882024 0.900170 0.884230 0.888200 0.886436 0.881898
1 0.713284 0.762462 0.702910 0.763894 0.699690 0.766040 0.694326 0.771764 0.688602 0.771048 0.686098 0.763536 0.683594 0.769974 0.689318 0.780706 0.693610 0.782138 0.692602 0.806244 0.696472 0.793584 0.713642 0.804316 0.719008 0.801454 0.717576 0.796446 0.698976 0.787860 0.701838 0.782138 0.703626 0.774626 0.706130 0.769618
1 0.738268 0.758424 0.748222 0.764946 0.750968 0.773184 0.754058 0.765288 0.764698 0.763230 0.760236 0.755334 0.754058 0.760826 0.750968 0.753618 0.746506 0.748812 0.738610 0.750186
0 0.680914 0.841100 0.669712 0.858634 0.653152 0.851328 0.646820 0.852790 0.638054 0.859122 0.632696 0.865454 0.632696 0.869838 0.637080 0.870324 0.644386 0.859608 0.649256 0.860582 0.644872 0.866914 0.644872 0.870812 0.653152 0.872760 0.665816 0.867402 0.667764 0.864480 0.676532 0.879578 0.681402 0.891268 0.682376 0.879578 0.673608 0.862532 0.676044 0.859608 0.683350 0.863506 0.690656 0.872272 0.696014 0.887858 0.699424 0.876168 0.691144 0.864480 0.680428 0.858148 0.681402 0.851328 0.684812 0.850842
1 0.987356 0.416016 0.989926 0.438116 0.990440 0.463816 0.999692 0.420642
1 0.638964 0.757812 0.642940 0.775046 0.657080 0.790512 0.654430 0.799350 0.646034 0.788744 0.637638 0.778582 0.636312 0.766650
1 0.655314 0.741020 0.661058 0.736602 0.683594 0.739254 0.680942 0.732626 0.661942 0.731300
1 0.654488 0.419270 0.648744 0.422718 0.642234 0.432674 0.644532 0.439186 0.649892 0.439950 0.650276 0.431142 0.653340 0.427696 0.655254 0.426548
0 0.622560 0.549512 0.599318 0.552640 0.598872 0.546384 0.618984 0.539232 0.617644 0.528506 0.595296 0.541914 0.594850 0.517332 0.588592 0.519568 0.588592 0.536998 0.582782 0.540574 0.569374 0.528058 0.561330 0.529400 0.579206 0.549512 0.565798 0.553534 0.547474 0.559344 0.540770 0.559344 0.538088 0.563814 0.551944 0.571412 0.577462 0.573186 0.575988 0.578346 0.587044 0.576504 0.595150 0.577240 0.598836 0.576872 0.611734 0.587190 0.617630 0.611512 0.625000 0.610776 0.625000 0.586822 0.635686 0.580926 0.642320 0.580188 0.658166 0.579452 0.645780 0.566446 0.637898 0.557340 0.637530 0.550340 0.632738 0.548496
1 0.584358 0.457210 0.566986 0.469318 0.545928 0.465634 0.525396 0.460896 0.515920 0.458264 0.515920 0.468266 0.530660 0.473530 0.557510 0.473004 0.564354 0.475110 0.574356 0.485638 0.580146 0.484060 0.573302 0.474584 0.576988 0.473004 0.586464 0.465634 0.592782 0.460368
1 0.805072 0.813162 0.805456 0.825080 0.810614 0.829950 0.810070 0.815468 0.821604 0.810086 0.815452 0.808932
1 0.905070 0.937648 0.895652 0.947564 0.872848 0.933682 0.878302 0.945084 0.889702 0.950538 0.886232 0.958964 0.874336 0.973836 0.871362 0.983750 0.863926 0.988212 0.861942 0.993170 0.877310 0.985238 0.881772 0.971854 0.893668 0.955494 0.899122 0.954008 0.906558 0.956486 0.903088 0.951528 0.905070 0.945084
0 0.929214 0.897228 0.913498 0.925752 0.912010 0.930708 0.918454 0.929718 0.919446 0.935170 0.914488 0.946076 0.909036 0.949546 0.904574 0.956982 0.907548 0.961938 0.910524 0.973836 0.917958 0.957478 0.919446 0.952520 0.925394 0.937152 0.928864 0.937648 0.927378 0.952520 0.931344 0.951034 0.933326 0.934674 0.945224 0.937152 0.954642 0.942606 0.962574 0.940624 0.960094 0.926742 0.953650 0.926742 0.949684 0.934674 0.926386 0.926248 0.931344 0.914350 0.936300 0.899478
0 0.967764 0.965442 0.962838 0.952774 0.968820 0.948550 0.993102 0.944328 0.985008 0.938344 0.968468 0.943272 0.962838 0.948550 0.956152 0.947846 0.947354 0.947494 0.947354 0.952070 0.945594 0.954180 0.936796 0.954180 0.937500 0.959812 0.938204 0.965090 0.934684 0.968258 0.926590 0.961922 0.926590 0.972128 0.941020 0.974944 0.942778 0.970016 0.943130 0.972480 0.943834 0.984446 0.954040 0.982686 0.968468 0.983038 0.949818 0.976704 0.951576 0.964034 0.956504 0.959812 0.967412 0.970720 0.982896 0.970016 0.996622 0.970720
0 0.937512 0.450600 0.918044 0.429876 0.913020 0.419200 0.880992 0.391568 0.878480 0.380262 0.891040 0.389682 0.896692 0.382774 0.902344 0.390940 0.902972 0.406640 0.911764 0.411664 0.920556 0.417316 0.923068 0.412920 0.930604 0.424224 0.934372 0.429248 0.949444 0.421084 0.945676 0.429876 0.945676 0.439296 0.951328 0.437412 0.951328 0.434272 0.956352 0.438040 0.954468 0.444948
1 0.288688 0.160344 0.286554 0.166314 0.283996 0.159918 0.281012 0.168872 0.281438 0.179108 0.282290 0.192754 0.285276 0.179534 0.292526 0.178254 0.289540 0.171006 0.294658 0.165888 0.295084 0.158638 0.288688 0.154374
1 0.240778 0.025944 0.220030 0.036674 0.221736 0.053732 0.229838 0.053306 0.238792 0.052026 0.238366 0.057996 0.240926 0.065246 0.249880 0.061408 0.254998 0.061834 0.267792 0.066100 0.275468 0.069084 0.266086 0.057144 0.253292 0.055438 0.255850 0.051174 0.247748 0.050320 0.249454 0.057996 0.242204 0.047762 0.229412 0.043498 0.231116 0.040086
1 0.281302 0.891312 0.275496 0.919816 0.262828 0.920344 0.257020 0.917176 0.248574 0.911370 0.246464 0.917704 0.248574 0.927734 0.248574 0.941460 0.251214 0.949378 0.266522 0.959934 0.274440 0.962046 0.267050 0.951488 0.263884 0.947794 0.264938 0.937236 0.265466 0.930374 0.270218 0.927206 0.280774 0.916650 0.280248 0.901868
1 0.597502 0.635130 0.592654 0.642884 0.582962 0.643368 0.566484 0.646760 0.557276 0.649668 0.559698 0.665178 0.571814 0.661300 0.586354 0.657422 0.598956 0.647246 0.611072 0.650638 0.620280 0.660330 0.614948 0.646276 0.603316 0.644338 0.603802 0.638036 0.613980 0.629798 0.617856 0.622528 0.622218 0.633190 0.630458 0.627374 0.638696 0.616228 0.630458 0.625920 0.623188 0.618166 0.618340 0.616712 0.605256 0.625920 0.598470 0.624466
1 0.588778 0.730604 0.580054 0.748536 0.580538 0.758230 0.584900 0.763076 0.591686 0.759198 0.590232 0.768892 0.569392 0.766952 0.565514 0.757260 0.568908 0.742236 0.571330 0.732058 0.575208 0.734966 0.581024 0.733028 0.586354 0.723334
1 0.968914 0.727554 0.951956 0.745140 0.956352 0.754560 0.967658 0.757700 0.958238 0.749536 0.967658 0.738860
1 0.836726 0.924240 0.838560 0.932034 0.846354 0.941662 0.830308 0.935702 0.832600 0.928826
1 0.900278 0.241582 0.891072 0.248816 0.877920 0.240924 0.862136 0.243556 0.854246 0.248158 0.886468 0.247502 0.890414 0.254734 0.898964 0.261312 0.912116 0.263284 0.923954 0.253420 0.912116 0.252104 0.914746 0.244212 0.906856 0.246186 0.908170 0.239610