0 0.094922 0.014782 0.107040 0.016720 0.113824 0.016236 0.113340 0.033198 0.107524 0.048222 0.107040 0.055008 0.102678 0.045314 0.101224 0.029322 0.093468 0.026414
0 0.064390 0.118496 0.075536 0.103472 0.089592 0.092326 0.101224 0.088932 0.108008 0.086994 0.115762 0.086994 0.125940 0.080208 0.124486 0.091840 0.125456 0.100564 0.121094 0.102018 0.103646 0.102988 0.091530 0.105410 0.083292 0.112196 0.071660 0.120434 0.064390 0.129158
0 0.106554 0.106380 0.105100 0.116072 0.100738 0.111226 0.096376 0.108804 0.091046 0.108318 0.090076 0.114618 0.099770 0.118012 0.103162 0.129642 0.106070 0.147090 0.112854 0.157752 0.113340 0.147574 0.113340 0.130128 0.111400 0.122858 0.113824 0.116072 0.112370 0.103956
0 0.117216 0.296362 0.115762 0.328832 0.110432 0.332710 0.108978 0.343856 0.109946 0.357426 0.111400 0.369542 0.106070 0.359366 0.100738 0.345796 0.105100 0.331256 0.106554 0.324470 0.100254 0.331256 0.096862 0.327864 0.096376 0.318656 0.102678 0.317202 0.108492 0.323502 0.110432 0.325924 0.113824 0.310416 0.112854 0.305084 0.112370 0.300238
0 0.119156 0.371482 0.124970 0.375844 0.133694 0.377782 0.141448 0.380690 0.144356 0.382628 0.129332 0.384082 0.127394 0.391352 0.124002 0.403468 0.120610 0.401530 0.118186 0.388928 0.117216 0.392322 0.113340 0.399590 0.110432 0.403468 0.107524 0.410738 0.104616 0.417522 0.102192 0.421884 0.097830 0.414614 0.101224 0.401530 0.108978 0.389898 0.107040 0.388444 0.104616 0.385052 0.106070 0.379236 0.114308 0.379236
0 0.108978 0.462594 0.123032 0.474226 0.126424 0.486828 0.122064 0.501366 0.116732 0.507182 0.112854 0.504760 0.110916 0.497974 0.110916 0.490220 0.109462 0.481496 0.107524 0.474226 0.106070 0.467926
0 0.101708 0.672446 0.118670 0.673900 0.125940 0.675840 0.132726 0.686016 0.133210 0.695226 0.127394 0.694740 0.119156 0.682140 0.113824 0.683110 0.110432 0.692318 0.108492 0.696680 0.106554 0.687956 0.112370 0.679716 0.101224 0.678748
0 0.114308 0.736904 0.121578 0.739328 0.128848 0.738358 0.138542 0.737874 0.132240 0.746114 0.133210 0.758714 0.132240 0.765014 0.125456 0.754836 0.118670 0.756776 0.124002 0.763076 0.124970 0.770830 0.117216 0.765498 0.113340 0.752414 0.116732 0.748536 0.114308 0.743206
0 0.114308 0.848858 0.123516 0.852736 0.126424 0.842074 0.130302 0.847404 0.126424 0.858552 0.131272 0.863398 0.125456 0.864852 0.124486 0.869214 0.111886 0.880360 0.103162 0.889084 0.104132 0.877452 0.114794 0.867274 0.120124 0.857582 0.113824 0.853704
0 0.137572 0.884722 0.126910 0.903624 0.122548 0.918648 0.119640 0.926402 0.114794 0.936094 0.128364 0.926886 0.131272 0.917678 0.129332 0.914770 0.138542 0.909924 0.142902 0.906532 0.142902 0.899262 0.139026 0.890054
0 0.276180 0.001696 0.266972 0.011390 0.263096 0.028836 0.259702 0.046768 0.262610 0.043376 0.270850 0.031744 0.271334 0.023990 0.277150 0.018658 0.284904 0.017204 0.275696 0.027382 0.271818 0.037076 0.279574 0.034168 0.291204 0.022052 0.298474 0.018174 0.287812 0.016720 0.288296 0.006058
0 0.263580 0.099594 0.279574 0.088448 0.290720 0.082632 0.299444 0.078270 0.306228 0.077786 0.311076 0.074878 0.315436 0.068092 0.320284 0.062278 0.324160 0.069062 0.314952 0.081662 0.304774 0.089902 0.294598 0.095718 0.284420 0.101048 0.269880 0.105410 0.266488 0.111710 0.261156 0.110258
0 0.270850 0.141760 0.282966 0.149998 0.290720 0.150968 0.289266 0.143698 0.296536 0.137398 0.304290 0.132550 0.315922 0.133036 0.318830 0.138366 0.300898 0.144182 0.296052 0.154844 0.303320 0.163084 0.310590 0.169868 0.309622 0.179076 0.298958 0.167930 0.294598 0.167930 0.284904 0.170838 0.280058 0.160176 0.276666 0.148060 0.269880 0.147574 0.265518 0.143214
0 0.287328 0.291030 0.294598 0.300238 0.294598 0.305084 0.309622 0.296846 0.321252 0.302178 0.306714 0.309446 0.305260 0.329318 0.303806 0.342888 0.303806 0.352580 0.296536 0.350642 0.290720 0.337072 0.285388 0.305084 0.274726 0.299754 0.277634 0.291030
0 0.258734 0.371482 0.273272 0.375358 0.285874 0.378266 0.293628 0.369542 0.303806 0.368088 0.313984 0.372450 0.315922 0.377298 0.302352 0.385536 0.297020 0.386990 0.291204 0.383598 0.284904 0.384566 0.276180 0.393776 0.262610 0.400560 0.252918 0.405406 0.252918 0.396198 0.271334 0.382144 0.266004 0.380690 0.260188 0.377298
0 0.278604 0.463080 0.290720 0.468410 0.300898 0.472288 0.311076 0.474712 0.305260 0.492644 0.297020 0.484888 0.289266 0.490220 0.278120 0.496036 0.286358 0.483920 0.284904 0.476650 0.280058 0.472772
0 0.235470 0.562432 0.251464 0.558070 0.268910 0.548862 0.283450 0.546438 0.281028 0.540138 0.285874 0.536746 0.289266 0.531414 0.293628 0.544500 0.294598 0.547408 0.299444 0.546438 0.301866 0.545470 0.311560 0.536746 0.311560 0.549832 0.297020 0.555648 0.280542 0.554194 0.268910 0.558554 0.258734 0.564370 0.243224 0.569702 0.236440 0.569218
0 0.253402 0.602658 0.266972 0.602658 0.284904 0.599750 0.272304 0.597326 0.269396 0.591510 0.281996 0.593934 0.295566 0.599266 0.306228 0.595388 0.329008 0.590056 0.317860 0.598296 0.302352 0.605566 0.285388 0.607504 0.269396 0.607988 0.255826 0.608474
0 0.247102 0.677294 0.259218 0.669540 0.290236 0.671962 0.297020 0.678748 0.296536 0.684564 0.286358 0.687470 0.279088 0.680686 0.269396 0.677294 0.256794 0.678262
0 0.253886 0.812994 0.272304 0.820264 0.278120 0.819780 0.271818 0.810572 0.269880 0.805724 0.269880 0.799908 0.280058 0.807664 0.286842 0.818810 0.294112 0.814932 0.300898 0.824626 0.303320 0.834318 0.296052 0.832380 0.282482 0.830442 0.273272 0.827534 0.260672 0.823656 0.250978 0.819780 0.248072 0.812994
0 0.293144 0.835288 0.279574 0.839166 0.271818 0.836258 0.265034 0.833834 0.263096 0.839650 0.254372 0.850796 0.250494 0.856612 0.253402 0.868244 0.260672 0.873576 0.270364 0.872122 0.265034 0.866790 0.258734 0.860490 0.260188 0.858066 0.265518 0.851766 0.272788 0.848858 0.284904 0.845466 0.296052 0.840620 0.300898 0.836742 0.299444 0.832864
0 0.310106 0.894900 0.304290 0.915740 0.301382 0.922524 0.293628 0.919616 0.291204 0.924948 0.293628 0.931732 0.299444 0.927856 0.311076 0.941426 0.322222 0.948696 0.333368 0.955480 0.340154 0.956450 0.331914 0.948210 0.323192 0.936580 0.311560 0.926886 0.310106 0.923494 0.315436 0.912832 0.315922 0.900230 0.316406 0.893930
0 0.318830 0.949664 0.306714 0.961296 0.303320 0.965658 0.295566 0.967112 0.285388 0.970990 0.274726 0.979712 0.272788 0.989890 0.278604 0.989406 0.279574 0.996676 0.283450 0.995222 0.294922 0.998046 0.300898 0.991344 0.294112 0.986982 0.285388 0.984560 0.297020 0.978744 0.304774 0.972928 0.303806 0.981166 0.305260 0.988920 0.307198 0.996676 0.314952 0.994736 0.319798 0.985044 0.323676 0.981652 0.319798 0.978258 0.324160 0.973896 0.330946 0.967112 0.332884 0.964204 0.342092 0.972444 0.338700 0.961780 0.333368 0.956934
0 0.567454 0.006058 0.567938 0.000242 0.578600 0.000242
0 0.569876 0.052100 0.575208 0.058400 0.576176 0.062278 0.569392 0.075362 0.562122 0.080694 0.573268 0.079724 0.580538 0.078756 0.586354 0.078756 0.597016 0.082148 0.600410 0.077302 0.591686 0.071970 0.592170 0.063732 0.594108 0.055492 0.596532 0.047254 0.597016 0.040468 0.588292 0.047254 0.581992 0.039014 0.581992 0.045314
0 0.573754 0.170354 0.564546 0.184892 0.552914 0.185378 0.547582 0.192162 0.545160 0.198462 0.559698 0.187316 0.553882 0.204278 0.549036 0.216880 0.551944 0.224148 0.564060 0.207670 0.569392 0.199432 0.575208 0.192646 0.588292 0.183924 0.594108 0.180046 0.594594 0.172776 0.581992 0.174716
0 0.592654 0.083602 0.582962 0.100080 0.568908 0.096202 0.568908 0.110742 0.570360 0.116072 0.555822 0.123828 0.556306 0.137398 0.561152 0.152906 0.562122 0.145152 0.564546 0.133036 0.567454 0.143698 0.575208 0.136912 0.581024 0.121888 0.590716 0.110742 0.596532 0.098140 0.598956 0.087964 0.598956 0.081662
0 0.563092 0.253228 0.580538 0.252258 0.585870 0.252258 0.593140 0.254198 0.599924 0.245474 0.602832 0.254198 0.587808 0.264860 0.589746 0.274552 0.584900 0.270676 0.579084 0.264374 0.570846 0.263406 0.563576 0.274068 0.565514 0.291030 0.569876 0.302178 0.559214 0.298300 0.554852 0.285700 0.559214 0.265828
0 0.567454 0.403952 0.585386 0.413646 0.597016 0.424792 0.603316 0.442240 0.602832 0.449994 0.594108 0.444664 0.585870 0.427216 0.576176 0.427700 0.571814 0.428186 0.574722 0.420430 0.558244 0.415100 0.555822 0.409284
0 0.556306 0.474226 0.576662 0.478588 0.591200 0.485858 0.601378 0.492158 0.605740 0.504274 0.599924 0.513482 0.587808 0.518330 0.579084 0.517844 0.587324 0.511060 0.590716 0.503306 0.578600 0.509122 0.579570 0.501852 0.587324 0.497004 0.574238 0.493612 0.565030 0.492644 0.552914 0.494582
0 0.587324 0.563886 0.561638 0.571640 0.550490 0.580848 0.566484 0.586664 0.570846 0.583756 0.582478 0.588118 0.590716 0.585696 0.606224 0.591510 0.600410 0.578426 0.592170 0.569702
0 0.598470 0.628828 0.590716 0.641430 0.581024 0.641430 0.570360 0.652092 0.576176 0.655000 0.583446 0.650638 0.580054 0.669054 0.585870 0.675840 0.591686 0.662754 0.602348 0.657908 0.597016 0.652092 0.594108 0.646760 0.608648 0.639490 0.609132 0.633190
0 0.603316 0.690378 0.594594 0.697648 0.584416 0.702010 0.567938 0.711218 0.574722 0.714126 0.581992 0.713158 0.581508 0.723334 0.581024 0.731090 0.583932 0.742236 0.590232 0.749506 0.595078 0.731090 0.597016 0.718488 0.601378 0.713158 0.605740 0.711218 0.610102 0.702010 0.605256 0.703464 0.602348 0.702010 0.607678 0.696680 0.610102 0.691348
0 0.591686 0.774708 0.603316 0.787308 0.604286 0.797486 0.607194 0.806694 0.610586 0.811540 0.621248 0.810572 0.633364 0.797002 0.638212 0.793124 0.634334 0.806210 0.623188 0.816872 0.612040 0.820264 0.600894 0.811056 0.595078 0.806210 0.591200 0.797486 0.589746 0.787308
0 0.593140 0.870182 0.588292 0.876968 0.579570 0.882784 0.579084 0.891992 0.592654 0.886176 0.596048 0.894900 0.589746 0.903624 0.585386 0.910892 0.579084 0.918648 0.586838 0.925432 0.597502 0.935610 0.609132 0.938034 0.606224 0.931732 0.597502 0.924948 0.591686 0.919616 0.591200 0.911378 0.597986 0.900230 0.600894 0.889568 0.598956 0.886660 0.596532 0.878422 0.599440 0.873090
1 0.605740 0.886176 0.621734 0.883268 0.630458 0.907016 0.631426 0.915740 0.621734 0.928824 0.613494 0.929794 0.602348 0.925432 0.597986 0.920102 0.593624 0.909438 0.597986 0.897808
0 0.601378 0.968082 0.596048 0.979712 0.592170 0.983106 0.597656 0.998046 0.613010 0.991344 0.610586 0.976804 0.611072 0.964204
0 0.750164 0.070032 0.743380 0.081178 0.746772 0.096686 0.757434 0.103472 0.761312 0.107350 0.764220 0.122374 0.770036 0.129158 0.772458 0.112680 0.770036 0.092326 0.767612 0.081662 0.773428 0.074394 0.777304 0.066638 0.771490 0.066638 0.762280 0.070516 0.759374 0.077302 0.753072 0.086024 0.756950 0.096202 0.751134 0.091840 0.749680 0.084086 0.755496 0.074394 0.755980 0.070516
0 0.750650 0.204278 0.757920 0.202340 0.763250 0.193616 0.768096 0.200402 0.773428 0.203794 0.766158 0.209124 0.773428 0.215910 0.774398 0.222696 0.754526 0.219302 0.735140 0.231904 0.727872 0.242566 0.726418 0.250804 0.726418 0.259044 0.722056 0.260982 0.722056 0.245474 0.730294 0.232388 0.732232 0.219788 0.739018 0.211064 0.743380 0.204764
0 0.743380 0.349672 0.748226 0.362758 0.745802 0.371482 0.736594 0.380206 0.719632 0.389414 0.715270 0.408800 0.714786 0.421400 0.723024 0.433516 0.730778 0.420916 0.724478 0.415584 0.723024 0.408800 0.730778 0.401530 0.749680 0.386990 0.755980 0.370028 0.759858 0.361788 0.770036 0.364212 0.784090 0.373904 0.789422 0.383598 0.792814 0.390868 0.791360 0.373420 0.781666 0.365666 0.778758 0.360334 0.781182 0.355488 0.789422 0.352580 0.788452 0.345310 0.778758 0.349188 0.767128 0.353550 0.762766 0.355004 0.752588 0.349188
0 0.760342 0.414614 0.751134 0.434000 0.744350 0.444664 0.736594 0.462594 0.736110 0.468896 0.737080 0.472772 0.747256 0.459202 0.755980 0.444664 0.760828 0.433032 0.757434 0.452418 0.757434 0.456780 0.767612 0.437878 0.772944 0.426732 0.772944 0.413646 0.769066 0.405892
0 0.750164 0.518330 0.744350 0.527538 0.739988 0.538684 0.742896 0.549832 0.747256 0.541592 0.750164 0.529960 0.754526 0.527538 0.758404 0.529476 0.763734 0.532868 0.773428 0.534808 0.775366 0.531414 0.768096 0.526568 0.763250 0.519784
0 0.763734 0.579880 0.777304 0.584242 0.787482 0.588118 0.792330 0.591026 0.793782 0.600720 0.792330 0.610896 0.788452 0.616712 0.786028 0.607988 0.785544 0.600720 0.775366 0.593934 0.768096 0.592964 0.760828 0.594418 0.757434 0.590056
0 0.756466 0.635614 0.766158 0.644822 0.770036 0.649184 0.778758 0.650154 0.784090 0.659846 0.778758 0.667600 0.772944 0.671962 0.760342 0.677294 0.751134 0.675840 0.747256 0.661300 0.747256 0.647246 0.747742 0.639006 0.751618 0.636098
0 0.764704 0.737874 0.757920 0.749990 0.755980 0.759198 0.754526 0.768406 0.760828 0.753868 0.763250 0.757260 0.764220 0.777130 0.769066 0.778584 0.769066 0.786824 0.771974 0.793124 0.775852 0.779554 0.776820 0.767438 0.778758 0.760168 0.778274 0.749990 0.774882 0.747082 0.773428 0.741752 0.772944 0.733512
0 0.754526 0.813478 0.746772 0.823172 0.750164 0.834804 0.754042 0.826080 0.757920 0.822202 0.759374 0.828988 0.762280 0.823172 0.769066 0.830442 0.775366 0.830926 0.773428 0.821234 0.782636 0.824142 0.795722 0.828988 0.805414 0.838196 0.801538 0.827534 0.792330 0.818810 0.791844 0.815418 0.791844 0.808632 0.782636 0.810086 0.774398 0.814932 0.770520 0.816386 0.765188 0.811056 0.761796 0.811540 0.760342 0.814448
0 0.744834 0.891508 0.764220 0.887146 0.769066 0.883752 0.769066 0.872122 0.777304 0.882784 0.787968 0.876484 0.786514 0.883752 0.784090 0.888600 0.793298 0.889568 0.793298 0.892960 0.792330 0.896838 0.779728 0.896838 0.773428 0.896838 0.763734 0.902170 0.758404 0.909438 0.746772 0.919132 0.736594 0.923494 0.727872 0.926886 0.725448 0.923010 0.735626 0.918648 0.745802 0.912832 0.752588 0.904108 0.756950 0.895868 0.748226 0.895868 0.740472 0.896838
0 0.753558 0.952088 0.761312 0.942880 0.774398 0.933672 0.784090 0.929310 0.783120 0.938518 0.781182 0.947726 0.784090 0.951604 0.799114 0.952088 0.803476 0.952088 0.793298 0.961780 0.784574 0.965174 0.783120 0.975836 0.777790 0.979712 0.772944 0.984074 0.766158 0.988920 0.761312 0.993282 0.757920 0.987952 0.762766 0.979712 0.764704 0.975836 0.769550 0.970990 0.775366 0.964688 0.772944 0.956450 0.772944 0.949180 0.772944 0.944818 0.759858 0.953542
0 0.958562 0.006542 0.972618 0.009936 0.970678 0.015266 0.979402 0.034168 0.979888 0.047738 0.973102 0.037560 0.967772 0.025444 0.959532 0.016720 0.949354 0.012844 0.930938 0.009936
0 0.937722 0.066154 0.948870 0.071486 0.953716 0.071000 0.956624 0.062762 0.959048 0.058400 0.965348 0.071000 0.965348 0.084086 0.973102 0.093780 0.978918 0.104442 0.980856 0.116072 0.970678 0.101534 0.960986 0.094748 0.950808 0.090386 0.947900 0.084570 0.942084 0.077786 0.935784 0.075362
0 0.934330 0.159206 0.941600 0.165506 0.944508 0.167930 0.953716 0.168414 0.963410 0.168900 0.971164 0.169384 0.979888 0.169868 0.975040 0.175684 0.964864 0.176654 0.969224 0.180530 0.958562 0.180046 0.950324 0.173262 0.949354 0.178108 0.956624 0.185378 0.950324 0.187800 0.947416 0.182470 0.939662 0.185378 0.935300 0.187800 0.931422 0.186346 0.932392 0.178108 0.930938 0.170838 0.928514 0.163084
0 0.954686 0.227542 0.941600 0.243534 0.941600 0.253228 0.954200 0.243050 0.959048 0.238688 0.971164 0.239172 0.975526 0.232872 0.977948 0.227542 0.978918 0.222210 0.971648 0.224148 0.971164 0.229480
0 0.956624 0.310416 0.969224 0.302662 0.975526 0.294908 0.985702 0.295392 0.993458 0.294422 0.996366 0.307024 0.985702 0.309932 0.979402 0.314294 0.969224 0.312840 0.960502 0.318656 0.952746 0.317686
0 0.937722 0.407830 0.946446 0.391352 0.961956 0.384566 0.978918 0.382144 0.985218 0.389898 0.979888 0.392806 0.986188 0.398138 0.987156 0.410738 0.985702 0.425762 0.980372 0.434970 0.978918 0.417522 0.981342 0.406860 0.973586 0.401530 0.969710 0.414130 0.966318 0.419946 0.963894 0.417038 0.967286 0.396684 0.955654 0.397652 0.946446 0.402498
0 0.937238 0.452902 0.957594 0.459688 0.969224 0.467442 0.982796 0.466472 0.992972 0.470834 0.972618 0.479072 0.974556 0.491674 0.970678 0.505244 0.961470 0.480042 0.961956 0.473258 0.944508 0.464534 0.933846 0.462594
0 0.944024 0.518330 0.938208 0.529476 0.938208 0.534808 0.945962 0.534322 0.959532 0.529476 0.966318 0.528992 0.970678 0.531900 0.976980 0.539170 0.987642 0.545470 0.985218 0.538200 0.978434 0.529476 0.975526 0.516876 0.971648 0.509122 0.964864 0.507668 0.967772 0.517360 0.966802 0.524146 0.959532 0.521722 0.954686 0.517844
0 0.958562 0.605566 0.947416 0.624952 0.947416 0.633676 0.957594 0.639976 0.964864 0.644338 0.963410 0.631252 0.960016 0.629314 0.968740 0.624466 0.984248 0.626890 0.993458 0.630282 0.991034 0.621074 0.983280 0.615258 0.974072 0.614774 0.971648 0.616228 0.964864 0.617198 0.968256 0.607988
0 0.963410 0.689410 0.963894 0.680686 0.969710 0.676324 0.982310 0.669540 0.992004 0.659846 0.992488 0.676324 0.986672 0.678262 0.977464 0.691348 0.970678 0.696680 0.960986 0.698134
0 0.989096 0.825596 0.977464 0.844496 0.966318 0.864852 0.971648 0.873090 0.975526 0.876484 0.984734 0.857582 0.987156 0.850796 0.995396 0.847404 0.992488 0.840134 0.997820 0.830926 0.995396 0.822688
0 0.976010 0.884238 0.977464 0.907986 0.976494 0.914770 0.973586 0.930278 0.973586 0.935126 0.989096 0.923494 0.994426 0.907016 0.988126 0.889568 0.981826 0.882784
2 0.008172 0.868244 0.017864 0.863882 0.029496 0.880360 0.013502 0.895868
1 0.066814 0.825596 0.075052 0.822202 0.089108 0.821234 0.091530 0.835772 0.074084 0.830442
1 0.252918 0.633190 0.262126 0.626406 0.281512 0.637552 0.287812 0.654514 0.269880 0.659362 0.261642 0.646760 0.260672 0.642884 0.249040 0.650638 0.245164 0.637552
1 0.268426 0.731574 0.281996 0.732544 0.291204 0.740298 0.283934 0.748536 0.274726 0.744660
1 0.021256 0.077786 0.032404 0.075362 0.036280 0.087478 0.020772 0.097656 0.016894 0.089418 0.016410 0.078756
1 0.038220 0.205732 0.056152 0.207670 0.067782 0.212032 0.071176 0.215426 0.068752 0.225118 0.062936 0.232872 0.050820 0.235780 0.041128 0.231904 0.034826 0.226088 0.031918 0.215426
1 0.153080 0.243534 0.163258 0.242080 0.168104 0.237720 0.172950 0.233842 0.176344 0.233842 0.176344 0.239658 0.173920 0.244988 0.173920 0.252258 0.157926 0.251774 0.155504 0.248866
1 0.231594 0.807664 0.231108 0.797486 0.238378 0.792640 0.243710 0.795062 0.246132 0.799424 0.243224 0.808632 0.239832 0.811540
1 0.487972 0.186346 0.494756 0.184408 0.502996 0.196524 0.512688 0.207670 0.511718 0.213972 0.500088 0.218818 0.492332 0.212518 0.485548 0.194586 0.487002 0.192162
1 0.533044 0.178108 0.527228 0.184892 0.526258 0.195554 0.533528 0.199432 0.533528 0.193132 0.534982 0.190224 0.539828 0.188286 0.541766 0.185862 0.540798 0.182470
1 0.503964 0.355004 0.501542 0.363728 0.500088 0.368088 0.496210 0.377782 0.506388 0.370996 0.512688 0.370996 0.520928 0.371482 0.508810 0.364212 0.508326 0.360334
1 0.532074 0.953542 0.533528 0.968082 0.541282 0.974866 0.545160 0.977774 0.543706 0.966628 0.541766 0.956450 0.541766 0.950634
1 0.704608 0.041922 0.707516 0.052584 0.706546 0.059370 0.709940 0.058400 0.718178 0.058400 0.723510 0.052584 0.712362 0.049192 0.713816 0.041922
1 0.639180 0.103472 0.647420 0.101534 0.654690 0.103956 0.652266 0.118496 0.643058 0.119466 0.637242 0.113164
1 0.591200 0.276490 0.591686 0.292968 0.613494 0.293938 0.621248 0.290546 0.609132 0.281338 0.597502 0.279884
1 0.735626 0.281822 0.746288 0.290060 0.734656 0.293938 0.736110 0.296846 0.749196 0.296846 0.756466 0.295876 0.764220 0.296846 0.774882 0.306538 0.777304 0.313808 0.779728 0.304116 0.773428 0.294908 0.771004 0.290546 0.763250 0.289092 0.751134 0.288606
1 0.537406 0.427216 0.547582 0.422370 0.550490 0.430608 0.543220 0.442240 0.536920 0.445632 0.525288 0.444178 0.524320 0.438362 0.528196 0.433032 0.531104 0.428670
1 0.627550 0.581818 0.639666 0.578426 0.654690 0.587634 0.643542 0.599750 0.630458 0.599750 0.624156 0.590542
1 0.697338 0.505728 0.706546 0.500398 0.715754 0.497490 0.717208 0.503790 0.713332 0.508152 0.718662 0.516876 0.717208 0.522206 0.711878 0.516390 0.710424 0.511060 0.704608 0.509122
1 0.694916 0.582302 0.684738 0.583756 0.683768 0.591996 0.691038 0.604596 0.693946 0.594904 0.691522 0.590542 0.692492 0.588118 0.696370 0.592964 0.709454 0.594418 0.708970 0.591510 0.703154 0.586180 0.702184 0.579394 0.699762 0.579394
1 0.606710 0.727212 0.595078 0.735936 0.596532 0.753868 0.618340 0.751928 0.621734 0.739328 0.613980 0.728666
1 0.686676 0.737390 0.689584 0.755806 0.689100 0.766952 0.689100 0.769860 0.694916 0.762106 0.699276 0.758714 0.709940 0.758230 0.705578 0.754352 0.707032 0.749990 0.710424 0.739328 0.706546 0.732058 0.700730 0.729150 0.690554 0.730120
1 0.721086 0.893446 0.725448 0.901684 0.721570 0.909924 0.720116 0.918648 0.723024 0.920102 0.729810 0.906532 0.735626 0.892960 0.735626 0.889084 0.731264 0.894900
1 0.800084 0.537230 0.806868 0.529960 0.812200 0.529476 0.818500 0.533354 0.819470 0.544016 0.811230 0.552254 0.805414 0.555162 0.801538 0.542562
1 0.913976 0.372450 0.919792 0.366150 0.928030 0.370996 0.933846 0.369542 0.928030 0.375358 0.928030 0.382144 0.931908 0.397652 0.921730 0.386020
1 0.935300 0.415100 0.943054 0.407346 0.954200 0.403952 0.958078 0.410738 0.955170 0.424308 0.950808 0.433516 0.943054 0.431092
1 0.752588 0.457748 0.763734 0.455326 0.771004 0.450478 0.776336 0.455810 0.774882 0.465018 0.756466 0.472772 0.746288 0.469380 0.745802 0.460656
1 0.852426 0.795548 0.861148 0.792640 0.876658 0.793124 0.892650 0.795062 0.904282 0.802816 0.898952 0.821718 0.895074 0.830926 0.882958 0.823656 0.876172 0.812510 0.872780 0.822202 0.867450 0.811056 0.858240 0.805724
1 0.917852 0.853704 0.906220 0.867760 0.904766 0.875998 0.893620 0.875998 0.893136 0.891992 0.893136 0.904108 0.892650 0.914286 0.904282 0.904108 0.912522 0.901200 0.917368 0.901684 0.928030 0.896838 0.929968 0.874060 0.929484 0.861458 0.928030 0.854674 0.921730 0.849342
1 0.948870 0.661300 0.939176 0.673416 0.939662 0.682140 0.952262 0.681170 0.960502 0.675354 0.948386 0.674870 0.946446 0.670508
1 0.907320 0.460784 0.910662 0.452666 0.920690 0.451712 0.926898 0.457920 0.924034 0.462218 0.913050 0.463650
1 0.566358 0.531460 0.570656 0.523820 0.580208 0.521910 0.590712 0.520000 0.598354 0.527162 0.607426 0.533370 0.608382 0.540534 0.593100 0.546742 0.584982 0.546742 0.572088 0.543398
1 0.632736 0.520000 0.641332 0.503286 0.645152 0.498032 0.653270 0.496122 0.663298 0.502330 0.657568 0.511882 0.646108 0.525252 0.640376 0.527640
1 0.771112 0.233278 0.775940 0.248200 0.778572 0.252590 0.787790 0.252150 0.797006 0.251712 0.800080 0.251272 0.797446 0.242494 0.799202 0.235912 0.799640 0.225816 0.797884 0.220988 0.793056 0.229766 0.792618 0.237228 0.790862 0.245128 0.783840 0.247762 0.786034 0.242056 0.782522 0.240300 0.779012 0.231522 0.777694 0.229328