0 0.122460 0.316016 0.118946 0.308984 0.113632 0.330072 0.099202 0.332650 0.095080 0.342956 0.090956 0.356356 0.082196 0.370784 0.070858 0.378000 0.070344 0.382638 0.081166 0.378000 0.086834 0.370784 0.099202 0.357902 0.108478 0.335226 0.113632 0.343472 0.114148 0.354810 0.112602 0.361508 0.102294 0.367178 0.097656 0.377484 0.102810 0.391914 0.110024 0.403766 0.109508 0.383668 0.108994 0.374392 0.116208 0.369754 0.126516 0.372330 0.129092 0.378514 0.124454 0.383152 0.113116 0.385730 0.114662 0.388306 0.128062 0.386244 0.132700 0.381606 0.150736 0.380060 0.146098 0.374392 0.140234 0.371094 0.122392 0.370270 0.126516 0.362024 0.149190 0.363570 0.161558 0.360478 0.171864 0.353778 0.186914 0.338672 0.184374 0.336718 0.173828 0.344336 0.166712 0.349656 0.150220 0.348110 0.146484 0.348632 0.138884 0.354294 0.132700 0.357902 0.121362 0.363570 0.119816 0.366662 0.128062 0.350172 0.129688 0.342968 0.126172 0.336132 0.124414 0.322070
0 0.119300 0.526416 0.113632 0.536208 0.115694 0.550636 0.117240 0.566612 0.123938 0.575374 0.123424 0.582588 0.120332 0.588256 0.106416 0.592894 0.112086 0.594440 0.112602 0.600624 0.108994 0.618146 0.110540 0.631544 0.130122 0.641852 0.158466 0.642882 0.149706 0.639790 0.123938 0.633606 0.113116 0.628452 0.117754 0.620722 0.121362 0.601656 0.123938 0.593410 0.134760 0.593410 0.157436 0.600110 0.172896 0.602170 0.166196 0.599078 0.149190 0.590834 0.144922 0.586524 0.133214 0.584134 0.134246 0.567128 0.127546 0.556820 0.126000 0.538784 0.123424 0.531570
0 0.108994 0.668134 0.108994 0.680502 0.113116 0.690294 0.116208 0.696478 0.111570 0.701116 0.096110 0.700084 0.080134 0.704208 0.066736 0.713484 0.061714 0.722084 0.082712 0.710906 0.101264 0.709360 0.116724 0.714514 0.125484 0.720182 0.134246 0.732550 0.144036 0.738220 0.143006 0.732036 0.159496 0.735642 0.162588 0.732036 0.171864 0.743372 0.182172 0.769654 0.184570 0.778320 0.189442 0.783120 0.186810 0.763986 0.178048 0.739250 0.171350 0.732550 0.157950 0.726366 0.141602 0.715624 0.132700 0.716060 0.121362 0.690808 0.120332 0.676894 0.114662 0.670196
0 0.096710 0.980942 0.102036 0.973248 0.119792 0.967922 0.124526 0.974432 0.122160 0.986860 0.121094 0.998046 0.136718 0.998046 0.139914 0.980942 0.151752 0.982126 0.183120 0.991004 0.176018 0.980942 0.162406 0.975616 0.141098 0.974432 0.138140 0.965554 0.133404 0.967330 0.130446 0.952534 0.126302 0.952534 0.116240 0.956676 0.102036 0.960820 0.095526 0.969696
1 0.186074 0.180268 0.180796 0.182908 0.173934 0.176046 0.162320 0.183436 0.153874 0.190826 0.158626 0.201384 0.165488 0.211940 0.176046 0.219858 0.185020 0.220914 0.202966 0.213524 0.201910 0.197688 0.196632 0.191882
1 0.148596 0.205078 0.139622 0.225138 0.134872 0.238334 0.149124 0.238334 0.154402 0.255226 0.149124 0.267894 0.144900 0.268950 0.143318 0.282148 0.125898 0.274230 0.124314 0.281092 0.107422 0.276868 0.109006 0.258922 0.097392 0.263672 0.095280 0.256282 0.107422 0.250476 0.104782 0.239390 0.116924 0.233056 0.113756 0.224610 0.108478 0.214052 0.115868 0.223026 0.121674 0.224610 0.134872 0.202966 0.141206 0.202438 0.149652 0.195576
1 0.044078 0.212996 0.036688 0.235694 0.022434 0.240974 0.017156 0.246252 0.015572 0.258394 0.012404 0.274230 0.020324 0.281092 0.028242 0.282676 0.031936 0.289010 0.034048 0.292176 0.038798 0.280036 0.044606 0.291122 0.048300 0.289538 0.050412 0.282676 0.063608 0.275286 0.072054 0.263672 0.073110 0.257866 0.056218 0.257338 0.063080 0.256282 0.085252 0.255226 0.080500 0.247308 0.053052 0.250476 0.055690 0.241502 0.072054 0.243612 0.063608 0.237806 0.056218 0.237806 0.072054 0.218802 0.063608 0.225138 0.049356 0.233584 0.045976 0.230528 0.045322 0.221398
1 0.001258 0.200162 0.006196 0.226204 0.016074 0.227102 0.027748 0.222612 0.033136 0.218122 0.040768 0.206896 0.030442 0.191630 0.020564 0.191182 0.006646 0.193426
1 0.141856 0.677020 0.132812 0.687304 0.132960 0.691844 0.126660 0.693696 0.130366 0.696290 0.136666 0.701480 0.152974 0.702962 0.139062 0.694336 0.144140 0.682618
1 0.088858 0.572878 0.084410 0.581772 0.078110 0.584736 0.071068 0.592890 0.072550 0.596966 0.084782 0.590296 0.088858 0.581772 0.099976 0.584366 0.119618 0.584736 0.113318 0.578436 0.100718 0.577324 0.092564 0.578066
1 0.227344 0.344532 0.214192 0.359626 0.203470 0.361958 0.197410 0.364288 0.193214 0.370814 0.186222 0.370814 0.186222 0.362890 0.183892 0.361026 0.176900 0.363822 0.178298 0.375010 0.182028 0.375942 0.191350 0.375942 0.206266 0.368484 0.216988 0.364754 0.226368 0.375000 0.230664 0.374804 0.232032 0.369140 0.223980 0.365220 0.221650 0.359626 0.225378 0.351702
0 0.380288 0.001970 0.374334 0.013878 0.372746 0.025590 0.373738 0.042064 0.378104 0.049010 0.375920 0.041270 0.376318 0.018840 0.382472 0.006732 0.386838 0.001374 0.393388 0.004946 0.406290 0.006138 0.412642 0.000382
0 0.399294 0.127234 0.405668 0.118054 0.406434 0.110916 0.401080 0.102246 0.394450 0.102500 0.389350 0.099442 0.389860 0.091026 0.393430 0.089752 0.398784 0.091536 0.403086 0.083446 0.408984 0.085672 0.412044 0.092556 0.416122 0.094852 0.416888 0.099442 0.411024 0.099442 0.413318 0.103776 0.421222 0.101736 0.427596 0.094596 0.433206 0.096636 0.438306 0.098932 0.447484 0.099952 0.448760 0.105816 0.464058 0.107346 0.472728 0.111680 0.471962 0.120860 0.470688 0.132334 0.468648 0.130038 0.469412 0.117544 0.465078 0.114994 0.455644 0.114230 0.455390 0.118564 0.461508 0.127744 0.458194 0.133098 0.456154 0.140748 0.449780 0.147632 0.448504 0.151712 0.447740 0.156046 0.439326 0.160126 0.428616 0.161910 0.436520 0.156300 0.441366 0.154262 0.445190 0.149926 0.447460 0.136132 0.445898 0.125586 0.439258 0.125196 0.436718 0.118750 0.430468 0.115820 0.429296 0.117578 0.425586 0.111132 0.421094 0.108594 0.414648 0.109376 0.412696 0.109960 0.412304 0.117578 0.411328 0.120898 0.408594 0.124024 0.403516 0.125782
0 0.339844 0.239844 0.347656 0.227930 0.353516 0.221680 0.365626 0.221094 0.378320 0.222656 0.379492 0.225586 0.393750 0.224610 0.401172 0.233008 0.402540 0.249218 0.403906 0.255664 0.406054 0.257618 0.412110 0.260546 0.407226 0.251368 0.406836 0.236914 0.409570 0.234766 0.415430 0.236718 0.418164 0.246680 0.420704 0.257812 0.424218 0.261524 0.426562 0.258984 0.426758 0.246680 0.426758 0.240040 0.430078 0.244922 0.435938 0.247266 0.437890 0.249218 0.434960 0.257618 0.428906 0.264844 0.422070 0.269922 0.414062 0.274804 0.394726 0.289648 0.395118 0.293360 0.400586 0.292188 0.419726 0.282812 0.437110 0.264258 0.443750 0.246290 0.437696 0.236132 0.431640 0.234766 0.428126 0.230860 0.425782 0.224024 0.422266 0.223828 0.419336 0.229688 0.415430 0.232618 0.418360 0.223828 0.418164 0.219336 0.410156 0.213282 0.404492 0.211718 0.395898 0.214258 0.387304 0.210546 0.378906 0.210546 0.355860 0.213672 0.343946 0.222266 0.340040 0.228906 0.337304 0.234376 0.337696 0.239258
0 0.406250 0.264696 0.405864 0.277460 0.406636 0.294090 0.408570 0.302986 0.408570 0.318070 0.393874 0.316910 0.376856 0.324258 0.367188 0.334700 0.361508 0.346704 0.368734 0.345142 0.376922 0.356642 0.381588 0.344472 0.377630 0.330446 0.395034 0.328124 0.406636 0.326964 0.413598 0.326964 0.428296 0.333152 0.427134 0.337408 0.413986 0.343208 0.395034 0.348236 0.385752 0.352490 0.386526 0.362160 0.392714 0.366800 0.398514 0.354812 0.408958 0.354038 0.430616 0.343982 0.443766 0.334314 0.445312 0.326964 0.442992 0.322324 0.439898 0.319616 0.448406 0.318456 0.451888 0.313428 0.448406 0.311494 0.440672 0.314202 0.427134 0.316136 0.418240 0.315748 0.417466 0.291384 0.418240 0.284808 0.413598 0.270498
0 0.471044 0.429450 0.450634 0.440558 0.435392 0.447534 0.421958 0.453734 0.401806 0.462002 0.393540 0.471560 0.392506 0.476986 0.395606 0.480604 0.402324 0.474402 0.408006 0.470528 0.413432 0.470270 0.418340 0.462518 0.424800 0.456834 0.426608 0.461744 0.433326 0.466394 0.430224 0.468460 0.425832 0.472336 0.428934 0.474920 0.435650 0.471820 0.435392 0.475952 0.434876 0.483704 0.440042 0.480604 0.445210 0.476212 0.446242 0.468978 0.442884 0.465360 0.444176 0.461744 0.452960 0.462776 0.464586 0.466652 0.468718 0.469752 0.466652 0.475952 0.462518 0.479052 0.454510 0.482412 0.456318 0.482928 0.460710 0.483704 0.470786 0.480344 0.476212 0.476986 0.477762 0.467168 0.474662 0.459160 0.470010 0.453476 0.456576 0.453734 0.447018 0.453476 0.454510 0.449084 0.464328 0.444176 0.471560 0.438750 0.473886 0.432808
0 0.392742 0.556212 0.393540 0.553458 0.398190 0.548032 0.409816 0.548032 0.418600 0.551132 0.420666 0.555782 0.419890 0.561724 0.429192 0.561466 0.426866 0.568184 0.420150 0.569992 0.417308 0.573868 0.417050 0.576968 0.421440 0.582134 0.420150 0.593244 0.415240 0.603836 0.409040 0.611844 0.398964 0.618304 0.392248 0.621404 0.384496 0.622954 0.391990 0.618046 0.403098 0.610812 0.401464 0.609148 0.406736 0.604686 0.408562 0.600426 0.412822 0.590894 0.415498 0.584460 0.409556 0.578518 0.405424 0.579034 0.374422 0.589368 0.377522 0.609262 0.378038 0.616496 0.373904 0.615720 0.371650 0.606916 0.369824 0.599412 0.368996 0.586526 0.358264 0.579740 0.357370 0.574642 0.352462 0.573610 0.353754 0.570768 0.360212 0.572576 0.367188 0.582910 0.373130 0.585494 0.384022 0.577306 0.389092 0.575886 0.399436 0.574466 0.409816 0.573350 0.412916 0.575934 0.412140 0.563276 0.403874 0.555008 0.402064 0.554492
0 0.477690 0.715370 0.456930 0.727232 0.441254 0.733586 0.434052 0.739518 0.431086 0.733586 0.427696 0.728502 0.419646 0.729774 0.405666 0.734010 0.395074 0.738672 0.392108 0.741214 0.392956 0.743756 0.403124 0.743756 0.412020 0.741636 0.411596 0.749262 0.409478 0.758160 0.406090 0.764938 0.398886 0.772988 0.392956 0.779768 0.387448 0.788240 0.398040 0.782310 0.404394 0.781886 0.419222 0.780190 0.435746 0.774260 0.445490 0.765786 0.451846 0.757736 0.450574 0.747992 0.464132 0.745874 0.459472 0.742060 0.449304 0.740790 0.443796 0.739942 0.451422 0.734434 0.461590 0.732740 0.476842 0.725538 0.479808 0.720454
0 0.477690 0.784852 0.466674 0.795866 0.461166 0.800950 0.446338 0.809424 0.429814 0.820864 0.418800 0.819168 0.407784 0.821710 0.388294 0.826794 0.379398 0.837386 0.373466 0.845860 0.372618 0.855604 0.376856 0.871280 0.379822 0.879754 0.378550 0.862384 0.377704 0.845436 0.385330 0.837386 0.407360 0.827218 0.423884 0.826372 0.429390 0.830608 0.439136 0.835268 0.453540 0.840776 0.470064 0.845436 0.478536 0.849250 0.488282 0.852638 0.494636 0.867044 0.503534 0.883990 0.502262 0.873398 0.488282 0.847130 0.478960 0.842470 0.477944 0.835818 0.468368 0.831456 0.468118 0.828970 0.460378 0.824802 0.459782 0.823910 0.455912 0.823314 0.441678 0.820016 0.450574 0.817050 0.464556 0.805612 0.472182 0.796714
0 0.466854 0.944422 0.452432 0.959256 0.444192 0.965438 0.436774 0.970382 0.425650 0.969970 0.418644 0.971206 0.409992 0.976150 0.410816 0.981920 0.401338 0.982744 0.395982 0.987276 0.400926 0.988924 0.419468 0.990160 0.431640 0.998046 0.428122 0.985628 0.439248 0.978210 0.447900 0.978210 0.440896 0.983568 0.436362 0.990984 0.444192 0.988924 0.456142 0.983568 0.454080 0.974090 0.463146 0.963788 0.471388 0.953488 0.482708 0.954614 0.474668 0.939430
0 0.942640 0.014008 0.911264 0.019958 0.900702 0.017602 0.895376 0.021896 0.896152 0.029258 0.879100 0.037008 0.876774 0.054060 0.881426 0.071498 0.891500 0.081574 0.898864 0.092812 0.899638 0.081186 0.893050 0.071110 0.884912 0.061036 0.884912 0.044372 0.888014 0.037784 0.896152 0.035846 0.896152 0.046696 0.902800 0.052650 0.909090 0.053848 0.917178 0.057444 0.923278 0.058710 0.923666 0.067624 0.920566 0.074986 0.913590 0.083900 0.903126 0.090100 0.891114 0.093588 0.891888 0.097074 0.900414 0.095524 0.907776 0.093588 0.920566 0.081962 0.926378 0.073048 0.931804 0.061810 0.925990 0.055610 0.925866 0.050554 0.908164 0.045922 0.905064 0.040884 0.907390 0.032358 0.917852 0.028870 0.930254 0.022670
0 0.894602 0.136990 0.907776 0.137378 0.919016 0.140090 0.921728 0.142416 0.917852 0.151716 0.910878 0.157916 0.906614 0.160630 0.895376 0.158304 0.885688 0.158304 0.881426 0.163730 0.879488 0.168380 0.882588 0.178456 0.886462 0.184656 0.899638 0.181942 0.910878 0.179618 0.910102 0.176130 0.899252 0.178842 0.891114 0.179230 0.890726 0.171868 0.894988 0.166442 0.910102 0.166054 0.923666 0.164892 0.934516 0.164892 0.946916 0.173418 0.948466 0.185818 0.948854 0.195894 0.952342 0.201706 0.959318 0.204806 0.961512 0.202430 0.967068 0.199382 0.958930 0.187368 0.954280 0.168380 0.953504 0.163730 0.946142 0.161016 0.932966 0.159854 0.937616 0.153266 0.932190 0.138540 0.927540 0.132728 0.922116 0.129628 0.913202 0.131564 0.903902 0.134278
0 0.905064 0.278050 0.895376 0.297812 0.901188 0.306338 0.900414 0.315252 0.900414 0.328814 0.905840 0.332302 0.915914 0.331140 0.923278 0.323776 0.940328 0.326490 0.951954 0.316026 0.956992 0.307114 0.955442 0.287738 0.951954 0.288512 0.949242 0.301688 0.945366 0.313702 0.939346 0.318060 0.940328 0.323390 0.925602 0.322614 0.925602 0.314476 0.919790 0.303626 0.921340 0.298976 0.931416 0.295488 0.937228 0.304400 0.941104 0.310602 0.943042 0.303238 0.941492 0.288900 0.947304 0.280374 0.941492 0.281536 0.932966 0.281536 0.927928 0.272624 0.925266 0.267734 0.917852 0.281150 0.915980 0.283012 0.915140 0.292774 0.909326 0.288900 0.910490 0.278050
0 0.893994 0.396946 0.893586 0.408770 0.893586 0.425080 0.891954 0.438128 0.890324 0.457292 0.895624 0.454438 0.900924 0.436496 0.901332 0.425488 0.910304 0.426304 0.916828 0.429566 0.918458 0.434866 0.926206 0.439758 0.926764 0.460950 0.933952 0.456884 0.942924 0.459330 0.949854 0.465448 0.949854 0.479310 0.951078 0.489504 0.954340 0.502960 0.945778 0.497660 0.943738 0.509076 0.950262 0.527834 0.956786 0.538026 0.958826 0.534764 0.958826 0.520086 0.954748 0.516008 0.955564 0.507854 0.960048 0.498882 0.960048 0.476048 0.957602 0.461370 0.947000 0.439758 0.929468 0.431196 0.922128 0.423856 0.930282 0.418556 0.943330 0.412032 0.955972 0.403062 0.962088 0.388790 0.958826 0.387566 0.951486 0.392052 0.942108 0.403876 0.931098 0.409586 0.920904 0.415294 0.917234 0.416110 0.911118 0.410808 0.909896 0.400208 0.904296 0.395946 0.897662 0.391644 0.895216 0.387974
0 0.932322 0.527426 0.916828 0.535988 0.907042 0.540066 0.909080 0.546590 0.921312 0.545366 0.923352 0.552298 0.922944 0.560046 0.916828 0.569016 0.913972 0.574316 0.904186 0.580840 0.898070 0.583694 0.894400 0.591034 0.904594 0.588180 0.913972 0.583288 0.911118 0.589404 0.900518 0.596742 0.894400 0.600412 0.894808 0.604490 0.910710 0.599190 0.909896 0.607344 0.904594 0.615908 0.902556 0.625694 0.911934 0.629362 0.920496 0.628956 0.922944 0.634256 0.930282 0.653420 0.932730 0.664022 0.936806 0.669322 0.941292 0.686040 0.952710 0.688080 0.952302 0.679108 0.951926 0.670342 0.947732 0.661654 0.945936 0.655064 0.938030 0.646488 0.937548 0.642482 0.931098 0.635072 0.927020 0.629770 0.933138 0.628548 0.944962 0.621616 0.951078 0.612646 0.938438 0.617130 0.926206 0.619576 0.927020 0.610198 0.931506 0.593888 0.924166 0.601228 0.919682 0.615092 0.916420 0.613460 0.915604 0.596742 0.918866 0.582880 0.923758 0.586142 0.932730 0.591034 0.929876 0.582880 0.923352 0.579210 0.934768 0.564938 0.940476 0.555968 0.937622 0.551074 0.937214 0.546590 0.952710 0.544144 0.948632 0.539658 0.933952 0.541696 0.934360 0.536804 0.937622 0.530688
0 0.916828 0.790016 0.938846 0.793278 0.935584 0.797764 0.937622 0.804288 0.945370 0.813666 0.946592 0.817336 0.931098 0.810812 0.925798 0.806734 0.917642 0.812850 0.913972 0.805104 0.910304 0.806326 0.900518 0.817744 0.902148 0.830384 0.901740 0.838946 0.910304 0.842208 0.922944 0.846286 0.937214 0.851994 0.943738 0.855664 0.944146 0.860150 0.932730 0.854442 0.923758 0.853218 0.904594 0.845470 0.893178 0.838538 0.890324 0.823452 0.889508 0.811220 0.891954 0.798580 0.898886 0.793278 0.910304 0.795726 0.910304 0.785940 0.915196 0.774114 0.921720 0.769222 0.919274 0.781862
0 0.980844 0.927836 0.980844 0.909896 0.971058 0.899294 0.962088 0.900110 0.944962 0.903372 0.918458 0.907042 0.911934 0.907042 0.906634 0.896440 0.897662 0.883800 0.892770 0.889508 0.894400 0.898070 0.897662 0.905410 0.902556 0.912342 0.900518 0.919682 0.895624 0.928652 0.889100 0.937622 0.878090 0.945370 0.860966 0.953116 0.843024 0.958010 0.840578 0.961272 0.853218 0.960456 0.874420 0.950262 0.880932 0.951328 0.887222 0.947732 0.899204 0.941742 0.900924 0.937214 0.906226 0.922536 0.916012 0.913158 0.922944 0.914788 0.939662 0.918458 0.946592 0.924982 0.945778 0.931506 0.949854 0.925798 0.951894 0.919682 0.962902 0.918866 0.967796 0.917234 0.960456 0.915604 0.960048 0.908264 0.966164 0.907856 0.973912 0.906226 0.975136 0.914788
1 0.274324 0.230506 0.263136 0.237498 0.256144 0.243558 0.251482 0.241694 0.248686 0.238430 0.243092 0.240294 0.239362 0.243092 0.241228 0.251948 0.249152 0.255678 0.255678 0.251482 0.265932 0.247288 0.277120 0.242160 0.281316 0.233302
1 0.321804 0.638610 0.315268 0.633996 0.309886 0.630536 0.306040 0.628998 0.307578 0.635920 0.314786 0.642590 0.319498 0.645530 0.332186 0.642840 0.341796 0.635920 0.338336 0.634766 0.328340 0.637072
1 0.327026 0.988506 0.333958 0.989462 0.343998 0.987550 0.345912 0.988028 0.340652 0.994004 0.332032 0.998046 0.323440 0.997830 0.319614 0.993526 0.317462 0.990180 0.310770 0.988028 0.311726 0.984202 0.318658 0.985398 0.320810 0.987550 0.322722 0.989940
1 0.376926 0.699382 0.387206 0.702628 0.393090 0.702732 0.395862 0.703438 0.401814 0.706414 0.398838 0.709660 0.391264 0.710742 0.381254 0.712366 0.374762 0.710472 0.369622 0.706684 0.371786 0.702628
0 0.088592 0.983248 0.084260 0.987778 0.081898 0.989746 0.072644 0.990336 0.068902 0.990140 0.069296 0.987580 0.075006 0.985020 0.075990 0.982462 0.074416 0.975964 0.071266 0.971238 0.067918 0.973996 0.068116 0.978720 0.066934 0.985612 0.060042 0.991322 0.055908 0.993290 0.051380 0.992306 0.044686 0.991124 0.042126 0.991322 0.042126 0.996638 0.041016 0.998046 0.052734 0.998046 0.060546 0.998046 0.061618 0.996638 0.067524 0.996046 0.073432 0.997622 0.072266 0.998046 0.078354 0.996638 0.081504 0.996440 0.082032 0.998046 0.087890 0.998046 0.091938 0.996834 0.088986 0.993290 0.087016 0.990140 0.087804 0.986400
1 0.033398 0.928516 0.038490 0.936154 0.036328 0.943164 0.034180 0.943164 0.030664 0.936524 0.028516 0.937304 0.026368 0.940234 0.014970 0.942704 0.019532 0.937696 0.026172 0.934766 0.024610 0.927930 0.024804 0.922266 0.027344 0.917968 0.033594 0.918946 0.034960 0.919922 0.032032 0.922852 0.035742 0.924218 0.038282 0.925782
1 0.251130 0.281660 0.248620 0.284588 0.249038 0.291070 0.250292 0.296716 0.253220 0.305080 0.247784 0.299226 0.244646 0.290652 0.243392 0.286888 0.237746 0.286260 0.233146 0.287724 0.233354 0.282706 0.237746 0.281450 0.242556 0.280824 0.244438 0.274760 0.247156 0.277896 0.248620 0.279568
1 0.975230 0.080922 0.971606 0.091794 0.969432 0.095054 0.963996 0.107012 0.974866 0.100128 0.982114 0.096142 0.979578 0.091794 0.980302 0.085270 0.980302 0.078024