0 0.163392 0.070846 0.174180 0.065168 0.177018 0.056084 0.187806 0.050974 0.196890 0.047000 0.208814 0.047568 0.213356 0.053246 0.213356 0.067440 0.212788 0.077660 0.202568 0.077660 0.191214 0.067440 0.182128 0.069710 0.179290 0.073686 0.170774 0.075956
0 0.192916 0.303632 0.198594 0.311580 0.212220 0.317826 0.216196 0.326910 0.228118 0.333156 0.234932 0.341104 0.233228 0.345646 0.221872 0.342240 0.208814 0.334290 0.202000 0.334858 0.192348 0.334858 0.188374 0.338834 0.196324 0.346214 0.207110 0.353596 0.218466 0.363814 0.219602 0.376874 0.212788 0.384254 0.209950 0.390500 0.201434 0.393338 0.191214 0.394474 0.188942 0.392772 0.195756 0.389364 0.204840 0.382552 0.209382 0.372900 0.203136 0.362680 0.196324 0.360408 0.183264 0.351324 0.179858 0.338834 0.176452 0.325774 0.186104 0.318962 0.190646 0.317826 0.189510 0.315554 0.179290 0.315554 0.180426 0.307606
0 0.170582 0.444636 0.178500 0.448154 0.190376 0.449914 0.196096 0.449474 0.198734 0.451234 0.196096 0.458712 0.193456 0.464870 0.191696 0.468830 0.192576 0.473668 0.197856 0.475868 0.203134 0.471908 0.203574 0.456952 0.206214 0.456512 0.208412 0.461350 0.211492 0.464870 0.215450 0.460032 0.217210 0.452114 0.217210 0.442876 0.223368 0.442876 0.224688 0.434078 0.222490 0.431438 0.216770 0.434958 0.212372 0.434078 0.209292 0.442876 0.204894 0.444636 0.196976 0.442436 0.184218 0.442436
0 0.177620 0.501382 0.193456 0.507100 0.208412 0.511938 0.218090 0.514138 0.231726 0.512818 0.235686 0.514138 0.229528 0.518976 0.227768 0.525576 0.226448 0.533494 0.226008 0.542732 0.223808 0.547130 0.220730 0.553288 0.215890 0.558128 0.212812 0.555928 0.217210 0.548450 0.220730 0.537892 0.214132 0.533934 0.205774 0.532174 0.197856 0.528654 0.191696 0.525576 0.192576 0.522496 0.185098 0.522496 0.180260 0.522056 0.181580 0.514578 0.191696 0.512818 0.182018 0.509300
0 0.192136 0.581002 0.205774 0.582762 0.215890 0.584522 0.229528 0.588480 0.239644 0.593758 0.234366 0.601236 0.231726 0.606076 0.227768 0.609594 0.220730 0.612674 0.215450 0.612234 0.220730 0.607396 0.224248 0.602996 0.218970 0.597718 0.215890 0.595078 0.204894 0.594198 0.197856 0.592880 0.196096 0.598158 0.199174 0.607396 0.208412 0.613114 0.216770 0.617952 0.222050 0.621912 0.224248 0.628950 0.217650 0.628950 0.212812 0.622792 0.202254 0.617514 0.194336 0.611794 0.186418 0.610034 0.179380 0.606076 0.180260 0.593758 0.182898 0.585840
0 0.159144 0.657544 0.171902 0.658862 0.178060 0.658424 0.187738 0.656664 0.187738 0.661502 0.193896 0.665022 0.203574 0.667220 0.210172 0.666782 0.213252 0.663702 0.215450 0.667220 0.214132 0.673820 0.207532 0.676458 0.203134 0.676458 0.206214 0.681738 0.218970 0.684376 0.226448 0.686136 0.231726 0.688776 0.230408 0.691854 0.218970 0.691854 0.205774 0.688336 0.197856 0.683936 0.196536 0.673820 0.191696 0.671620 0.182018 0.668100 0.176300 0.666342 0.169262 0.668100 0.166182 0.662822
0 0.229968 0.714290 0.218530 0.716928 0.211932 0.716050 0.209732 0.710330 0.207972 0.706372 0.204014 0.706372 0.200934 0.708130 0.200934 0.715170 0.195656 0.717808 0.179820 0.719568 0.175860 0.726166 0.172342 0.732326 0.169262 0.738484 0.163104 0.741122 0.157384 0.742882 0.150346 0.745082 0.149906 0.750360 0.158264 0.748162 0.169702 0.746842 0.175420 0.738924 0.183778 0.732764 0.191256 0.730566 0.194776 0.730566 0.196976 0.736284 0.201814 0.745522 0.214572 0.754760 0.224248 0.756520 0.236126 0.755640 0.243164 0.749920 0.244924 0.743322 0.236126 0.743762 0.232606 0.749042 0.224248 0.748602 0.214132 0.744642 0.205774 0.737164 0.205334 0.729686 0.207092 0.723968 0.212812 0.728806 0.218530 0.727046 0.224688 0.723968 0.233486 0.722648 0.233486 0.717368
0 0.194568 0.871032 0.189608 0.875992 0.190228 0.885292 0.189608 0.894594 0.185662 0.908146 0.183934 0.913578 0.183934 0.919504 0.183688 0.922468 0.187886 0.918764 0.190354 0.911850 0.195786 0.907158 0.200478 0.906170 0.204676 0.906170 0.209368 0.905184 0.209120 0.897282 0.208912 0.890428 0.212690 0.886650 0.219490 0.886650 0.218358 0.877584 0.205134 0.872672 0.202112 0.870406
0 0.171732 0.826874 0.179420 0.830462 0.175320 0.835588 0.172756 0.844304 0.174808 0.849430 0.183010 0.841228 0.186598 0.844304 0.196338 0.857120 0.206078 0.860708 0.214280 0.862758 0.208640 0.853532 0.200438 0.847380 0.197364 0.839178 0.203002 0.836614 0.215818 0.840716 0.222482 0.841740 0.224532 0.846354 0.220944 0.845328 0.215818 0.849430 0.213254 0.855582 0.225558 0.856094 0.230684 0.848918 0.231196 0.838152 0.229146 0.833026 0.217868 0.829950 0.200438 0.827386 0.189674 0.827386 0.183522 0.824312 0.176346 0.823798
0 0.214280 0.962208 0.205052 0.962208 0.194288 0.962722 0.187110 0.966822 0.183010 0.974000 0.183522 0.984764 0.191212 0.991942 0.201464 0.993480 0.194800 0.980150 0.203002 0.976562 0.210178 0.973486 0.217356 0.975538 0.216330 0.984764 0.214280 0.996042 0.222994 0.988866 0.231710 0.986816 0.233248 0.979638 0.223508 0.977076 0.221456 0.969386 0.222482 0.959134 0.220944 0.951956 0.217868 0.953494
0 0.394208 0.127820 0.398390 0.137376 0.401376 0.149322 0.401376 0.164850 0.396598 0.178588 0.393014 0.184562 0.384652 0.188742 0.373304 0.188742 0.366734 0.187548 0.376290 0.182770 0.385846 0.179784 0.382262 0.169630 0.368526 0.161864 0.364344 0.146336 0.361956 0.142752 0.348814 0.141556 0.335078 0.140362 0.338662 0.133792 0.357774 0.132000 0.373304 0.135584 0.381666 0.138570 0.383458 0.129612
0 0.327910 0.225774 0.338662 0.216814 0.351204 0.215620 0.370318 0.216218 0.381068 0.217412 0.388834 0.223982 0.398988 0.226968 0.403766 0.227566 0.412128 0.221594 0.416308 0.222788 0.416308 0.228760 0.419294 0.232942 0.424670 0.238318 0.433032 0.243692 0.436018 0.250262 0.437810 0.254444 0.430644 0.250860 0.424074 0.245484 0.415114 0.243096 0.410336 0.247874 0.406752 0.251458 0.397792 0.252652 0.403766 0.246680 0.407350 0.240108 0.397792 0.238914 0.394208 0.240706 0.396000 0.248470 0.394806 0.262208 0.394208 0.270570 0.390028 0.264598 0.388236 0.248470 0.391820 0.234734 0.380472 0.233538 0.372110 0.229358 0.360164 0.225774 0.348814 0.224580
0 0.335078 0.296852 0.333882 0.305810 0.345828 0.305214 0.357176 0.302226 0.369122 0.299838 0.379276 0.299838 0.387638 0.297448 0.394806 0.296852 0.390624 0.302226 0.387042 0.308200 0.379276 0.309394 0.386444 0.311784 0.393014 0.310588 0.394806 0.317158 0.394806 0.322534 0.394806 0.329702 0.395404 0.333286 0.403766 0.318950 0.404362 0.308200 0.407350 0.294462 0.413322 0.287892 0.413322 0.281918 0.407946 0.281918 0.401376 0.284906 0.394806 0.288490 0.385846 0.286698 0.378082 0.284906 0.369720 0.287892 0.358968 0.290280 0.346426 0.294462
0 0.374498 0.363150 0.370914 0.368526 0.361956 0.373304 0.353594 0.379276 0.348814 0.389430 0.345828 0.399584 0.352996 0.404960 0.361358 0.400182 0.365538 0.390028 0.361956 0.387042 0.370318 0.381666 0.384054 0.378680 0.391222 0.379276 0.391820 0.387638 0.390028 0.394208 0.390028 0.397792 0.400778 0.392416 0.406154 0.385846 0.409140 0.375692 0.410932 0.370318 0.409140 0.362552 0.403168 0.365538 0.397196 0.366136 0.388834 0.364344
0 0.376290 0.404362 0.379276 0.419892 0.379276 0.428852 0.382262 0.441992 0.386444 0.451548 0.375096 0.441394 0.368526 0.439602 0.370914 0.450950 0.383458 0.455730 0.395404 0.458118 0.403054 0.444958 0.410866 0.437856 0.412286 0.432528 0.414062 0.420810 0.393612 0.403766 0.387042 0.403168
0 0.360164 0.525014 0.363150 0.516056 0.369122 0.511874 0.372706 0.508888 0.387638 0.508888 0.402570 0.511874 0.406154 0.514264 0.408544 0.524418 0.406752 0.530390 0.404960 0.535168 0.400778 0.530390 0.400182 0.522028 0.398390 0.530988 0.398390 0.541738 0.396598 0.545322 0.393612 0.538752 0.392416 0.525014 0.393014 0.518444 0.388834 0.517846 0.379874 0.517846 0.374498 0.517846 0.369122 0.519042 0.366734 0.528000
0 0.363748 0.575186 0.373304 0.581160 0.379276 0.585938 0.391222 0.587132 0.399584 0.587132 0.416906 0.587730 0.422878 0.590716 0.423476 0.594896 0.413322 0.597286 0.409140 0.597286 0.406154 0.606246 0.403168 0.611620 0.393014 0.612816 0.386444 0.609232 0.393612 0.606842 0.398988 0.602662 0.392416 0.599676 0.384054 0.599676 0.371512 0.599078 0.364942 0.600870 0.358372 0.608038 0.353594 0.611620 0.345828 0.609828 0.347024 0.597286 0.358968 0.590716 0.369122 0.587730 0.360164 0.581160
0 0.392416 0.658210 0.381068 0.661196 0.375096 0.663584 0.374498 0.673142 0.379276 0.685086 0.379276 0.688670 0.397196 0.693448 0.391222 0.686878 0.394208 0.682100 0.398390 0.683296 0.400778 0.692254 0.405558 0.686282 0.405558 0.672544 0.409140 0.668960 0.410336 0.674336 0.408544 0.685086 0.416308 0.677920 0.416308 0.666572 0.409738 0.656418 0.404960 0.655820 0.398988 0.657014
0 0.360760 0.709576 0.368526 0.718534 0.379276 0.722716 0.390028 0.725702 0.401974 0.732870 0.403766 0.721522 0.410336 0.726896 0.416308 0.728092 0.425268 0.725702 0.424074 0.735258 0.414516 0.740038 0.407350 0.739440 0.409140 0.744218 0.407946 0.747204 0.397196 0.744218 0.394336 0.744336 0.391796 0.745508 0.389258 0.747070 0.388672 0.749610 0.388476 0.752540 0.389454 0.755078 0.391210 0.756446 0.394140 0.758398 0.397852 0.760938 0.403710 0.762500 0.409374 0.765624 0.413868 0.767968 0.419532 0.769726 0.420898 0.773046 0.417968 0.777540 0.413476 0.779688 0.409766 0.780078 0.408008 0.778516 0.414062 0.775000 0.410742 0.771484 0.405664 0.770312 0.398438 0.766992 0.391406 0.762696 0.383790 0.757422 0.378906 0.749610 0.381054 0.740234 0.378516 0.735742 0.377540 0.732812 0.370704 0.729882 0.361524 0.722656 0.358984 0.714844 0.358398 0.711132
0 0.359376 0.794140 0.363086 0.797656 0.365820 0.802344 0.371290 0.804882 0.378320 0.807226 0.387304 0.807812 0.392578 0.807618 0.394726 0.806836 0.392968 0.801954 0.394726 0.799024 0.399024 0.803710 0.401758 0.805860 0.404882 0.804296 0.406054 0.799218 0.406836 0.794336 0.409766 0.792188 0.412500 0.794140 0.412110 0.801954 0.412110 0.803320 0.417188 0.802930 0.424414 0.800782 0.433790 0.800390 0.443554 0.801562 0.430468 0.804882 0.423438 0.805860 0.417382 0.807618 0.413282 0.810156 0.407618 0.815430 0.405468 0.817968 0.402148 0.818750 0.400782 0.821484 0.401562 0.825000 0.404882 0.827344 0.410546 0.833008 0.415626 0.833790 0.419726 0.835352 0.420898 0.837696 0.417382 0.839258 0.410938 0.839258 0.408204 0.838672 0.405664 0.842188 0.402148 0.850976 0.403710 0.855274 0.406250 0.858398 0.408594 0.861328 0.410352 0.864844 0.407226 0.866210 0.399804 0.862110 0.397656 0.856640 0.392968 0.842382 0.390430 0.830860 0.391406 0.821484 0.390430 0.817968 0.388476 0.816016 0.384180 0.815040 0.380860 0.817968 0.377148 0.820312 0.375390 0.820118 0.376954 0.816406 0.375976 0.814258 0.370118 0.811914 0.363868 0.808398 0.360742 0.804688 0.359766 0.798046
0 0.397360 0.862490 0.393992 0.868382 0.395256 0.876802 0.391888 0.878906 0.387258 0.874276 0.377576 0.872172 0.364948 0.867962 0.357372 0.862910 0.354846 0.859544 0.347268 0.857438 0.343480 0.850282 0.341376 0.846494 0.339272 0.849020 0.342218 0.859122 0.348952 0.865436 0.357372 0.873014 0.365370 0.881010 0.374630 0.885642 0.388942 0.886062 0.394834 0.887324 0.394414 0.893218 0.396098 0.900374 0.405778 0.913422 0.410830 0.919316 0.414618 0.926050 0.416722 0.933206 0.414618 0.935732 0.410830 0.934048 0.407042 0.935312 0.405778 0.939520 0.415040 0.944572 0.421354 0.936154 0.422194 0.923526 0.417564 0.916370 0.407462 0.907530 0.406200 0.903742 0.410830 0.903320 0.419670 0.908372 0.422194 0.902058 0.422194 0.894902 0.416302 0.895744 0.406620 0.896164 0.401570 0.894902 0.403674 0.892376 0.415880 0.890272 0.422616 0.886904 0.422194 0.881852 0.410408 0.883116 0.403674 0.883536 0.399464 0.878064 0.400306 0.867962 0.402412 0.865858
0 0.330010 0.972354 0.344322 0.967302 0.356530 0.965198 0.366632 0.963092 0.373788 0.958462 0.380102 0.958884 0.389362 0.966882 0.400728 0.969406 0.409566 0.971932 0.412514 0.980350 0.409146 0.984560 0.406200 0.984560 0.399464 0.983718 0.394834 0.978246 0.385574 0.977404 0.374208 0.976142 0.359476 0.975720 0.356530 0.978668 0.354424 0.989612 0.351900 0.993820 0.350636 0.999714 0.346848 0.990032 0.349794 0.983298 0.350636 0.977826 0.338850 0.977826 0.330852 0.975720
0 0.611322 0.059934 0.604270 0.067690 0.606386 0.076150 0.618372 0.078266 0.627538 0.076856 0.633884 0.081792 0.649396 0.081792 0.656448 0.082496 0.656448 0.074036 0.663498 0.078266 0.667024 0.070510 0.656178 0.063722 0.645806 0.063424 0.642842 0.062240 0.646992 0.056016 0.643138 0.054238 0.636322 0.058682 0.630690 0.063722 0.626542 0.065796 0.622096 0.061646
0 0.620910 0.121218 0.620614 0.126850 0.622688 0.131296 0.621206 0.140780 0.625948 0.149966 0.631284 0.156784 0.638988 0.161822 0.643434 0.163008 0.643434 0.156488 0.637210 0.149374 0.632172 0.144928 0.631284 0.138704 0.638396 0.140780 0.644028 0.146114 0.646398 0.151448 0.646694 0.157968 0.649362 0.164192 0.652326 0.160636 0.652622 0.145818 0.649954 0.138408 0.637210 0.132776 0.638100 0.128332 0.634544 0.124182 0.629208 0.124182
0 0.638988 0.208354 0.632766 0.212798 0.631876 0.217540 0.628024 0.221394 0.621206 0.225840 0.617354 0.231174 0.612612 0.233842 0.611130 0.237694 0.611426 0.243918 0.614094 0.246882 0.618836 0.241548 0.628320 0.232952 0.634246 0.231470 0.642842 0.229396 0.648474 0.228506 0.649658 0.223468 0.653808 0.224950 0.657068 0.222282 0.655586 0.214874 0.647584 0.216356 0.642546 0.216948 0.640768 0.211316
0 0.610834 0.276520 0.609054 0.283040 0.611130 0.284522 0.615576 0.282150 0.622984 0.281854 0.626838 0.284226 0.633654 0.287782 0.634840 0.291636 0.628024 0.294302 0.624762 0.295488 0.614686 0.297562 0.612908 0.301416 0.616464 0.308232 0.623874 0.312678 0.625356 0.317124 0.630986 0.317420 0.638100 0.320680 0.645510 0.324830 0.646398 0.321570 0.637210 0.315346 0.632172 0.309122 0.634246 0.301712 0.640470 0.300526 0.646102 0.298452 0.647880 0.292820 0.642842 0.282150 0.644620 0.277706 0.649658 0.278890 0.654400 0.282150 0.661514 0.285708 0.669220 0.286894 0.674850 0.287190 0.678704 0.285412 0.665366 0.280966 0.659736 0.276816 0.651140 0.272370 0.642842 0.268814 0.637210 0.268222 0.634246 0.272666 0.629802 0.273556 0.624466 0.273556 0.616464 0.274446
0 0.652622 0.425598 0.651436 0.433600 0.652326 0.443972 0.651140 0.447530 0.646694 0.446936 0.643138 0.449900 0.638692 0.452272 0.629802 0.453160 0.622392 0.455532 0.616464 0.462644 0.613500 0.471536 0.614094 0.479242 0.615576 0.484872 0.620318 0.491690 0.624466 0.491394 0.620614 0.483984 0.618538 0.477760 0.622984 0.473610 0.628320 0.465608 0.636026 0.464720 0.645510 0.464126 0.649066 0.464126 0.647288 0.472128 0.646694 0.478648 0.646694 0.483392 0.651436 0.478648 0.656476 0.465608 0.663884 0.470350 0.676184 0.480606 0.681476 0.475048 0.683858 0.463404 0.669568 0.460758 0.658452 0.458904 0.658452 0.454936 0.667450 0.452554 0.668774 0.447524 0.659510 0.449378 0.656070 0.445938 0.657128 0.433498 0.655806 0.426352
0 0.624802 0.494704 0.632048 0.496350 0.637318 0.504584 0.645552 0.500962 0.647858 0.503926 0.644894 0.512818 0.649834 0.518088 0.657080 0.523358 0.661362 0.526652 0.659386 0.533240 0.656750 0.539168 0.653128 0.533568 0.647858 0.526322 0.644234 0.525334 0.638306 0.532910 0.634684 0.539498 0.632048 0.538180 0.631720 0.527640 0.637318 0.521052 0.630402 0.520064 0.621180 0.521052 0.613604 0.522040 0.609982 0.520724 0.611132 0.519140 0.616406 0.515430 0.626172 0.515040 0.630078 0.516210 0.635672 0.516442 0.633696 0.509854 0.624474 0.507220
0 0.648242 0.589454 0.647460 0.592968 0.643164 0.595118 0.637890 0.595118 0.629882 0.594922 0.620118 0.596290 0.621680 0.602148 0.619726 0.604102 0.612304 0.607618 0.608790 0.613476 0.603906 0.614844 0.601172 0.621094 0.600390 0.624804 0.608594 0.620704 0.615820 0.616602 0.619140 0.610156 0.625782 0.610546 0.629102 0.611914 0.631054 0.617188 0.633984 0.622852 0.636524 0.626758 0.638476 0.630078 0.640820 0.628126 0.640820 0.616602 0.637304 0.611718 0.636914 0.605860 0.641992 0.603126 0.646484 0.600976 0.651172 0.595898 0.653124 0.593360 0.652344 0.588476
0 0.632208 0.709164 0.632696 0.716470 0.631722 0.722316 0.626364 0.719880 0.621980 0.719880 0.625390 0.727674 0.628800 0.729622 0.625876 0.734492 0.621494 0.737414 0.620032 0.743746 0.623928 0.742284 0.625876 0.752026 0.629286 0.760306 0.631722 0.765176 0.632208 0.771996 0.635130 0.777354 0.633670 0.779788 0.629286 0.783686 0.623442 0.786608 0.621980 0.792452 0.631234 0.791478 0.641462 0.788068 0.643412 0.781250 0.640488 0.770048 0.637566 0.758846 0.634644 0.751052 0.635130 0.741310 0.638540 0.737414 0.645846 0.736928 0.646820 0.728160 0.644872 0.722316 0.640002 0.714522 0.639028 0.710626
0 0.659400 0.816868 0.655484 0.822958 0.650264 0.826872 0.645044 0.831222 0.636780 0.829918 0.628080 0.832092 0.620250 0.835138 0.615464 0.838182 0.613724 0.845576 0.614594 0.849926 0.619380 0.846446 0.628080 0.839922 0.634170 0.839922 0.638520 0.840792 0.645044 0.841662 0.654614 0.841228 0.659834 0.842532 0.666794 0.846446 0.665490 0.839922 0.660270 0.837312 0.657224 0.832528 0.659834 0.827308 0.663314 0.820348
0 0.616018 0.914012 0.604170 0.918680 0.598784 0.922628 0.599502 0.929450 0.606324 0.930168 0.617454 0.928374 0.618890 0.933040 0.622838 0.942376 0.624274 0.948480 0.631096 0.954224 0.635764 0.951710 0.631814 0.947044 0.628584 0.939862 0.624274 0.932682 0.625352 0.921910 0.632174 0.921192 0.640072 0.920116 0.644022 0.922628 0.649766 0.926578 0.651562 0.929810 0.651920 0.936632 0.648330 0.942376 0.645816 0.948120 0.643662 0.952070 0.646894 0.953864 0.654434 0.943452 0.657306 0.932682 0.658382 0.925860 0.656228 0.919756 0.650484 0.916526 0.654434 0.912936 0.661972 0.907908 0.664486 0.901806 0.660178 0.900370 0.651202 0.903600 0.646176 0.907550 0.644380 0.913654 0.633968 0.912576 0.626788 0.912576 0.623198 0.911500 0.627506 0.903242 0.625352 0.895702 0.617454 0.889240 0.608478 0.889958 0.606324 0.898574 0.604888 0.902524 0.614940 0.897496 0.617812 0.900010 0.619248 0.904318 0.617094 0.910062
0 0.664128 0.944170 0.659460 0.954582 0.653716 0.963200 0.651920 0.968944 0.652280 0.981150 0.650844 0.986178 0.647612 0.990486 0.641868 0.992280 0.640432 0.990126 0.646534 0.980792 0.646176 0.973612 0.637558 0.971098 0.634328 0.965712 0.630020 0.966430 0.626428 0.977202 0.626428 0.983664 0.625710 0.991922 0.622838 0.996948 0.618530 0.997666 0.619966 0.986178 0.620684 0.968584 0.623916 0.960686 0.632892 0.958532 0.638636 0.958532 0.640790 0.952070 0.650844 0.956378 0.656946 0.949198
0 0.744748 0.055712 0.750512 0.047388 0.761398 0.044826 0.772926 0.047388 0.781250 0.048668 0.787654 0.049948 0.788934 0.044186 0.787654 0.036502 0.787014 0.030738 0.796618 0.034580 0.802382 0.042904 0.805584 0.048668 0.820952 0.047388 0.820952 0.049948 0.812628 0.053150 0.813908 0.058274 0.818392 0.064036 0.827996 0.066598 0.837602 0.072362 0.835682 0.076204 0.824796 0.075564 0.813268 0.069800 0.808146 0.065958 0.803662 0.069160 0.802382 0.073642 0.809426 0.081326 0.815830 0.088370 0.823514 0.093494 0.836322 0.106302 0.842726 0.114626 0.838242 0.113986 0.829918 0.106942 0.817752 0.101818 0.810066 0.093494 0.799820 0.087090 0.793418 0.075564 0.795978 0.067880 0.799820 0.062116 0.791496 0.062756 0.787014 0.065958 0.782530 0.070440 0.787014 0.071722 0.789574 0.076844 0.787014 0.080686 0.779328 0.080046 0.774206 0.078124 0.772284 0.073642 0.768442 0.073642 0.766522 0.071080 0.772284 0.065958 0.776768 0.062756 0.766522 0.058274 0.762680 0.055072 0.754354 0.055072
0 0.848488 0.155610 0.837602 0.154970 0.832480 0.151128 0.819672 0.145364 0.807506 0.142162 0.794698 0.139600 0.791496 0.136398 0.779970 0.132556 0.771644 0.129994 0.768442 0.132556 0.769082 0.139600 0.766522 0.133196 0.766522 0.126152 0.774846 0.122310 0.779970 0.118468 0.783172 0.112064 0.777408 0.109504 0.774206 0.104380 0.781250 0.101818 0.788934 0.097976 0.790856 0.103100 0.794058 0.111424 0.797260 0.106942 0.799820 0.103740 0.801102 0.110144 0.801102 0.118468 0.804944 0.129354 0.810066 0.131916 0.817110 0.131916 0.820952 0.128714 0.827356 0.126152 0.831840 0.126794 0.829278 0.130636 0.822234 0.135758 0.829278 0.139600 0.840804 0.149206
0 0.833760 0.210682 0.821594 0.208760 0.815190 0.208760 0.810706 0.212602 0.802382 0.215804 0.794058 0.219006 0.791496 0.226050 0.800462 0.227330 0.811348 0.229252 0.818392 0.232454 0.817110 0.238218 0.818392 0.243340 0.822234 0.251024 0.825436 0.243980 0.826716 0.235656 0.826716 0.227972 0.831840 0.222848 0.840804 0.220928 0.850410 0.228612 0.853612 0.235016 0.860656 0.236296 0.856174 0.223488 0.854252 0.218366 0.860656 0.219646 0.860656 0.215164 0.865778 0.208760 0.869620 0.199796 0.858734 0.203638 0.849770 0.206840 0.842086 0.209400
0 0.797260 0.258068 0.796618 0.268314 0.794698 0.277920 0.799820 0.285604 0.803022 0.286244 0.803022 0.295210 0.806224 0.308658 0.811988 0.316982 0.819672 0.328510 0.830558 0.332992 0.826716 0.325948 0.821594 0.312500 0.815830 0.301614 0.815190 0.298412 0.820312 0.300332 0.822874 0.298412 0.824796 0.303534 0.826076 0.311860 0.830558 0.307378 0.829278 0.289446 0.822234 0.279842 0.827356 0.274718 0.820952 0.271516 0.808146 0.266394
0 0.839524 0.372054 0.829918 0.377178 0.819672 0.377178 0.815190 0.377178 0.809426 0.389344 0.804304 0.391266 0.798540 0.389344 0.790856 0.391266 0.788294 0.400870 0.785732 0.408556 0.785092 0.415600 0.784452 0.420082 0.777408 0.414960 0.777408 0.402792 0.776768 0.391906 0.768442 0.389984 0.763960 0.389344 0.763960 0.384222 0.772926 0.377818 0.774846 0.372694 0.783172 0.375256 0.793418 0.373336 0.803022 0.372694 0.792136 0.370774 0.799180 0.366932 0.808146 0.366290 0.811348 0.363730 0.814550 0.370134 0.823514 0.369492
0 0.817752 0.411758 0.817752 0.419442 0.815190 0.426486 0.809426 0.422644 0.806224 0.422004 0.803022 0.428406 0.799180 0.434810 0.791496 0.437372 0.787654 0.439294 0.787014 0.455302 0.794058 0.457224 0.803022 0.469390 0.813908 0.477074 0.826076 0.484118 0.831840 0.478996 0.826716 0.474514 0.823514 0.471952 0.827996 0.470030 0.832480 0.464908 0.824154 0.464268 0.813908 0.464908 0.807506 0.462986 0.803022 0.454022 0.806224 0.446338 0.815190 0.441854 0.819672 0.439934 0.827356 0.420082 0.824154 0.418160
0 0.847848 0.495646 0.838242 0.503970 0.830558 0.508452 0.825436 0.514856 0.822234 0.518058 0.817752 0.509734 0.815190 0.499488 0.808786 0.502690 0.808146 0.507812 0.802382 0.511654 0.801102 0.518058 0.791496 0.516778 0.793418 0.524462 0.795978 0.530226 0.795338 0.535348 0.804304 0.529586 0.810066 0.528944 0.808146 0.542392 0.813908 0.551998 0.817752 0.560964 0.828638 0.571850 0.836962 0.579534 0.845928 0.576972 0.837602 0.568648 0.831198 0.557120 0.826716 0.544954 0.819032 0.534068 0.823514 0.526384 0.828638 0.526384 0.839524 0.532786 0.846568 0.534708 0.846568 0.529586 0.838884 0.527024 0.829918 0.521900 0.838242 0.515496 0.844646 0.507812 0.849770 0.502690
0 0.805584 0.580814 0.797900 0.583376 0.795338 0.588498 0.794698 0.596824 0.804944 0.605148 0.810066 0.607710 0.808786 0.617316 0.805584 0.624360 0.802382 0.628842 0.801742 0.633966 0.806224 0.632044 0.807506 0.639088 0.807506 0.645492 0.811348 0.635246 0.814550 0.620518 0.819672 0.614754 0.822234 0.605788 0.825436 0.598744 0.817110 0.596184 0.809426 0.596184 0.802382 0.592342 0.802382 0.587858
0 0.811348 0.648054 0.804944 0.649974 0.799820 0.655738 0.795338 0.660860 0.796618 0.667904 0.802382 0.663422 0.809426 0.665344 0.801742 0.671746 0.793418 0.674308 0.792136 0.685194 0.801102 0.699282 0.813908 0.704406 0.821594 0.706326 0.826716 0.710810 0.832480 0.712090 0.836322 0.705686 0.839524 0.690958 0.835040 0.678150 0.826716 0.673028 0.818392 0.666624 0.813268 0.663422 0.815830 0.656378
0 0.769082 0.719774 0.780610 0.729380 0.778688 0.735144 0.783812 0.742828 0.795338 0.742828 0.801102 0.747950 0.808786 0.742188 0.815190 0.740906 0.815830 0.749232 0.820312 0.756276 0.824154 0.762680 0.823514 0.771644 0.825436 0.781890 0.831198 0.770364 0.826076 0.750512 0.821594 0.735784 0.813268 0.724898 0.812628 0.717214 0.812628 0.708248 0.808146 0.712090 0.807506 0.722336 0.807506 0.729380 0.795978 0.722976 0.781890 0.716572 0.774206 0.712730
0 0.811348 0.785732 0.805584 0.793418 0.804944 0.803022 0.800462 0.796618 0.792136 0.796618 0.784452 0.800462 0.788294 0.806864 0.795978 0.813268 0.798540 0.822234 0.799180 0.828638 0.803662 0.820312 0.809426 0.822874 0.808786 0.829278 0.807506 0.836962 0.816470 0.859374 0.822234 0.867060 0.827356 0.872182 0.824154 0.854252 0.819032 0.840804 0.820952 0.825436 0.824154 0.820312 0.819032 0.813908 0.813908 0.805584 0.813268 0.795978
0 0.847208 0.852330 0.836322 0.861296 0.831840 0.867700 0.825436 0.874744 0.821594 0.883710 0.809426 0.879866 0.801102 0.876664 0.792136 0.876664 0.785092 0.876664 0.795338 0.885630 0.801742 0.893954 0.804304 0.903560 0.806864 0.913806 0.808146 0.900358 0.809426 0.893954 0.815830 0.897156 0.820312 0.907402 0.825436 0.916368 0.833760 0.924052 0.838242 0.933018 0.842086 0.933658 0.842184 0.923048 0.836322 0.909324 0.826716 0.902280 0.827996 0.889472 0.830558 0.880508 0.835682 0.871542 0.846568 0.863218
0 0.825096 0.928232 0.825096 0.936204 0.823600 0.942682 0.814134 0.943180 0.802674 0.944176 0.797194 0.949658 0.795700 0.957630 0.800682 0.962612 0.805166 0.966100 0.815628 0.968092 0.820114 0.969588 0.817622 0.974072 0.812640 0.978556 0.807158 0.981046 0.802176 0.985032 0.801180 0.989516 0.807658 0.987524 0.816128 0.984036 0.822604 0.978556 0.824598 0.969088 0.824598 0.964106 0.824100 0.957630 0.827088 0.951650 0.827586 0.939692
1 0.116342 0.061344 0.138200 0.058524 0.155826 0.064164 0.157238 0.083202 0.150892 0.092368 0.143136 0.086728 0.131148 0.084612 0.121278 0.079676
1 0.152502 0.107634 0.156198 0.111856 0.153030 0.122414 0.154086 0.125052 0.160420 0.119246 0.165698 0.112912 0.171506 0.109216 0.163588 0.108160 0.158836 0.108160
1 0.178368 0.111856 0.182062 0.121886 0.186814 0.125580 0.185230 0.128748 0.176784 0.131916 0.169394 0.136666 0.166754 0.143000 0.177840 0.139306 0.188398 0.136138 0.195788 0.136666 0.201066 0.144056 0.210040 0.144056 0.211096 0.138250 0.201594 0.134026 0.193676 0.128748 0.190508 0.122414 0.188398 0.117134 0.183646 0.112912
1 0.203178 0.101298 0.196844 0.104994 0.194204 0.111328 0.193676 0.115024 0.201594 0.111856 0.210040 0.110272 0.213736 0.116078 0.215846 0.118718 0.216902 0.110800 0.212152 0.102354
1 0.258604 0.986540 0.253854 0.994986 0.248574 0.999736 0.241712 0.995514 0.235906 0.991290 0.234322 0.988122 0.238546 0.982844 0.245936 0.986540 0.250686 0.984956 0.251742 0.977566
1 0.238546 0.062236 0.241712 0.070154 0.243296 0.077016 0.244352 0.082824 0.252798 0.078600 0.258076 0.074378 0.262828 0.078072 0.272856 0.082824 0.279192 0.079128 0.283942 0.073850 0.282886 0.065404 0.281302 0.062236 0.279192 0.068042 0.274968 0.073850 0.266522 0.070154 0.259132 0.066460 0.252798 0.068570 0.249630 0.070154 0.247520 0.060124 0.243296 0.059596
1 0.382126 0.035842 0.385294 0.042176 0.381070 0.047456 0.380542 0.057486 0.387932 0.053790 0.398490 0.052734 0.406408 0.046928 0.406408 0.039010 0.402186 0.034786 0.396906 0.039538 0.391100 0.036898
1 0.428052 0.001530 0.429106 0.011560 0.438080 0.018422 0.440720 0.021062 0.446526 0.027396 0.458668 0.022118 0.465002 0.016840 0.463418 0.004170 0.459196 0.000476 0.442304 0.002058
1 0.432274 0.351510 0.435442 0.359956 0.439664 0.367874 0.442832 0.375264 0.435970 0.374208 0.429634 0.368930 0.419078 0.369458 0.413270 0.369458 0.412214 0.362596 0.420134 0.361012 0.425940 0.361540 0.425940 0.356788
1 0.476208 0.380814 0.483170 0.386036 0.482126 0.394392 0.484912 0.393696 0.488392 0.386732 0.497792 0.383948 0.497792 0.380466 0.487000 0.379422 0.485608 0.380466
1 0.438566 0.447444 0.452060 0.463424 0.448154 0.452414 0.451350 0.452414 0.458452 0.456322 0.466620 0.453836 0.460938 0.449574 0.447798 0.439630 0.443182 0.442472
1 0.295678 0.509416 0.299056 0.522314 0.301820 0.532140 0.307346 0.541354 0.309190 0.549952 0.303354 0.546574 0.297520 0.537362 0.289842 0.541046 0.290150 0.530298 0.288000 0.527228 0.284622 0.530606 0.278788 0.524464 0.274794 0.516172 0.272646 0.510336 0.284622 0.518322 0.291378 0.512794
1 0.445920 0.912394 0.448194 0.932494 0.436058 0.935528 0.426198 0.932874 0.422786 0.928322 0.425060 0.920358 0.423164 0.912014 0.437196 0.914670
1 0.301984 0.798918 0.301572 0.812928 0.301160 0.821994 0.306104 0.824466 0.300748 0.828998 0.299512 0.839300 0.307342 0.835180 0.312286 0.830234 0.318466 0.824878 0.313522 0.820758 0.306930 0.816636 0.306930 0.805100 0.307342 0.799330
1 0.679328 0.074084 0.682920 0.083064 0.686512 0.093390 0.674838 0.100126 0.669900 0.096534 0.677084 0.090696 0.672594 0.076778
1 0.671246 0.119882 0.677084 0.127964 0.677532 0.132454 0.683818 0.132902 0.694594 0.133352 0.701330 0.133800 0.699084 0.126616 0.692798 0.123922 0.682022 0.125270 0.676634 0.117636
1 0.692798 0.193966 0.691452 0.204742 0.689206 0.211926 0.696390 0.210130 0.702676 0.205190 0.708064 0.201598 0.706268 0.193068 0.701778 0.198456
1 0.651940 0.326418 0.654184 0.332704 0.648348 0.338092 0.642960 0.345276 0.648348 0.346174 0.657328 0.342134 0.667654 0.335848 0.660920 0.331358 0.657776 0.325072
1 0.619612 0.355604 0.637122 0.358298 0.644756 0.356950 0.641164 0.348868 0.627694 0.348868 0.619612 0.345276
1 0.620960 0.529814 0.617368 0.536548 0.609734 0.541488 0.614674 0.546426 0.618714 0.550466 0.619612 0.559446 0.623204 0.554508 0.624102 0.546874 0.630836 0.544630 0.625898 0.538344
1 0.595000 0.646662 0.599080 0.663882 0.603610 0.669320 0.592734 0.676570 0.587296 0.678382 0.602252 0.691978 0.614486 0.696056 0.622190 0.692884 0.623096 0.672492 0.635332 0.673398 0.642130 0.663428 0.632160 0.651192 0.620830 0.643942 0.607236 0.647568
1 0.576422 0.732762 0.557842 0.735480 0.548778 0.742732 0.551044 0.756780 0.559654 0.762670 0.576422 0.766296 0.591828 0.763124 0.595000 0.751342 0.590922 0.735934
1 0.601798 0.791220 0.597266 0.796658 0.596360 0.801642 0.583218 0.802096 0.574608 0.800736 0.579140 0.807534 0.591828 0.809800 0.603158 0.817050 0.608142 0.815690 0.605424 0.807534 0.603610 0.801642
1 0.611768 0.821582 0.621284 0.825660 0.622644 0.832004 0.628082 0.830192 0.628082 0.817050 0.622644 0.818862
1 0.702400 0.817956 0.701494 0.826112 0.694696 0.824300 0.686086 0.825660 0.691524 0.829286 0.701494 0.830644 0.704212 0.840614 0.709198 0.843786 0.708292 0.832004 0.706932 0.823394
1 0.866832 0.070888 0.862546 0.081296 0.863772 0.091706 0.861934 0.099664 0.861934 0.106400 0.870506 0.099052 0.879690 0.091092 0.886424 0.092318 0.890710 0.086806 0.894996 0.081908 0.896222 0.078848 0.885812 0.080684 0.876016 0.073950
1 0.850704 0.274346 0.859450 0.281842 0.866946 0.278510 0.869862 0.266016 0.866530 0.265184 0.864864 0.269764 0.860282 0.274346 0.854870 0.270598
1 0.731602 0.371794 0.736598 0.378872 0.734516 0.384704 0.740764 0.384286 0.744928 0.385952 0.746594 0.392616 0.754506 0.388034 0.755756 0.383454 0.746178 0.379706 0.739514 0.374292 0.736182 0.370960
1 0.869862 0.425932 0.881522 0.429680 0.891932 0.432178 0.894432 0.439258 0.894848 0.441340 0.896930 0.438008 0.902344 0.435510 0.898180 0.431344 0.902344 0.428430 0.905676 0.422600 0.903176 0.421350 0.896514 0.427596 0.887768 0.425932 0.878606 0.423848 0.874442 0.421766
1 0.868196 0.654560 0.865280 0.662056 0.864864 0.666220 0.857368 0.666220 0.849038 0.667052 0.850704 0.674548 0.862366 0.675382 0.864864 0.682462 0.868196 0.685792 0.872360 0.679130 0.874026 0.667470
1 0.864448 0.740764 0.871944 0.744512 0.867778 0.747426 0.866114 0.755756 0.866114 0.759504 0.870694 0.756588 0.874442 0.750342 0.879856 0.749926 0.883604 0.752424 0.885686 0.749092 0.877774 0.742430 0.873192 0.736598 0.867362 0.736598
1 0.866114 0.858618 0.869444 0.869028 0.865280 0.874442 0.862782 0.884854 0.868612 0.882770 0.877774 0.874442 0.885270 0.879856 0.893598 0.881938 0.896514 0.884436 0.893598 0.891100 0.904426 0.885270 0.900678 0.873610 0.885686 0.874026 0.887352 0.868196 0.885686 0.864030 0.880688 0.866946 0.869444 0.860282
1 0.993966 0.910426 0.993966 0.917388 0.995514 0.927444 0.998220 0.936340