0 0.030194 0.136662 0.022644 0.156476 0.036798 0.156476 0.042460 0.166856 0.048120 0.185726 0.048120 0.195162 0.030194 0.197048 0.047176 0.207428 0.050952 0.218750 0.039628 0.235734 0.037742 0.248000 0.058500 0.232904 0.069822 0.232904 0.073420 0.242144 0.080338 0.245870 0.090450 0.241080 0.088692 0.232904 0.077370 0.217806 0.075484 0.209314 0.075484 0.197048 0.078210 0.189458 0.063290 0.175570 0.062584 0.156532 0.052714 0.148070 0.056944 0.141020 0.057648 0.123392 0.059764 0.096598 0.046368 0.113520 0.045662 0.128328 0.045662 0.135380 0.035086 0.128328
0 0.045214 0.521010 0.051068 0.495998 0.065908 0.472698 0.066946 0.452958 0.098966 0.467792 0.084064 0.491208 0.088764 0.499710 0.117852 0.494514 0.133558 0.492804 0.145902 0.487242 0.146330 0.500788 0.132396 0.509060 0.119188 0.512496 0.126640 0.541234 0.114398 0.535912 0.095772 0.518882 0.093958 0.512176 0.083568 0.515292 0.078374 0.527760 0.080452 0.547498 0.080338 0.557732 0.067986 0.553732 0.071292 0.556668 0.058520 0.546556 0.057596 0.539188 0.067034 0.540702 0.070064 0.515292 0.066502 0.517286
0 0.004612 0.620222 0.006702 0.644800 0.007180 0.651502 0.013404 0.650066 0.015318 0.630438 0.022020 0.631396 0.022020 0.643364 0.026808 0.651022 0.043562 0.656288 0.060318 0.652938 0.073242 0.646236 0.080422 0.629960 0.079466 0.606502 0.087124 0.619906 0.087604 0.630916 0.091912 0.639534 0.112974 0.640490 0.132124 0.646236 0.130208 0.655810 0.111538 0.655330 0.090476 0.659640 0.077072 0.660596 0.062232 0.664426 0.058402 0.669692 0.063190 0.675436 0.081858 0.674000 0.087124 0.671128 0.104836 0.669692 0.098614 0.686446 0.108666 0.689320 0.120634 0.707988 0.118720 0.715170 0.110582 0.720436 0.104358 0.719956 0.111060 0.711340 0.101486 0.700330 0.089518 0.699372 0.089040 0.691234 0.072284 0.683574 0.067498 0.685010 0.059360 0.683096 0.048828 0.670170 0.042126 0.666820 0.017234 0.667778 0.001436 0.662990 0.000478 0.640012
0 0.070586 0.739462 0.079670 0.751272 0.086028 0.759448 0.082848 0.768532 0.076944 0.774436 0.069162 0.750916 0.060648 0.760494 0.064680 0.780796 0.054234 0.785338 0.048328 0.778524 0.043332 0.768532 0.035156 0.765352 0.026980 0.766716 0.016534 0.768532 0.023800 0.744458 0.013354 0.752634 0.007450 0.762172 0.011538 0.773982 0.016988 0.782612 0.027434 0.789880 0.036518 0.796694 0.045148 0.796694 0.047874 0.800782 0.050146 0.803960 0.072856 0.800782 0.083304 0.802598 0.090116 0.806686 0.108284 0.803052 0.110102 0.790788 0.113282 0.783976 0.108740 0.767624 0.106922 0.758540 0.100564 0.750364 0.094658 0.739008 0.092842 0.744004 0.093296 0.755360 0.086936 0.744912 0.077398 0.739462
0 0.068360 0.953776 0.067708 0.966146 0.058594 0.987630 0.055990 0.995442 0.080730 0.999348 0.089192 0.995442 0.108724 0.991536 0.112630 0.987630 0.108072 0.981120 0.087890 0.987630 0.076822 0.995442 0.072266 0.990234 0.072916 0.979818
0 0.031468 0.958406 0.014106 0.948278 0.002532 0.946832 0.013382 0.938874 0.022786 0.943938 0.033638 0.945384 0.043042 0.939598 0.040870 0.921514 0.023510 0.909216 0.015552 0.895472 0.026404 0.883174 0.036302 0.885982 0.060332 0.888538 0.044994 0.901322 0.056786 0.919344 0.061848 0.931640 0.071252 0.933088 0.075594 0.934534 0.084998 0.932364 0.096572 0.935980 0.090784 0.949002 0.079210 0.958406 0.072700 0.962022 0.061848 0.957682 0.054616 0.959852 0.042318 0.957682
0 0.354802 0.714558 0.385290 0.736472 0.394818 0.751714 0.395770 0.725038 0.402440 0.723132 0.406250 0.734566 0.410060 0.723132 0.420542 0.739330 0.429116 0.749810 0.447218 0.738376 0.473894 0.716464 0.473894 0.722180 0.455792 0.744092 0.447218 0.761242 0.444032 0.774206 0.421494 0.781250 0.409108 0.788872 0.402408 0.796618 0.394724 0.791496 0.392162 0.767802 0.375762 0.745046 0.364330 0.731708 0.344322 0.721228 0.345274 0.713606 0.342854 0.697362
0 0.406250 0.890112 0.430508 0.895012 0.429922 0.910262 0.427576 0.919646 0.426990 0.926684 0.438134 0.922578 0.451036 0.915540 0.454556 0.904396 0.458076 0.896772 0.457488 0.885628 0.461008 0.883282 0.464528 0.893252 0.463940 0.904396 0.468632 0.907916 0.461008 0.913780 0.461008 0.919060 0.464528 0.923166 0.453384 0.924924 0.451624 0.930204 0.447518 0.935482 0.448104 0.943694 0.452796 0.950146 0.459248 0.958944 0.471566 0.961876 0.487988 0.968328 0.483296 0.972434 0.465164 0.970800 0.452210 0.958356 0.434614 0.947212 0.432268 0.955424 0.422884 0.969500 0.415260 0.975366 0.429336 0.946626 0.425230 0.946626 0.412912 0.946626 0.411154 0.958356 0.405288 0.945454 0.397664 0.927858 0.395318 0.921406 0.404702 0.921406 0.417018 0.920820 0.421710 0.912608 0.421124 0.899704
0 0.994732 0.140020 0.980348 0.131692 0.964450 0.130178 0.941740 0.127906 0.920542 0.127150 0.921300 0.115038 0.916758 0.097626 0.910702 0.121094 0.906160 0.126392 0.898588 0.134720 0.888748 0.130936 0.875122 0.130936 0.859980 0.135478 0.862252 0.121850 0.884206 0.099898 0.888748 0.085514 0.860738 0.116552 0.852410 0.133964 0.835756 0.150618 0.853168 0.150618 0.854682 0.155160 0.847868 0.169544 0.838026 0.177870 0.849382 0.183926 0.858466 0.181656 0.871336 0.174086 0.888748 0.161216 0.895560 0.165758 0.899346 0.150618 0.910702 0.137748 0.928112 0.137748 0.967478 0.141534
0 0.870132 0.222144 0.875748 0.244608 0.882612 0.271440 0.888852 0.290160 0.888852 0.296400 0.883860 0.302016 0.887604 0.321360 0.897588 0.325104 0.909444 0.322608 0.908196 0.313248 0.905076 0.315120 0.908196 0.308880 0.918804 0.310128 0.938148 0.311376 0.955622 0.315120 0.953124 0.304512 0.928164 0.305136 0.925668 0.298896 0.955622 0.293904 0.948496 0.286802 0.930660 0.290784 0.918180 0.294528 0.906324 0.303888 0.899460 0.289536 0.898212 0.275808 0.883860 0.247728 0.881988 0.239616
0 0.411372 0.242060 0.409290 0.274840 0.410460 0.304080 0.408172 0.349002 0.411630 0.359048 0.393442 0.382300 0.403048 0.388704 0.410092 0.382940 0.417478 0.384778 0.435066 0.395748 0.437360 0.378930 0.430342 0.368404 0.438530 0.339166 0.426834 0.336826 0.424494 0.314606 0.434426 0.291368 0.422260 0.256788
0 0.419698 0.560322 0.412014 0.525102 0.408812 0.569928 0.413236 0.584840 0.413236 0.590614 0.401128 0.594902 0.401690 0.603122 0.402652 0.621402 0.401690 0.644492 0.399766 0.653152 0.387258 0.664698 0.394954 0.675280 0.404576 0.681054 0.409386 0.704144 0.418046 0.692600 0.435364 0.692600 0.431516 0.664698 0.431224 0.653816 0.427382 0.635246 0.423818 0.610818 0.419970 0.609856 0.419008 0.587728 0.420978 0.563524
0 0.939520 0.766684 0.913542 0.794586 0.901036 0.805168 0.888528 0.817676 0.887566 0.821524 0.869284 0.825374 0.867360 0.814790 0.862550 0.809018 0.860626 0.821524 0.851966 0.832108 0.829310 0.850440 0.839458 0.875404 0.848118 0.904268 0.871210 0.930246 0.885442 0.965782 0.895262 0.961034 0.904666 0.981160 0.912356 0.953478 0.952028 0.947564 0.965498 0.942754 0.965498 0.932170 0.997248 0.911966 0.996940 0.901190 0.967720 0.913494 0.950034 0.916570 0.942406 0.931208 0.919276 0.921182 0.903922 0.940828 0.883716 0.930246 0.863512 0.904268 0.851004 0.878290 0.851004 0.867708 0.864680 0.857360 0.858702 0.846540 0.867360 0.834994 0.892376 0.827298 0.909694 0.813828 0.925088 0.795548 0.932786 0.787850
1 0.001044 0.176814 0.001044 0.167022 0.010294 0.161038 0.011382 0.155054 0.010294 0.145260
1 0.077276 0.045800 0.059726 0.040138 0.056896 0.045800 0.069916 0.054292 0.071614 0.062784 0.078408 0.071274 0.088032 0.060518 0.095392 0.052592 0.116338 0.030514 0.103884 0.036176
1 0.090982 0.038318 0.075578 0.029382 0.069916 0.020890 0.077842 0.018060 0.085202 0.011266 0.099354 0.010700 0.105582 0.014096 0.115206 0.005038 0.114640 0.018060 0.112942 0.022588 0.099920 0.019192 0.088032 0.018626 0.083504 0.024286 0.088032 0.029948 0.091428 0.033910
1 0.280614 0.038734 0.279438 0.058146 0.269438 0.066972 0.268260 0.078736 0.281792 0.069912 0.302382 0.064618 0.324148 0.051088 0.309440 0.051088 0.291204 0.059324 0.290028 0.046970
1 0.274732 0.091680 0.272966 0.110504 0.266702 0.123114 0.275458 0.138604 0.287674 0.119328 0.301724 0.121768 0.324148 0.123446 0.331796 0.132860 0.346504 0.134036 0.347092 0.124036 0.328854 0.112858 0.328266 0.098738 0.319442 0.104034 0.312382 0.112270 0.302970 0.104034 0.298852 0.109328 0.290028 0.107564 0.279438 0.109328 0.279438 0.085208 0.275320 0.085796
0 0.402378 0.131968 0.389182 0.157482 0.382144 0.170678 0.381264 0.190914 0.397100 0.191794 0.404970 0.194672 0.411176 0.189154 0.442850 0.166280 0.447248 0.165400 0.445488 0.175958 0.459566 0.165400 0.484042 0.166378 0.483320 0.161000 0.482372 0.155804 0.453406 0.154842 0.437570 0.154842 0.427892 0.163640 0.414696 0.178596 0.404138 0.168918 0.396220 0.162760
1 0.343434 0.228744 0.325838 0.247220 0.326718 0.259536 0.321438 0.263936 0.309122 0.270974 0.300324 0.283292 0.302964 0.287690 0.333756 0.279772 0.355750 0.280652 0.367188 0.279772 0.353990 0.263056 0.341674 0.262176 0.340794 0.251618
1 0.126664 0.269996 0.118928 0.271930 0.108614 0.268706 0.101524 0.269350 0.102814 0.277730 0.095722 0.278376 0.073806 0.274508 0.076082 0.282592 0.093144 0.286754 0.106036 0.280308 0.109904 0.280954 0.116994 0.283532 0.126018 0.286754 0.144068 0.289978 0.134398 0.282888 0.122796 0.277086
1 0.236434 0.431486 0.209466 0.450282 0.202928 0.442926 0.197208 0.443744 0.192306 0.455184 0.189036 0.472346 0.189036 0.477248 0.192306 0.481334 0.201294 0.474798 0.211100 0.481334 0.211100 0.463356 0.220908 0.453550 0.230714 0.442110
1 0.155210 0.400898 0.152760 0.420492 0.146862 0.434796 0.151536 0.437022 0.157658 0.437634 0.167454 0.438860 0.174802 0.438860 0.169904 0.451104 0.174802 0.459676 0.189970 0.459278 0.183584 0.428942 0.171342 0.425218 0.165618 0.401512 0.162556 0.386816
1 0.101902 0.531062 0.100016 0.544270 0.091524 0.548988 0.103790 0.554650 0.118886 0.553706 0.134926 0.547102 0.114168 0.543328
1 0.195740 0.620940 0.195740 0.640642 0.192314 0.654348 0.204308 0.665484 0.208590 0.656918 0.222296 0.660344 0.215444 0.642356 0.209446 0.638072 0.205164 0.621796
1 0.146056 0.676620 0.131494 0.699750 0.123446 0.717920 0.128236 0.720580 0.139202 0.720310 0.140060 0.704890 0.164902 0.673194
1 0.305390 0.715170 0.295110 0.728018 0.284830 0.725448 0.269412 0.724592 0.277122 0.738298 0.299948 0.753074 0.299308 0.738346 0.306246 0.729732
1 0.202594 0.721166 0.188888 0.747722 0.188888 0.758000 0.183748 0.776846 0.180322 0.782844 0.174324 0.784556 0.172612 0.792266 0.182892 0.803402 0.192314 0.793980 0.200880 0.764854 0.200880 0.747722 0.201738 0.729732
0 0.037368 0.374042 0.020170 0.378956 0.011572 0.382026 0.012800 0.370356 0.034296 0.364214 0.031840 0.356230 0.042280 0.358688 0.039210 0.339648 0.047808 0.350088 0.048422 0.358688 0.065006 0.326136 0.057022 0.352546 0.057022 0.366058 0.074218 0.372814 0.085888 0.366672 0.092030 0.376498 0.083432 0.379570 0.059478 0.374042 0.045966 0.372200
1 0.000634 0.773616 0.005708 0.791370 0.008244 0.779956
1 0.014586 0.825614 0.001902 0.837662 0.004438 0.853516 0.011414 0.857954 0.013950 0.850980 0.038048 0.853516 0.052632 0.851614 0.036146 0.842736 0.012682 0.840832 0.013950 0.834492
1 0.129362 0.838930 0.123022 0.857954 0.099558 0.855418 0.095120 0.848442 0.086876 0.827516 0.079266 0.830686 0.077364 0.835760 0.064682 0.826882 0.061510 0.840832 0.074828 0.851614 0.075462 0.856052 0.081168 0.867466 0.082438 0.859856 0.113510 0.864296 0.106534 0.877612 0.105266 0.887758 0.104632 0.896002 0.115412 0.887124 0.133802 0.870004 0.142680 0.859222 0.129996 0.863028 0.130632 0.848442
1 0.390456 0.954000 0.372124 0.958230 0.364368 0.951884 0.365778 0.965986 0.372124 0.996306 0.377058 0.988550 0.375648 0.963870 0.382700 0.959640
1 0.012132 0.969448 0.005018 0.976562 0.000492 0.977210 0.007606 0.994024 0.013426 0.983030 0.017954 0.972682
1 0.412986 0.006170 0.407892 0.019758 0.388332 0.036168 0.389776 0.041270 0.389776 0.054292 0.391972 0.059806 0.401098 0.039006 0.403928 0.047498 0.402796 0.058820 0.413928 0.054532 0.416384 0.046932 0.420346 0.048630 0.436198 0.055424 0.448652 0.053158 0.433368 0.042402 0.420912 0.027684 0.423744 0.017494 0.432802 0.005604 0.424876 0.001642
1 0.487424 0.417156 0.480650 0.427882 0.466538 0.430704 0.468796 0.441428 0.478956 0.439170 0.486858 0.439170 0.503794 0.443686 0.503228 0.438042 0.493632 0.435784 0.497020 0.431268 0.509438 0.434654 0.504922 0.426188 0.497020 0.425058
1 0.374526 0.518200 0.381300 0.530054 0.390332 0.539086 0.394848 0.538520 0.384122 0.519892 0.379606 0.514812
1 0.481462 0.330702 0.505658 0.317946 0.507856 0.326744 0.512256 0.343900 0.515774 0.364134 0.528532 0.372932 0.547006 0.369414 0.529412 0.358856 0.524132 0.348298 0.519294 0.323664 0.507856 0.310908 0.493780 0.313546 0.485422 0.315306 0.476184 0.317506 0.472226 0.323224 0.472666 0.330702
1 0.529846 0.725798 0.518954 0.720414 0.511270 0.724258 0.491030 0.723950 0.489796 0.706698 0.479322 0.691296 0.483020 0.709164 0.484868 0.719638 0.476242 0.706698 0.478706 0.717788 0.481788 0.729496 0.483734 0.749872 0.479322 0.747980 0.492262 0.736272 0.500272 0.735656 0.517522 0.737504 0.524916 0.735656
1 0.373964 0.810824 0.365340 0.820066 0.352400 0.821914 0.348088 0.831156 0.359178 0.833004 0.360410 0.843478 0.369036 0.840398 0.370268 0.828076 0.373964 0.821914
1 0.925438 0.198852 0.926050 0.211708 0.916866 0.218444 0.911968 0.206198 0.908294 0.216608 0.912580 0.234362 0.928500 0.242934 0.930948 0.230076 0.935846 0.204974 0.935234 0.200688
1 0.983604 0.209872 0.976256 0.219056 0.963398 0.222118 0.976256 0.233750 0.981154 0.234362 0.998046 0.212890
1 0.848906 0.271098 0.840334 0.275384 0.832986 0.279670 0.825640 0.289466 0.838496 0.297426 0.858702 0.285794 0.874620 0.275996 0.873396 0.265588 0.864212 0.266812
1 0.806658 0.358040 0.817680 0.383144 0.830538 0.377632 0.842170 0.370898 0.841558 0.356204 0.850742 0.340896 0.853192 0.324366 0.837272 0.329876 0.824414 0.333550 0.812170 0.335998 0.803598 0.335386 0.805434 0.342734 0.808496 0.345794
1 0.957276 0.373960 0.965236 0.388042 0.974420 0.408858 0.983604 0.416206 0.984216 0.397226 0.984828 0.377632 0.977480 0.372122 0.971358 0.356204 0.969522 0.374572 0.964012 0.366612 0.953602 0.362326
0 0.884138 0.470738 0.857108 0.405344 0.870186 0.414934 0.886754 0.447196 0.894602 0.441964 0.895472 0.420166 0.889370 0.379186 0.884138 0.359130 0.906204 0.375230 0.901576 0.426270 0.912912 0.437604 0.893730 0.455916
0 0.981794 0.436732 0.951276 0.461146 0.960868 0.460274 0.959124 0.474226 0.946044 0.494280 0.958252 0.491664 0.973074 0.467250
1 0.904192 0.558804 0.898088 0.584090 0.909424 0.593680 0.909424 0.604144 0.899284 0.602838 0.891594 0.593612 0.887626 0.589320 0.878034 0.595424 0.882394 0.583218 0.868444 0.573626 0.879778 0.574498 0.888498 0.570138
1 0.960868 0.565778 0.953776 0.578124 0.939454 0.587240 0.953124 0.587890 0.970704 0.596354 0.985026 0.597006 0.970052 0.588542 0.964192 0.583984 0.967448 0.566406 0.964192 0.559244
1 0.877118 0.982830 0.872110 0.992130 0.857086 0.992130 0.849932 0.998570 0.878548 0.998570 0.884272 0.987122
1 0.852398 0.781864 0.842570 0.798448 0.836428 0.813802 0.826602 0.819944 0.824760 0.830386 0.843800 0.835912 0.854854 0.823014 0.851170 0.811960 0.860996 0.795990 0.860996 0.784936 0.860996 0.780022
1 0.891706 0.718602 0.878808 0.727816 0.874508 0.728430 0.860996 0.732728 0.842570 0.737028 0.837658 0.733344 0.834586 0.733344 0.825374 0.741328 0.809404 0.740100 0.793436 0.745012 0.790978 0.754226 0.804490 0.756068 0.806948 0.759754 0.810018 0.765282 0.820460 0.770808 0.825988 0.759140 0.816160 0.757296 0.813090 0.752998 0.824146 0.748698 0.843800 0.747470 0.858540 0.741328 0.864068 0.740100 0.868366 0.749312 0.872052 0.752384 0.875122 0.745012 0.878194 0.734572 0.887406 0.727816
1 0.851784 0.592080 0.833972 0.600064 0.836428 0.609276 0.845642 0.606206
1 0.055022 0.000000 0.055578 0.013912 0.060000 0.008438 0.060312 0.002188 0.064376 0.010626 0.069374 0.014062 0.078124 0.009062 0.077500 0.000938
0 0.018074 0.192120 0.009026 0.203828 0.000510 0.341132 0.003172 0.353904 0.007962 0.361886 0.019670 0.362952 0.030846 0.360822 0.031910 0.357630 0.030314 0.353372 0.039892 0.356566 0.037232 0.337406 0.043086 0.343260 0.048940 0.348582 0.050004 0.354436 0.057454 0.328360 0.065970 0.324634 0.074484 0.338470 0.080872 0.334214 0.089918 0.324634 0.094176 0.312926 0.106416 0.309200 0.103222 0.302282 0.088322 0.306540 0.085660 0.296960 0.072356 0.316118 0.061180 0.319844 0.039892 0.321440 0.019138 0.325166 0.011686 0.311862 0.004768 0.215004 0.013284 0.208084 0.018074 0.199570
1 0.486936 0.895236 0.483094 0.908044 0.481814 0.914446 0.475410 0.922132 0.484374 0.925332 0.488858 0.918930 0.495262 0.898438 0.498464 0.889472
1 0.319160 0.605148 0.322362 0.616034 0.324282 0.621798 0.335170 0.624360 0.335170 0.629482 0.342854 0.636526 0.352460 0.632044 0.332608 0.610912 0.338370 0.591700 0.329406 0.599386
1 0.427382 0.476434 0.412654 0.490522 0.408172 0.479636 0.404328 0.488602 0.407530 0.502050 0.413934 0.502050 0.419698 0.507812 0.426742 0.494364 0.435066 0.475154
1 0.488858 0.476434 0.497822 0.502690 0.494620 0.515496 0.499104 0.518698 0.518954 0.509094 0.515754 0.501408 0.501664 0.502690 0.498464 0.483478
1 0.517984 0.118522 0.519098 0.144676 0.525218 0.155248 0.520210 0.159144 0.517428 0.165820 0.525774 0.165820 0.533564 0.165820 0.540242 0.168046 0.562500 0.178062 0.556380 0.166934 0.543024 0.158588 0.532452 0.156362 0.525218 0.140224 0.522436 0.127426