0 0.124866 0.025986 0.128218 0.011736 0.056968 0.000838 0.051938 0.012574 0.043556 0.041074 0.041880 0.050296 0.052776 0.042750 0.053614 0.025148 0.060320 0.011736 0.071218 0.002514 0.078762 0.000000 0.085468 0.005030 0.081276 0.015088 0.077086 0.031016 0.078762 0.040236 0.076248 0.051134 0.089660 0.048618 0.097204 0.046104 0.093850 0.057840 0.093012 0.072090 0.103910 0.055324 0.113130 0.062030 0.121512 0.068736 0.137440 0.067898 0.149176 0.063708 0.153366 0.057840 0.133248 0.057002 0.129058 0.049456 0.127380 0.045266 0.122352 0.046104 0.111454 0.042750 0.105586 0.032692 0.102234 0.020118 0.099718 0.017604 0.112292 0.017604
0 0.142470 0.084664 0.134924 0.098076 0.119836 0.104782 0.109778 0.110650 0.097204 0.116516 0.087982 0.120708 0.086306 0.124900 0.090498 0.135796 0.092174 0.140826 0.086306 0.144180 0.077924 0.134958 0.073732 0.121546 0.064512 0.125738 0.055292 0.131606 0.049424 0.127414 0.048586 0.114002 0.058644 0.105620 0.073732 0.098914 0.090498 0.093884 0.104748 0.088016 0.113968 0.092208 0.124866 0.086340
0 0.056130 0.201180 0.064512 0.209562 0.061998 0.222974 0.077086 0.237226 0.088822 0.244770 0.097204 0.248960 0.096366 0.259858 0.088822 0.264050 0.077086 0.262372 0.074570 0.271594 0.076248 0.284168 0.087144 0.269916 0.101394 0.267402 0.108940 0.265726 0.119836 0.260696 0.128218 0.264050 0.138278 0.266564 0.150014 0.274946 0.150014 0.267402 0.137440 0.253990 0.122352 0.246446 0.111454 0.243092 0.108940 0.232196 0.114806 0.220460 0.120674 0.213754 0.129058 0.209562 0.143308 0.214592 0.155042 0.210402 0.160910 0.196990 0.144984 0.201180 0.134086 0.198666 0.118998 0.192798 0.107262 0.190282 0.103072 0.181062 0.090498 0.177710 0.079600 0.177710 0.070380 0.182738 0.077086 0.191122 0.093850 0.188606 0.099718 0.192798 0.103072 0.202018 0.103072 0.209562 0.098880 0.216268 0.097204 0.226328 0.088822 0.224652 0.076248 0.217108 0.074570 0.202856 0.066188 0.192798 0.059482 0.189444
0 0.073732 0.344522 0.086306 0.348712 0.095528 0.340330 0.099718 0.347036 0.102234 0.352904 0.115646 0.357934 0.123190 0.366316 0.118160 0.378052 0.113130 0.388110 0.104748 0.393140 0.113130 0.398170 0.124028 0.395654 0.121512 0.404876 0.106424 0.405714 0.087144 0.396492 0.077924 0.401522 0.071218 0.408228 0.065350 0.405714 0.072894 0.393140 0.081276 0.383918 0.089660 0.378052 0.098880 0.369668 0.089660 0.368830 0.087982 0.359610 0.076248 0.357934 0.072894 0.354580
0 0.020410 0.485254 0.044634 0.488282 0.054476 0.486010 0.059774 0.492824 0.055990 0.505692 0.050690 0.515534 0.060532 0.520076 0.077186 0.512506 0.093840 0.507964 0.083242 0.517048 0.084756 0.528404 0.109738 0.519320 0.117308 0.519320 0.118066 0.533702 0.122608 0.545816 0.126392 0.539758 0.126392 0.517806 0.136992 0.519320 0.139262 0.529918 0.138506 0.542788 0.139262 0.551114 0.152132 0.544302 0.153646 0.529160 0.146832 0.510992 0.136992 0.505692 0.135478 0.498122 0.118822 0.497366 0.103682 0.493580 0.091570 0.486010 0.081728 0.476168 0.069616 0.473140 0.058260 0.470112 0.046906 0.472384 0.034036 0.474654
0 0.117308 0.585938 0.099898 0.588966 0.087784 0.596536 0.073402 0.604864 0.056746 0.603350 0.055990 0.610920 0.058260 0.622274 0.052204 0.632116 0.047662 0.644986 0.044634 0.655584 0.037064 0.663912 0.035550 0.674510 0.055990 0.658612 0.059774 0.649528 0.077186 0.639686 0.090056 0.650284 0.101412 0.654826 0.118066 0.660882 0.127150 0.658612 0.140776 0.659368 0.146076 0.658612 0.135478 0.650284 0.124878 0.643472 0.127150 0.632116 0.118066 0.637416 0.110496 0.629088 0.105954 0.623788 0.115794 0.616218 0.123364 0.612434 0.133964 0.607892 0.135478 0.603350 0.121094 0.600320 0.111252 0.601836
0 0.023438 0.722960 0.040092 0.716146 0.058260 0.712360 0.080214 0.712360 0.091570 0.719174 0.102168 0.716902 0.113524 0.724474 0.137748 0.728258 0.142290 0.740370 0.141534 0.747184 0.127906 0.744912 0.114280 0.741128 0.108224 0.736586 0.098382 0.740370 0.092326 0.745670 0.086270 0.744912 0.084000 0.739614 0.088542 0.728258 0.077944 0.728258 0.066588 0.725230 0.053718 0.725230 0.037064 0.725988
0 0.558472 0.007844 0.556946 0.014710 0.565338 0.019288 0.565338 0.030732 0.565338 0.045990 0.565338 0.061248 0.563812 0.068878 0.559234 0.061248 0.559234 0.047516 0.559234 0.036834 0.556946 0.025390 0.549316 0.021576 0.537872 0.026916 0.521850 0.029206 0.514222 0.034546 0.505828 0.040650 0.502014 0.049042 0.502014 0.060486 0.501252 0.069642 0.499726 0.080322 0.499726 0.084900 0.493622 0.074218 0.492858 0.064300 0.486756 0.049804 0.489808 0.039886 0.497436 0.026154 0.489808 0.021576 0.491334 0.015472 0.506592 0.015472 0.522614 0.012420 0.534058 0.010894 0.536346 0.004792
0 0.546264 0.142120 0.554656 0.152802 0.556182 0.163482 0.556182 0.173400 0.584112 0.194692 0.553994 0.189216 0.537110 0.206208 0.529480 0.209260 0.531768 0.201630 0.540162 0.189422 0.534820 0.187134 0.521850 0.187134 0.512696 0.196290 0.505828 0.204682 0.500488 0.206970 0.504302 0.190948 0.508118 0.184844 0.504302 0.175690 0.495910 0.168824 0.492858 0.181030 0.487518 0.169586 0.478364 0.168824 0.476838 0.179504 0.473786 0.165772 0.476074 0.158142 0.485992 0.156616 0.484466 0.143646 0.476838 0.139832 0.466156 0.136780 0.454712 0.132966 0.449372 0.130676 0.456238 0.127624 0.468444 0.129914 0.463104 0.116944 0.469970 0.116180 0.481414 0.127624 0.488282 0.119232 0.494384 0.111602 0.497436 0.120758 0.496674 0.131440 0.491334 0.136016 0.496674 0.141358 0.499726 0.152038 0.506592 0.149750 0.520324 0.149750 0.531006 0.150512
0 0.555420 0.240540 0.543212 0.242828 0.532532 0.252746 0.531768 0.261138 0.530242 0.268006 0.519562 0.271820 0.508118 0.277160 0.505066 0.284028 0.508118 0.300812 0.512696 0.312256 0.515748 0.327514 0.526428 0.335906 0.530242 0.344300 0.540924 0.339722 0.539398 0.330566 0.528718 0.323700 0.525666 0.312256 0.534820 0.303100 0.546264 0.293946 0.552368 0.287842 0.553894 0.274872 0.554656 0.265716 0.555420 0.254272
0 0.517272 0.357270 0.524140 0.371766 0.514984 0.371766 0.504302 0.373292 0.495910 0.376342 0.492096 0.381684 0.495148 0.387786 0.501252 0.395416 0.505066 0.384736 0.513458 0.385498 0.527192 0.391602 0.534058 0.389312 0.535584 0.396942 0.540924 0.409150 0.547028 0.417542 0.547790 0.425934 0.544738 0.431274 0.536346 0.433564 0.533294 0.439666 0.556946 0.436614 0.559998 0.445770 0.569152 0.437378 0.569152 0.424408 0.565338 0.416778 0.576020 0.404572 0.568390 0.397706 0.558472 0.387786 0.551606 0.384736 0.554656 0.376342 0.546264 0.366424 0.540162 0.362610 0.529480 0.358796
0 0.501252 0.466370 0.514222 0.483154 0.524902 0.489258 0.522614 0.505280 0.528718 0.522828 0.539398 0.534272 0.547790 0.539612 0.543212 0.548004 0.538636 0.557922 0.549316 0.554108 0.559998 0.538086 0.565338 0.525116 0.565338 0.510620 0.560760 0.490020 0.552368 0.483918 0.544738 0.480866 0.529480 0.479340 0.519562 0.470948 0.510406 0.464080
0 0.480652 0.605224 0.499726 0.606750 0.518798 0.613616 0.540924 0.612854 0.547028 0.621246 0.553132 0.631928 0.557708 0.622772 0.567626 0.624298 0.559998 0.636506 0.563812 0.646424 0.566942 0.659760 0.568104 0.663636 0.571978 0.664798 0.577404 0.659374 0.580116 0.656274 0.583604 0.659374 0.589030 0.665962 0.589030 0.673712 0.588254 0.684176 0.587092 0.699676 0.583604 0.695800 0.582054 0.701226 0.578566 0.706652 0.576630 0.700838 0.579342 0.688438 0.580116 0.677200 0.574304 0.671774 0.565390 0.671000 0.559578 0.669450 0.556866 0.664412 0.557252 0.650848 0.551828 0.643872 0.543302 0.631860 0.533614 0.627208 0.521214 0.624884 0.511912 0.626434 0.509588 0.629922 0.507650 0.632634 0.504938 0.642322 0.508038 0.650072 0.511138 0.656660 0.512300 0.667124 0.508812 0.674100 0.503386 0.674874 0.506100 0.669450 0.505712 0.654336 0.497962 0.648910 0.495636 0.641548 0.489048 0.633022 0.491374 0.622558 0.482848 0.620234 0.478198 0.616358
0 0.552216 0.720214 0.552602 0.731454 0.550278 0.740366 0.551052 0.746180 0.554928 0.752380 0.562290 0.756642 0.571204 0.764780 0.581666 0.769818 0.584768 0.777568 0.583218 0.787644 0.578566 0.791906 0.573916 0.784544 0.565778 0.780282 0.557640 0.777568 0.552216 0.773306 0.546014 0.773306 0.549114 0.779118 0.553766 0.785706 0.559966 0.793844 0.571204 0.799270 0.580892 0.802758 0.588254 0.809346 0.592518 0.814384 0.594842 0.818646 0.592518 0.825234 0.587868 0.828722 0.578954 0.830272 0.581666 0.824846 0.581666 0.817872 0.579342 0.811670 0.574304 0.808958 0.566554 0.808570 0.557252 0.805470 0.547564 0.798108 0.534776 0.786482 0.529352 0.779506 0.529352 0.772530 0.520050 0.772530 0.510750 0.772918 0.501062 0.770980 0.498350 0.765168 0.511912 0.766718 0.520826 0.764392 0.526250 0.760518 0.527414 0.750830 0.529352 0.746566 0.537102 0.742692 0.540202 0.734940 0.542526 0.727190 0.546014 0.722928
0 0.547178 0.848098 0.541364 0.855848 0.535552 0.860112 0.530902 0.860498 0.526638 0.869412 0.527414 0.877938 0.526638 0.880650 0.519276 0.883750 0.514626 0.883362 0.507650 0.883750 0.502612 0.884526 0.498350 0.887626 0.497186 0.891500 0.498350 0.896538 0.499124 0.899638 0.502612 0.896152 0.502224 0.891500 0.505712 0.894214 0.503386 0.898088 0.503000 0.903514 0.503000 0.910878 0.505712 0.914364 0.508812 0.904676 0.518112 0.904290 0.525476 0.900026 0.524700 0.909326 0.524700 0.916690 0.520438 0.922116 0.520438 0.927928 0.529352 0.925216 0.538264 0.931028 0.545628 0.934128 0.543690 0.924828 0.542914 0.921340 0.550278 0.912428 0.556090 0.905840 0.563454 0.902740 0.569654 0.901188 0.579342 0.899638 0.588254 0.899252 0.595618 0.900026 0.604918 0.903126 0.610732 0.898088 0.615382 0.892664 0.616156 0.887626 0.608794 0.885688 0.599880 0.886462 0.591742 0.882976 0.581666 0.882976 0.568492 0.884138 0.556866 0.887238 0.552602 0.883362 0.552602 0.876388 0.552216 0.867862 0.547178 0.868636 0.549502 0.860498 0.549114 0.853136
0 0.586704 0.996908 0.580892 0.989932 0.566536 0.978866 0.594174 0.978866 0.607072 0.967810 0.588646 0.965968 0.577590 0.962282 0.564692 0.967810 0.549890 0.979468 0.540976 0.975594 0.540590 0.970944 0.533226 0.967068 0.518888 0.967068 0.511258 0.970574 0.497574 0.976368 0.492148 0.986444 0.488274 0.994194 0.482422 0.998046 0.496094 0.998046 0.519856 0.997898 0.536572 0.994378 0.544490 0.995698 0.549330 0.991738 0.556368 0.991738 0.562966 0.993938 0.570312 0.998046
0 0.829918 0.000896 0.824154 0.009862 0.812628 0.014344 0.797900 0.017546 0.788934 0.017546 0.798540 0.010502 0.813268 0.006020
0 0.774846 0.066854 0.772926 0.074538 0.769724 0.086706 0.769724 0.098232 0.769724 0.107838 0.778048 0.098232 0.779970 0.095030 0.790216 0.100794 0.791496 0.109118 0.788294 0.119364 0.787014 0.126408 0.793418 0.121286 0.801742 0.109118 0.814550 0.115522 0.827356 0.120006 0.840164 0.123206 0.847848 0.118084 0.852972 0.109118 0.851050 0.095672 0.844006 0.085426 0.833120 0.077100 0.822234 0.070696 0.806864 0.064294 0.797260 0.064934 0.789574 0.067494
0 0.862576 0.150742 0.854892 0.144340 0.845928 0.136654 0.839524 0.131532 0.829918 0.126408 0.819032 0.123848 0.811348 0.123848 0.806864 0.128330 0.805584 0.136014 0.808146 0.145620 0.813268 0.151384 0.818392 0.158428 0.822234 0.162270 0.817752 0.166112 0.822874 0.171234 0.828638 0.180200 0.831198 0.187884 0.824796 0.191726 0.815190 0.186604 0.807506 0.180200 0.804944 0.170594 0.805584 0.164830 0.799820 0.164190 0.793418 0.166112 0.784452 0.170594 0.779970 0.174436 0.773566 0.179560 0.769724 0.173796 0.771004 0.165472 0.770364 0.162270 0.759478 0.165472 0.754994 0.172516 0.754354 0.178278 0.753714 0.182762 0.749232 0.176358 0.744748 0.174436 0.735144 0.176998 0.721056 0.180840 0.722976 0.172516 0.730020 0.165472 0.739626 0.155226 0.762038 0.148822 0.756276 0.140496 0.772926 0.143058 0.788934 0.144340 0.795338 0.140496 0.790856 0.134734 0.790856 0.125768 0.801102 0.116804 0.812628 0.116804 0.831198 0.121926 0.842726 0.125768 0.850410 0.130892 0.857454 0.138576
0 0.859374 0.251922 0.854252 0.241676 0.839524 0.235912 0.822234 0.230148 0.806224 0.228868 0.803022 0.236552 0.795978 0.246158 0.794058 0.254482 0.794058 0.269212 0.794698 0.278816 0.803662 0.290344 0.795338 0.292904 0.786372 0.299948 0.783812 0.308274 0.790216 0.306992 0.797900 0.303150 0.812628 0.298028 0.819672 0.295466 0.825436 0.297388 0.830558 0.306352 0.840164 0.311476 0.851690 0.315958 0.849770 0.306352 0.840164 0.297388 0.832480 0.287142 0.827356 0.278816 0.821594 0.270492 0.816470 0.261526 0.810066 0.251922 0.809426 0.244878 0.814550 0.241676 0.825436 0.241676 0.836322 0.245518 0.849130 0.248720
0 0.842726 0.372310 0.842726 0.381276 0.834400 0.385758 0.831840 0.397284 0.827356 0.406890 0.821594 0.413294 0.829918 0.415216 0.822874 0.423540 0.814550 0.422260 0.810066 0.417136 0.800462 0.421618 0.794698 0.428022 0.794698 0.438268 0.796618 0.448514 0.797900 0.456840 0.802382 0.457480 0.808146 0.447874 0.808146 0.456840 0.804304 0.468366 0.801742 0.477330 0.798540 0.488218 0.794698 0.495262 0.791496 0.478612 0.781890 0.472848 0.774206 0.461962 0.776128 0.443392 0.776128 0.427382 0.763960 0.426742 0.747310 0.425462 0.740906 0.417776 0.733222 0.406890 0.749232 0.410092 0.760118 0.413294 0.778688 0.409452 0.793418 0.404328 0.790216 0.393442 0.796618 0.388960 0.796618 0.379994 0.810066 0.372950 0.806864 0.386398 0.811348 0.388320 0.818392 0.392802 0.823514 0.387680 0.828638 0.383838
0 0.728100 0.588114 0.748592 0.596440 0.760118 0.606046 0.769724 0.607966 0.774846 0.598360 0.779328 0.586834 0.790216 0.576588 0.795338 0.567622 0.801742 0.563140 0.810706 0.559298 0.814550 0.563780 0.819032 0.569544 0.822874 0.579790 0.822234 0.589396 0.826716 0.597720 0.835682 0.600922 0.841444 0.603484 0.847208 0.613730 0.852972 0.614370 0.847848 0.601562 0.840164 0.593238 0.833120 0.585554 0.826076 0.573386 0.823514 0.564422 0.822234 0.554816 0.821594 0.536886 0.824796 0.526640 0.819672 0.520236 0.814550 0.509350 0.808786 0.506788 0.801742 0.508710 0.796618 0.518314 0.791496 0.529200 0.787654 0.543288 0.784452 0.548412 0.777408 0.548412 0.777408 0.558658 0.777408 0.564422 0.772284 0.571466 0.769082 0.579150 0.765882 0.586834 0.762680 0.590036 0.753074 0.585554 0.743468 0.582352 0.734504 0.582992
0 0.722976 0.679048 0.734504 0.675846 0.744108 0.675846 0.753714 0.679688 0.758838 0.686092 0.757556 0.696978 0.767162 0.691214 0.776128 0.693136 0.782530 0.686092 0.788934 0.680328 0.804304 0.677126 0.812628 0.673924 0.816470 0.670082 0.824796 0.665600 0.822234 0.659836 0.812628 0.655994 0.804944 0.647670 0.799180 0.645108 0.790856 0.648950 0.782530 0.648950 0.776768 0.654714 0.771644 0.660476 0.764600 0.660476 0.753074 0.659836 0.740906 0.661758 0.730020 0.666240 0.723616 0.670082
0 0.864498 0.810322 0.841444 0.805200 0.826076 0.801998 0.814550 0.798156 0.806224 0.799436 0.792776 0.807120 0.778688 0.809682 0.766522 0.810964 0.756276 0.803920 0.769724 0.801998 0.785092 0.800718 0.797900 0.795594 0.802382 0.791752 0.799180 0.785348 0.795978 0.783428 0.792136 0.788550 0.787014 0.790472 0.783812 0.786630 0.785092 0.777664 0.776128 0.769980 0.766522 0.766778 0.756916 0.763576 0.742828 0.764856 0.727460 0.766778 0.729380 0.761014 0.747310 0.755252 0.763960 0.753330 0.776768 0.755252 0.789574 0.759734 0.803022 0.764856 0.810066 0.767418 0.812628 0.777024 0.815830 0.781506 0.827356 0.788550 0.842726 0.791112 0.852330 0.794954 0.863218 0.800718 0.873464 0.807120
0 0.760758 0.875000 0.766522 0.885246 0.762680 0.892930 0.753074 0.896132 0.744108 0.901256 0.754994 0.905098 0.771004 0.899334 0.777408 0.892930 0.775486 0.899334 0.787014 0.895492 0.800462 0.896772 0.790856 0.905098 0.787014 0.915344 0.787654 0.922388 0.806224 0.913422 0.816470 0.910860 0.820952 0.918546 0.826076 0.924948 0.832480 0.930712 0.841444 0.924948 0.840164 0.917264 0.838884 0.906378 0.827996 0.903176 0.827996 0.891010 0.822874 0.883324 0.817752 0.880764 0.803662 0.880764 0.794058 0.876922 0.783812 0.875640 0.774846 0.878842 0.768442 0.869878
1 0.023396 0.047770 0.026448 0.064046 0.019328 0.072184 0.007120 0.078288 0.006104 0.085408 0.025432 0.084392 0.031534 0.084392 0.043742 0.084392 0.047810 0.075236 0.041708 0.068116 0.035604 0.057942
1 0.428264 0.007080 0.419108 0.018270 0.441488 0.010132 0.454712 0.005046
1 0.446574 0.147460 0.429280 0.153564 0.421142 0.163736 0.420126 0.181030 0.433350 0.181030 0.433350 0.167806 0.442504 0.162720 0.451660 0.166788
1 0.007316 0.241838 0.014686 0.252892 0.036796 0.257500 0.050616 0.253814 0.054300 0.265790 0.060750 0.278688 0.067198 0.289744 0.055222 0.295272 0.045088 0.292508 0.042324 0.283296 0.042324 0.265790 0.025740 0.263948 0.007316 0.261184 0.003630 0.251050
1 0.214604 0.151552 0.214604 0.160764 0.221974 0.169056 0.215526 0.180112 0.201706 0.188402 0.190650 0.191166 0.185124 0.183796 0.198942 0.176426 0.209076 0.171820 0.206312 0.165370 0.204470 0.153394
1 0.160248 0.234468 0.175910 0.235388 0.190650 0.242758 0.190650 0.258420 0.192494 0.274082 0.191572 0.282374 0.183280 0.276846 0.172226 0.270398 0.167618 0.263026 0.172226 0.260264 0.182360 0.263948 0.183280 0.251972 0.174068 0.245522 0.167618 0.245522 0.161170 0.255656 0.155642 0.254736 0.159328 0.244602
1 0.374908 0.277768 0.375830 0.295272 0.383200 0.308170 0.397940 0.324754 0.409916 0.329360 0.424658 0.324754 0.416366 0.307248 0.413602 0.299878 0.424658 0.298036 0.432028 0.288822 0.418208 0.286060 0.401626 0.286980 0.388728 0.283296 0.386884 0.274082
1 0.440320 0.316462 0.455980 0.328438 0.451374 0.336730 0.442162 0.349628 0.439398 0.362526 0.453218 0.351470 0.465194 0.341336 0.476250 0.342258 0.487304 0.341336 0.483620 0.323832 0.476250 0.310934 0.460588 0.297114 0.462430 0.307248 0.467036 0.324754 0.454138 0.313698
1 0.171304 0.433464 0.173146 0.459260 0.163934 0.473080 0.161170 0.485978 0.176832 0.474922 0.188808 0.474002 0.196178 0.466632 0.198022 0.455576 0.187886 0.450970 0.185124 0.455576
1 0.073648 0.560602 0.062592 0.564288 0.057986 0.573500 0.050616 0.578106 0.045088 0.584556 0.060750 0.589162 0.071804 0.582714 0.070884 0.574422
1 0.151036 0.620486 0.169462 0.642596 0.163934 0.653652 0.163012 0.661944 0.174988 0.657338 0.182360 0.649966 0.202628 0.652730 0.201706 0.642596 0.186044 0.636148 0.172226 0.628778 0.161170 0.618644
1 0.095758 0.666550 0.100364 0.684054 0.097600 0.690504 0.112342 0.697874 0.121554 0.709850 0.113262 0.710772 0.092074 0.702480 0.087466 0.708930 0.084702 0.696952 0.083782 0.684976 0.063514 0.682212 0.046930 0.672078 0.057064 0.666550 0.076412 0.661944
1 0.432948 0.638912 0.445846 0.641676 0.448610 0.654574 0.450454 0.661944 0.458744 0.655494 0.458744 0.633384 0.445846 0.633384
1 0.422814 0.720906 0.431106 0.733804 0.444926 0.743938 0.463352 0.754072 0.470722 0.757758 0.457824 0.761442 0.444926 0.758678 0.442162 0.764206 0.435712 0.765128 0.434792 0.757758 0.432948 0.747624 0.421894 0.737488
1 0.233030 0.750386 0.245928 0.763284 0.253298 0.774340 0.257904 0.766048 0.268038 0.755914 0.256062 0.752230 0.247770 0.752230
0 0.025740 0.802900 0.032190 0.807506 0.034032 0.794608 0.038638 0.790924 0.040482 0.801058 0.039560 0.814876 0.040482 0.826854 0.049694 0.820404 0.068120 0.813956 0.082860 0.822248 0.098522 0.829618 0.111420 0.830538 0.116948 0.830538 0.118790 0.843436 0.129846 0.848964 0.132610 0.860942 0.137216 0.876604 0.126160 0.872918 0.120634 0.860942 0.115106 0.865548 0.106814 0.873840 0.095758 0.880288 0.085624 0.886738 0.084702 0.895028 0.077332 0.899636 0.076412 0.889502 0.076412 0.876604 0.088388 0.869232 0.093916 0.866468 0.097600 0.852650 0.099444 0.841594 0.091152 0.838830 0.077332 0.847122 0.065356 0.857256 0.057064 0.867390 0.049694 0.879366 0.046008 0.885816 0.038638 0.891344 0.035874 0.885816 0.040482 0.865548 0.030348 0.868312 0.022056 0.867390 0.032190 0.854492 0.027584 0.849886 0.015606 0.855414 0.009158 0.855414 0.013764 0.843436 0.016528 0.831460 0.021134 0.819484 0.022976 0.829618 0.022976 0.838830 0.031268 0.836066 0.025740 0.817640
1 0.510336 0.848964 0.503888 0.853570 0.496518 0.859098 0.492832 0.867390 0.503888 0.867390 0.510336 0.873840 0.510336 0.879366 0.519550 0.875682 0.519550 0.864626
1 0.401626 0.962282 0.430184 0.960440 0.449532 0.958598 0.459666 0.963204 0.441240 0.970574 0.427422 0.971496 0.420050 0.977024 0.413602 0.970574
1 0.601452 0.275008 0.596890 0.285046 0.598714 0.298736 0.605104 0.307864 0.613318 0.315166 0.613318 0.325204 0.613318 0.337070 0.624270 0.318816 0.625182 0.302388 0.619706 0.284134 0.616968 0.289610 0.613318 0.281396
1 0.643436 0.224810 0.637048 0.239412 0.630658 0.252190 0.629746 0.264056 0.642524 0.253104 0.648912 0.245802 0.657126 0.237588
1 0.725576 0.313340 0.724664 0.327942 0.720100 0.343458 0.729228 0.341632 0.736528 0.321554 0.747482 0.319728 0.752958 0.313340 0.745656 0.310602
1 0.719188 0.376314 0.700934 0.386354 0.679944 0.388180 0.661690 0.384528 0.646174 0.379964 0.632484 0.377226 0.632484 0.368100 0.652562 0.362624 0.671728 0.358060 0.689982 0.356236 0.703672 0.358974
1 0.571334 0.375402 0.583200 0.376314 0.588676 0.375402 0.595976 0.385442 0.602366 0.394568 0.606930 0.408258 0.607842 0.422860 0.605104 0.431074 0.592326 0.431074 0.586850 0.425598 0.591414 0.410996 0.591414 0.400044 0.586850 0.393656 0.574986 0.390004
1 0.674466 0.413734 0.668078 0.423774 0.664428 0.431988 0.673554 0.439288 0.679030 0.445678 0.680856 0.450240 0.666252 0.447502 0.662602 0.453892 0.675380 0.458456 0.674466 0.467582 0.687244 0.463932 0.697284 0.462106 0.689070 0.454804 0.689982 0.449328 0.700022 0.450240 0.692720 0.441114 0.679030 0.434726 0.680856 0.427424 0.682682 0.422860
2 0.708236 0.644640 0.702760 0.631864 0.692720 0.623650 0.685420 0.628212 0.675380 0.625474 0.669904 0.630950 0.684506 0.638252 0.677206 0.645554 0.672642 0.653768 0.690896 0.648292 0.699110 0.645554
1 0.644348 0.609046 0.627920 0.610872 0.623358 0.618174 0.632484 0.627300 0.648000 0.629126 0.659864 0.622736 0.658952 0.615436
1 0.686332 0.665632 0.682682 0.673846 0.672642 0.675672 0.672642 0.683886 0.665340 0.693012 0.660776 0.696664 0.658952 0.692100 0.661690 0.680236 0.665340 0.673846 0.658952 0.667458 0.654388 0.660156 0.661690 0.660156 0.671728 0.661982
2 0.621532 0.681148 0.634310 0.693012 0.646174 0.696664 0.652562 0.701226 0.658952 0.699402 0.658038 0.711266 0.663514 0.722218 0.653476 0.721306 0.644348 0.727694 0.632484 0.729520 0.621532 0.731344 0.621532 0.720392 0.632484 0.709440 0.622444 0.700314
1 0.699110 0.703964 0.719188 0.707616 0.727402 0.704878 0.736528 0.697576 0.728314 0.693926 0.712800 0.694838 0.704586 0.693926
1 0.728314 0.777892 0.709148 0.785192 0.697284 0.790668 0.680856 0.795232 0.672642 0.790668 0.661690 0.782454 0.658952 0.775154 0.673554 0.769678 0.690896 0.771502 0.712800 0.768764
2 0.727402 0.820788 0.727402 0.827176 0.723752 0.838128 0.731966 0.841778 0.737442 0.849080 0.731966 0.853644 0.721926 0.853644 0.709148 0.849992 0.703672 0.856382 0.695458 0.860032 0.693634 0.867334 0.689070 0.877372 0.679944 0.873722 0.680856 0.861858 0.688158 0.851818 0.679030 0.848168 0.679030 0.839040 0.692720 0.835390 0.698196 0.829914 0.692720 0.822612 0.692720 0.815312 0.701848 0.818962 0.708236 0.828088 0.714624 0.828088
1 0.866128 0.827176 0.849700 0.834478 0.833272 0.836302 0.822320 0.839954 0.804980 0.844516 0.797678 0.851818 0.783076 0.854556 0.783076 0.847254 0.773948 0.843604 0.771210 0.837216 0.786726 0.833564 0.800416 0.829914 0.807718 0.833564 0.825058 0.827176 0.835098 0.818050 0.847876 0.818962
1 0.727402 0.894714 0.721014 0.904754 0.706410 0.908404 0.702760 0.916618 0.716450 0.916618 0.727402 0.916618 0.730140 0.907492
1 0.952832 0.018546 0.964698 0.034062 0.976562 0.045014 0.991166 0.055052 0.995728 0.048664 0.998466 0.034974 0.997554 0.002118 0.982952 0.003030 0.973824 0.003030 0.968348 0.001204 0.966524 0.012156
1 0.862478 0.503176 0.850614 0.508652 0.846962 0.515954 0.839662 0.511390 0.836924 0.503176 0.833272 0.514128 0.836924 0.525080 0.845138 0.526906 0.844224 0.534208 0.845138 0.547898 0.852438 0.545160 0.852438 0.536946 0.858828 0.526906 0.861566 0.519604
1 0.851526 0.557936 0.861566 0.563412 0.859740 0.567976 0.858828 0.577102 0.869780 0.571626 0.876168 0.567064 0.884382 0.561588 0.886208 0.551548 0.887120 0.544246 0.878906 0.551548 0.870692 0.554286 0.859740 0.552460
1 0.994816 0.604484 0.989340 0.593530 0.978388 0.587142 0.969262 0.596268 0.956484 0.598094 0.942794 0.594444 0.942794 0.604484 0.949182 0.614522 0.950094 0.624562 0.955570 0.635514 0.961048 0.619998 0.969262 0.622736 0.979300 0.636426 0.982038 0.623650 0.992078 0.624562
1 0.920890 0.638252 0.902636 0.649204 0.893510 0.652854 0.876168 0.652854 0.863390 0.647378 0.857002 0.640078 0.862478 0.627300 0.874342 0.629126 0.880732 0.615436 0.895334 0.621824 0.914500 0.621824 0.925452 0.625474
1 0.905374 0.849992 0.889858 0.845430 0.885294 0.841778 0.870692 0.846342 0.858828 0.848168 0.873430 0.838128 0.877080 0.829914 0.878906 0.823526 0.888034 0.829002 0.897160 0.833564
1 0.924540 0.884674 0.940056 0.878286 0.951008 0.880110 0.951920 0.870984 0.951008 0.860032 0.961960 0.849992 0.966524 0.849992 0.962872 0.865508 0.961960 0.874634 0.970174 0.877372 0.979300 0.887412 0.979300 0.899278 0.972000 0.901102 0.964698 0.897452 0.953746 0.891976 0.947356 0.891976 0.938230 0.891976 0.930016 0.892888
1 0.898986 0.953124 0.895334 0.941260 0.882556 0.932134 0.876168 0.923920 0.869780 0.933046 0.876168 0.947648 0.883470 0.950386
1 0.911762 0.967728 0.898986 0.974116 0.888946 0.974116 0.875256 0.973204 0.864304 0.977768 0.877080 0.984156 0.890772 0.984156 0.904462 0.990544 0.918152 0.993282 0.911762 0.984156 0.911762 0.979592