0 0.331426 0.006134 0.330050 0.024702 0.331426 0.038458 0.336928 0.039832 0.338304 0.027454 0.338990 0.019202
0 0.360998 0.042584 0.357560 0.062528 0.355496 0.072156 0.346556 0.081096 0.338990 0.094162 0.336240 0.102416 0.332114 0.117546 0.335820 0.128670 0.347244 0.112044 0.358248 0.111356 0.367188 0.106542 0.371314 0.098976 0.371314 0.085910 0.367188 0.092788 0.362374 0.105166 0.352746 0.107918 0.344492 0.103102 0.352058 0.099664 0.363062 0.092100 0.369938 0.086598 0.383006 0.076282 0.384380 0.065278 0.376816 0.070780 0.373376 0.074906 0.376128 0.053588 0.372690 0.045334 0.368562 0.056338 0.368562 0.074218 0.363748 0.062528 0.364436 0.052900
0 0.400886 0.343806 0.381630 0.349306 0.372690 0.344492 0.376816 0.335552 0.369250 0.336928 0.358248 0.347244 0.346472 0.358310 0.322798 0.381984 0.339678 0.381630 0.331426 0.390570 0.321798 0.397448 0.314920 0.400198 0.303918 0.401574 0.297040 0.400886 0.290838 0.400332 0.275450 0.393822 0.278472 0.398822 0.286104 0.402108 0.304604 0.406388 0.320422 0.404324 0.336928 0.394696 0.343806 0.382318 0.352746 0.372002 0.357560 0.365124 0.367188 0.364436 0.364820 0.381984 0.372690 0.379566 0.378878 0.371314 0.383006 0.358934 0.385068 0.355496 0.394696 0.350682
0 0.312858 0.466220 0.329362 0.475848 0.334864 0.493040 0.342430 0.504044 0.347932 0.501980 0.354808 0.512984 0.351370 0.517110 0.343118 0.526050 0.343806 0.532240 0.360998 0.533616 0.363748 0.540492 0.357560 0.547370 0.347606 0.555478 0.332114 0.540492 0.325236 0.537742 0.310106 0.536366 0.292226 0.535678 0.265404 0.534992 0.269532 0.532240 0.297040 0.530178 0.321110 0.529490 0.317672 0.524676 0.316206 0.518426 0.330050 0.526738 0.327988 0.512296 0.314920 0.495792 0.316296 0.484100
0 0.307826 0.703042 0.312560 0.737370 0.320254 0.748022 0.334192 0.762898 0.345196 0.769776 0.360326 0.772526 0.365236 0.766962 0.363076 0.781468 0.364452 0.786968 0.395420 0.779392 0.387134 0.790636 0.376830 0.796596 0.358950 0.800036 0.347602 0.803240 0.323002 0.809346 0.340970 0.785902 0.321814 0.808288 0.315624 0.813790 0.307372 0.819292 0.297172 0.829108 0.286052 0.830296 0.282376 0.827924 0.301870 0.809664 0.310192 0.794188 0.331442 0.789720 0.337630 0.782842 0.321126 0.782154 0.304620 0.779404 0.286740 0.779404 0.269546 0.771838 0.274360 0.770464 0.292438 0.766370 0.314336 0.770514 0.324398 0.771698 0.343132 0.776652 0.338318 0.769088 0.328002 0.764962 0.312872 0.756710 0.308746 0.740204 0.302558 0.715446
0 0.265388 0.867898 0.305980 0.865096 0.320422 0.865784 0.330738 0.872662 0.341742 0.879538 0.344492 0.882978 0.351208 0.869082 0.360998 0.867848 0.370146 0.864346 0.385756 0.876788 0.391258 0.882290 0.402262 0.888480 0.396072 0.890542 0.391946 0.896044 0.394696 0.904296 0.388506 0.904296 0.383760 0.888612 0.374882 0.876184 0.369250 0.871974 0.358248 0.885040 0.350682 0.891230 0.350682 0.900858 0.367074 0.895234 0.358248 0.907736 0.352746 0.913924 0.348620 0.920114 0.343806 0.927680 0.339678 0.937996 0.321022 0.947206 0.332796 0.914842 0.331676 0.884470 0.314234 0.869910 0.293602 0.870598
0 0.707348 0.175958 0.685646 0.200592 0.679194 0.209976 0.669094 0.215782 0.669810 0.222880 0.664532 0.217600 0.655734 0.202938 0.653974 0.192380 0.659840 0.183582 0.672080 0.172710 0.672932 0.166314 0.653742 0.178682 0.646350 0.194140 0.651628 0.209390 0.657494 0.229330 0.674502 0.227572 0.694254 0.225590 0.703828 0.225812 0.707348 0.219946 0.690338 0.217014 0.703828 0.200592 0.710280 0.188274 0.717318 0.181822 0.716430 0.173990 0.708522 0.174784
0 0.707048 0.347980 0.687992 0.364232 0.687406 0.353674 0.687432 0.333054 0.681540 0.342530 0.679782 0.359540 0.671570 0.370684 0.667464 0.358952 0.665704 0.346636 0.670396 0.332560 0.670984 0.329040 0.660426 0.339598 0.658080 0.350742 0.662772 0.367164 0.667464 0.380068 0.682128 0.377722 0.696790 0.368924 0.710034 0.360774 0.713800 0.356606 0.713800 0.347222
0 0.686820 0.424644 0.671570 0.438720 0.664532 0.453970 0.659840 0.463940 0.656906 0.480364 0.655734 0.493266 0.651628 0.500892 0.643416 0.490334 0.635206 0.489748 0.634032 0.496786 0.639898 0.504410 0.645762 0.507930 0.661012 0.514968 0.661012 0.524940 0.657494 0.532564 0.649868 0.544294 0.642228 0.562056 0.651042 0.557784 0.666292 0.543122 0.668638 0.533150 0.666292 0.515554 0.672744 0.514382 0.693272 0.519660 0.706762 0.519660 0.717906 0.514382 0.720838 0.513796 0.716732 0.504410 0.702656 0.502064 0.689752 0.500304 0.700310 0.491508 0.706762 0.483296 0.707474 0.455872 0.702358 0.461842 0.703242 0.466286 0.696204 0.485056 0.687992 0.494440 0.668638 0.500304 0.670984 0.486228 0.667464 0.468046 0.670984 0.453384 0.677436 0.439306 0.684474 0.432268 0.687992 0.423470
0 0.684474 0.570102 0.674502 0.583004 0.669224 0.602946 0.664532 0.618196 0.661012 0.633446 0.661012 0.644004 0.658080 0.658080 0.646350 0.649282 0.635206 0.643416 0.631100 0.635206 0.630514 0.619956 0.629926 0.601774 0.624648 0.604706 0.621128 0.629926 0.626408 0.642244 0.632272 0.655148 0.644590 0.662772 0.658666 0.665118 0.671570 0.661600 0.689990 0.663550 0.698520 0.664404 0.707348 0.661600 0.735502 0.655734 0.744886 0.656320 0.757202 0.656906 0.773038 0.655148 0.788288 0.648110 0.785942 0.645762 0.770106 0.647522 0.740194 0.648696 0.710868 0.651042 0.697378 0.651042 0.707348 0.645762 0.716732 0.638138 0.720838 0.609398 0.720838 0.602946 0.710034 0.628156 0.703828 0.641658 0.693858 0.645762 0.673330 0.650456 0.673916 0.638724 0.676848 0.619956 0.681540 0.593562 0.683300 0.580658 0.687992 0.572448 0.693272 0.564236 0.682128 0.569514
0 0.629926 0.694444 0.641658 0.714386 0.647522 0.727290 0.649282 0.737260 0.649868 0.751338 0.650456 0.764828 0.652802 0.774212 0.652802 0.785356 0.668638 0.792394 0.679194 0.795326 0.692098 0.796500 0.701482 0.795326 0.677436 0.788874 0.675090 0.782424 0.687406 0.782424 0.702656 0.788288 0.718136 0.788074 0.716146 0.778318 0.712040 0.771280 0.693272 0.774798 0.689166 0.773038 0.705588 0.766000 0.722598 0.753096 0.710868 0.752510 0.685646 0.758962 0.672744 0.761894 0.673330 0.757202 0.689166 0.756616 0.702070 0.754856 0.702784 0.747134 0.677624 0.747988 0.666292 0.751924 0.664532 0.735502 0.652802 0.718492 0.644004 0.706762 0.632860 0.699136
0 0.675676 0.886238 0.665118 0.872748 0.646350 0.865122 0.619956 0.855738 0.615264 0.860430 0.618196 0.875094 0.619370 0.890930 0.618196 0.895036 0.612918 0.906180 0.612918 0.916738 0.622888 0.933746 0.633446 0.937852 0.642244 0.937266 0.655734 0.939024 0.663946 0.941372 0.676848 0.931986 0.678022 0.925534 0.683300 0.907352 0.682714 0.896208 0.682714 0.886824
1 0.003914 0.148334 0.014354 0.143548 0.025230 0.123104 0.025230 0.112228 0.015660 0.113968 0.010440 0.121364 0.007394 0.118318 0.005654 0.107008 0.003914 0.103094
1 0.300308 0.708688 0.300460 0.714950 0.279028 0.722256 0.287796 0.725180 0.282926 0.729562 0.270748 0.726154 0.266276 0.729058 0.257052 0.717122 0.274646 0.712516 0.290246 0.704546
1 0.311176 0.504540 0.297538 0.503078 0.288284 0.510384 0.281464 0.507948 0.277080 0.501618 0.265878 0.498208 0.263930 0.502592 0.270748 0.508924 0.278054 0.515742 0.282926 0.519638 0.293640 0.521100 0.291206 0.516716 0.302408 0.512332
1 0.203534 0.433916 0.195742 0.439760 0.189896 0.439760 0.185512 0.434890 0.186974 0.430018 0.197690 0.429044
1 0.223366 0.393822 0.214736 0.399820 0.205482 0.404692 0.200124 0.402256 0.198664 0.394464 0.205970 0.392028 0.214250 0.387158 0.219120 0.386670
1 0.292180 0.204996 0.278542 0.214736 0.275620 0.208892 0.268800 0.209378 0.265392 0.213762 0.268314 0.221556 0.273672 0.227888 0.287310 0.223016 0.290718 0.214250 0.293154 0.206944
1 0.387644 0.008222 0.393976 0.019424 0.404474 0.028054 0.409802 0.038116 0.413458 0.035010 0.411024 0.027218 0.418330 0.026730 0.420278 0.015040 0.422712 0.010656
0 0.648612 0.022738 0.629268 0.035218 0.631764 0.043330 0.647364 0.047698 0.661092 0.049570 0.662964 0.056434 0.656724 0.055186 0.651732 0.057058 0.651108 0.065794 0.644868 0.075154 0.662964 0.078898 0.680436 0.075778 0.671700 0.070786 0.666708 0.067666 0.677940 0.063298 0.691044 0.059554 0.706644 0.055810 0.706644 0.050818 0.688548 0.052690 0.670452 0.055186 0.666708 0.044578 0.657972 0.038338 0.639876 0.040834 0.639252 0.036466 0.644868 0.030850 0.656724 0.023362
1 0.718500 0.088882 0.699156 0.099490 0.702276 0.105730 0.708754 0.115140 0.722826 0.107464 0.728484 0.099490 0.744576 0.091260 0.739716 0.088882
1 0.738468 0.246132 0.721620 0.266100 0.712166 0.278896 0.715578 0.293822 0.734724 0.285444 0.742444 0.275484 0.757368 0.245206 0.752252 0.239236
1 0.838932 0.177492 0.830718 0.197444 0.835812 0.198708 0.853908 0.193716 0.853908 0.188100 0.847776 0.176548
1 0.867392 0.335186 0.897588 0.336612 0.927146 0.334150 0.957738 0.320814 0.920870 0.322384 0.905076 0.319140 0.888228 0.317892 0.878054 0.322820
1 0.953816 0.492596 0.962444 0.480046 0.947540 0.473770 0.908820 0.485748 0.889476 0.491988 0.894468 0.503844 0.901956 0.506964 0.911940 0.504468
1 0.864516 0.783396 0.848916 0.782772 0.834564 0.792756 0.815220 0.799620 0.800014 0.800440 0.808980 0.813348 0.834564 0.813972 0.855026 0.811528 0.856404 0.805236 0.860148 0.794628 0.869508 0.791508 0.873876 0.785892
1 0.895092 0.724740 0.877620 0.723492 0.857652 0.724116 0.845796 0.722868 0.841428 0.722868 0.827076 0.726612 0.820212 0.725988 0.808356 0.727236 0.807108 0.735972 0.823332 0.738468 0.839246 0.746282 0.847776 0.746708 0.855156 0.740964 0.881364 0.734724 0.894468 0.733476 0.908820 0.729108
1 0.848292 0.662340 0.833316 0.669828 0.821460 0.675444 0.822084 0.684180 0.832068 0.686052 0.848292 0.674820 0.862644 0.668580 0.859524 0.665460
1 0.580078 0.998046 0.552734 0.998046 0.557436 0.978240 0.607732 0.993328 0.619140 0.998046 0.599610 0.998046 0.589844 0.998046
1 0.463068 0.635298 0.459518 0.647728 0.463068 0.660156 0.470170 0.658380 0.489702 0.650686 0.490886 0.644768 0.480232 0.648320 0.480232 0.639442 0.481416 0.627604 0.472538 0.632930