0 0.028526 0.001870 0.032002 0.014516 0.033350 0.017930 0.046200 0.025274 0.055744 0.023070 0.062720 0.018664 0.064924 0.007284 0.062720 0.006182 0.060518 0.014626 0.054644 0.018664 0.047300 0.019400 0.041794 0.014260 0.035920 0.004714 0.033204 0.000000 0.029296 0.000000
0 0.000676 0.063454 0.006550 0.063088 0.009120 0.048770 0.013892 0.054276 0.017564 0.054644 0.014260 0.059416 0.012424 0.060518 0.011690 0.069696 0.009120 0.090254 0.020868 0.090622 0.026008 0.097230 0.032248 0.106042 0.035322 0.115664 0.028134 0.115706 0.018298 0.108244 0.012424 0.103472 0.009120 0.107142 0.012790 0.121460 0.017564 0.130272 0.028578 0.153034 0.040842 0.168472 0.035920 0.166618 0.032278 0.166814 0.014260 0.140552 0.008386 0.119992 0.005816 0.102738 0.000308 0.100168 0.000308 0.067492
0 0.000676 0.230498 0.012664 0.215988 0.014260 0.207736 0.014260 0.200394 0.019400 0.207370 0.018298 0.217282 0.020500 0.229030 0.018298 0.236372 0.018664 0.240778 0.042896 0.243348 0.043262 0.249588 0.032982 0.249588 0.032616 0.251792 0.041426 0.277858 0.037756 0.280060 0.029678 0.258768 0.026008 0.262072 0.029312 0.282630 0.026008 0.288138 0.019766 0.264274 0.000676 0.265742 0.001042 0.261336 0.019032 0.258400 0.027844 0.254728 0.027476 0.249956 0.007284 0.248854 0.003612 0.241880 0.000308 0.241880 0.000000 0.232422 0.000000 0.226562
0 0.000000 0.404296 0.000676 0.382490 0.007606 0.379232 0.012938 0.372234 0.017604 0.364568 0.026270 0.364902 0.023604 0.373234 0.024604 0.377566 0.031604 0.377900 0.030604 0.387232 0.029604 0.399230 0.025972 0.408286 0.025270 0.413230 0.024938 0.422562 0.023604 0.431894 0.021272 0.421562 0.018700 0.412788 0.023604 0.392232 0.025270 0.384232 0.015938 0.383900 0.013606 0.388898 0.009272 0.395232 0.007272 0.394564 0.006606 0.404230 0.000000 0.408204
0 0.002078 0.581090 0.002770 0.589054 0.006580 0.597020 0.015584 0.598750 0.024240 0.603946 0.025280 0.602214 0.030474 0.608794 0.034976 0.618144 0.042594 0.630956 0.041902 0.637536 0.034630 0.628878 0.030820 0.625416 0.029782 0.631302 0.026318 0.618836 0.020778 0.612602 0.010736 0.610524 0.009696 0.616758 0.003810 0.617104 0.003810 0.629224 0.002078 0.636150 0.000000 0.616758 0.001038 0.601868 0.001038 0.588362
0 0.002078 0.706450 0.007618 0.714414 0.010042 0.721686 0.015238 0.719608 0.026200 0.717668 0.030344 0.718496 0.033938 0.718570 0.045018 0.719262 0.049868 0.721340 0.052638 0.726882 0.058178 0.727574 0.065450 0.730344 0.070298 0.737962 0.076878 0.740386 0.084844 0.737616 0.075840 0.743504 0.063026 0.736924 0.051944 0.732076 0.046404 0.734500 0.044672 0.743850 0.046404 0.755970 0.047096 0.765320 0.048136 0.778826 0.046750 0.785752 0.043980 0.773286 0.040170 0.756316 0.039824 0.745234 0.042248 0.734500 0.037400 0.736578 0.035668 0.738656 0.035322 0.751468 0.033938 0.756662 0.031166 0.754238 0.029436 0.737962 0.025280 0.736578 0.015930 0.734154 0.013160 0.732768 0.008658 0.737270 0.000346 0.742810 0.000000 0.737270 0.006234 0.733808 0.007272 0.728266 0.000692 0.723418
0 0.000692 0.830770 0.006926 0.835618 0.011082 0.835618 0.011082 0.829386 0.018354 0.827654 0.023548 0.832502 0.026666 0.837004 0.032552 0.841852 0.034284 0.848432 0.038092 0.858820 0.036708 0.867132 0.031166 0.852588 0.027704 0.842198 0.018354 0.840468 0.013506 0.846700 0.003462 0.854320 0.000000 0.855468 0.000692 0.842544
0 0.000000 0.975524 0.012120 0.971022 0.015930 0.961326 0.020432 0.952322 0.029238 0.944472 0.032206 0.948166 0.030820 0.953706 0.038786 0.954746 0.045366 0.959594 0.053330 0.964096 0.056100 0.969290 0.061988 0.980026 0.062680 0.988682 0.057140 0.984874 0.054716 0.976216 0.045712 0.965480 0.033244 0.960632 0.030474 0.963056 0.023894 0.969982 0.017662 0.973100 0.014198 0.977602 0.014198 0.993878 0.009350 0.996648 0.007964 0.992492
0 0.440538 0.094402 0.431316 0.109592 0.426992 0.105152 0.413412 0.104710 0.405652 0.109672 0.400390 0.122612 0.390624 0.138888 0.392252 0.144314 0.399878 0.142810 0.405652 0.140298 0.411242 0.127496 0.422092 0.119358 0.430230 0.124782 0.431510 0.126994 0.432012 0.130758 0.429000 0.139044 0.430772 0.142686 0.415040 0.144314 0.399848 0.149740 0.383030 0.158962 0.382486 0.164930 0.393338 0.161132 0.398220 0.156250 0.407986 0.152452 0.422634 0.148654 0.429688 0.148112 0.436740 0.140516 0.436028 0.137788 0.438368 0.129666 0.458984 0.134548 0.469418 0.130758 0.464952 0.151910 0.467122 0.170356 0.470378 0.189344 0.470378 0.174696 0.469836 0.151910 0.474718 0.130750 0.468208 0.120986 0.459376 0.117454 0.439454 0.122070 0.440538 0.108506
0 0.471328 0.232214 0.461066 0.204278 0.453382 0.198514 0.436142 0.196310 0.429688 0.203638 0.435450 0.216444 0.433530 0.234374 0.430398 0.250524 0.433530 0.258068 0.445056 0.270236 0.455942 0.268314 0.471952 0.263192 0.474560 0.253756 0.451460 0.264472 0.441854 0.256788 0.441214 0.236296 0.454022 0.240778 0.467020 0.244780 0.469892 0.240472 0.464866 0.238318 0.456608 0.231496 0.443682 0.230418 0.442964 0.216776 0.452658 0.213186 0.460556 0.217852 0.464148 0.225752 0.467378 0.234368
0 0.469532 0.327356 0.470170 0.330842 0.467020 0.335974 0.463392 0.335862 0.459376 0.336616 0.456112 0.339628 0.454356 0.342390 0.450088 0.342640 0.449786 0.346744 0.445836 0.346026 0.445478 0.356798 0.443682 0.358592 0.438540 0.357954 0.441888 0.351052 0.437938 0.342076 0.435276 0.343142 0.434774 0.353184 0.431762 0.357200 0.430756 0.360716 0.430004 0.364230 0.430040 0.368646 0.425372 0.366132 0.425730 0.355720 0.430758 0.349616 0.426808 0.345308 0.422858 0.350334 0.420346 0.356798 0.422500 0.367568 0.425372 0.373312 0.430398 0.371876 0.434348 0.367568 0.434706 0.365054 0.436142 0.365414 0.438298 0.369364 0.446554 0.368646 0.445836 0.364336 0.447626 0.358258 0.457330 0.358462 0.464204 0.391014 0.471484 0.389598 0.469462 0.385554 0.462992 0.353608 0.450504 0.355002 0.455890 0.349976 0.464204 0.343094 0.469532 0.342794 0.474918 0.335974 0.480304 0.330588 0.473842 0.325202
0 0.414562 0.455498 0.424622 0.451682 0.432254 0.453416 0.433296 0.460702 0.435376 0.474578 0.438846 0.486026 0.441274 0.478394 0.447518 0.482558 0.450642 0.494352 0.451682 0.508576 0.453764 0.518290 0.458968 0.533900 0.462962 0.531442 0.462806 0.510042 0.458620 0.492618 0.449600 0.480822 0.448212 0.474578 0.454458 0.469028 0.450294 0.466252 0.441622 0.471456 0.439192 0.457232 0.437806 0.449600 0.428786 0.447866 0.421848 0.448212 0.416296 0.450294 0.415602 0.450988
1 0.314860 0.225708 0.304038 0.234984 0.292186 0.237044 0.284970 0.237560 0.273634 0.233952 0.274664 0.242198 0.275694 0.250444 0.277240 0.255596 0.283424 0.262296 0.291670 0.265388 0.289094 0.270026 0.290640 0.275694 0.305068 0.281878 0.317952 0.280332 0.330320 0.279302 0.333928 0.270026 0.334444 0.254566 0.332382 0.250444 0.326198 0.234468 0.316922 0.241682 0.318982 0.233952 0.320528 0.223646
1 0.372578 0.410198 0.363302 0.427718 0.353510 0.442664 0.351426 0.461636 0.354690 0.466406 0.361240 0.469462 0.367940 0.473068 0.396798 0.477192 0.409682 0.481314 0.421534 0.482860 0.408136 0.473068 0.403498 0.468430 0.407620 0.464824 0.421020 0.465338 0.422566 0.456062 0.419474 0.458124 0.408136 0.459154 0.411228 0.452970 0.415866 0.445756 0.420504 0.441118 0.419988 0.434934 0.414836 0.433902 0.405560 0.441118 0.407620 0.432356 0.407620 0.421020 0.399376 0.424112 0.395768 0.430296 0.395192 0.426104 0.389572 0.410648 0.385356 0.407486 0.378682 0.407838
1 0.422724 0.611760 0.416196 0.612262 0.414690 0.612262 0.410924 0.614772 0.400130 0.625316 0.398342 0.624036 0.406406 0.636614 0.416302 0.645192 0.429000 0.638120 0.430506 0.632346 0.431412 0.622806
1 0.459082 0.568534 0.457148 0.578976 0.460628 0.586324 0.476486 0.592900 0.484220 0.590966 0.496210 0.590578 0.483060 0.583230 0.481512 0.573562 0.476486 0.566212 0.470684 0.563892 0.462948 0.563892
0 0.440296 0.575610 0.433016 0.583642 0.430756 0.589668 0.433556 0.595994 0.437422 0.601794 0.436650 0.612624 0.432394 0.616492 0.433942 0.620746 0.441290 0.617264 0.443560 0.619794 0.446704 0.621132 0.449412 0.631962 0.452506 0.637762 0.447092 0.641244 0.446318 0.648978 0.442450 0.656328 0.434328 0.664062 0.442838 0.662902 0.448252 0.655554 0.455988 0.636990 0.459854 0.627708 0.461402 0.616878 0.456112 0.606488 0.447092 0.604888 0.448252 0.594060 0.453666 0.594060 0.464108 0.594060 0.473004 0.599088 0.467202 0.590966 0.458308 0.585164 0.450960 0.585164 0.448252 0.588258 0.445932 0.583616
0 0.453916 0.703600 0.442832 0.708350 0.438608 0.720492 0.441248 0.731578 0.439728 0.745528 0.445470 0.744246 0.451806 0.752164 0.451806 0.760082 0.448638 0.764834 0.436498 0.769584 0.413798 0.775918 0.407464 0.776974 0.415382 0.781198 0.439664 0.773280 0.457084 0.765888 0.457996 0.752054 0.460172 0.741614 0.465826 0.743788 0.470176 0.747268 0.475396 0.739004 0.474526 0.732914 0.468002 0.722038 0.462346 0.711164
0 0.443208 0.802078 0.441468 0.819042 0.437552 0.834268 0.430158 0.841228 0.426242 0.845142 0.412322 0.852536 0.411888 0.859062 0.417978 0.867762 0.425372 0.875156 0.430592 0.874286 0.421892 0.866892 0.418848 0.860802 0.423632 0.855146 0.438858 0.854276 0.451472 0.851666 0.475396 0.852536 0.484096 0.858192 0.489752 0.865152 0.484096 0.850796 0.470176 0.837748 0.461912 0.832092 0.461476 0.827308 0.476266 0.831658 0.488882 0.840792 0.495406 0.839488 0.489752 0.832092 0.475396 0.826872 0.463652 0.826002 0.451472 0.825132 0.450602 0.809908 0.447992 0.799468
0 0.438422 0.949976 0.433638 0.965636 0.433202 0.976076 0.432332 0.981296 0.431028 0.985646 0.430592 0.991300 0.435378 0.992606 0.441032 0.983470 0.444512 0.983470 0.444512 0.988690 0.447558 0.992170 0.448862 0.999130 0.453212 0.996520 0.455386 0.999130 0.455386 0.985646 0.460172 0.981296 0.475832 0.970420 0.471176 0.960210 0.465826 0.965200 0.459124 0.969498 0.456112 0.974268 0.452778 0.979556 0.451038 0.966506 0.452778 0.955630 0.445818 0.951716
1 0.363136 0.142264 0.345776 0.143712 0.339024 0.147570 0.330826 0.148534 0.331308 0.152874 0.329862 0.163966 0.329862 0.172164 0.340952 0.159144 0.348186 0.152392 0.353492 0.149980
1 0.345294 0.112364 0.338060 0.122492 0.332272 0.120082 0.331790 0.122492 0.336130 0.128762 0.334202 0.139854 0.340952 0.129726 0.350116 0.127798 0.347704 0.122492
1 0.326004 0.550250 0.326004 0.535300 0.332754 0.538194 0.330344 0.529514 0.323110 0.529996 0.315394 0.532408 0.318770 0.536748 0.320698 0.544946
1 0.491842 0.664266 0.489808 0.678508 0.474548 0.686136 0.471496 0.691732 0.484212 0.689698 0.490824 0.697836 0.490824 0.687662 0.499980 0.690714 0.510152 0.691732 0.497436 0.682576 0.497436 0.668334 0.495402 0.659688
0 0.722506 0.084806 0.713434 0.085340 0.708098 0.094946 0.713434 0.107752 0.712902 0.112556 0.704364 0.119492 0.684618 0.133902 0.681802 0.143814 0.689422 0.139772 0.699560 0.127498 0.708098 0.121628 0.715570 0.119492 0.723040 0.122162 0.723574 0.132834 0.723574 0.140304 0.717704 0.145108 0.708098 0.151512 0.709166 0.155780 0.729978 0.143506 0.731046 0.125362 0.734246 0.123762 0.745818 0.122224 0.748656 0.118960 0.747054 0.115224 0.739040 0.114944 0.730512 0.121628 0.727844 0.100282 0.726242 0.089076
0 0.734246 0.213948 0.726242 0.221952 0.724642 0.229956 0.713968 0.225154 0.699560 0.226220 0.675546 0.236894 0.673946 0.244364 0.680882 0.241162 0.701694 0.231024 0.716104 0.231024 0.724108 0.234760 0.725176 0.246500 0.724642 0.260908 0.718772 0.276384 0.707032 0.301464 0.712902 0.300930 0.721974 0.282254 0.727844 0.273182 0.736916 0.296128 0.748656 0.306268 0.739050 0.282254 0.737032 0.247746 0.741184 0.244364 0.745454 0.230490 0.734246 0.235292 0.731578 0.251302 0.727310 0.249702 0.736382 0.223552
0 0.703830 0.393250 0.726776 0.376174 0.739050 0.372972 0.744920 0.371904 0.753458 0.376708 0.767332 0.382044 0.763598 0.393784 0.759328 0.410860 0.753992 0.430072 0.747054 0.439678 0.742252 0.454086 0.736382 0.448750 0.733714 0.442346 0.725176 0.442880 0.718238 0.443946 0.717170 0.449816 0.722506 0.457288 0.731578 0.467960 0.727310 0.472230 0.707564 0.469562 0.700094 0.473830 0.707032 0.475964 0.701694 0.486638 0.676080 0.511186 0.654200 0.526660 0.672344 0.522392 0.689954 0.511186 0.712902 0.487172 0.723574 0.479166 0.741184 0.472230 0.757194 0.459422 0.773736 0.455152 0.784942 0.454620 0.790280 0.460490 0.789746 0.467426 0.773202 0.473296 0.780140 0.475432 0.794014 0.469562 0.792414 0.455152 0.784410 0.444480 0.766800 0.444480 0.748656 0.453018 0.756660 0.440744 0.758794 0.429538 0.765732 0.401788 0.776404 0.375640 0.761996 0.376708 0.751324 0.365502 0.740116 0.364968 0.719838 0.372438 0.707564 0.380444
0 0.696892 0.753992 0.713434 0.744386 0.742786 0.740116 0.744562 0.746822 0.748122 0.747588 0.747574 0.769164 0.748580 0.772930 0.751858 0.768934 0.753992 0.753458 0.760396 0.761996 0.750588 0.737282 0.742252 0.735314 0.732512 0.732764 0.721974 0.736382 0.708632 0.741184 0.698872 0.747826
0 0.760378 0.862554 0.757728 0.855918 0.746520 0.843644 0.729444 0.845244 0.723040 0.853248 0.713968 0.862320 0.704896 0.880464 0.707564 0.886334 0.716104 0.872994 0.724108 0.862320 0.733714 0.858586 0.740116 0.860720 0.725176 0.867124 0.714502 0.875662 0.711300 0.887402 0.711300 0.893806 0.715442 0.886654 0.728496 0.913766 0.735022 0.905482 0.733768 0.897950 0.732646 0.895406 0.740116 0.883666 0.748656 0.875662 0.753348 0.871590 0.753098 0.867324 0.750790 0.864988
1 0.578008 0.477430 0.573834 0.484526 0.566322 0.485360 0.536274 0.502470 0.528346 0.510400 0.565906 0.491202 0.565906 0.496628 0.570078 0.501218 0.590946 0.498298 0.596370 0.495376 0.588024 0.494124 0.583016 0.492038 0.582598 0.482438 0.581346 0.472422
0 0.734032 0.591304 0.723300 0.588620 0.714178 0.595596 0.706130 0.612766 0.705056 0.597742 0.717398 0.585400 0.715442 0.578120 0.715190 0.570086 0.728130 0.576816 0.732958 0.579498 0.739398 0.579498 0.751738 0.567694 0.749592 0.578426 0.751202 0.588620 0.760324 0.624570 0.754958 0.623498 0.747446 0.597206 0.743690 0.610084 0.725984 0.623498 0.743690 0.600424 0.742616 0.593986
1 0.682434 0.621582 0.692716 0.639594 0.701838 0.646034 0.710170 0.651424 0.707202 0.655156 0.690588 0.651676 0.683558 0.653182 0.669642 0.645498 0.663978 0.638370 0.676082 0.639594 0.679838 0.636912
1 0.630192 0.930182 0.613170 0.937414 0.609340 0.931884 0.602974 0.929582 0.605512 0.938692 0.603384 0.946776 0.612320 0.942522 0.613596 0.945926 0.616028 0.951926 0.620830 0.954010 0.620546 0.942386 0.624660 0.938692
0 0.001398 0.445130 0.008734 0.440588 0.015374 0.445130 0.018168 0.440938 0.025506 0.434300 0.029698 0.436396 0.027952 0.442686 0.025856 0.447228 0.024808 0.455264 0.023758 0.460154 0.030746 0.462600 0.034590 0.467142 0.030048 0.467842 0.020264 0.470288 0.014326 0.477624 0.011530 0.484962 0.008734 0.491252 0.007686 0.499986 0.008386 0.513264 0.009084 0.526540 0.009784 0.533878 0.007686 0.530384 0.004892 0.505926 0.000698 0.504178 0.000000 0.481468 0.007686 0.468540 0.013278 0.458758 0.012928 0.453516 0.008386 0.450722 0.002796 0.450022
1 0.046526 0.600238 0.048294 0.606526 0.046328 0.610260 0.043382 0.616940 0.043382 0.620674 0.046918 0.619888 0.048686 0.618708 0.050848 0.624014 0.055564 0.623032 0.057726 0.619298 0.056154 0.615958 0.061458 0.615368 0.069318 0.615958 0.079142 0.613206 0.081500 0.611634 0.077964 0.608688 0.072462 0.605740 0.064406 0.605740 0.058708 0.606526 0.056546 0.608884 0.053992 0.606330 0.052028 0.602990 0.049682 0.598048
1 0.103152 0.807338 0.107026 0.813250 0.108524 0.819882 0.110696 0.816308 0.117832 0.815290 0.124560 0.814678 0.127822 0.814066 0.124356 0.818144 0.120890 0.821406 0.117916 0.821262 0.116260 0.825406 0.114366 0.834658 0.113754 0.837920 0.109268 0.833638 0.106006 0.830172 0.109268 0.824260 0.106006 0.820182 0.102542 0.818144 0.101114 0.812638 0.100502 0.804688 0.100502 0.802852
1 0.201420 0.880326 0.194284 0.881548 0.188168 0.883588 0.184296 0.883588 0.177364 0.880732 0.172470 0.880122 0.166762 0.879510 0.162118 0.877066 0.165334 0.882772 0.173490 0.887460 0.179198 0.888276 0.181644 0.891334 0.185314 0.891334 0.186334 0.888072 0.193470 0.886850 0.199382 0.885014 0.202236 0.883384
1 0.607824 0.438984 0.603294 0.449000 0.601624 0.456630 0.607824 0.457822 0.612118 0.448760 0.612356 0.440176 0.610448 0.436838
1 0.602578 0.468078 0.602102 0.479762 0.600194 0.485724 0.596616 0.488586 0.590178 0.488348 0.587554 0.484532 0.589224 0.479048 0.592086 0.478332 0.595186 0.477856 0.597570 0.473086 0.598048 0.467362 0.599478 0.465692
0 0.728244 0.959206 0.733266 0.961716 0.732262 0.971506 0.727994 0.978536 0.725986 0.985314 0.723474 0.994854 0.731258 0.989080 0.733266 0.984812 0.737032 0.980042 0.737534 0.970754 0.740546 0.965482 0.739792 0.961214 0.738286 0.957950 0.734018 0.956946 0.728998 0.956694
1 0.182970 0.522196 0.193248 0.530894 0.197994 0.536034 0.195620 0.540778 0.197202 0.547896 0.194830 0.552244 0.192458 0.541174 0.188900 0.534452 0.180992 0.526546 0.177434 0.521406