0 0.007076 0.290330 0.000940 0.311804 0.002986 0.326120 0.015256 0.329188 0.021392 0.332256 0.002986 0.337370 0.005032 0.358844 0.015256 0.373160 0.018324 0.392588 0.017302 0.397702 0.012190 0.386452 0.009122 0.377250 0.004008 0.372136 0.000000 0.289062
0 0.005032 0.466214 0.027528 0.492802 0.028550 0.498936 0.019348 0.494846 0.001964 0.484620
0 0.001418 0.601070 0.008040 0.593032 0.015134 0.589720 0.016552 0.592558 0.008986 0.602016 0.008040 0.619988 0.009932 0.640796 0.016552 0.649780 0.018916 0.655928 0.022700 0.660658 0.017970 0.658766 0.013242 0.654982 0.009932 0.644578 0.005674 0.638904 0.001418 0.637012
0 0.003784 0.762334 0.012296 0.776994 0.023646 0.791182 0.035942 0.798748 0.043034 0.801112 0.047764 0.803476 0.038778 0.804422 0.028374 0.801112 0.014188 0.792126 0.003784 0.779832 0.000472 0.776994
0 0.000472 0.835162 0.011350 0.822866 0.017498 0.817664 0.023172 0.817192 0.020808 0.822394 0.012768 0.832798 0.009458 0.836108 0.014660 0.838472 0.017498 0.842728 0.026956 0.844148 0.032158 0.846038 0.035942 0.853132 0.037360 0.860700 0.031686 0.856442 0.022226 0.852186 0.011822 0.848876 0.005202 0.845094 0.000472 0.840836
0 0.003784 0.925016 0.019862 0.926906 0.028374 0.931162 0.031686 0.933528 0.020808 0.935420 0.012296 0.935420 0.006148 0.935420 0.003784 0.933054
0 0.001892 0.994534 0.011350 0.983656 0.020808 0.983184
0 0.133834 0.000472 0.128160 0.008986 0.147076 0.009458 0.152750 0.010876 0.156534 0.013714 0.158426 0.022700 0.173086 0.040670 0.177342 0.038306 0.172140 0.033576 0.165520 0.020336 0.162682 0.011350 0.168830 0.000946
0 0.140928 0.077084 0.152278 0.075192 0.142820 0.067154 0.146130 0.059586 0.157480 0.065262 0.166464 0.075192 0.169776 0.086070 0.175450 0.092690 0.193420 0.096474 0.199568 0.099784 0.193420 0.102148 0.175450 0.097892 0.182544 0.117754 0.188218 0.128632 0.184908 0.131942 0.175924 0.126740 0.168830 0.114918 0.165520 0.091272 0.152278 0.087488 0.147548 0.119646 0.143292 0.124848 0.143766 0.113972 0.148494 0.087962 0.140454 0.084178
0 0.140928 0.147548 0.153224 0.145656 0.166464 0.147548 0.174978 0.149912 0.184436 0.147548 0.191530 0.147076 0.203352 0.150858 0.202406 0.155116 0.176396 0.154170 0.184908 0.160790 0.199096 0.173558 0.201934 0.180180 0.193420 0.178288 0.180652 0.169776 0.172140 0.164574 0.167884 0.159372 0.159372 0.158426 0.157952 0.168830 0.153696 0.175924 0.147076 0.183016 0.141874 0.187274 0.137144 0.185382 0.143292 0.173558 0.150858 0.155588 0.144710 0.155588 0.138090 0.152750
0 0.142346 0.229836 0.155116 0.235982 0.164574 0.241184 0.169302 0.241184 0.175924 0.235982 0.179706 0.232672 0.184908 0.233146 0.182070 0.242130 0.174504 0.245442 0.174978 0.250644 0.161262 0.249698 0.139508 0.249698 0.129578 0.246386 0.123430 0.243076 0.118700 0.238348 0.117754 0.235510 0.134780 0.240240 0.144710 0.242130 0.152278 0.242604 0.141874 0.238820 0.136672 0.235982
0 0.160790 0.286584 0.175924 0.299826 0.183962 0.301244 0.182070 0.308812 0.176868 0.313540 0.161736 0.313068 0.159372 0.311176 0.151332 0.323944 0.155116 0.336714 0.156534 0.344280 0.150858 0.337186 0.146602 0.330566 0.145656 0.317796 0.152278 0.306446 0.156534 0.303136 0.146130 0.293678 0.142346 0.289422 0.141400 0.286112 0.152278 0.288476
0 0.169302 0.357048 0.164574 0.366980 0.154642 0.368872 0.154642 0.377384 0.154170 0.388734 0.158898 0.398664 0.164574 0.406704 0.172612 0.414744 0.165520 0.402920 0.163154 0.395354 0.165046 0.384950 0.168356 0.380220 0.176396 0.377856 0.182544 0.373600 0.183962 0.368398 0.183490 0.362724 0.176868 0.367452 0.174032 0.371236 0.172140 0.365560
0 0.161736 0.440754 0.165046 0.451630 0.156060 0.476222 0.152750 0.490410 0.158898 0.499868 0.163628 0.505542 0.167884 0.497976 0.174504 0.483316 0.175924 0.474330 0.177342 0.466764 0.178288 0.456832 0.182070 0.448320 0.180180 0.441226 0.174032 0.437916 0.169302 0.437444
0 0.164100 0.522094 0.165992 0.530134 0.149912 0.526350 0.155116 0.523514 0.152750 0.520202 0.144238 0.518784 0.141874 0.523040 0.148494 0.531552 0.159844 0.542430 0.159372 0.558508 0.164574 0.579316 0.170722 0.584046 0.173558 0.579790 0.173086 0.564656 0.166464 0.550942 0.168356 0.543848 0.175450 0.560874 0.179234 0.557562 0.178760 0.549524 0.191056 0.548578 0.195312 0.544794 0.198622 0.540538 0.198622 0.536754 0.184436 0.537700 0.175924 0.540538 0.177342 0.535336 0.178288 0.521622 0.174032 0.517838 0.173086 0.514528
0 0.167884 0.584992 0.168830 0.591612 0.158426 0.589248 0.151804 0.582154 0.144710 0.576952 0.145184 0.583572 0.159844 0.596814 0.164574 0.601544 0.167884 0.615258 0.173086 0.626608 0.185382 0.640796 0.198622 0.652618 0.196258 0.644578 0.186800 0.625662 0.181598 0.613840 0.181598 0.610528 0.201460 0.612420 0.209026 0.611002 0.210918 0.605800 0.196732 0.605800 0.185382 0.605800 0.181598 0.599652 0.179234 0.588302 0.175450 0.585464
0 0.143292 0.761388 0.143766 0.773684 0.138090 0.780304 0.134306 0.789290 0.136672 0.800640 0.138564 0.797328 0.147548 0.785980 0.150858 0.783614 0.156534 0.790708 0.157480 0.784088 0.160318 0.777940 0.167410 0.772264 0.178288 0.768954 0.182070 0.769428 0.192948 0.778412 0.199096 0.779832 0.192948 0.772264 0.187746 0.764226 0.176396 0.761388 0.169776 0.757132 0.165992 0.756186 0.160790 0.752876 0.150386 0.756186
0 0.143766 0.914612 0.156060 0.932582 0.164574 0.934000 0.170248 0.939202 0.175450 0.946296 0.168830 0.947242 0.163628 0.948660 0.163628 0.965686 0.159372 0.967104 0.158898 0.951498 0.158898 0.941568 0.151332 0.935892 0.143766 0.925960 0.139982 0.918394 0.138564 0.912720
0 0.154642 0.974670 0.167410 0.987912 0.173558 0.991222 0.183016 0.992642 0.187746 0.994060 0.176396 0.999736 0.151332 0.997844 0.148494 0.991696 0.147076 0.985074 0.149912 0.978454
0 0.351846 0.022226 0.363670 0.031212 0.370762 0.036888 0.380220 0.033576 0.386368 0.032158 0.386368 0.040198 0.386368 0.048236 0.389680 0.052020 0.382586 0.053440 0.373128 0.057696 0.368398 0.055330 0.374546 0.049182 0.368872 0.046818 0.359886 0.052966 0.354684 0.061006 0.353264 0.054858 0.358940 0.045872 0.368872 0.043034 0.357048 0.035468 0.351846 0.027428
0 0.360358 0.098366 0.357994 0.105932 0.350428 0.107824 0.345226 0.112552 0.346644 0.117754 0.356102 0.115390 0.360358 0.117282 0.362724 0.122958 0.366034 0.115390 0.370762 0.125322 0.375964 0.131942 0.381640 0.141874 0.392516 0.148022 0.403394 0.149912 0.409542 0.149440 0.407650 0.144710 0.396772 0.143292 0.389206 0.139508 0.383532 0.128160 0.383058 0.115390 0.386842 0.105932 0.389206 0.097420 0.389680 0.089380 0.377856 0.087016 0.377384 0.097420 0.377856 0.104986 0.371708 0.097892 0.365088 0.095528
0 0.333876 0.191530 0.347118 0.188692 0.360832 0.191530 0.369344 0.193894 0.377384 0.200514 0.380694 0.204770 0.397246 0.209972 0.405758 0.218958 0.409542 0.226052 0.401974 0.230308 0.392044 0.227470 0.384950 0.220376 0.378330 0.211392 0.366506 0.216594 0.360358 0.216120 0.364142 0.210446 0.352320 0.201934 0.349482 0.198622 0.340024 0.195786
0 0.366980 0.256318 0.360358 0.264358 0.362250 0.277126 0.358940 0.288950 0.363670 0.298408 0.365088 0.291786 0.364614 0.274762 0.372654 0.274288 0.377384 0.273342 0.384950 0.280436 0.389206 0.282328 0.385896 0.271452 0.379276 0.262466 0.371708 0.255372
0 0.362724 0.314486 0.360832 0.331984 0.371236 0.329620 0.373128 0.344280 0.380220 0.349954 0.380694 0.331512 0.382586 0.328200 0.382586 0.318270 0.376910 0.310702 0.370290 0.308338 0.374546 0.321106
0 0.363196 0.429876 0.357522 0.444536 0.357994 0.447374 0.369816 0.439334 0.385896 0.435078 0.397246 0.432714 0.410960 0.432242 0.420418 0.435078 0.416162 0.426566 0.408122 0.422782 0.398192 0.421364 0.384950 0.423256 0.379748 0.426094 0.375018 0.424202 0.370762 0.427040
0 0.375964 0.498922 0.360358 0.520676 0.362724 0.524458 0.374074 0.521622 0.379276 0.517366 0.385422 0.515946 0.403394 0.528716 0.414744 0.522568 0.409542 0.513582 0.403394 0.508852 0.394408 0.506016 0.386842 0.503178
0 0.347118 0.567494 0.380694 0.564184 0.385422 0.566548 0.385422 0.574588 0.394882 0.584992 0.408122 0.597760 0.415216 0.607692 0.416162 0.615258 0.409542 0.611948 0.392516 0.595396 0.382112 0.584518 0.374074 0.578844 0.363670 0.575534 0.349482 0.573168
0 0.378802 0.636540 0.378330 0.654982 0.380220 0.669642 0.384004 0.673900 0.392516 0.648362 0.394408 0.637958
0 0.366034 0.714096 0.372182 0.716934 0.371708 0.721190 0.367926 0.730176 0.365560 0.740580 0.362250 0.749564 0.368872 0.745308 0.378802 0.733958 0.387314 0.728284 0.389206 0.723082 0.384950 0.713150 0.384950 0.709368 0.386368 0.704166 0.380220 0.706058 0.368872 0.708422 0.362724 0.707476
0 0.372182 0.763280 0.364614 0.769900 0.375492 0.794018 0.381640 0.800166 0.375018 0.773684 0.386842 0.782668 0.388734 0.775576 0.379276 0.764698
0 0.366980 0.854078 0.373128 0.868266 0.394408 0.870630 0.412378 0.871576 0.425148 0.871104 0.410960 0.874414 0.420418 0.878670 0.420418 0.882926 0.404812 0.883398 0.392516 0.878196 0.373128 0.876778 0.366034 0.869684 0.364614 0.858808
0 0.363670 0.932108 0.369344 0.937784 0.371708 0.948188 0.383058 0.955754 0.393936 0.957174 0.403866 0.955282 0.415216 0.955754 0.426566 0.956700 0.428458 0.951972 0.401974 0.948660 0.406704 0.944404 0.415690 0.938730 0.410960 0.929272 0.403394 0.926434 0.396300 0.934474 0.388260 0.937310 0.377856 0.934946
0 0.529246 0.006268 0.541410 0.006268 0.547132 0.011990 0.531394 0.017714 0.514938 0.037746 0.529246 0.046332 0.530678 0.038462 0.538548 0.024868 0.550710 0.022722 0.565018 0.022006 0.565018 0.020576 0.575750 0.022722 0.582904 0.019860 0.570742 0.008414 0.560726 0.006268 0.552140 0.001974 0.519946 0.002690 0.519230 0.006982
0 0.542124 0.047762 0.549994 0.045616 0.557248 0.045652 0.553728 0.056650 0.558128 0.061488 0.571764 0.057090 0.570884 0.062808 0.571324 0.066328 0.571324 0.083044 0.571324 0.090522 0.566926 0.098000 0.565166 0.080844 0.562966 0.075124 0.540972 0.077764 0.532174 0.081724 0.524696 0.087002 0.513698 0.086562 0.517658 0.080404 0.523816 0.069406 0.517658 0.063688 0.515458 0.057970 0.516338 0.045652 0.520296 0.048292 0.526016 0.056650 0.531294 0.055330 0.533494 0.054450
0 0.551530 0.128792 0.554608 0.141548 0.549330 0.138910 0.545810 0.144188 0.539652 0.145508 0.530414 0.145508 0.537452 0.155186 0.551090 0.157824 0.562526 0.169702 0.573084 0.178060 0.580122 0.183778 0.583642 0.189938 0.588920 0.190816 0.589800 0.186418 0.578362 0.168382 0.572644 0.160024 0.570884 0.152546 0.570884 0.149026 0.580562 0.144188 0.584522 0.141988 0.588040 0.138910 0.594198 0.135830 0.592880 0.130552 0.584082 0.131432 0.573964 0.136270 0.566046 0.143308 0.564286 0.150786 0.562086 0.135390 0.560766 0.131872
0 0.518976 0.192576 0.532614 0.196536 0.548450 0.197856 0.557688 0.198734 0.559448 0.200934 0.561646 0.210612 0.569564 0.211492 0.564726 0.220290 0.559448 0.226888 0.553728 0.227768 0.549770 0.223368 0.549770 0.218090 0.551090 0.211052 0.540972 0.211052 0.533054 0.210172 0.527334 0.207532 0.522056 0.201814 0.517658 0.197416
0 0.548010 0.286274 0.544490 0.300350 0.542732 0.308708 0.538772 0.324544 0.537452 0.339060 0.541412 0.341260 0.547130 0.335102 0.549770 0.321904 0.552408 0.322784 0.562526 0.336862 0.564286 0.332022 0.559008 0.316626 0.559008 0.310908 0.562086 0.305188 0.568246 0.299030 0.577482 0.284074 0.579682 0.280116 0.573084 0.279236 0.560766 0.280116 0.555048 0.280116
0 0.536132 0.353578 0.550650 0.357096 0.558128 0.361056 0.562086 0.371612 0.565606 0.359736 0.567806 0.350938 0.572644 0.349178 0.568684 0.368094 0.566486 0.375572 0.563846 0.387010 0.563846 0.396686 0.564286 0.407244 0.561206 0.400206 0.556808 0.390528 0.555928 0.374692 0.547130 0.375572 0.540532 0.376012 0.527774 0.376452 0.519416 0.375132 0.506660 0.373372 0.500942 0.374252 0.497422 0.371172 0.497422 0.367654 0.509300 0.367654 0.521176 0.365894 0.538772 0.368534 0.545810 0.369414 0.548890 0.365014 0.542732 0.361496 0.537012 0.362376 0.529974 0.361056
0 0.563846 0.428798 0.557688 0.443316 0.544490 0.444196 0.540092 0.447714 0.536572 0.452114 0.529094 0.458272 0.530414 0.463550 0.538332 0.459592 0.544490 0.452114 0.546690 0.450794 0.542292 0.468830 0.541412 0.484226 0.541852 0.493904 0.546250 0.497862 0.548450 0.493464 0.550650 0.485106 0.551968 0.479826 0.555928 0.468830 0.558568 0.449914 0.560766 0.460912 0.566046 0.453432 0.572204 0.441556 0.573964 0.436278
0 0.552408 0.498742 0.528654 0.521616 0.527774 0.530854 0.526456 0.541852 0.535254 0.533054 0.544050 0.522056 0.546690 0.514138 0.555048 0.515018 0.559888 0.521616 0.558568 0.528654 0.554608 0.537012 0.538772 0.546690 0.550650 0.549770 0.565606 0.545810 0.569564 0.539652 0.570004 0.521616 0.566926 0.502262
0 0.533054 0.595958 0.556808 0.595518 0.569564 0.595518 0.578362 0.597718 0.590240 0.599038 0.603436 0.600798 0.592440 0.602116 0.583642 0.604316 0.596398 0.609594 0.602556 0.613994 0.580122 0.611354 0.576164 0.616194 0.573084 0.627190 0.572644 0.611354 0.567806 0.610034 0.555488 0.619712 0.553288 0.626310 0.547570 0.616194 0.552848 0.610474 0.548890 0.605636 0.532614 0.602996
0 0.542732 0.614434 0.550650 0.641268 0.545810 0.654464 0.545370 0.666782 0.545810 0.677338 0.543610 0.690536 0.545810 0.705052 0.554168 0.714730 0.556808 0.694934 0.559008 0.684376 0.563846 0.694494 0.567806 0.720008 0.578362 0.729246 0.583202 0.729246 0.573524 0.703292 0.573964 0.684376 0.572644 0.675578 0.568684 0.663702 0.570004 0.655344 0.570884 0.650504 0.562086 0.646986 0.559448 0.637308 0.557688 0.630270 0.553728 0.623672 0.548890 0.609156
0 0.529094 0.741122 0.562086 0.744202 0.570884 0.745522 0.580122 0.740684 0.584960 0.741562 0.581442 0.749042 0.590240 0.755200 0.591120 0.758718 0.576164 0.755200 0.571324 0.755200 0.563406 0.756960 0.565606 0.765756 0.571324 0.771916 0.574404 0.778514 0.563406 0.776754 0.557248 0.773236 0.554608 0.768836 0.558128 0.760038 0.555488 0.756080 0.540972 0.751240 0.530414 0.746842
0 0.556808 0.809746 0.566926 0.813266 0.571324 0.818104 0.574404 0.827342 0.575724 0.832180 0.576164 0.834380 0.571324 0.839658 0.577042 0.867812 0.578362 0.874410 0.571324 0.868692 0.567806 0.855496 0.566046 0.847138 0.562086 0.845378 0.556808 0.842298 0.562086 0.838340 0.556368 0.833500 0.553288 0.820744 0.551530 0.811506
0 0.518538 0.884968 0.528654 0.884088 0.559008 0.891566 0.567806 0.892446 0.571764 0.899044 0.573524 0.906962 0.565166 0.905204 0.555048 0.899044 0.540972 0.894206 0.530854 0.891126 0.524256 0.891566 0.518976 0.893766 0.514578 0.891566
0 0.532614 0.973826 0.544050 0.965028 0.550210 0.963268 0.558128 0.961510 0.574404 0.972506 0.575724 0.993182 0.565606 0.995382 0.565606 0.987902 0.562966 0.977346 0.558568 0.972946 0.553728 0.971188 0.549770 0.970308 0.544050 0.972946 0.539652 0.979984
0 0.832590 0.014852 0.844036 0.022006 0.849760 0.017714 0.858344 0.014852 0.869792 0.030592 0.867646 0.040608 0.855484 0.037030 0.849044 0.037030 0.842606 0.060640 0.837598 0.074948 0.833304 0.076380 0.834020 0.051340 0.834020 0.036316 0.831874 0.030592
0 0.854052 0.092834 0.850476 0.107858 0.842606 0.101420 0.841174 0.120020 0.841174 0.137190 0.846808 0.123642 0.852242 0.133492 0.855978 0.135870 0.856658 0.126698 0.872282 0.138926 0.885870 0.141984 0.896060 0.132134 0.895040 0.125340 0.892664 0.123642 0.878058 0.125680 0.865150 0.117866 0.858696 0.115150 0.858356 0.099864 0.857676 0.092730
0 0.847146 0.142324 0.834578 0.154552 0.832202 0.166780 0.838654 0.180028 0.847826 0.188520 0.852242 0.187500 0.858696 0.176970 0.860394 0.168138 0.868206 0.148438 0.871264 0.138926 0.859376 0.149796 0.852922 0.157270 0.849524 0.161346 0.855638 0.145720 0.855298 0.143002
0 0.828124 0.291100 0.844430 0.272078 0.850884 0.264266 0.868206 0.264946 0.872622 0.275136 0.875000 0.287024 0.871604 0.297554 0.866848 0.308764 0.881454 0.323710 0.871942 0.320652 0.860054 0.314198 0.852582 0.310462 0.846128 0.301630 0.849184 0.293138 0.863452 0.291780 0.864470 0.280570 0.862772 0.274116 0.850204 0.277514 0.845448 0.291780
0 0.835258 0.385870 0.845788 0.402174 0.861414 0.407948 0.870244 0.403872 0.869904 0.395040 0.860394 0.394022 0.850884 0.387908 0.846128 0.381454
0 0.841712 0.453124 0.847826 0.459918 0.842052 0.468070 0.851222 0.478940 0.859714 0.483356 0.877038 0.479960 0.882472 0.472486 0.867528 0.475204 0.859376 0.478260 0.853600 0.474184 0.860394 0.466372 0.871942 0.461956 0.877378 0.453464 0.875340 0.449728 0.860054 0.459918 0.851562 0.453464 0.844430 0.450068
0 0.830164 0.527854 0.830502 0.545516 0.839334 0.552310 0.841712 0.553668 0.853940 0.567596 0.859714 0.572690 0.871264 0.576086 0.864130 0.569294 0.860394 0.559782 0.855298 0.555706 0.855638 0.547894 0.848166 0.537704 0.841032 0.527514 0.833900 0.526154
0 0.845448 0.617188 0.836616 0.628736 0.846468 0.646400 0.857336 0.661346 0.875340 0.664402 0.878736 0.662024 0.864470 0.656930 0.876358 0.656930 0.874660 0.654552 0.863790 0.648098 0.856318 0.646400 0.848166 0.639266 0.845448 0.634172 0.847486 0.626358 0.850544 0.620924
0 0.843750 0.690218 0.840354 0.714674 0.842052 0.729620 0.838316 0.740150 0.841372 0.744904 0.848506 0.732676 0.850204 0.721808 0.850884 0.708560 0.856658 0.702106 0.866168 0.705502 0.873980 0.700748 0.877038 0.696332 0.871264 0.694294 0.858696 0.695652 0.852922 0.697350 0.848846 0.690558
0 0.832880 0.784986 0.843070 0.785326 0.851222 0.781930 0.862772 0.780570 0.866168 0.783628 0.861074 0.790082 0.852242 0.797894 0.844090 0.806386 0.841372 0.799932 0.836616 0.795176 0.832202 0.789742
0 0.850544 0.819634 0.858356 0.814538 0.864470 0.817934 0.867528 0.833900 0.870584 0.846128 0.871264 0.864470 0.872622 0.870244 0.868206 0.869904 0.861074 0.854960 0.859036 0.839334 0.853260 0.831522 0.848846 0.824728
0 0.847486 0.918478 0.876020 0.915760 0.877378 0.926290 0.873302 0.932066 0.865150 0.934782 0.847486 0.933424 0.859376 0.938180 0.873980 0.933764 0.878058 0.936480 0.875340 0.955842 0.873302 0.959578 0.861752 0.955842 0.848846 0.948710 0.842052 0.940218 0.841712 0.924252
0 0.989470 0.245584 0.990828 0.258832 0.984036 0.253396 0.986414 0.243886
1 0.106658 0.858356 0.111414 0.844770 0.123642 0.840692 0.138926 0.845448 0.147078 0.854280 0.147418 0.865490 0.146060 0.874660 0.126020 0.880434 0.112432 0.874320 0.105638 0.865150 0.104280 0.855638
1 0.316576 0.201086 0.330502 0.205164 0.334240 0.215692 0.329484 0.223166 0.315218 0.218070 0.311820 0.209918
1 0.401154 0.472826 0.411684 0.476902 0.424592 0.478260 0.425612 0.483016 0.413044 0.488112 0.402854 0.493206 0.396740 0.499320 0.389946 0.502378 0.388248 0.497622 0.395720 0.492188 0.402174 0.488790 0.404892 0.486414 0.399796 0.479620 0.397418 0.475544
1 0.438858 0.578804 0.446332 0.572690 0.458220 0.575068 0.460598 0.586616 0.459578 0.596808 0.453464 0.604280 0.442934 0.603600 0.438180 0.594430 0.435802 0.581862
1 0.421876 0.877718 0.428668 0.869904 0.438180 0.875340 0.439198 0.889946 0.440218 0.908288 0.427310 0.898438 0.421536 0.890624 0.419498 0.882812
2 0.390964 0.970788 0.403532 0.978260 0.417798 0.976902 0.412024 0.984376 0.405910 0.991168 0.402174 0.994566 0.398778 0.986074 0.393682 0.981658 0.391304 0.974524
1 0.427650 0.975204 0.445652 0.968750 0.449728 0.974864 0.444972 0.990490 0.441236 0.995924 0.432404 0.993546 0.428328 0.980978
1 0.486414 0.254076 0.503058 0.252378 0.523098 0.260530 0.533288 0.271740 0.537704 0.278872 0.528872 0.292460 0.518002 0.301630 0.493886 0.297894 0.485394 0.286346 0.483696 0.276494 0.484714 0.263926
1 0.813180 0.732676 0.814878 0.719090 0.826086 0.716712 0.832540 0.712976 0.838994 0.720788 0.838994 0.730298 0.836278 0.736074 0.828804 0.740150 0.816576 0.739470
1 0.972146 0.197690 0.988112 0.204824 0.994904 0.213654 0.994226 0.220108 0.985054 0.212976 0.979620 0.210258 0.973166 0.215354 0.965014 0.214674 0.965354 0.207202 0.973166 0.201766
1 0.939538 0.580502 0.944294 0.587636 0.951426 0.583220 0.959240 0.582540 0.950068 0.593750 0.949048 0.598846 0.948370 0.606658 0.943954 0.608356 0.940896 0.601222 0.939538 0.591032 0.936480 0.584918
1 0.975204 0.928668 0.994566 0.931046 0.999660 0.950408 0.984714 0.954484 0.973506 0.948030 0.968070 0.939538 0.971468 0.929688
1 0.463990 0.890686 0.473668 0.898164 0.481146 0.899924 0.482026 0.909162 0.469270 0.910482 0.465750 0.906082 0.464870 0.901244 0.457392 0.895966
1 0.814468 0.049274 0.810088 0.053070 0.809504 0.056574 0.816804 0.056574 0.822350 0.051902 0.826730 0.048108 0.818264 0.047232
1 0.802162 0.461206 0.817316 0.469626 0.819000 0.483938 0.826576 0.501616 0.811422 0.500774 0.804688 0.491514 0.797110 0.484780 0.794586 0.472152
0 0.386640 0.770288 0.384646 0.787728 0.390126 0.804170 0.399096 0.813636 0.401088 0.807658 0.397102 0.776766 0.392618 0.766302
1 0.359734 0.461874 0.370196 0.465860 0.378668 0.466358 0.380162 0.484794 0.376176 0.492766 0.371692 0.481804 0.367208 0.477818 0.359236 0.472338
1 0.402436 0.045914 0.406054 0.053664 0.417938 0.054182 0.419488 0.060898 0.409154 0.063998 0.402436 0.062966 0.398304 0.056248
1 0.079842 0.226326 0.081526 0.239796 0.083210 0.250740 0.092470 0.242322 0.094996 0.233904 0.088262 0.228852