0 0.205830 0.016598 0.189872 0.028758 0.194430 0.035598 0.183032 0.041676 0.164792 0.044716 0.163272 0.049276 0.188352 0.046996 0.193670 0.042436 0.198230 0.061436 0.211910 0.065236 0.219510 0.065236 0.205070 0.051556 0.202790 0.039396 0.213430 0.043196 0.210390 0.053076 0.221790 0.042436 0.224830 0.037876 0.231670 0.037876 0.240030 0.033318 0.227110 0.029518 0.218750 0.034078 0.214950 0.037116 0.205830 0.034078 0.205070 0.024198
1 0.166312 0.154912 0.159472 0.158712 0.156432 0.166312 0.162512 0.173912 0.175432 0.168592 0.175432 0.161752
0 0.221030 0.096394 0.206590 0.104754 0.200510 0.113114 0.205070 0.126034 0.208870 0.131354 0.223310 0.132114 0.233190 0.135154 0.218750 0.127554 0.211150 0.118434 0.211150 0.110834 0.220270 0.122994 0.230150 0.128314 0.230150 0.116154 0.223310 0.110074
0 0.214950 0.196710 0.204310 0.198230 0.198990 0.203550 0.195190 0.214950 0.196710 0.230150 0.189112 0.229390 0.183792 0.223310 0.179232 0.214190 0.178472 0.205070 0.176952 0.198990 0.189112 0.190632 0.200510 0.186072 0.211150 0.185312 0.217230 0.183792 0.223310 0.178472 0.230150 0.173152 0.235470 0.168592 0.240790 0.171632 0.240790 0.176952 0.233190 0.179992 0.226350 0.184552
0 0.209630 0.264348 0.191392 0.274988 0.183792 0.281068 0.190632 0.291708 0.197470 0.299306 0.204310 0.304626 0.206590 0.315266 0.206590 0.325906 0.208110 0.331226 0.213430 0.315266 0.213430 0.301586 0.204310 0.294748 0.200510 0.289428 0.203550 0.281068 0.208110 0.276508 0.218750 0.271948 0.226350 0.271188 0.236990 0.260548 0.236990 0.255228 0.230150 0.256748 0.223310 0.252188 0.217990 0.252948
0 0.212670 0.426222 0.201270 0.420902 0.189112 0.419382 0.180752 0.426222 0.176952 0.427742 0.172392 0.433062 0.184552 0.439902 0.188352 0.440662 0.183792 0.454340 0.182272 0.468020 0.189112 0.466500 0.192152 0.451302 0.195190 0.442942 0.189872 0.435342 0.195190 0.431542 0.202030 0.430022 0.195190 0.439142 0.204310 0.445982 0.220270 0.445222 0.222550 0.437622 0.227110 0.442182 0.235470 0.436102 0.221030 0.426222 0.213430 0.436862 0.208870 0.438382 0.202790 0.438382 0.199750 0.435342 0.198990 0.439142 0.198990 0.435342 0.196710 0.434582 0.195190 0.439902 0.201270 0.439902 0.196710 0.440662 0.195190 0.444462 0.193670 0.435342 0.198230 0.433062
0 0.209630 0.711972 0.200510 0.720330 0.185312 0.732490 0.176192 0.740090 0.176952 0.746170 0.202030 0.732490 0.201270 0.740850 0.218750 0.749210 0.221030 0.740850 0.212670 0.730210 0.213430 0.724130 0.221790 0.738570 0.233190 0.740850 0.221030 0.726410
0 0.205070 0.778088 0.182272 0.777328 0.179232 0.787208 0.189872 0.784168 0.194430 0.790248 0.198230 0.798608 0.209630 0.796328 0.218750 0.793288 0.228630 0.798608 0.222550 0.810008 0.220270 0.819886 0.234710 0.812288 0.234710 0.794048 0.225590 0.784928 0.217990 0.785688
0 0.197470 0.965802 0.179992 0.969602 0.178472 0.960482 0.166312 0.971122 0.157192 0.978720 0.157192 0.987080 0.172392 0.977960 0.177712 0.996200 0.186072 0.999240 0.182272 0.987840 0.183032 0.977200 0.186832 0.991640 0.197470 0.982520 0.195190 0.977960 0.205070 0.975680 0.212670 0.975680 0.226350 0.986320 0.251428 0.987080 0.247628 0.978720 0.215710 0.966562 0.226350 0.964282 0.227110 0.949082 0.216470 0.953642 0.213430 0.960482
0 0.387464 0.654974 0.373784 0.667892 0.371504 0.684612 0.374544 0.689172 0.374544 0.701332 0.388224 0.699812 0.392784 0.682332 0.392024 0.668652 0.397344 0.659534 0.405702 0.653454 0.403422 0.666372 0.414062 0.656494 0.421662 0.648894 0.416342 0.646614 0.419382 0.632934 0.407222 0.638254 0.403422 0.645854 0.395824 0.650414 0.382144 0.642814 0.376824 0.642054
1 0.436102 0.670932 0.445982 0.680812 0.433822 0.692972 0.436862 0.698292 0.451302 0.687652 0.458900 0.686132 0.455860 0.678532 0.448262 0.677772
0 0.401902 0.561496 0.387464 0.559216 0.373024 0.549338 0.360104 0.544778 0.349464 0.546298 0.351744 0.553898 0.367704 0.560736 0.380624 0.561496 0.368464 0.571376 0.377584 0.572896 0.388224 0.565296 0.396584 0.568336 0.392784 0.575936 0.383664 0.586576 0.387464 0.593416 0.381384 0.601776 0.375304 0.604056 0.385944 0.606336 0.392024 0.593416 0.394304 0.582776 0.399624 0.571376
0 0.301586 0.825966 0.288668 0.819886 0.275748 0.829766 0.270428 0.844966 0.285628 0.835846 0.289428 0.829766 0.303866 0.835846 0.316026 0.834326 0.316026 0.813808 0.320586 0.797088 0.312986 0.797088 0.309946 0.807728
0 0.204310 0.645854 0.191392 0.654214 0.186832 0.666372 0.184552 0.682332 0.198990 0.675492 0.205070 0.690692 0.205830 0.677772 0.205070 0.670172 0.214950 0.665612 0.226350 0.661812 0.218750 0.654214 0.224070 0.649654 0.236230 0.642054 0.237750 0.629894 0.229390 0.636734 0.221030 0.645094 0.214190 0.645854
0 0.394798 0.114350 0.372262 0.116018 0.349726 0.127704 0.360576 0.136052 0.388120 0.129374 0.398138 0.137720 0.416500 0.141060 0.427350 0.153580 0.435698 0.136052 0.408154 0.125200 0.410658 0.116018 0.423178 0.095152 0.412326 0.094318 0.407318 0.109342 0.394798 0.098490 0.382278 0.095152
0 0.407318 0.194478 0.393130 0.205328 0.406484 0.215344 0.404814 0.220352 0.388956 0.217014 0.387286 0.210336 0.388956 0.189470 0.383112 0.171108 0.388120 0.156084 0.397302 0.159422 0.388120 0.170272 0.401476 0.182792
0 0.420674 0.259582 0.407318 0.257078 0.401476 0.258748 0.389790 0.260416 0.381444 0.259582 0.379774 0.252904 0.379774 0.247062 0.370592 0.237880 0.365584 0.237880 0.351396 0.244558 0.358908 0.257912 0.373096 0.252904 0.376436 0.260416 0.377270 0.270432 0.385616 0.270432 0.384782 0.283788 0.389790 0.299646 0.382278 0.305488 0.389790 0.322182 0.383948 0.336372 0.398138 0.329694 0.403980 0.320512 0.403146 0.310496 0.396468 0.310496 0.392294 0.313836 0.391460 0.305488 0.400642 0.300480 0.394798 0.292968 0.391460 0.283788 0.398138 0.276276 0.410658 0.267094
0 0.411492 0.364750 0.426516 0.354734 0.435698 0.355568 0.436532 0.347222 0.423178 0.343048 0.415666 0.348056 0.424012 0.349726 0.416500 0.352230 0.413162 0.353900 0.398138 0.345552 0.392294 0.348892 0.373096 0.364750 0.363916 0.373932 0.361412 0.386452 0.378104 0.368924 0.395634 0.374766 0.408988 0.379774 0.407318 0.398972 0.413996 0.385616 0.424846 0.389790 0.436532 0.390624 0.423178 0.376436
0 0.419838 0.437366 0.417334 0.421508 0.365584 0.413996 0.342214 0.425682 0.338876 0.435698 0.363080 0.428186 0.393964 0.431524 0.400642 0.449886 0.413996 0.459902 0.404814 0.445714 0.401476 0.442374 0.407318 0.434028
0 0.649372 0.651042 0.665232 0.663562 0.685264 0.659388 0.669404 0.670240 0.646034 0.670240 0.636852 0.676082 0.642694 0.661058 0.631844 0.651042 0.618490 0.656884 0.622662 0.645198 0.634348 0.647702
0 0.829660 0.655216 0.807960 0.649372 0.802952 0.635182 0.811298 0.623498 0.829660 0.625166 0.839676 0.628506 0.843850 0.636018 0.848024 0.644364 0.853032 0.662728 0.838008 0.662728
0 0.846354 0.578426 0.852196 0.560062 0.833000 0.542534 0.816306 0.537526 0.812132 0.545874 0.831330 0.548378 0.838842 0.565906 0.819644 0.567574 0.802952 0.565906 0.802116 0.577590 0.823818 0.586772 0.822148 0.573418 0.834668 0.575086
0 0.848858 0.433194 0.836338 0.427350 0.826322 0.424846 0.817976 0.435698 0.812968 0.446548 0.800448 0.467414 0.821314 0.454060 0.829660 0.445714 0.829660 0.439036 0.841346 0.443210
0 0.834668 0.364750 0.842180 0.381444 0.850528 0.401476 0.840512 0.414830 0.832164 0.410658 0.812968 0.413996 0.828826 0.403146 0.837172 0.393964 0.833834 0.382278 0.823818 0.379774 0.812968 0.393130 0.815472 0.382278
0 0.827156 0.360576 0.799612 0.342214 0.807960 0.361412 0.827156 0.372262
0 0.856370 0.272936 0.868890 0.260416 0.882244 0.268764 0.881410 0.253740 0.854700 0.244558 0.866386 0.256244
0 0.843850 0.269598 0.838842 0.282952 0.851362 0.308828 0.833834 0.285456 0.827156 0.301316 0.817140 0.283788 0.806290 0.283788 0.828826 0.278780
0 0.875568 0.207832 0.827992 0.190304 0.814636 0.186132 0.799612 0.197816 0.808794 0.176950 0.810464 0.165264 0.845520 0.186966 0.874732 0.198652
0 0.855536 0.126870 0.820480 0.100994 0.815472 0.115184 0.807960 0.135216 0.815472 0.135216 0.822984 0.155248 0.821314 0.126870 0.836338 0.121862
0 0.827992 0.037560 0.815472 0.049246 0.810464 0.065104 0.802952 0.045906 0.812132 0.029214 0.792100 0.018362 0.799612 0.010850 0.818810 0.026710 0.834668 0.031718 0.843850 0.012520 0.845520 0.030882 0.858874 0.038394
0 0.395106 0.708754 0.356044 0.706456 0.343406 0.712202 0.350298 0.717946 0.383616 0.717946 0.380170 0.739774 0.352596 0.745520 0.352596 0.754710 0.387064 0.744370 0.389362 0.724840
1 0.413424 0.523208 0.398106 0.519378 0.400658 0.534696 0.410872 0.535974 0.418530 0.543632 0.430020 0.528314
1 0.730010 0.955958 0.710860 0.973830 0.718520 0.990426 0.742774 0.986596 0.752988 0.967448
0 0.636820 0.962342 0.617672 0.985320 0.631714 0.991702 0.644480 0.977660 0.668734 0.994256 0.657246 0.967448 0.668734 0.952130 0.654692 0.950852
0 0.410872 0.955958 0.380234 0.947024 0.362362 0.940640 0.354702 0.926598 0.349596 0.935534 0.339384 0.932982 0.357256 0.950852 0.368744 0.961066 0.390446 0.963618
1 0.202944 0.871296 0.197300 0.885974 0.204074 0.895006 0.219878 0.893876 0.231168 0.888232 0.219878 0.882586 0.222136 0.872426 0.214234 0.872426
0 0.401566 0.029454 0.383978 0.029454 0.369168 0.014644 0.354358 0.013718 0.376574 0.035008 0.390458 0.045190 0.399714 0.057224 0.408972 0.047968 0.420080 0.041488 0.404344 0.042414 0.426558 0.035008 0.437666 0.033156 0.431188 0.046116 0.433038 0.058150 0.453402 0.037786 0.433038 0.028528 0.411748 0.032232
1 0.471916 0.079440 0.467288 0.068332 0.479320 0.069258 0.488578 0.070182 0.487652 0.076662 0.482098 0.081290 0.476544 0.093324
1 0.470064 0.013718 0.447848 0.010016 0.457106 0.000760 0.469138 0.001684 0.476544 0.006312 0.478396 0.020198
1 0.604284 0.253462 0.589474 0.259942 0.584846 0.269198 0.590400 0.281232 0.603358 0.287712 0.616318 0.275678 0.616318 0.264570
0 0.638534 0.114614 0.622796 0.112762 0.628350 0.105358 0.609838 0.111838 0.612614 0.120168 0.642236 0.124796 0.641310 0.134052 0.626500 0.143310 0.645938 0.144236 0.654270 0.125722 0.654270 0.109986 0.650566 0.099804 0.644086 0.106284
0 0.617244 0.009090 0.627426 0.025752 0.639458 0.025752 0.649640 0.030380 0.637608 0.041488 0.629276 0.048892 0.651492 0.051670 0.658898 0.036860 0.650566 0.014644 0.637608 0.018346
1 0.558002 0.006312 0.575588 0.016496 0.595954 0.013718 0.596878 0.001684 0.586696 0.000760 0.570960 0.003536
0 0.631128 0.191444 0.615392 0.184038 0.626500 0.202552 0.622796 0.214584 0.621872 0.228470 0.621872 0.250684 0.633904 0.240502 0.646864 0.250684 0.648716 0.250684 0.649640 0.261792 0.657972 0.246982 0.649640 0.235874 0.638534 0.221990 0.637608 0.203476 0.643162 0.190518 0.649640 0.184964 0.655194 0.186816 0.659824 0.201626 0.664452 0.187740 0.651492 0.177558 0.651492 0.164600 0.645012 0.174782 0.641310 0.170154 0.638534 0.184038
0 0.631128 0.326588 0.627426 0.342324 0.617244 0.335844 0.614466 0.348804 0.628350 0.359912 0.627426 0.366392 0.619094 0.370094 0.619094 0.378424 0.645938 0.365466 0.651492 0.354358 0.646864 0.345102 0.639458 0.355284 0.632980 0.349730 0.639458 0.333994
0 0.632054 0.421004 0.639458 0.431188 0.627426 0.435816 0.623722 0.446924 0.615392 0.453402 0.627426 0.458030 0.639458 0.464510 0.649640 0.437666 0.645012 0.430262 0.644086 0.416376
0 0.645938 0.502462 0.634830 0.509868 0.617244 0.514496 0.614466 0.522826 0.639458 0.519124 0.625574 0.522826 0.620946 0.534860 0.620946 0.543190 0.640384 0.528380 0.659824 0.528380 0.670930 0.517272 0.676484 0.510794 0.655194 0.506164
0 0.644086 0.582068 0.633904 0.571886 0.623722 0.576514 0.634830 0.582994 0.628350 0.598730 0.641310 0.591324 0.648716 0.591324 0.644086 0.601506 0.659824 0.594102 0.669080 0.590400 0.668154 0.575588
1 0.645012 0.693146 0.628350 0.702402 0.637608 0.715362 0.650566 0.720916 0.658898 0.708882
0 0.819960 0.702402 0.817184 0.719990 0.803300 0.724618 0.775530 0.729246 0.772752 0.735726 0.797746 0.736652 0.816258 0.732024 0.824590 0.747760 0.843102 0.751462 0.863466 0.750536 0.871798 0.744058 0.850508 0.743132 0.837548 0.744982 0.830142 0.736652 0.831068 0.725544 0.834772 0.735726 0.837548 0.719064 0.832920 0.709808
1 0.419108 0.295004 0.400798 0.299072 0.401814 0.313314 0.422160 0.310262 0.430298 0.305176 0.432332 0.293986
1 0.663248 0.283814 0.646972 0.298056 0.669352 0.298056 0.678508 0.299072 0.681560 0.307210 0.689698 0.305176 0.691732 0.292968 0.680542 0.284830
2 0.746664 0.321452 0.739542 0.340780 0.753784 0.337728 0.746664 0.347900 0.756836 0.344848 0.775146 0.346884 0.760904 0.335694 0.762940 0.326538
1 0.674438 0.534058 0.662232 0.538126 0.669352 0.543212 0.679524 0.544230 0.684612 0.537110 0.686646 0.524902 0.680542 0.519816
1 0.701904 0.555420 0.691732 0.569662 0.703938 0.579834 0.724284 0.572714 0.740560 0.562540 0.730388 0.547282 0.715128 0.553386
0 0.814820 0.498454 0.797526 0.494384 0.794474 0.507610 0.815836 0.508626 0.832112 0.505574 0.841268 0.505574 0.832112 0.520834 0.841268 0.523886 0.852458 0.500488 0.846354 0.495402 0.839234 0.497436 0.840250 0.489298 0.834148 0.494384 0.831096 0.496420 0.837198 0.484212 0.831096 0.479126 0.823974 0.486246
1 0.165812 0.262452 0.151570 0.263468 0.157674 0.273640 0.154622 0.281778 0.178020 0.266520 0.185140 0.256348
1 0.249226 0.224812 0.241088 0.248210 0.257364 0.239054 0.269572 0.236002 0.270590 0.228882 0.259400 0.230916
1 0.448608 0.185140 0.434366 0.188192 0.444540 0.196330 0.451660 0.201416 0.461832 0.189208 0.459798 0.182088
1 0.308228 0.133260 0.293986 0.132242 0.299072 0.142416 0.314332 0.147502 0.319418 0.136312
1 0.516764 0.626628 0.506592 0.652058 0.506592 0.661214 0.525920 0.651042 0.525920 0.638834
0 0.404866 0.692750 0.410970 0.718180 0.426228 0.722250 0.418090 0.734456 0.416056 0.746664 0.429280 0.734456 0.431316 0.714112 0.415040 0.710042
1 0.344848 0.803630 0.323486 0.810750 0.324504 0.818888 0.345866 0.816854 0.357056 0.819906
0 0.308228 0.519816 0.314332 0.504558 0.323486 0.520834 0.348918 0.519816 0.344848 0.525920 0.326538 0.528972 0.323486 0.540162 0.301106 0.548300 0.312296 0.532024 0.299072 0.529988 0.286866 0.533040 0.291952 0.519816
1 0.888662 0.171574 0.873566 0.164968 0.867904 0.172516 0.879228 0.176290 0.898098 0.190444 0.896210 0.180064 0.897154 0.161194
0 0.386700 0.891494 0.350846 0.909420 0.347072 0.924516 0.391418 0.901872 0.403684 0.897154 0.403684 0.910364 0.399910 0.920742 0.418780 0.903760 0.439538 0.911308 0.419724 0.896210 0.418780 0.894324 0.418780 0.883944 0.404628 0.886776
0 0.821672 0.794308 0.811292 0.784874 0.806574 0.797140 0.814122 0.803744 0.793366 0.806574 0.779212 0.804688 0.801856 0.815066 0.814122 0.812236 0.821672 0.815066 0.831106 0.828276 0.816954 0.847146 0.843372 0.837712 0.832994 0.814122 0.834880 0.799970 0.828276 0.781100 0.822614 0.773550
0 0.811292 0.866018 0.804688 0.875452 0.791478 0.886776 0.787704 0.900928 0.811292 0.887718 0.817898 0.881114 0.832050 0.889606 0.837712 0.885832 0.827332 0.879228 0.845260 0.878284 0.850920 0.878284 0.840542 0.869792 0.825446 0.867904
0 0.828276 0.942444 0.830164 0.956598 0.817898 0.964146 0.802800 0.958484 0.801856 0.967920 0.807518 0.967920 0.801856 0.979242 0.809406 0.981130 0.821672 0.992452 0.824502 0.976412 0.833938 0.968864 0.834880 0.980186 0.832050 0.995282 0.851864 0.994338 0.840542 0.981130 0.844316 0.968864 0.838654 0.955654
1 0.875240 0.947784 0.860890 0.950972 0.874442 0.957350 0.884008 0.958944 0.887994 0.951770 0.887198 0.944596
1 0.444146 0.629276 0.421930 0.644086 0.433038 0.653344 0.450626 0.651492
1 0.567718 0.934222 0.551328 0.934222 0.545864 0.946514 0.574546 0.949246
1 0.332796 0.875492 0.310942 0.894614 0.330064 0.890516 0.347820 0.890516
1 0.196214 0.931490 0.196214 0.938320 0.211238 0.930124
1 0.711178 0.884378 0.694594 0.903726 0.691830 0.889906 0.685382 0.877930 0.695516 0.874244
1 0.720390 0.891748 0.699200 0.900040 0.705650 0.907410 0.713940 0.900040 0.717626 0.917544 0.723154 0.914782 0.719468 0.901884
1 0.930442 0.914782 0.916624 0.937814 0.926758 0.940578 0.939656 0.936892 0.936892 0.923072
0 0.853976 0.900962 0.849370 0.904646 0.860426 0.908332 0.852134 0.910174 0.843842 0.914782 0.843842 0.925836 0.853054 0.929522 0.841078 0.948868 0.865952 0.930442 0.863190 0.915702 0.872402 0.908332
1 0.622734 0.765532 0.619970 0.770140 0.623654 0.783038 0.636552 0.779352 0.643924 0.773824 0.639316 0.767376
1 0.679854 0.771060 0.666956 0.784880 0.676168 0.787644 0.684460 0.783038 0.695516 0.781194 0.690908 0.771060
0 0.356482 0.576670 0.342662 0.570220 0.346348 0.593252 0.365696 0.597858 0.365696 0.570220 0.361088 0.563772
1 0.572984 0.190650 0.565614 0.193414 0.574826 0.206312 0.580354 0.207234 0.582198 0.198942 0.590488 0.192494
1 0.881614 0.028504 0.888064 0.042324 0.881614 0.046008 0.892670 0.046930 0.902804 0.045088 0.891748 0.034954
0 0.621052 0.935856 0.610740 0.924332 0.616502 0.912200 0.613470 0.907044 0.609830 0.897642 0.617108 0.886118 0.628936 0.883692 0.640158 0.882782 0.647740 0.884602 0.644404 0.894306 0.641674 0.901282 0.643190 0.907044 0.638944 0.914020 0.640158 0.921298 0.639552 0.927970 0.628330 0.930700