0 0.068042 0.246464 0.078600 0.269690 0.080712 0.283942 0.074378 0.292388 0.065404 0.286582 0.045872 0.291332 0.036370 0.291332 0.014728 0.291860 0.011340 0.296832 0.000000 0.296876 0.006062 0.303870 0.024538 0.305628 0.050930 0.302110 0.070286 0.297710 0.078644 0.297270 0.086562 0.296392 0.095800 0.294632 0.103718 0.292872 0.115156 0.296392 0.121628 0.296662 0.126592 0.287154 0.133190 0.294632 0.128792 0.280116 0.125712 0.278796 0.103718 0.282754 0.096680 0.284514 0.097120 0.280554 0.114716 0.274836 0.124832 0.263840 0.124832 0.257240 0.104598 0.267358 0.096680 0.269118 0.090522 0.273516 0.090522 0.279676 0.089642 0.287594 0.085242 0.289792 0.087442 0.277036 0.087002 0.265158 0.084362 0.259880 0.081724 0.255042 0.078204 0.250642 0.076004 0.248002
0 0.037214 0.360490 0.047622 0.369674 0.058030 0.381918 0.069052 0.389266 0.071500 0.393552 0.077010 0.398450 0.083746 0.403348 0.084970 0.411920 0.087420 0.422328 0.095990 0.427226 0.107624 0.430900 0.117420 0.432124 0.124156 0.433962 0.119256 0.438246 0.113622 0.445014 0.101350 0.447682 0.089608 0.445014 0.081296 0.437022 0.070888 0.428450 0.063540 0.420492 0.054356 0.403960 0.050072 0.392328 0.044560 0.388042 0.031090 0.381918 0.029254 0.377020 0.032928 0.369062 0.027418 0.369062 0.027418 0.362938
0 0.033166 0.530134 0.040536 0.542768 0.044748 0.552244 0.044748 0.560142 0.043696 0.565406 0.055804 0.560142 0.054750 0.566458 0.044748 0.572250 0.038430 0.579094 0.035272 0.586464 0.032640 0.599626 0.043168 0.580146 0.049486 0.579094 0.060016 0.578568 0.064754 0.577514 0.076862 0.576462 0.077388 0.581200 0.077388 0.586990 0.090550 0.585938 0.097394 0.586990 0.102132 0.623316 0.097920 0.646480 0.100380 0.655192 0.106342 0.628054 0.104764 0.600152 0.103184 0.583832 0.099498 0.576462 0.084758 0.576462 0.082126 0.570670 0.082652 0.556982 0.078968 0.539084 0.064226 0.535924 0.061068 0.540136 0.062120 0.557510 0.057910 0.549612 0.051592 0.537504 0.046854 0.532240 0.041590 0.530134
0 0.108372 0.658390 0.085922 0.670364 0.073950 0.681588 0.060480 0.694310 0.047452 0.686752 0.034110 0.682484 0.026640 0.686752 0.011838 0.698052 0.005852 0.705534 0.010342 0.713018 0.026056 0.712270 0.052248 0.715262 0.057486 0.719004 0.061228 0.722746 0.067962 0.730230 0.074698 0.751182 0.079936 0.771388 0.084272 0.777472 0.086670 0.789346 0.091160 0.792340 0.101936 0.796812 0.104018 0.767866 0.092278 0.750790 0.082930 0.716760 0.082930 0.710772 0.079188 0.704038 0.074698 0.710772 0.070956 0.711522 0.068712 0.704786 0.073202 0.698800 0.095650 0.677846 0.100140 0.671112
0 0.626366 0.535828 0.635478 0.526718 0.640032 0.517038 0.644588 0.506788 0.650852 0.494830 0.650282 0.485150 0.647436 0.477746 0.621242 0.480024 0.604160 0.485150 0.594478 0.484580 0.591062 0.477746 0.605298 0.474330 0.628074 0.470914 0.644588 0.473192 0.653130 0.469206 0.649144 0.452692 0.648004 0.428776 0.655408 0.451554 0.657116 0.460094 0.662240 0.460664 0.669642 0.451554 0.678184 0.451554 0.671352 0.462942 0.669642 0.483442 0.672490 0.480594 0.687296 0.489704 0.713488 0.505648 0.735696 0.513620 0.743098 0.516468 0.735126 0.517038 0.707224 0.505080 0.696406 0.503370 0.680462 0.494830 0.671352 0.488566 0.663948 0.479456 0.659394 0.481164 0.654268 0.483442 0.654268 0.498246 0.653130 0.507926 0.648004 0.514760 0.643450 0.521592 0.637756 0.530134 0.632060 0.535258
0 0.666226 0.612132 0.655408 0.626936 0.648004 0.626936 0.637756 0.640602 0.629784 0.652560 0.630352 0.663948 0.630352 0.673628 0.631492 0.689572 0.631492 0.698114 0.628074 0.704948 0.624088 0.716906 0.625798 0.719752 0.633200 0.707794 0.633770 0.720892 0.640032 0.707224 0.650282 0.671352 0.655976 0.665088 0.659394 0.663380 0.665088 0.673060 0.666796 0.686726 0.666796 0.700392 0.665088 0.711780 0.657116 0.715196 0.649714 0.718614 0.640602 0.720892 0.633200 0.721460 0.631492 0.726016 0.640032 0.727154 0.653698 0.724308 0.667366 0.713488 0.677046 0.685018 0.677046 0.671352 0.675338 0.653130 0.661670 0.652560 0.663380 0.643450 0.664518 0.631492 0.668504 0.626366 0.671920 0.617826
0 0.658612 0.795526 0.667048 0.814342 0.670292 0.816290 0.678728 0.830564 0.680674 0.839650 0.679376 0.853276 0.677430 0.857818 0.674186 0.863008 0.663802 0.880528 0.649528 0.901292 0.652124 0.877932 0.655368 0.847436 0.649528 0.805908 0.650176 0.798770
0 0.988698 0.202926 0.981464 0.193884 0.981012 0.207448 0.965188 0.228244 0.989602 0.209708 0.994444 0.217320
0 0.997464 0.518912 0.988094 0.528280 0.980886 0.539812 0.947014 0.548460 0.946292 0.554946 0.965752 0.553506 0.978004 0.547020 0.973680 0.565036 0.973680 0.579452 0.985212 0.549902 0.996742 0.541974
0 0.975460 0.952184 0.985932 0.952058 0.972238 0.954942 0.963822 0.948642 0.954220 0.957824 0.953500 0.966472 0.962810 0.965846 0.967914 0.972238 0.981608 0.973680 0.984490 0.971518 0.990256 0.966472
0 0.000000 0.896484 0.000000 0.884766 0.054254 0.881410 0.062600 0.874732 0.060930 0.863882 0.073450 0.857204 0.084302 0.867220 0.105168 0.851362 0.114156 0.847912 0.100160 0.869724 0.085970 0.873064 0.093344 0.887936 0.106002 0.892260 0.119396 0.904608 0.132416 0.915364 0.144870 0.926688 0.141474 0.932914 0.140342 0.951030 0.138170 0.952506 0.136036 0.933294 0.118830 0.909704 0.105242 0.900646 0.093344 0.897008 0.085874 0.897540 0.080332 0.888756 0.065614 0.888756 0.062216 0.896682 0.062216 0.913666 0.069010 0.922158 0.075804 0.937444 0.075338 0.954032 0.066016 0.923528 0.064746 0.937084 0.058814 0.927340 0.056524 0.886868 0.029618 0.893690
1 0.141534 0.128664 0.159072 0.135924 0.176592 0.136036 0.188006 0.133752 0.208984 0.120732 0.203198 0.116392 0.188006 0.121456 0.177156 0.125796 0.164858 0.127242 0.154008 0.125796
1 0.009812 0.196040 0.027222 0.193012 0.043120 0.173328 0.031764 0.172572 0.022680 0.183170 0.008296 0.183926 0.000726 0.180142
1 0.249702 0.095478 0.248352 0.123552 0.268320 0.127920 0.261442 0.116824 0.260832 0.096096 0.257088 0.107952 0.252370 0.115758
1 0.182462 0.807356 0.190468 0.812692 0.196338 0.832436 0.199538 0.827100 0.196338 0.811624 0.206476 0.798284 0.195804 0.805222
1 0.019168 0.810558 0.034644 0.823898 0.039446 0.839908 0.044784 0.837240 0.044784 0.821764 0.054922 0.805754 0.041582 0.811624 0.033044 0.811092 0.022370 0.809490
1 0.000382 0.528032 0.012128 0.535426 0.011258 0.526292 0.002992 0.517156 0.002992 0.507586
1 0.018652 0.516286 0.034312 0.518462 0.056062 0.527596 0.054758 0.520636 0.038228 0.513676 0.030832 0.496276 0.046492 0.492796 0.063892 0.478442 0.070416 0.472786 0.070852 0.464956 0.066502 0.467132 0.052582 0.479312 0.039532 0.484096 0.023438 0.491926 0.030832 0.503672 0.032138 0.511936 0.022132 0.511502
1 0.007778 0.545866 0.006038 0.563266 0.001688 0.578490 0.002122 0.584580 0.014302 0.575880 0.023438 0.598500 0.030398 0.590236 0.028658 0.578490 0.018652 0.575880 0.019088 0.570226 0.030398 0.565006 0.038662 0.554566 0.039098 0.548910 0.032572 0.553696 0.024308 0.557176 0.017348 0.559786 0.016042 0.549780
0 0.636838 0.336174 0.629142 0.342684 0.623816 0.346236 0.629142 0.349786 0.632694 0.356890 0.628552 0.364584 0.628552 0.372870 0.636246 0.363992 0.645714 0.359256 0.657552 0.365176 0.655184 0.372870 0.649266 0.384114 0.645714 0.390624 0.636838 0.401870 0.633286 0.410156 0.648082 0.397136 0.660512 0.395952 0.681226 0.395360 0.687144 0.391216 0.654000 0.392400 0.661696 0.371094 0.660512 0.362808 0.672940 0.364584 0.681226 0.373462 0.687736 0.385298 0.693656 0.395360 0.707268 0.407788 0.704308 0.393584 0.704308 0.385298 0.704308 0.371686 0.689512 0.362808 0.678858 0.356890 0.667614 0.358664 0.662878 0.356890 0.658736 0.346236 0.656368 0.351562 0.654000 0.359256 0.645124 0.354522 0.642756 0.346236
0 0.557730 0.221098 0.574162 0.202318 0.592472 0.189640 0.605618 0.186824 0.634258 0.187294 0.648344 0.192458 0.646936 0.198092 0.646466 0.203256 0.653508 0.199500 0.659142 0.194336 0.668062 0.199500 0.671818 0.223914 0.699520 0.251146 0.684964 0.226262 0.672288 0.186824 0.668062 0.181190 0.672758 0.157246 0.677452 0.137996 0.662428 0.168514 0.660082 0.167104 0.654448 0.185884 0.648344 0.186824 0.647404 0.175086 0.646936 0.148324 0.644118 0.132362 0.641770 0.147856 0.632380 0.143630 0.630502 0.130484 0.630502 0.114520 0.625808 0.122502 0.622052 0.142690 0.630502 0.152080 0.638484 0.165226 0.631442 0.182598 0.617826 0.181190 0.605150 0.182598 0.586370 0.187294 0.574162 0.195274 0.560078 0.207952 0.554444 0.215932
1 0.936068 0.062734 0.917300 0.079158 0.907330 0.082676 0.890320 0.086782 0.891494 0.091474 0.906156 0.093234 0.914368 0.093820 0.920820 0.112590 0.934896 0.121974 0.925512 0.099100 0.931376 0.088542 0.936656 0.072706 0.939588 0.057456
1 0.674460 0.030912 0.662282 0.045900 0.659004 0.057610 0.644484 0.056674 0.636980 0.062532 0.636980 0.066680 0.650384 0.059340 0.644320 0.090616 0.644640 0.118062 0.645916 0.124126 0.649426 0.102744 0.652938 0.064766 0.660916 0.059022 0.695382 0.053596 0.674000 0.051682 0.674320 0.039234
1 0.755650 0.287486 0.761936 0.304252 0.764452 0.312214 0.763614 0.327304 0.767804 0.331494 0.773254 0.315148 0.782892 0.316826 0.803430 0.315988 0.813908 0.312214 0.796724 0.303832 0.782054 0.303414 0.777026 0.296288 0.771576 0.290002 0.766548 0.287068
1 0.824964 0.259538 0.808184 0.282844 0.803056 0.290768 0.812378 0.291234 0.817972 0.292166 0.814244 0.283310 0.828694 0.265130 0.832888 0.266064 0.831956 0.273056 0.837084 0.262800 0.843144 0.268394 0.856662 0.270258 0.872044 0.272122 0.856662 0.256740 0.844542 0.255342 0.833822 0.256274
1 0.893954 0.242756 0.900280 0.251778 0.903138 0.259718 0.911712 0.259082 0.926004 0.256860 0.925368 0.251460 0.916476 0.251460 0.907266 0.251778 0.902820 0.248286 0.899010 0.244474
1 0.859630 0.287348 0.861216 0.301956 0.867568 0.306720 0.876778 0.305768 0.874872 0.301956 0.868838 0.301004 0.865664 0.296876 0.865346 0.287348
1 0.926034 0.288110 0.927006 0.320176 0.927978 0.327950 0.933322 0.330866 0.940610 0.321634 0.962958 0.328436 0.960044 0.318718 0.944496 0.313374 0.942068 0.303172 0.933808 0.291512 0.931378 0.284224 0.928464 0.281794
1 0.726060 0.404768 0.726356 0.410964 0.722226 0.426012 0.729896 0.418340 0.731666 0.422766 0.735502 0.417750 0.736978 0.413914 0.746714 0.408604 0.739632 0.408900 0.732256 0.409490 0.730192 0.404178
1 0.816176 0.360294 0.813878 0.375000 0.810662 0.384650 0.818934 0.381434 0.825368 0.371784 0.820772 0.372242
1 0.744290 0.507306 0.744652 0.518538 0.754436 0.512378 0.764944 0.502594 0.764220 0.499696 0.756972 0.500420 0.752624 0.504044 0.748638 0.510566
1 0.971770 0.587934 0.960986 0.595524 0.958190 0.590332 0.953796 0.592328 0.956992 0.596322 0.956992 0.601514 0.954594 0.607906 0.958588 0.606706 0.962184 0.615094 0.963782 0.621884 0.968174 0.613896 0.961384 0.605110 0.964180 0.597520 0.966976 0.593126
1 0.817254 0.716146 0.828106 0.717132 0.825146 0.729956 0.828598 0.742780 0.822186 0.762508 0.809856 0.762014 0.801964 0.762014 0.802952 0.767440 0.808376 0.769412 0.829584 0.768920 0.841422 0.766946 0.849806 0.752644 0.852272 0.751658 0.855232 0.751164 0.861644 0.764480 0.866082 0.761028 0.863124 0.751658 0.859670 0.741300 0.882852 0.720584 0.877920 0.717626 0.854738 0.729462 0.852766 0.725024 0.866082 0.713680 0.868548 0.709240 0.858684 0.711214 0.848328 0.718118 0.840928 0.713680 0.834024 0.710720 0.831064 0.703816 0.825146 0.701842 0.820708 0.703322 0.816268 0.707762 0.813802 0.709240
0 0.957206 0.718004 0.962912 0.728538 0.964230 0.742582 0.964668 0.753116 0.964668 0.759700 0.969496 0.758822 0.976518 0.746532 0.998902 0.736876 0.997586 0.722832 0.989246 0.728098 0.981786 0.741704 0.977836 0.735998 0.970812 0.739072 0.969496 0.734244 0.967302 0.727220
1 0.605666 0.754500 0.608138 0.766366 0.613084 0.770816 0.621984 0.770816 0.631378 0.768840 0.627422 0.764388 0.617534 0.764884 0.616050 0.759444 0.613578 0.754006
1 0.709998 0.787628 0.707526 0.803452 0.705054 0.812352 0.698626 0.817296 0.695164 0.829164 0.693680 0.837074 0.703570 0.827186 0.710492 0.817296 0.715438 0.807902 0.714448 0.795540
1 0.791436 0.813046 0.801222 0.821202 0.807338 0.830988 0.811824 0.832618 0.823648 0.825278 0.841182 0.816308 0.837104 0.813862 0.816308 0.823240 0.810600 0.820794 0.802444 0.816716
1 0.729458 0.857084 0.735574 0.864016 0.733536 0.871354 0.733942 0.874616 0.740060 0.867684 0.743728 0.869316 0.739652 0.880732 0.743728 0.876656 0.748214 0.871762 0.750660 0.853414 0.739652 0.860346 0.733536 0.856268
1 0.762486 0.898266 0.769010 0.906830 0.794290 0.905198 0.789396 0.917022 0.777572 0.917430 0.770640 0.917838 0.765340 0.921100 0.760038 0.917430 0.761670 0.907236 0.760446 0.901936
1 0.716410 0.910906 0.709070 0.930478 0.708662 0.937002 0.718856 0.935372 0.723750 0.934964 0.718040 0.930886 0.718856 0.921916
1 0.927390 0.846432 0.921824 0.853516 0.918282 0.858070 0.915246 0.872238 0.933462 0.862118 0.951172 0.860600 0.967870 0.856046 0.954208 0.851998 0.937004 0.854528 0.933968 0.848456
1 0.876286 0.898548 0.880840 0.911704 0.882358 0.926378 0.879828 0.940546 0.879322 0.951172 0.889946 0.956738 0.890958 0.953702 0.908162 0.940546 0.917270 0.939028 0.928402 0.943076 0.944088 0.943582 0.925872 0.930426 0.925366 0.925872 0.907656 0.922330 0.893488 0.919800 0.889440 0.909174 0.881852 0.902090
1 0.867178 0.970400 0.859082 0.994182 0.873250 0.999748 0.870214 0.988616 0.870720 0.975966
0 0.642012 0.952184 0.623290 0.950666 0.614688 0.952690 0.612158 0.957244 0.620254 0.957750 0.614182 0.966352 0.609122 0.972930 0.606086 0.980014 0.628350 0.964328 0.636952 0.959268 0.640494 0.961292 0.635940 0.966858 0.635434 0.970400 0.644036 0.971412 0.648084 0.966352 0.650614 0.958256