0 0.124200 0.098426 0.141556 0.093074 0.162004 0.096598 0.165530 0.108586 0.165530 0.124802 0.171876 0.120572 0.171876 0.105764 0.179632 0.100830 0.195144 0.102944 0.197258 0.115636 0.195848 0.126212 0.203604 0.115636 0.217002 0.116342 0.228282 0.126212 0.230398 0.133968 0.231808 0.145956 0.233924 0.154416 0.238860 0.145956 0.245910 0.140314 0.245910 0.127622 0.239564 0.124098 0.240270 0.117046 0.244500 0.109290 0.243796 0.100124 0.233218 0.089548 0.236744 0.104354 0.235334 0.112110 0.229694 0.104354 0.224052 0.101534 0.224052 0.108586 0.215592 0.098008 0.210656 0.090958 0.202900 0.087432 0.186682 0.092368 0.180336 0.081792 0.173990 0.078266 0.164824 0.077560 0.156362 0.077560 0.142966 0.084612 0.128158 0.089548
0 0.139440 0.189672 0.164824 0.199544 0.177516 0.205888 0.185272 0.219990 0.194438 0.235504 0.202900 0.250310 0.205014 0.260886 0.209950 0.272874 0.198668 0.267938 0.189502 0.258066 0.185272 0.246784 0.181746 0.244670 0.173286 0.247490 0.171876 0.252426 0.167644 0.256656 0.163414 0.249606 0.160594 0.238324 0.164118 0.229158 0.173286 0.229862 0.173990 0.223516 0.164824 0.217170 0.152838 0.210120 0.142966 0.203068
0 0.257898 0.370178 0.241680 0.377934 0.223348 0.382164 0.209950 0.389214 0.194438 0.389214 0.184566 0.388510 0.173286 0.389214 0.173990 0.399792 0.169054 0.406842 0.171170 0.416008 0.176106 0.424470 0.176106 0.428700 0.166940 0.425880 0.159888 0.413894 0.156362 0.400496 0.155658 0.392740 0.152838 0.384984 0.150016 0.373702 0.153542 0.362422 0.159184 0.365946 0.159184 0.351140 0.166940 0.353960 0.172580 0.363126 0.188092 0.363126 0.208540 0.355370 0.220526 0.356076 0.232514 0.356780 0.234628 0.361716 0.224052 0.367356 0.210656 0.369472 0.200078 0.372998 0.214886 0.374408 0.223348 0.372998 0.235334 0.368766 0.243796 0.363832 0.246616 0.356076 0.254372 0.358896
0 0.155658 0.428700 0.164118 0.445622 0.167644 0.459724 0.166940 0.468892 0.169054 0.477352 0.156362 0.478762 0.144376 0.478762 0.136620 0.480878 0.152132 0.487928 0.163414 0.494980 0.167644 0.502736 0.165530 0.516132 0.169054 0.534466 0.169054 0.544336 0.168350 0.555618 0.172580 0.552092 0.173286 0.535170 0.176106 0.516838 0.176810 0.504852 0.181746 0.494274 0.188092 0.490750 0.194438 0.490044 0.206424 0.487224 0.204310 0.476648 0.203604 0.470302 0.214180 0.471006 0.219116 0.464660 0.211360 0.456200 0.199374 0.452674 0.192322 0.446328 0.183862 0.444918 0.177516 0.435752 0.172580 0.432226
0 0.181746 0.702984 0.178220 0.708624 0.168350 0.710740 0.157068 0.707920 0.149312 0.701574 0.150722 0.712856 0.159888 0.717086 0.176106 0.722022 0.176810 0.727662 0.166940 0.731894 0.159184 0.733304 0.157774 0.719202 0.151428 0.723432 0.148606 0.731188 0.146492 0.724136 0.140850 0.733304 0.131684 0.734008 0.121812 0.736124 0.109122 0.741764 0.130980 0.742470 0.138736 0.748816 0.147902 0.758686 0.150722 0.768558 0.154248 0.774904 0.162708 0.765738 0.163414 0.752340 0.166234 0.746700 0.177516 0.744584 0.185272 0.744584 0.185272 0.754456 0.188798 0.762212 0.192322 0.770674 0.197964 0.774200 0.209246 0.775610 0.210656 0.772084 0.205014 0.762212 0.198668 0.755866 0.193734 0.748110 0.193028 0.739650 0.197258 0.733304 0.205720 0.731894 0.213476 0.729778 0.202900 0.726958 0.190208 0.719906 0.194438 0.716380 0.202900 0.716380 0.209950 0.711446 0.209950 0.705804 0.191618 0.706510
0 0.158048 0.795078 0.155454 0.807176 0.152862 0.819276 0.150270 0.827918 0.140764 0.833968 0.133850 0.843474 0.152862 0.837424 0.164098 0.831374 0.176196 0.838288 0.184838 0.840016 0.190888 0.852980 0.202986 0.858166 0.198666 0.842610 0.197802 0.838288 0.209900 0.836560 0.214222 0.828782 0.198666 0.828782 0.183974 0.829646 0.174468 0.826190 0.170146 0.814954 0.166690 0.803720
0 0.143356 0.873720 0.157184 0.880634 0.158912 0.891870 0.164962 0.899648 0.183110 0.910882 0.198666 0.920388 0.205580 0.929030 0.203850 0.941130 0.209900 0.949772 0.209900 0.955822 0.201258 0.948908 0.198666 0.959278 0.196938 0.969648 0.193480 0.976562 0.177060 0.984340 0.183110 0.975698 0.190024 0.961870 0.186566 0.947180 0.184838 0.941130 0.181382 0.953228 0.179652 0.961870 0.177060 0.951500 0.173604 0.941994 0.171874 0.932488 0.159776 0.925574 0.152862 0.916068 0.144220 0.909154 0.136442 0.898784 0.136442 0.888412 0.140764 0.886684
0 0.524508 0.290680 0.498256 0.290680 0.486706 0.275978 0.467804 0.261278 0.462554 0.245526 0.443654 0.245526 0.427902 0.246576 0.435252 0.239226 0.405850 0.238176 0.420552 0.230826 0.435252 0.222426 0.441554 0.209824 0.442604 0.185672 0.446804 0.195124 0.454154 0.180422 0.456254 0.195124 0.472006 0.196174 0.476206 0.205624 0.479356 0.217174 0.479356 0.237126 0.484606 0.253928 0.494056 0.264428 0.508758 0.272828
0 0.486706 0.347384 0.490906 0.354734 0.486706 0.365234 0.481456 0.377836 0.478306 0.391486 0.478306 0.403036 0.478306 0.414588 0.463604 0.424038 0.454154 0.427188 0.441554 0.425088 0.430002 0.419838 0.448904 0.418788 0.457304 0.416688 0.462554 0.403036 0.464654 0.389386 0.464654 0.380986 0.448904 0.379936 0.439454 0.385186 0.440504 0.395686 0.434202 0.388336 0.421602 0.380986 0.409002 0.378886 0.403750 0.385186 0.399550 0.395686 0.389050 0.401986 0.371198 0.399886 0.368048 0.393586 0.388000 0.389386 0.393250 0.374684 0.401650 0.365234 0.420552 0.358934 0.437352 0.356834 0.452054 0.359984 0.461504 0.368384 0.469906 0.364184 0.476206 0.353684
0 0.376450 0.437690 0.385900 0.456590 0.405850 0.471292 0.416352 0.482842 0.425802 0.493342 0.434202 0.496492 0.430002 0.508044 0.427902 0.513294 0.444704 0.505944 0.457304 0.508044 0.464654 0.515394 0.472006 0.531144 0.483556 0.540596 0.510858 0.553196 0.526608 0.550046 0.533960 0.545846 0.514008 0.539546 0.502458 0.526944 0.480406 0.524844 0.474106 0.511194 0.487756 0.508044 0.500358 0.503844 0.488806 0.500694 0.472006 0.492292 0.465704 0.475492 0.461504 0.461840 0.465704 0.452390 0.466754 0.438740 0.456254 0.450290 0.452054 0.462890 0.449954 0.476542 0.436302 0.471292 0.425802 0.464990 0.411102 0.460790 0.394300 0.443990
0 0.515058 0.791562 0.506658 0.776860 0.491956 0.761110 0.482506 0.745358 0.498256 0.743258 0.528708 0.747458 0.539210 0.740108 0.523458 0.732758 0.507708 0.727508 0.485656 0.718056 0.483556 0.708606 0.481456 0.690756 0.475156 0.681304 0.474106 0.690756 0.468856 0.684454 0.468856 0.660304 0.470956 0.640352 0.477256 0.625652 0.485656 0.612000 0.487756 0.594150 0.475156 0.605700 0.468856 0.615150 0.468856 0.607800 0.461504 0.617250 0.455204 0.635102 0.453104 0.654002 0.457304 0.682354 0.454154 0.707556 0.446804 0.713856 0.445754 0.725408 0.446804 0.736958 0.452054 0.746408 0.464654 0.746408 0.475156 0.764260 0.480406 0.778960 0.488806 0.792612
0 0.406902 0.840914 0.428952 0.840914 0.451004 0.857716 0.468856 0.859816 0.475156 0.873466 0.495106 0.869266 0.509808 0.870316 0.502458 0.877668 0.479356 0.881868 0.466754 0.887118 0.460454 0.891318 0.455204 0.909170 0.448904 0.923870 0.443654 0.936470 0.436302 0.933320 0.436302 0.917570 0.438404 0.901818 0.433152 0.893418 0.424752 0.893418 0.424752 0.900768 0.414252 0.892368 0.403750 0.885018 0.405850 0.874516 0.399550 0.868216 0.399550 0.860866 0.416352 0.857716 0.420552 0.855616
0 0.425802 0.944872 0.438404 0.961672 0.456254 0.975324 0.476206 0.990024 0.480406 0.994224 0.448904 0.996324 0.445754 0.979524 0.432102 0.973224 0.428952 0.958522
0 0.947686 0.001912 0.943486 0.011362 0.935084 0.014512 0.932984 0.028162 0.936134 0.046014 0.937184 0.058614 0.934034 0.071216 0.932984 0.079616 0.916184 0.082766 0.908834 0.093266 0.924584 0.098518 0.937184 0.090116 0.949786 0.090116 0.962386 0.097468 0.980238 0.106918 0.997038 0.106918 0.990738 0.100618 0.963436 0.086966 0.958186 0.075416 0.951886 0.060714 0.944536 0.048114 0.944536 0.032364 0.945586 0.023962 0.953986 0.022912
0 0.935084 0.294880 0.935084 0.313782 0.929834 0.319032 0.909884 0.325332 0.900432 0.338982 0.895182 0.356834 0.886782 0.344234 0.885732 0.359984 0.890982 0.378886 0.904632 0.395686 0.915134 0.400936 0.911984 0.386236 0.906734 0.367334 0.905682 0.354734 0.916184 0.335832 0.928784 0.331632 0.938236 0.334782 0.944536 0.346334 0.940336 0.355784 0.931934 0.365234 0.925634 0.371534 0.939286 0.368384 0.949786 0.363134 0.956086 0.350534 0.964486 0.357884 0.970788 0.366284 0.981288 0.371534 0.983388 0.380986 0.989688 0.389386 0.994938 0.386236 0.998046 0.369140 0.992838 0.354734 0.984438 0.342132 0.985488 0.353684 0.976038 0.351584 0.961336 0.340032 0.948736 0.328482 0.943486 0.308530
0 0.950564 0.244750 0.932808 0.219384 0.916320 0.214312 0.930270 0.205434 0.939148 0.188946 0.944222 0.178800 0.968318 0.178800 0.979734 0.188946 0.994952 0.195288 0.996220 0.211774 0.987342 0.205434 0.977196 0.199092 0.958172 0.196556 0.961978 0.210506 0.968318 0.218116
0 0.960710 0.437526 0.950564 0.446404 0.939148 0.446404 0.929002 0.433720 0.909978 0.434988 0.897296 0.445134 0.888418 0.437526 0.885882 0.454012 0.883346 0.466696 0.879540 0.486988 0.885882 0.480646 0.898564 0.457818 0.906174 0.448940 0.915052 0.446404 0.925198 0.454012 0.929002 0.462890 0.915052 0.465428 0.906174 0.475574 0.923930 0.481914 0.917588 0.498402 0.907442 0.513622 0.903638 0.525036 0.896028 0.536450 0.926466 0.523768 0.945490 0.523768 0.950564 0.518694 0.967050 0.523768 0.970856 0.518694 0.986074 0.519962 0.993684 0.513622 0.978464 0.503476 0.967050 0.488256 0.958172 0.474304 0.959440 0.465428 0.964514 0.452744
0 0.946758 0.570692 0.932808 0.582108 0.921394 0.584644 0.916320 0.599864 0.909978 0.608740 0.902370 0.623960 0.892224 0.634106 0.894760 0.648058 0.894760 0.658204 0.878272 0.654398 0.866858 0.653130 0.855444 0.641716 0.838956 0.648058 0.822468 0.658204 0.833882 0.662008 0.827542 0.672154 0.840224 0.675958 0.856712 0.684836 0.870662 0.677228 0.878272 0.669618 0.888418 0.678496 0.903638 0.663276 0.912516 0.677228 0.925198 0.682300 0.932808 0.698788 0.939148 0.716544 0.954368 0.731762 0.956904 0.716544 0.946758 0.692446 0.948026 0.677228 0.974660 0.686104 0.996220 0.688642 0.988610 0.678496 0.958172 0.674690 0.942954 0.663276 0.937880 0.642984 0.934076 0.632838 0.940418 0.615082 0.950564 0.606204 0.973392 0.606204 0.984806 0.598594 0.959440 0.589716
0 0.906174 0.729226 0.909978 0.748250 0.906174 0.762200 0.907442 0.787566 0.915052 0.802786 0.918856 0.826882 0.923930 0.842102 0.916320 0.859856 0.932808 0.850980 0.939148 0.868734 0.945490 0.857320 0.942954 0.835760 0.946758 0.824346 0.932808 0.816736 0.930270 0.800248 0.940418 0.805322 0.951832 0.786298 0.963246 0.779956 0.974660 0.766006 0.963246 0.760932 0.945490 0.757128 0.937880 0.772346 0.930270 0.758396 0.916320 0.740640
0 0.993684 0.889026 0.977196 0.895368 0.955636 0.899174 0.932808 0.908050 0.916320 0.923270 0.916320 0.941026 0.925198 0.954976 0.930270 0.932148 0.940418 0.918198 0.956904 0.915660 0.972124 0.910588 0.994952 0.904246
1 0.112552 0.046546 0.118940 0.067538 0.114376 0.087616 0.098860 0.094918 0.074218 0.099482 0.057790 0.098568 0.047752 0.091268 0.043188 0.074840 0.036800 0.069364 0.029498 0.057498 0.028584 0.043808 0.018546 0.043808 0.005768 0.043808 0.002118 0.033768 0.028584 0.030118 0.042276 0.026468 0.057790 0.026468 0.063266 0.025554 0.076044 0.027380 0.084258 0.030118 0.091560 0.034682 0.105250 0.036508
1 0.008506 0.138726 0.009418 0.151504 0.004856 0.153330 0.005768 0.166106 0.002118 0.173408
1 0.107076 0.183448 0.110726 0.194400 0.102512 0.200788 0.098860 0.206264 0.091560 0.211740 0.106162 0.209002 0.111638 0.217216 0.117114 0.210828 0.121678 0.198964 0.121678 0.184360 0.116202 0.190750
1 0.158184 0.244596 0.149970 0.250074 0.145408 0.262850 0.136280 0.267414 0.136280 0.255550 0.138106 0.247334 0.128980 0.253724 0.119852 0.255550 0.120766 0.246422 0.131718 0.239120 0.126242 0.226344 0.124416 0.216304 0.133542 0.215392 0.145408 0.229082
1 0.275008 0.006388 0.290522 0.016428 0.294174 0.026468 0.295998 0.034682 0.312426 0.030118 0.321554 0.027380 0.322466 0.019166 0.307864 0.014602 0.299650 0.009126 0.288698 0.002738
1 0.335244 0.046546 0.325204 0.052022 0.322466 0.063888 0.309688 0.067538 0.326118 0.073014 0.335244 0.068450 0.337070 0.059324
1 0.399132 0.046546 0.392742 0.059324 0.390918 0.070276 0.402782 0.071188 0.416472 0.065712 0.422860 0.058412 0.417384 0.047460 0.417384 0.038332 0.407346 0.032856 0.399132 0.035594
1 0.139018 0.064800 0.134456 0.052022 0.134456 0.043808 0.139932 0.033768 0.149058 0.040158 0.155446 0.050198 0.164574 0.051110 0.176438 0.052022 0.183740 0.054760 0.178264 0.064800 0.178264 0.070276 0.171876 0.073014 0.162748 0.071188 0.161836 0.062062 0.156360 0.059324 0.147232 0.055674
1 0.421948 0.296620 0.436550 0.313048 0.444764 0.320350 0.450240 0.315786 0.453892 0.308484 0.452066 0.302096 0.442940 0.304834 0.434726 0.294794
1 0.334332 0.327650 0.342546 0.336778 0.341632 0.351380 0.339808 0.365070 0.337982 0.374196 0.348934 0.371458 0.352584 0.380586 0.351672 0.386974 0.350760 0.407054 0.356236 0.406140 0.358974 0.391538 0.363536 0.369634 0.364450 0.346816 0.359886 0.330388 0.357148 0.315786 0.347108 0.325826
1 0.118940 0.501058 0.130804 0.522050 0.133542 0.529352 0.126242 0.533916 0.142670 0.536654 0.151796 0.541216 0.163660 0.539392 0.160010 0.528438 0.142670 0.520224 0.133542 0.505622
1 0.109814 0.588676 0.110726 0.606930 0.118028 0.622444 0.128066 0.625182 0.132630 0.613318 0.125328 0.604192 0.124416 0.594152
1 0.136280 0.595064 0.142670 0.584112 0.151796 0.585024 0.159098 0.577724 0.168224 0.569510 0.176438 0.564946 0.181914 0.554906 0.185566 0.562208 0.180090 0.570422 0.193780 0.577724 0.200168 0.585024 0.191954 0.589588 0.178264 0.585938 0.169136 0.582286 0.166398 0.593238 0.165486 0.601452 0.163660 0.611492 0.154534 0.619706 0.151796 0.610580 0.156360 0.595064 0.147232 0.597802 0.142670 0.602366
1 0.216596 0.492844 0.218422 0.502884 0.205644 0.509272 0.195604 0.515662 0.187390 0.522962 0.181002 0.524788 0.182828 0.533916 0.188304 0.539392 0.184652 0.552168 0.177352 0.549430 0.181002 0.541216 0.175526 0.533916 0.181914 0.501058 0.189216 0.496496 0.203818 0.493758
1 0.332506 0.480980 0.336156 0.493758 0.343458 0.503796 0.350760 0.516574 0.351672 0.500146 0.348934 0.488282 0.344370 0.480068
1 0.442940 0.573160 0.435638 0.585024 0.426512 0.586850 0.419210 0.595064 0.432900 0.596890 0.451154 0.601452 0.463932 0.600540 0.459368 0.593238 0.452978 0.588676 0.452978 0.581374
1 0.365362 0.579548 0.365362 0.585938 0.355322 0.589588 0.355322 0.596890 0.369012 0.597802 0.385442 0.595976 0.398218 0.590500 0.390004 0.586850 0.378140 0.584112
1 0.302388 0.608754 0.297824 0.617882 0.291436 0.621532 0.286872 0.629746 0.282308 0.637960 0.273182 0.653476 0.295086 0.646174 0.306038 0.639786 0.312426 0.621532
2 0.439288 0.613318 0.432900 0.627008 0.432900 0.637960 0.426512 0.648000 0.421036 0.659864 0.420122 0.669904 0.431988 0.660776 0.435638 0.667166 0.448416 0.657126 0.450240 0.646174 0.454804 0.627920 0.454804 0.620620
1 0.348934 0.658038 0.363536 0.655300 0.383616 0.655300 0.390004 0.655300 0.388180 0.671728 0.399132 0.676292 0.409170 0.687244 0.406432 0.695458 0.384528 0.682682 0.375402 0.684506 0.369012 0.680856 0.369926 0.675380
1 0.349846 0.704586 0.343458 0.710062 0.337982 0.719188 0.346196 0.725576 0.351672 0.723752 0.355322 0.731052 0.363536 0.726490 0.359886 0.713712
1 0.222984 0.730140 0.221160 0.742918 0.222072 0.754782 0.222984 0.767560 0.213858 0.752958 0.206556 0.753870 0.201080 0.750220 0.202906 0.739266 0.211120 0.739266
1 0.212032 0.812280 0.220246 0.819582 0.231198 0.824146 0.237588 0.836924 0.244890 0.839662 0.254016 0.845138 0.243064 0.851526 0.236674 0.856090 0.222072 0.857914 0.213858 0.858828 0.210208 0.849700 0.221160 0.842400 0.220246 0.833272 0.207470 0.822320
1 0.326118 0.801328 0.325204 0.810456 0.324292 0.825058 0.333418 0.822320 0.335244 0.830534 0.346196 0.833272 0.347108 0.847876 0.355322 0.861566 0.360798 0.845138 0.362624 0.836010 0.363536 0.826884 0.354410 0.811368 0.346196 0.802242 0.338894 0.795852
1 0.358060 0.882556 0.362624 0.891684 0.370838 0.902636 0.379052 0.902636 0.373576 0.892596 0.374488 0.878906 0.375402 0.867042 0.369012 0.873430 0.369012 0.881644
1 0.274094 0.972912 0.270444 0.988428 0.268618 0.997554 0.285960 0.997554 0.286872 0.975650
1 0.431812 0.113454 0.441866 0.124942 0.451918 0.127814 0.454790 0.140022 0.462690 0.151510 0.467716 0.152946 0.465562 0.137868 0.465562 0.124224 0.467716 0.110582 0.464844 0.104118 0.457664 0.114890 0.446892 0.114890
1 0.794836 0.015024 0.794300 0.021462 0.799666 0.028974 0.805030 0.033268 0.808250 0.028438 0.812542 0.026828 0.813616 0.022000 0.815226 0.013950 0.807178 0.012878
1 0.859762 0.121266 0.862444 0.132534 0.864590 0.135752 0.862980 0.142728 0.861908 0.148094 0.867810 0.144874 0.873176 0.139508 0.874248 0.142728 0.875322 0.148630 0.881224 0.145412 0.881224 0.136826 0.876396 0.131460 0.880688 0.123948 0.884444 0.119120 0.888200 0.115900 0.879078 0.115364 0.874248 0.119120 0.873176 0.124484 0.868346 0.121802
1 0.496128 0.434988 0.506592 0.448940 0.516184 0.459402 0.523158 0.463762 0.525774 0.448068 0.531878 0.436732 0.524030 0.435860 0.520542 0.426270 0.526646 0.418422 0.510080 0.427142
1 0.524902 0.473354 0.531006 0.487304 0.545828 0.486432 0.555420 0.491664 0.566756 0.495152 0.571114 0.489920 0.563268 0.480330 0.571986 0.473354 0.569370 0.462890 0.558036 0.466378 0.550188 0.471610 0.536238 0.472482
1 0.544956 0.675642 0.554548 0.681746 0.563268 0.685232 0.566756 0.680874 0.572858 0.679130 0.577218 0.673898 0.576346 0.666922 0.571114 0.671282 0.562396 0.673898 0.551932 0.669538
1 0.460380 0.780274 0.463868 0.791608 0.474330 0.799456 0.472586 0.804688 0.469098 0.816894 0.483922 0.809048 0.496128 0.806432 0.484794 0.799456 0.483050 0.788992 0.474330 0.781146
1 0.777762 0.847412 0.787354 0.868338 0.801304 0.874442 0.814384 0.883162 0.825718 0.886648 0.827462 0.879674 0.821358 0.870954 0.827462 0.862234 0.816128 0.857876 0.804792 0.856132 0.785610 0.851772
1 0.858852 0.946812 0.856236 0.965122 0.854492 0.979946 0.858852 0.989536 0.862340 0.995640 0.857980 0.999128 0.876290 0.989536 0.880650 0.979946 0.874546 0.976458 0.870186 0.972970 0.870186 0.960764
1 0.997740 0.709776 0.993034 0.719974 0.989898 0.730170 0.986760 0.736446 0.979700 0.741152 0.976562 0.751350 0.976562 0.763900 0.976562 0.777234 0.974994 0.787430 0.972640 0.796060 0.970288 0.803904 0.967150 0.811746 0.963228 0.817238 0.974994 0.812532 0.981268 0.803904 0.982838 0.785862 0.982054 0.770958 0.979700 0.757624 0.984406 0.745074 0.990682 0.745858 0.995388 0.737230 0.996172 0.724680 0.998046 0.720704
2 0.966366 0.836848 0.976562 0.834494 0.983622 0.839984 0.992250 0.838416 0.991466 0.849398 0.991466 0.861164 0.992250 0.873714 0.986760 0.882342 0.982838 0.889402 0.975778 0.883910 0.973424 0.877636 0.973424 0.869792 0.969504 0.872144 0.964012 0.868222 0.957738 0.868222 0.955384 0.865086 0.966366 0.860380 0.970288 0.857242
2 0.964796 0.956858 0.964796 0.970194 0.968718 0.977252 0.963228 0.981960 0.955384 0.988234 0.964012 0.992156 0.974210 0.987450 0.983622 0.985096 0.990682 0.976468 0.992250 0.966272 0.982838 0.967840 0.976562 0.960780
1 0.357272 0.426696 0.348430 0.426444 0.349188 0.421138 0.354240 0.418106 0.358788 0.417852 0.361316 0.415074 0.364348 0.420126 0.366368 0.424928 0.371674 0.427202 0.375970 0.430992 0.376980 0.436298 0.372938 0.438824 0.367126 0.437056 0.361316 0.440088 0.356010 0.438066 0.357526 0.434276 0.361316 0.429980