0 0.064306 0.003722 0.039942 0.011312 0.036746 0.022494 0.033550 0.021296
0 0.023166 0.025690 0.041938 0.028886 0.053522 0.033280 0.058314 0.042864 0.049128 0.061238 0.045932 0.065232 0.045532 0.080810 0.038742 0.073620 0.030356 0.053650 0.025962 0.047658 0.020770 0.044462
0 0.058714 0.119552 0.043936 0.125144 0.035148 0.133132 0.035548 0.150706 0.038344 0.157496 0.044734 0.162688 0.045532 0.147510 0.051524 0.134730 0.052722 0.143118 0.060312 0.144714 0.059112 0.138724 0.065104 0.131534 0.059912 0.125544
0 0.037944 0.159094 0.032352 0.168280 0.029158 0.181860 0.033550 0.188250 0.050326 0.187452 0.052322 0.189848 0.038742 0.192246 0.026362 0.195040 0.044734 0.201432 0.057914 0.199036 0.061908 0.190248 0.055118 0.176268 0.043936 0.171476
0 0.022766 0.244568 0.035948 0.254554 0.049926 0.257748 0.061110 0.262542 0.067102 0.268932 0.055918 0.277320 0.052322 0.298090 0.048728 0.308874 0.044734 0.300886 0.046332 0.280116 0.046732 0.268932 0.039942 0.265736 0.026362 0.259746 0.018772 0.256550 0.015178 0.249360
0 0.022766 0.345220 0.023566 0.358800 0.045134 0.360398 0.056318 0.359598 0.049128 0.354006 0.051924 0.346418 0.059912 0.344022 0.064306 0.341226 0.058714 0.335234 0.046332 0.335234 0.036346 0.339628 0.027160 0.342824
0 0.028758 0.401536 0.042738 0.403134 0.053920 0.401536 0.060710 0.401138 0.055518 0.412720 0.055518 0.421508 0.059112 0.429496 0.053920 0.436686 0.046732 0.427498 0.045532 0.415916 0.049926 0.408726 0.039542 0.412322 0.026362 0.411522 0.016376 0.411922 0.016376 0.403134
0 0.025962 0.484614 0.037146 0.488210 0.042738 0.481020 0.057914 0.480222 0.057116 0.496598 0.053122 0.511774 0.053122 0.521760 0.037146 0.520962 0.034748 0.511376 0.038344 0.498594 0.044334 0.489808 0.033950 0.491804 0.026760 0.492204
0 0.022368 0.522160 0.036346 0.534940 0.048328 0.535340 0.059112 0.537338 0.071096 0.537736 0.081080 0.539334 0.060312 0.544526 0.059112 0.552514 0.049528 0.554512 0.061110 0.566094 0.063906 0.570888 0.049528 0.562900 0.046332 0.558106 0.032352 0.556908 0.043136 0.552914 0.039942 0.541730 0.027160 0.536138 0.022766 0.530946
0 0.034748 0.615622 0.049128 0.618018 0.057516 0.618018 0.064306 0.617618 0.068300 0.631198 0.068300 0.640784 0.060710 0.641584 0.052722 0.651568 0.042738 0.652768 0.044734 0.649172 0.057116 0.641184 0.062308 0.631198 0.057116 0.630800 0.039542 0.633596 0.037544 0.630000 0.034350 0.622412
0 0.029956 0.742236 0.050326 0.735844 0.058714 0.745032 0.063108 0.751022 0.051124 0.756614 0.051924 0.763404 0.042738 0.766200 0.038742 0.755416 0.031154 0.750624
0 0.066302 0.663552 0.063108 0.668344 0.053920 0.668344 0.049926 0.670342 0.060312 0.675934 0.058314 0.701496 0.058314 0.708684 0.052322 0.721066 0.053522 0.737044 0.058314 0.739838 0.061510 0.727458 0.066702 0.706688 0.068698 0.691910 0.071096 0.677930 0.072294 0.674336 0.077086 0.669542 0.069498 0.667944
0 0.034748 0.809336 0.042738 0.816526 0.062708 0.821718 0.071494 0.824914 0.075888 0.830506 0.061908 0.834500 0.050326 0.839692 0.042338 0.840890 0.047530 0.834100 0.044334 0.834500 0.035548 0.845684 0.031952 0.852074 0.029158 0.844884 0.031154 0.832104 0.040340 0.824114 0.033152 0.815728
0 0.049926 0.887622 0.067500 0.892414 0.084276 0.887622 0.098654 0.885224 0.097856 0.888820 0.079882 0.896408 0.094660 0.910388 0.091864 0.920374 0.073492 0.902400 0.059112 0.904796 0.061908 0.912784 0.055918 0.919174 0.053122 0.911186 0.045932 0.911586 0.043936 0.917578 0.034350 0.920772 0.029956 0.917976 0.040740 0.905994 0.050726 0.897606 0.045932 0.894412
0 0.041938 0.937148 0.058714 0.954324 0.068300 0.955522 0.075090 0.943540 0.077086 0.957518 0.081880 0.963910 0.064704 0.977490 0.051124 0.975492 0.039542 0.980684 0.030754 0.989472 0.024364 0.987874 0.028358 0.979886 0.042338 0.970300 0.054320 0.966706 0.052722 0.957518 0.042738 0.944738
0 0.291172 0.008116 0.328316 0.011312 0.325122 0.013708 0.346290 0.035276 0.338702 0.038472 0.312740 0.014506 0.293168 0.012110
0 0.311542 0.061638 0.324322 0.071224 0.339500 0.082406 0.328716 0.079610 0.320728 0.076814 0.323124 0.080410 0.323124 0.086002 0.306350 0.081208 0.301156 0.070024
0 0.322326 0.162290 0.304352 0.172274 0.298760 0.185854 0.311542 0.185456 0.319130 0.185456 0.327518 0.193444 0.330714 0.185456 0.337104 0.173074 0.337902 0.154700 0.333510 0.145914 0.327518 0.148710 0.327518 0.162688 0.326320 0.168680
0 0.313140 0.217008 0.325122 0.215012 0.331112 0.221002 0.341498 0.232186 0.345492 0.245766 0.340300 0.244968 0.328716 0.228192 0.321526 0.230988 0.312340 0.232586 0.317134 0.222600 0.307946 0.226994
0 0.312340 0.288104 0.326320 0.287704 0.346290 0.307276 0.337504 0.311670 0.325520 0.310072 0.321526 0.304880 0.309544 0.305278 0.301956 0.298488 0.312340 0.298488 0.316734 0.299686 0.324322 0.297690 0.321128 0.294494 0.311142 0.292896
0 0.298760 0.342024 0.316334 0.343622 0.328716 0.343222 0.328716 0.338030 0.334308 0.339628 0.335506 0.343622 0.343094 0.340826 0.338702 0.353608 0.330314 0.365590 0.322326 0.359598 0.313538 0.356802 0.304752 0.352010
0 0.326320 0.434688 0.339100 0.435088 0.339100 0.441478 0.341098 0.447868 0.342696 0.454260 0.339100 0.457056 0.329116 0.454658 0.324722 0.458254 0.317134 0.454260 0.322326 0.449466 0.327118 0.447070 0.324322 0.438282
0 0.311542 0.504984 0.321128 0.494600 0.323524 0.490206 0.328716 0.491404 0.331912 0.489808 0.338702 0.496598 0.330714 0.510178 0.324322 0.513372 0.317932 0.513772 0.320728 0.506982 0.312740 0.510178
0 0.317134 0.578876 0.335106 0.582470 0.345092 0.589260 0.348288 0.596050 0.338702 0.595652 0.333110 0.590458 0.328716 0.590060 0.328716 0.596450 0.340698 0.600444 0.343894 0.613226 0.332310 0.607634 0.317932 0.598048 0.313938 0.590458
0 0.319530 0.627604 0.327918 0.624808 0.336304 0.633994 0.343494 0.633596 0.342296 0.652768 0.343894 0.669942 0.341098 0.681924 0.334708 0.677132 0.329116 0.667944 0.334308 0.658358 0.331112 0.651968 0.328716 0.648774 0.323524 0.655164 0.320728 0.644380 0.319130 0.631998
0 0.323124 0.724262 0.327518 0.719868 0.323124 0.714676 0.326320 0.709084 0.334708 0.714676 0.339100 0.708684 0.340698 0.725460 0.340698 0.734646 0.339500 0.739440 0.332310 0.728256 0.323124 0.733048 0.316734 0.729054
0 0.315536 0.770994 0.329514 0.772192 0.337504 0.776186 0.345492 0.790964 0.347090 0.798552 0.335906 0.801348 0.329914 0.800950 0.315934 0.801348 0.310344 0.802546 0.310344 0.791762 0.318332 0.786570 0.316734 0.779380 0.311940 0.775386
0 0.339900 0.949930 0.339100 0.968702 0.339900 0.977490 0.338702 0.984678 0.337902 0.995064 0.332710 0.997460 0.335938 0.998046 0.357422 0.998046 0.349486 0.993066 0.347488 0.985478 0.347090 0.971498 0.345492 0.961114 0.346290 0.952326
0 0.461320 0.000128 0.469310 0.000128 0.483288 0.009714 0.498866 0.023694 0.506056 0.033678 0.512446 0.035276 0.504058 0.043264 0.504058 0.056444 0.504458 0.068826 0.504458 0.074020 0.499664 0.064034 0.492874 0.042066 0.487282 0.027688 0.475700 0.016904 0.466514 0.009314
0 0.704164 0.005720 0.712152 0.000926 0.722936 0.007716 0.718142 0.019700 0.713350 0.033280 0.702966 0.034478 0.704164 0.023694 0.708558 0.012110
0 0.484088 0.156298 0.501262 0.158694 0.509250 0.165884 0.498066 0.169478 0.498066 0.173074 0.499266 0.181460 0.491276 0.169878 0.486884 0.169878 0.487282 0.175870 0.482090 0.171476
0 0.483688 0.194642 0.496470 0.192644 0.498466 0.186654 0.506056 0.179464 0.510050 0.179864 0.505656 0.197038 0.507652 0.203428 0.502060 0.206624 0.504856 0.215810 0.507652 0.224996 0.506854 0.232186 0.494472 0.224198 0.495670 0.208222 0.491276 0.201032
0 0.712152 0.152704 0.720540 0.155898 0.727330 0.162290 0.729326 0.172274 0.720140 0.181460 0.707758 0.171876 0.705362 0.159494 0.706160 0.152704
0 0.710154 0.236980 0.723734 0.240174 0.729726 0.246166 0.716146 0.252556 0.706160 0.252956 0.705762 0.238976
0 0.507254 0.288104 0.497268 0.295692 0.493274 0.309672 0.487682 0.325250 0.482490 0.335634 0.483688 0.343622 0.496070 0.345620 0.510848 0.346818 0.500464 0.338030 0.497668 0.327246 0.500862 0.320056 0.509250 0.328444 0.509250 0.320456 0.510050 0.308474 0.515242 0.294894 0.514842 0.285708
0 0.726530 0.386758 0.716146 0.402736 0.709356 0.419510 0.714148 0.423904 0.728128 0.412322 0.732122 0.399540 0.738912 0.398742 0.743706 0.406330 0.742108 0.399940 0.736516 0.385960
0 0.480094 0.382764 0.502460 0.388356 0.510848 0.399540 0.497668 0.399140 0.485286 0.405532 0.470108 0.407528 0.460122 0.404332 0.465714 0.401536 0.489680 0.397942 0.495670 0.393150 0.480094 0.389156 0.477696 0.386360
0 0.716944 0.448668 0.728528 0.447070 0.738912 0.449866 0.741708 0.456256 0.731324 0.458254 0.738512 0.469436 0.735718 0.483816 0.728528 0.468238 0.724932 0.466242 0.715348 0.471034 0.710554 0.468638 0.720140 0.457454 0.714148 0.453062
0 0.475700 0.439082 0.482890 0.459852 0.489280 0.464644 0.501262 0.471034 0.512046 0.473432 0.514044 0.484216 0.514442 0.491006 0.509250 0.495000 0.510848 0.507382 0.503260 0.501790 0.504458 0.486612 0.497268 0.478624 0.486884 0.475028 0.477696 0.463046 0.473702 0.454260
0 0.726132 0.493802 0.732922 0.505784 0.742108 0.506982 0.734518 0.514172 0.716546 0.514970 0.712950 0.507382 0.722936 0.507382 0.720540 0.495798 0.718142 0.491404
0 0.465316 0.614024 0.472106 0.604038 0.486884 0.596850 0.496868 0.593254 0.509650 0.591658 0.509250 0.601242 0.507652 0.604438 0.508452 0.608832 0.505656 0.611628 0.503658 0.610030 0.502860 0.621214 0.498066 0.610828 0.498866 0.602442 0.483288 0.611228 0.473702 0.611228 0.469708 0.616022 0.466514 0.623210
0 0.713750 0.570888 0.732922 0.591658 0.732922 0.608032 0.726930 0.616022 0.723734 0.609630 0.726530 0.598048 0.718142 0.590858 0.712152 0.582870
0 0.508452 0.623210 0.519636 0.636392 0.523230 0.642782 0.521632 0.661554 0.522032 0.679128 0.522430 0.687916 0.517238 0.672338 0.514044 0.654764 0.510050 0.643580 0.504856 0.651968 0.500064 0.662354 0.491676 0.669542 0.486884 0.665548 0.492874 0.655962 0.493674 0.651968 0.485286 0.650770 0.487282 0.647974 0.497668 0.642782 0.502860 0.637590 0.503260 0.624808
0 0.737714 0.638388 0.725732 0.661154 0.722138 0.671540 0.725732 0.684720 0.728928 0.678728 0.736516 0.664750 0.741308 0.657160 0.748098 0.652768 0.743306 0.649972 0.743306 0.643182
0 0.516040 0.697502 0.508052 0.712280 0.508850 0.729854 0.507652 0.743834 0.500064 0.755816 0.502060 0.764602 0.509250 0.773390 0.516840 0.773788 0.519636 0.752220 0.518436 0.730652 0.520034 0.707088
0 0.721738 0.724662 0.733720 0.725460 0.740110 0.736244 0.741708 0.759410 0.741708 0.770194 0.733320 0.765402 0.728528 0.751022 0.724932 0.742236 0.728528 0.733848 0.728928 0.730254
0 0.710954 0.780978 0.714148 0.770994 0.730924 0.769396 0.739712 0.776186 0.750096 0.784574 0.758882 0.788568 0.743706 0.786170 0.731722 0.778182 0.725732 0.786570 0.722536 0.784972 0.724134 0.780180 0.717344 0.782576
0 0.722536 0.868850 0.721738 0.880832 0.715746 0.883228 0.720540 0.887622 0.725732 0.897606 0.728128 0.909988 0.732522 0.891616 0.740910 0.884426 0.740910 0.873642 0.735718 0.863656 0.731722 0.862858
0 0.719740 0.925166 0.722536 0.932356 0.721338 0.937148 0.714948 0.943540 0.716146 0.949130 0.722536 0.947134 0.726530 0.955522 0.738114 0.947932 0.741308 0.942740 0.737314 0.930358 0.735318 0.925964 0.733320 0.921572 0.730126 0.925166 0.726530 0.929160
0 0.499266 0.969900 0.505256 0.950330 0.518436 0.952726 0.529220 0.964308 0.530020 0.974694 0.523230 0.983880 0.518836 0.973096 0.511248 0.966306 0.506454 0.967504
0 0.495270 0.848480 0.504058 0.861660 0.493274 0.869648 0.490478 0.874440 0.498866 0.871644 0.490478 0.883628 0.473304 0.892814 0.464916 0.898006 0.474102 0.899204 0.493674 0.889618 0.504856 0.880432 0.509250 0.874042 0.517238 0.876838 0.519636 0.873642 0.518038 0.866852 0.520834 0.862060 0.508850 0.857666 0.504058 0.847680 0.497668 0.842088
0 0.870324 0.008574 0.873572 0.031770 0.880066 0.039192 0.885170 0.036408 0.891200 0.034554 0.894448 0.037800 0.885170 0.040120 0.881922 0.054502 0.884706 0.067956 0.876354 0.056822 0.875426 0.045688 0.864756 0.039656 0.861972 0.037336 0.862436 0.028986 0.864756 0.023418 0.865220 0.014604 0.865220 0.009966
0 0.870788 0.099502 0.874498 0.108782 0.882850 0.112956 0.890272 0.117596 0.896768 0.126410 0.881922 0.123626 0.886562 0.129194 0.896304 0.133370 0.905118 0.135224 0.891200 0.140328 0.892128 0.143576 0.896304 0.158886 0.898624 0.173266 0.891664 0.160276 0.883314 0.139400 0.874498 0.125018 0.860118 0.113884 0.855942 0.107390 0.854550 0.099966 0.864756 0.097184
0 0.847592 0.189040 0.857798 0.192288 0.869396 0.189040 0.882850 0.189040 0.889808 0.193216 0.904190 0.184400 0.911612 0.183474 0.902798 0.191824 0.907902 0.199710 0.900478 0.202958 0.892592 0.198318 0.894448 0.211772 0.895376 0.222442 0.893520 0.230794 0.890736 0.237288 0.884242 0.221978 0.884706 0.211772 0.884242 0.205278 0.877746 0.200174 0.864292 0.199710 0.854086 0.199246 0.846664 0.196000 0.843880 0.194144
0 0.885634 0.235432 0.878674 0.249814 0.869860 0.249350 0.858262 0.253062 0.862900 0.266516 0.871252 0.267444 0.884242 0.266516 0.892128 0.257702 0.892128 0.238680 0.895376 0.233578
0 0.876354 0.312444 0.868468 0.325898 0.871252 0.336104 0.862900 0.341672 0.859190 0.353734 0.858726 0.368580 0.862436 0.361156 0.870788 0.345846 0.876818 0.342600 0.881922 0.342600 0.884706 0.337032 0.878210 0.327754 0.878210 0.317548 0.881458 0.311980
0 0.877282 0.382498 0.866148 0.399198 0.865684 0.405230 0.852694 0.411724 0.848520 0.421930 0.869396 0.415900 0.889344 0.403374 0.892128 0.390384 0.900014 0.382960 0.911612 0.381106 0.916716 0.379250 0.911612 0.373682 0.902334 0.376002 0.893520 0.380642 0.891664 0.385280 0.889808 0.374610 0.884706 0.376002 0.884242 0.388992
0 0.890272 0.452550 0.893984 0.475746 0.892592 0.483632 0.898160 0.493840 0.898160 0.500798 0.888880 0.496158 0.886098 0.492448 0.876818 0.501262 0.872180 0.505902 0.870324 0.499870 0.883314 0.486880 0.881922 0.484096 0.863828 0.482704 0.857798 0.478994 0.862436 0.473426 0.880066 0.473890 0.885634 0.468788 0.884706 0.455334
0 0.875426 0.511932 0.889344 0.510076 0.891664 0.503582 0.907438 0.505902 0.916716 0.506366 0.919036 0.511932 0.901870 0.517500 0.893984 0.515180 0.889808 0.525850 0.879602 0.530026 0.876354 0.529098 0.880994 0.520746
0 0.890272 0.590336 0.899550 0.588944 0.905582 0.604718 0.908830 0.617244 0.897232 0.601006 0.898160 0.621418 0.900478 0.629306 0.891200 0.627450 0.884706 0.622346 0.877282 0.621418 0.882386 0.607964 0.883778 0.599614
0 0.905118 0.664564 0.891664 0.680336 0.893056 0.684048 0.885170 0.697038 0.882850 0.705388 0.888880 0.712348 0.892128 0.717452 0.899086 0.717452 0.898624 0.701214 0.902798 0.692862 0.906974 0.689616 0.913004 0.687760 0.909758 0.691936 0.907438 0.692400 0.908366 0.697966 0.915788 0.696110 0.919964 0.685440 0.914396 0.677554 0.904654 0.679410 0.911150 0.672450 0.917644 0.666420 0.909294 0.662244
0 0.890736 0.739720 0.897232 0.736472 0.904190 0.747142 0.907438 0.762916 0.909758 0.777298 0.909294 0.784256 0.904190 0.771266 0.894448 0.755492 0.890736 0.750854
0 0.868468 0.802350 0.884242 0.820906 0.888416 0.825082 0.893520 0.819050 0.895840 0.830648 0.896304 0.837144 0.891200 0.834360 0.900014 0.851062 0.906510 0.864516 0.906510 0.871010 0.896304 0.858948 0.887952 0.845958 0.883314 0.835288 0.881458 0.827866 0.874036 0.819514 0.865220 0.812556
0 0.891664 0.945238 0.903262 0.944310 0.913004 0.942454 0.913932 0.947094 0.904190 0.954052 0.894448 0.955444 0.893984 0.969362 0.896304 0.980496 0.897232 0.993022 0.889344 0.984208 0.882386 0.960548 0.879138 0.952198 0.882386 0.947094 0.889808 0.950806
0 0.892128 0.879360 0.878210 0.881216 0.873108 0.889568 0.875890 0.899310 0.882386 0.891886 0.886562 0.890032 0.891200 0.898846 0.900942 0.897454 0.894448 0.886320
1 0.289916 0.821560 0.309922 0.826308 0.311958 0.834784 0.308906 0.838854 0.297038 0.843940 0.286188 0.839870 0.282458 0.836820
1 0.355360 0.868014 0.370280 0.868354 0.375706 0.878188 0.369602 0.890734 0.355700 0.894124 0.348918 0.887682 0.348578 0.877848 0.350952 0.869032
1 0.295004 0.908704 0.323826 0.906670 0.330608 0.916842 0.314332 0.933798 0.303142 0.932102 0.296360 0.927694 0.292968 0.917182 0.295004 0.904976
1 0.394694 0.949396 0.406902 0.952108 0.408596 0.963976 0.406902 0.980252 0.395034 0.983304 0.380792 0.977540 0.379096 0.969062 0.383166 0.958212
1 0.361802 0.755438 0.374010 0.748658 0.385200 0.756796 0.379436 0.769002 0.367906 0.770358 0.361124 0.761882
1 0.418090 0.002672 0.420804 0.025730 0.420464 0.034206 0.410630 0.023696 0.409614 0.019626 0.414360 0.003690 0.414360 0.000638
1 0.513374 0.069132 0.528972 0.063028 0.536092 0.069472 0.534396 0.083034 0.525920 0.092868 0.513374 0.089478 0.507610 0.078966 0.508966 0.070488
1 0.365194 0.553684 0.353664 0.550292 0.359090 0.557414 0.365872 0.562500 0.370958 0.558092 0.375706 0.551310 0.372314 0.548936 0.368246 0.549954
1 0.512356 0.801894 0.529310 0.806640 0.535074 0.818848 0.524564 0.827664 0.509644 0.823594 0.504218 0.809014 0.504896 0.798502
1 0.451660 0.772054 0.464206 0.774428 0.470988 0.766290 0.472006 0.780192 0.467258 0.782904 0.456068 0.780870
1 0.598822 0.351250 0.609334 0.343112 0.623236 0.339722 0.634426 0.349216 0.641886 0.359728 0.641208 0.373630 0.631714 0.375664 0.608318 0.380072 0.592042 0.377360 0.589668 0.364814 0.595092 0.352946
1 0.450982 0.217652 0.456746 0.220704 0.463868 0.225112 0.469292 0.234266 0.459460 0.234266 0.451660 0.227484
1 0.618150 0.852756 0.632732 0.856146 0.639174 0.860216 0.647650 0.874796 0.631036 0.879882 0.622220 0.876832 0.619846 0.861912
1 0.659840 0.077562 0.651746 0.073338 0.647522 0.080730 0.658432 0.087768 0.663358 0.087064 0.667582 0.077914 0.663710 0.070876
1 0.768436 0.174084 0.773296 0.165246 0.785226 0.165246 0.795390 0.170992 0.798484 0.183364 0.779924 0.193086 0.766668 0.186458 0.764900 0.177620
1 0.697734 0.665900 0.707456 0.673854 0.701710 0.683576 0.694640 0.682250 0.690222 0.678716
1 0.753854 0.962404 0.753854 0.971242 0.741922 0.979196 0.744132 0.985824 0.752086 0.981848 0.755178 0.985824 0.758714 0.984940 0.759598 0.980964 0.767994 0.981406 0.774180 0.976986 0.765342 0.970358 0.759598 0.964172 0.759598 0.957544
1 0.946514 0.313278 0.956678 0.312394 0.967282 0.319022 0.965074 0.331394 0.950934 0.331394 0.944306 0.327860 0.942096 0.314604
1 0.965074 0.838678 0.970818 0.831608 0.979214 0.835142 0.984958 0.843096 0.974354 0.846632 0.967724 0.842654
1 0.949908 0.791820 0.950368 0.801012 0.929688 0.805148 0.932444 0.816176 0.946232 0.812040 0.952666 0.809742 0.957720 0.816636 0.963236 0.819852 0.960478 0.810202 0.955422 0.801012 0.954504 0.797334
1 0.934640 0.188644 0.941544 0.192590 0.949436 0.189138 0.954368 0.190618 0.954368 0.199988 0.936612 0.197522 0.930694 0.194070
1 0.708054 0.088454 0.714700 0.079762 0.724416 0.081294 0.720836 0.091010 0.722882 0.097656 0.729016 0.104814 0.731062 0.116062 0.721348 0.108904 0.716234 0.101236
1 0.791046 0.256696 0.804688 0.259796 0.807788 0.264756 0.799728 0.274058 0.792906 0.267858 0.788566 0.263516
1 0.689136 0.704556 0.706008 0.704556 0.714190 0.702000 0.710610 0.713248 0.704986 0.713760 0.694760 0.711714 0.688624 0.710692
1 0.698134 0.545900 0.713810 0.548018 0.719318 0.551832 0.712962 0.558188 0.703218 0.555644 0.696440 0.562424 0.693474 0.558610 0.693898 0.552680