0 0.062368 0.001094 0.071122 0.008754 0.078234 0.011488 0.084252 0.015318 0.078782 0.021336 0.066198 0.015866 0.056350 0.010942 0.049238 0.007112 0.047050 0.001642 0.032278 0.000000 0.027902 0.000548
0 0.053068 0.019696 0.051426 0.025714 0.051426 0.033920 0.047050 0.031184 0.040484 0.033372 0.034466 0.037202 0.035014 0.044314 0.038844 0.049786 0.045956 0.047598 0.045956 0.054162 0.048692 0.061274 0.052522 0.070028 0.062368 0.076046 0.068934 0.082612 0.068386 0.071122 0.062916 0.055256 0.060728 0.048692 0.068934 0.048144 0.078234 0.044862 0.088630 0.045408 0.090818 0.041580 0.077140 0.040484 0.066746 0.041032 0.061274 0.040484 0.057992 0.036108 0.057444 0.028996 0.056898 0.022978
0 0.080970 0.184918 0.070576 0.187106 0.060180 0.188200 0.044862 0.192030 0.038844 0.196954 0.028448 0.199690 0.027354 0.204614 0.038844 0.202424 0.039390 0.208990 0.039390 0.218290 0.040484 0.226496 0.044314 0.232514 0.045408 0.235798 0.042674 0.243456 0.039390 0.251664 0.039390 0.259322 0.047598 0.247834 0.049786 0.243456 0.058540 0.245646 0.054710 0.236892 0.053068 0.228686 0.050880 0.218290 0.058540 0.215008 0.066198 0.213366 0.070576 0.207896 0.071670 0.200236 0.073310 0.194218 0.079876 0.193124 0.083706 0.190936
0 0.028996 0.281754 0.035562 0.274642 0.045408 0.271906 0.057444 0.270264 0.065652 0.269170 0.070028 0.273000 0.070028 0.281206 0.066198 0.289960 0.062368 0.293242 0.056350 0.294884 0.047050 0.294884 0.043768 0.291054 0.036656 0.288866 0.033372 0.288866 0.044314 0.286130 0.046502 0.282300 0.047050 0.279564 0.041580 0.280112 0.036108 0.281754
0 0.035014 0.339746 0.033920 0.346858 0.038844 0.353422 0.037750 0.359440 0.032826 0.363818 0.031184 0.373118 0.034466 0.381324 0.037750 0.387342 0.040484 0.393360 0.044862 0.399926 0.047050 0.394454 0.050332 0.398284 0.056898 0.400472 0.062368 0.393908 0.056350 0.386248 0.049786 0.382418 0.044314 0.383512 0.041032 0.371476 0.047598 0.370382 0.045956 0.374212 0.052522 0.376400 0.055256 0.372570 0.071122 0.381324 0.073310 0.374212 0.057992 0.364912 0.050332 0.358894 0.045408 0.352328 0.041580 0.343574
0 0.076594 0.425640 0.067840 0.427828 0.063462 0.432752 0.060728 0.438222 0.054162 0.439316 0.044862 0.440958 0.038296 0.442598 0.031184 0.443146 0.025166 0.443146 0.017508 0.442598 0.022978 0.451352 0.029544 0.454634 0.031732 0.461748 0.034466 0.468312 0.038844 0.461748 0.043220 0.455182 0.048692 0.461748 0.049786 0.465030 0.057992 0.466124 0.057992 0.453540 0.067840 0.448616 0.071670 0.438222
0 0.041032 0.463936 0.046502 0.473784 0.052522 0.481990 0.058540 0.489648 0.062916 0.493478 0.073310 0.495668 0.076594 0.499496 0.078782 0.507156 0.076594 0.514268 0.071670 0.507704 0.069480 0.502780 0.067840 0.508798 0.066746 0.513174 0.059634 0.518098 0.054710 0.521380 0.049786 0.521380 0.044314 0.521380 0.043220 0.524116 0.038844 0.528492 0.033920 0.527946 0.029544 0.523022 0.029544 0.513722 0.038296 0.500044 0.024072 0.499496 0.017508 0.497856 0.011488 0.493478 0.018602 0.489102 0.035562 0.492932 0.042126 0.494026 0.048144 0.489648 0.041032 0.483084 0.039390 0.476518 0.037750 0.468312
0 0.073310 0.552564 0.071122 0.564600 0.068386 0.572260 0.065104 0.577732 0.057444 0.576636 0.053616 0.581014 0.053616 0.590314 0.048144 0.587032 0.048144 0.578278 0.037750 0.583202 0.031184 0.589220 0.024620 0.593596 0.015318 0.594692 0.007112 0.597974 0.002736 0.595238 0.013678 0.590862 0.026808 0.587578 0.030090 0.583750 0.032826 0.576090 0.032278 0.570072 0.041032 0.568430 0.043220 0.572260 0.053616 0.570618 0.062916 0.568978 0.066198 0.563506 0.067292 0.558036
0 0.056350 0.629706 0.064010 0.641194 0.072216 0.643382 0.070576 0.651042 0.073858 0.656512 0.083706 0.661984 0.089724 0.670738 0.095194 0.675660 0.099572 0.680584 0.084252 0.679490 0.073858 0.675660 0.064558 0.669642 0.059086 0.664720 0.053068 0.660890 0.049786 0.656512 0.042126 0.660342 0.033920 0.661984 0.028448 0.666908 0.027354 0.672926 0.025714 0.665266 0.019148 0.668002 0.016412 0.664172 0.025714 0.658154 0.028634 0.653890 0.020790 0.651588 0.016960 0.651042 0.028208 0.647908 0.034190 0.649190 0.035562 0.653778 0.044862 0.648306 0.056898 0.646664 0.056898 0.641742 0.054710 0.634628
0 0.083706 0.722164 0.077140 0.726540 0.074952 0.734200 0.071122 0.739670 0.062916 0.745688 0.050880 0.746784 0.056350 0.740766 0.067292 0.735842 0.067840 0.728182 0.053616 0.725994 0.045408 0.725994 0.040484 0.729824 0.038296 0.737482 0.034466 0.743500 0.035562 0.750612 0.036656 0.758272 0.033920 0.764838 0.028996 0.756630 0.027354 0.740766 0.030638 0.730918 0.022978 0.733652 0.027354 0.725994 0.031184 0.719428 0.022978 0.716146 0.021884 0.711222 0.032278 0.716146 0.042126 0.716146 0.050332 0.713958 0.060180 0.710128 0.068386 0.710128 0.073310 0.715598 0.068934 0.721070 0.077140 0.721616
0 0.031634 0.766778 0.037398 0.773822 0.041880 0.777664 0.040600 0.782786 0.040600 0.792392 0.044442 0.800718 0.050204 0.808402 0.057248 0.809682 0.050204 0.798156 0.049564 0.788550 0.055968 0.782146 0.064294 0.778944 0.071978 0.778304 0.078382 0.787270 0.079022 0.791112 0.073898 0.798796 0.071338 0.805840 0.067526 0.814158 0.069662 0.815868 0.077740 0.806480 0.082224 0.794954 0.084144 0.786630 0.079022 0.778944 0.075180 0.775102 0.077740 0.771900 0.087186 0.768428 0.090178 0.781250 0.093596 0.768856 0.100862 0.763300 0.089908 0.764856 0.080302 0.766138 0.073258 0.762936 0.073258 0.766138 0.070056 0.771260 0.066214 0.773182 0.059170 0.774462 0.051486 0.774462 0.045722 0.771900
0 0.063012 0.827612 0.067494 0.835298 0.072618 0.841700 0.069416 0.850666 0.068136 0.857710 0.067494 0.865394 0.066214 0.871158 0.061092 0.875000 0.057248 0.878202 0.050846 0.878842 0.044442 0.877562 0.045082 0.874360 0.054688 0.871798 0.059170 0.867956 0.063012 0.862192 0.059810 0.851306 0.054688 0.853868 0.050204 0.860272 0.048284 0.855148 0.048924 0.851306 0.039318 0.852588 0.032274 0.847464 0.032274 0.843622 0.040600 0.843622 0.048924 0.845544 0.061092 0.842342 0.057890 0.836578 0.054048 0.832736
0 0.019468 0.927510 0.023950 0.912142 0.029072 0.905738 0.034836 0.901896 0.049564 0.900614 0.055328 0.905738 0.066214 0.905738 0.079022 0.908300 0.084144 0.910860 0.072618 0.913422 0.072618 0.918546 0.070056 0.922388 0.066854 0.915344 0.059810 0.915984 0.057890 0.921746 0.050846 0.926230 0.044442 0.929432 0.039960 0.928790 0.043160 0.923668 0.052126 0.919826 0.057248 0.914702 0.048924 0.915984 0.041880 0.917904 0.030994 0.923668 0.027152 0.927510
0 0.226306 0.000896 0.229508 0.004098 0.235272 0.002178 0.246798 0.003458 0.259606 0.001536 0.272412 0.001536 0.269852 0.006660 0.258966 0.008580 0.249360 0.009862 0.237832 0.011142 0.234632 0.011142 0.239114 0.017546 0.245518 0.024590 0.248078 0.031634 0.240394 0.029714 0.235272 0.020748 0.229508 0.014984 0.227588 0.023310 0.226946 0.029072 0.221824 0.034196 0.216060 0.040600 0.209656 0.050846 0.207736 0.057248 0.201332 0.060450 0.200052 0.053406 0.194928 0.055328 0.190446 0.056608 0.196210 0.049564 0.205814 0.041880 0.212218 0.027152 0.217982 0.016266 0.214140 0.011782 0.203894 0.008580 0.194288 0.007300 0.185964 0.004738 0.191086 0.001536 0.207096 0.001536 0.217982 0.004738 0.216060 0.000256
0 0.271772 0.063652 0.258966 0.064294 0.248078 0.064294 0.237192 0.062372 0.230788 0.063652 0.228868 0.071978 0.230148 0.080942 0.232710 0.087986 0.233990 0.102716 0.233990 0.109760 0.231430 0.120646 0.226946 0.122566 0.223744 0.116162 0.223744 0.096952 0.220544 0.085426 0.219902 0.077100 0.220544 0.066214 0.212218 0.066854 0.203894 0.068136 0.192366 0.069416 0.183402 0.066214 0.184682 0.063652 0.192366 0.063652 0.209656 0.063652 0.221184 0.061732 0.224386 0.059170 0.216060 0.054688 0.215420 0.046362 0.217982 0.042520 0.223104 0.046362 0.226306 0.053406 0.235272 0.057890 0.247438 0.057890 0.258966 0.057890
0 0.216060 0.113602 0.214780 0.119364 0.209016 0.120006 0.203254 0.120006 0.209656 0.129610 0.210298 0.133452 0.200692 0.134094 0.193008 0.135374 0.189806 0.140496 0.189164 0.146260 0.201972 0.145620 0.210938 0.143698 0.213498 0.145620 0.205174 0.153944 0.204534 0.159708 0.216060 0.152024 0.223104 0.146900 0.230148 0.140496 0.232070 0.143698 0.238474 0.146900 0.242316 0.150742 0.242316 0.159708 0.240394 0.166112 0.236552 0.168674 0.239114 0.172516 0.246798 0.171234 0.248720 0.160348 0.245518 0.149462 0.241676 0.141138 0.242316 0.138576 0.250640 0.134734 0.256404 0.131532 0.253202 0.128970 0.243596 0.129610 0.239754 0.133452 0.228228 0.128330 0.223744 0.125768 0.221184 0.118724
0 0.196210 0.177638 0.209016 0.182762 0.221184 0.187244 0.232710 0.189164 0.231430 0.178920 0.234632 0.172516 0.241676 0.173156 0.239114 0.179560 0.238474 0.186604 0.241676 0.195568 0.237832 0.204534 0.233350 0.211578 0.235272 0.222464 0.239114 0.230788 0.245518 0.239754 0.238474 0.235912 0.227588 0.222464 0.224386 0.212218 0.228228 0.201972 0.217982 0.201332 0.210938 0.203894 0.203894 0.205814 0.196210 0.205814 0.197490 0.197490 0.201972 0.194928 0.204534 0.191086 0.200692 0.186604
0 0.233350 0.265368 0.230148 0.271772 0.226946 0.276896 0.217982 0.278176 0.210298 0.273054 0.205174 0.271772 0.197490 0.273054 0.191086 0.277536 0.184682 0.282658 0.183402 0.294186 0.187244 0.289702 0.189806 0.284580 0.195568 0.287142 0.206454 0.292904 0.214780 0.296106 0.221824 0.292904 0.219902 0.298028 0.218622 0.306352 0.219262 0.316598 0.225026 0.326204 0.230788 0.331968 0.233350 0.337730 0.236552 0.335170 0.231430 0.326844 0.229508 0.313396 0.230788 0.302510 0.232710 0.296106 0.241034 0.290984 0.244878 0.284580 0.247438 0.274974 0.240394 0.278816 0.237192 0.272412
0 0.212218 0.329406 0.211578 0.338370 0.214780 0.345414 0.221184 0.353740 0.210298 0.349258 0.205814 0.347976 0.203894 0.355020 0.207096 0.360144 0.203894 0.364626 0.197490 0.368468 0.191726 0.372310 0.187244 0.375512 0.171234 0.376152 0.164830 0.376152 0.160348 0.379354 0.170594 0.384478 0.182762 0.382556 0.201332 0.381276 0.206454 0.379994 0.211578 0.371030 0.217982 0.367188 0.222464 0.369108 0.222464 0.376794 0.228228 0.372310 0.232710 0.364626 0.241676 0.364626 0.248078 0.367828 0.250000 0.372310 0.253842 0.379994 0.258966 0.386398 0.263448 0.394082 0.270492 0.396644 0.273694 0.388320 0.264088 0.375512 0.255764 0.368468 0.266650 0.365906 0.257044 0.362064 0.246158 0.358862 0.237832 0.355020 0.225026 0.345414 0.219902 0.336450 0.218622 0.325564
0 0.185322 0.421618 0.189806 0.412014 0.189806 0.403688 0.198130 0.402408 0.207736 0.404970 0.217982 0.409452 0.222464 0.419058 0.230148 0.426102 0.236552 0.432506 0.244878 0.432506 0.252562 0.435066 0.262168 0.436348 0.258324 0.441470 0.251922 0.442752 0.249360 0.449154 0.244236 0.454278 0.239754 0.461962 0.245518 0.468366 0.235272 0.467726 0.233990 0.463242 0.231430 0.465804 0.226946 0.462602 0.232070 0.455558 0.223744 0.448514 0.220544 0.448514 0.216060 0.452356 0.210938 0.459400 0.205814 0.463242 0.202612 0.467086 0.198130 0.460040 0.200692 0.449154 0.200052 0.442752 0.209016 0.435706 0.211578 0.431224 0.207736 0.422900 0.202612 0.417136 0.198770 0.414574 0.194288 0.415216
0 0.217982 0.474130 0.211578 0.482454 0.207736 0.494620 0.217982 0.503586 0.229508 0.506788 0.243596 0.507428 0.253842 0.504866 0.262808 0.501024 0.264728 0.495902 0.258324 0.497822 0.246798 0.500384 0.237832 0.499104 0.235272 0.492700 0.228228 0.492060 0.223104 0.486936 0.230788 0.483734 0.235912 0.478612 0.226946 0.476690
0 0.209016 0.567622 0.217342 0.574026 0.223744 0.579790 0.234632 0.586834 0.235272 0.577868 0.240394 0.577868 0.242316 0.584912 0.245518 0.593878 0.252562 0.593878 0.266650 0.592598 0.274334 0.591956 0.269852 0.596440 0.260886 0.597720 0.252562 0.599002 0.245518 0.599642 0.247438 0.604124 0.246158 0.616290 0.244236 0.623976 0.238474 0.629738 0.232710 0.632300 0.232070 0.639344 0.226946 0.639344 0.221184 0.625256 0.223744 0.609888 0.226946 0.600922 0.219262 0.596440 0.218622 0.588756 0.225026 0.591956 0.230788 0.593238 0.228228 0.589396 0.221824 0.586834 0.214140 0.584272 0.209656 0.575308
0 0.212858 0.637424 0.214140 0.645108 0.208376 0.645748 0.210298 0.652792 0.201972 0.650230 0.201972 0.655994 0.210298 0.659196 0.210298 0.661758 0.201972 0.668160 0.197490 0.672004 0.191086 0.680968 0.189164 0.688012 0.187244 0.698898 0.191726 0.699538 0.194928 0.693776 0.201332 0.687372 0.205174 0.680968 0.208376 0.673284 0.214140 0.671362 0.217342 0.672644 0.223104 0.677126 0.230148 0.676486 0.239754 0.680328 0.245518 0.675204 0.250000 0.666880 0.244236 0.657274 0.255764 0.657274 0.263448 0.652792 0.265368 0.645748 0.258324 0.648310 0.245518 0.649590 0.238474 0.649590 0.234632 0.641906 0.228868 0.640624 0.223104 0.640624
0 0.266010 0.701460 0.256404 0.701460 0.247438 0.705302 0.241034 0.710426 0.234632 0.715548 0.225026 0.714908 0.215420 0.716188 0.207096 0.719390 0.201972 0.724514 0.203254 0.714908 0.201332 0.712346 0.199410 0.719390 0.197490 0.726434 0.190446 0.730918 0.182120 0.738602 0.175718 0.743084 0.183402 0.746286 0.189806 0.746286 0.198130 0.736680 0.207736 0.730276 0.216700 0.724514 0.225666 0.726434 0.237832 0.727074 0.244878 0.732198 0.249360 0.738602 0.252562 0.743724 0.253202 0.748206 0.248078 0.752050 0.242956 0.753970 0.230788 0.759734 0.237832 0.762936 0.253202 0.755892 0.260246 0.750768 0.262168 0.738602 0.254482 0.725794 0.244878 0.718110 0.248078 0.712346 0.256404 0.709144
0 0.212858 0.762936 0.209016 0.768698 0.210298 0.777664 0.216700 0.782786 0.219262 0.786630 0.210298 0.787270 0.200692 0.789190 0.195568 0.789190 0.186604 0.784068 0.175718 0.784068 0.168032 0.787270 0.169314 0.795594 0.169314 0.800718 0.173796 0.794314 0.176998 0.791752 0.189806 0.795594 0.198770 0.797516 0.208376 0.797516 0.211578 0.796874 0.203894 0.801998 0.201332 0.808402 0.198130 0.816086 0.204534 0.812884 0.211578 0.807762 0.218622 0.806480 0.233350 0.810322 0.235272 0.814164 0.233990 0.820568 0.231430 0.823770 0.225666 0.828254 0.235272 0.826972 0.242316 0.823130 0.245518 0.816726 0.245518 0.809682 0.250000 0.800718 0.250000 0.790472 0.247438 0.785988 0.251922 0.779586 0.246798 0.776384 0.239114 0.774462 0.241034 0.778944 0.242956 0.783428 0.239754 0.784708 0.228868 0.784068 0.220544 0.782146 0.217982 0.777664 0.215420 0.771260
0 0.257684 0.850026 0.246158 0.853868 0.237192 0.859632 0.231430 0.861552 0.222464 0.860912 0.216060 0.857070 0.208376 0.852588 0.205174 0.853868 0.208376 0.860912 0.212858 0.865394 0.212218 0.871158 0.213498 0.877562 0.215420 0.885246 0.226306 0.888448 0.233990 0.888448 0.237832 0.882684 0.239114 0.873078 0.239754 0.868596 0.245518 0.864754 0.246798 0.867956 0.244236 0.875640 0.240394 0.886526 0.247438 0.885886 0.250640 0.880764 0.251922 0.870518 0.251922 0.862192 0.255122 0.856430
0 0.220544 0.898694 0.237192 0.901256 0.246798 0.902536 0.246158 0.908940 0.246158 0.917264 0.243596 0.927510 0.243596 0.931352 0.250640 0.924948 0.255764 0.923668 0.253842 0.916624 0.257044 0.914062 0.264088 0.918546 0.269212 0.924308 0.265368 0.930072 0.255764 0.931992 0.246158 0.936476 0.243596 0.942880 0.241676 0.948002 0.241034 0.955686 0.237192 0.953124 0.230148 0.951204 0.228228 0.954406 0.223744 0.960810 0.222464 0.966572 0.221824 0.971696 0.221824 0.978740 0.215420 0.976818 0.213498 0.971696 0.212858 0.964012 0.216060 0.950564 0.222464 0.940958 0.223744 0.933914 0.223744 0.921746 0.226306 0.912142 0.230148 0.917904 0.230148 0.925590 0.232710 0.934554 0.230788 0.924308 0.232710 0.914702 0.235272 0.908940 0.223744 0.908300
0 0.518954 0.006660 0.516394 0.012424 0.514472 0.023310 0.514472 0.029714 0.508068 0.029714 0.500384 0.029714 0.492060 0.029072 0.486296 0.028432 0.486936 0.036116 0.483734 0.044442 0.481174 0.049564 0.477972 0.055328 0.479252 0.064294 0.488218 0.068776 0.485016 0.060450 0.489498 0.048924 0.495262 0.040600 0.495902 0.046362 0.499104 0.047644 0.505508 0.061092 0.513832 0.069416 0.522156 0.076460 0.525998 0.070696 0.522156 0.060450 0.510630 0.048284 0.520876 0.054048 0.529200 0.061092 0.543288 0.067494 0.550332 0.066214 0.538806 0.061092 0.525358 0.052126 0.518954 0.039960 0.518954 0.032274 0.520236 0.023310 0.521516 0.012424 0.525998 0.006020
0 0.513192 0.081582 0.512552 0.098872 0.511910 0.110400 0.504866 0.109118 0.500384 0.112320 0.494620 0.118084 0.488858 0.120646 0.479892 0.120646 0.481814 0.125768 0.496542 0.127690 0.500384 0.124488 0.502306 0.130252 0.516394 0.137936 0.511910 0.143698 0.510630 0.153304 0.520876 0.148182 0.523438 0.140496 0.530482 0.139856 0.540728 0.137296 0.547772 0.134094 0.547132 0.127050 0.540728 0.120646 0.533044 0.117444 0.523438 0.115522 0.517674 0.112962 0.519596 0.103996 0.518314 0.089268
0 0.509350 0.171876 0.503586 0.176358 0.499744 0.183402 0.492060 0.188524 0.487576 0.193648 0.485016 0.200052 0.481814 0.207096 0.481814 0.212218 0.489498 0.208376 0.497822 0.201972 0.501024 0.196210 0.499744 0.205174 0.502946 0.217982 0.508068 0.224386 0.510630 0.230148 0.511270 0.242316 0.511910 0.250640 0.513832 0.258324 0.517034 0.250000 0.516394 0.232070 0.513192 0.219902 0.509990 0.209656 0.508068 0.200692 0.517674 0.195568 0.522798 0.191086 0.524078 0.187244 0.522156 0.179560 0.515112 0.176358
0 0.526640 0.252562 0.534964 0.257684 0.534964 0.269212 0.531762 0.274974 0.525998 0.278816 0.534324 0.282658 0.539446 0.273054 0.545850 0.267290 0.554176 0.272412 0.561860 0.272412 0.554176 0.278176 0.545210 0.277536 0.542648 0.281378 0.540088 0.287782 0.535604 0.290344 0.525998 0.289062 0.520876 0.284580 0.515112 0.287142 0.505508 0.288422 0.499104 0.287142 0.511270 0.282658 0.514472 0.280098 0.518954 0.275614 0.520236 0.267290 0.513192 0.267930 0.502946 0.269212 0.499104 0.269212 0.487576 0.269212 0.479252 0.269212 0.470928 0.269212 0.461962 0.269212 0.461962 0.266010 0.476050 0.264088 0.481174 0.259606 0.492700 0.256404 0.501024 0.252562 0.504866 0.255122 0.509990 0.260886 0.518954 0.258324
0 0.531762 0.321722 0.520236 0.323642 0.513832 0.328766 0.510630 0.323642 0.504226 0.323642 0.499104 0.326204 0.501664 0.330686 0.497822 0.333248 0.492700 0.335170 0.481814 0.338370 0.473488 0.346696 0.465804 0.345414 0.460040 0.350538 0.472848 0.353740 0.485016 0.351178 0.495262 0.347336 0.504866 0.342854 0.517034 0.337730 0.517674 0.341572 0.517674 0.349258 0.515754 0.357582 0.514472 0.363986 0.516394 0.371030 0.520876 0.364626 0.524078 0.352460 0.524718 0.342854 0.524718 0.337730 0.533044 0.332608 0.537526 0.328124
0 0.481814 0.403688 0.477330 0.410092 0.476690 0.417136 0.483094 0.423540 0.493980 0.418418 0.504226 0.414574 0.506788 0.410732 0.506788 0.419058 0.505508 0.426742 0.506788 0.436348 0.508068 0.443392 0.511270 0.434426 0.515112 0.439550 0.515754 0.431864 0.511910 0.422900 0.514472 0.415216 0.516394 0.419698 0.523438 0.415856 0.524078 0.407530 0.524078 0.397284 0.514472 0.399206 0.501664 0.400486 0.494620 0.403688 0.486936 0.410732
0 0.535604 0.463242 0.524718 0.465804 0.514472 0.467726 0.505508 0.467086 0.495902 0.465164 0.492700 0.473488 0.489498 0.479892 0.487576 0.490778 0.487576 0.499104 0.494620 0.501024 0.506788 0.500384 0.514472 0.490778 0.517674 0.480532 0.520236 0.474130 0.530482 0.470286 0.536244 0.470928
0 0.520236 0.579150 0.513192 0.575948 0.510630 0.569544 0.510630 0.562500 0.515112 0.558658 0.520236 0.556736 0.533684 0.553534 0.536886 0.548412 0.533684 0.548412 0.523438 0.550974 0.517674 0.550974 0.509990 0.550974 0.501024 0.545850 0.495262 0.545850 0.490138 0.546490 0.484374 0.544570 0.473488 0.543288 0.487576 0.552894 0.499744 0.558018 0.502946 0.560578 0.502946 0.568904 0.504226 0.575308 0.513192 0.583632 0.522798 0.584912
0 0.550332 0.605404 0.542648 0.607966 0.536244 0.613090 0.527280 0.618852 0.524718 0.622694 0.518954 0.622054 0.513192 0.623976 0.503586 0.629098 0.497182 0.636782 0.490138 0.641906 0.490138 0.646388 0.502946 0.643186 0.510630 0.641906 0.516394 0.639984 0.522798 0.640624 0.525998 0.647670 0.532402 0.652152 0.535604 0.660476 0.540728 0.668160 0.544570 0.675204 0.548412 0.672644 0.549052 0.663678 0.552254 0.654072 0.549052 0.648950 0.539446 0.647670 0.535604 0.643186 0.534324 0.633580 0.529842 0.630380 0.533044 0.624616 0.538806 0.620774 0.545850 0.616932
0 0.514472 0.694416 0.508710 0.696978 0.502946 0.704662 0.499104 0.712346 0.501024 0.725154 0.504866 0.718110 0.505508 0.714908 0.516394 0.713628 0.519596 0.712986 0.527280 0.718110 0.534324 0.721952 0.536886 0.718750 0.529200 0.714268 0.524078 0.710426 0.529842 0.705942 0.533684 0.702740 0.542008 0.705302 0.551614 0.707864 0.559938 0.717470 0.561860 0.709144 0.560578 0.698258 0.558658 0.690574 0.554176 0.697618 0.547772 0.697618 0.536244 0.695056 0.531122 0.693776 0.524718 0.693776
0 0.520876 0.755252 0.516394 0.761014 0.509990 0.768698 0.504866 0.772540 0.501664 0.780866 0.501024 0.787910 0.497182 0.793032 0.492060 0.799436 0.502306 0.796234 0.510630 0.797516 0.509990 0.793674 0.515754 0.787910 0.522156 0.796874 0.527280 0.805200 0.534324 0.810322 0.538166 0.811604 0.536244 0.803920 0.529842 0.794954 0.524718 0.788550 0.523438 0.784068 0.526640 0.778304 0.542648 0.777664 0.545210 0.773822 0.545210 0.767418 0.540728 0.761654 0.533044 0.756532 0.533044 0.762296 0.538166 0.765496 0.539446 0.771900 0.532402 0.771260 0.525358 0.768698 0.528560 0.761654
0 0.529200 0.825692 0.524718 0.830174 0.523438 0.838498 0.523438 0.843622 0.511270 0.846184 0.501664 0.846824 0.493340 0.848744 0.487576 0.851946 0.475410 0.850026 0.469006 0.848744 0.467726 0.855148 0.483094 0.857070 0.492700 0.857710 0.495902 0.861552 0.503586 0.858990 0.513192 0.853228 0.520236 0.853228 0.522156 0.860912 0.524718 0.868596 0.530482 0.880764 0.539446 0.882044 0.549052 0.877562 0.554176 0.873078 0.556096 0.864754 0.549692 0.867956 0.543288 0.868596 0.535604 0.864114 0.528560 0.857070 0.529842 0.848744 0.531762 0.841700 0.531122 0.833376
0 0.488218 0.892290 0.501024 0.891650 0.509990 0.894212 0.522798 0.894212 0.533684 0.896132 0.549052 0.896772 0.558018 0.895492 0.554176 0.899974 0.537526 0.901896 0.538806 0.905738 0.547132 0.907658 0.556096 0.910220 0.563780 0.910220 0.571466 0.907658 0.578510 0.904456 0.582352 0.903816 0.587474 0.903176 0.590676 0.903816 0.585554 0.907658 0.577228 0.909580 0.572746 0.914702 0.565702 0.917904 0.553534 0.915984 0.547132 0.914062 0.536886 0.910220 0.532402 0.908940 0.533044 0.915344 0.536886 0.919826 0.540088 0.924308 0.546490 0.933914 0.543930 0.934554 0.533684 0.928150 0.529842 0.924308 0.526640 0.915984 0.521516 0.915984 0.510630 0.915344 0.501024 0.911502 0.495262 0.908940 0.493340 0.904456 0.492700 0.896772
0 0.511910 0.954406 0.508068 0.960810 0.509350 0.967854 0.510630 0.975538 0.508068 0.981302 0.506788 0.988986 0.508710 0.996670 0.511270 0.991548 0.514472 0.983222 0.516394 0.989626 0.519532 0.998046 0.523438 0.998046 0.519532 0.998046 0.523438 0.998046 0.521516 0.988986 0.535156 0.998046 0.542968 0.998046 0.543288 0.989626 0.545850 0.985784 0.554176 0.983862 0.548412 0.977460 0.538806 0.974258 0.538806 0.972976 0.548412 0.972336 0.553534 0.966572 0.543288 0.966572 0.537526 0.967214 0.529200 0.967214 0.522156 0.964012
0 0.686732 0.024590 0.681608 0.029714 0.675204 0.030994 0.669442 0.035476 0.661758 0.034196 0.655354 0.031634 0.646388 0.030994 0.642546 0.032914 0.650870 0.041240 0.644468 0.043802 0.640624 0.047644 0.631660 0.048924 0.622054 0.048924 0.615650 0.050204 0.615010 0.054688 0.616290 0.057890 0.630380 0.057890 0.647670 0.055968 0.650230 0.065574 0.657914 0.059810 0.668160 0.056608 0.677766 0.052766 0.681608 0.051486 0.684170 0.055328 0.686732 0.059810 0.694416 0.063652 0.695056 0.059810 0.686732 0.054048 0.684170 0.044442 0.684810 0.038678 0.689294 0.030354
0 0.681608 0.084784 0.673284 0.086706 0.668160 0.090548 0.661758 0.094390 0.655994 0.097592 0.649590 0.100794 0.647670 0.107198 0.657914 0.105276 0.668160 0.102074 0.668160 0.105276 0.673924 0.107838 0.677126 0.103996 0.686092 0.109760 0.695056 0.108478 0.686092 0.105918 0.684170 0.098872 0.688652 0.092470
0 0.685450 0.150102 0.682248 0.155226 0.679048 0.160348 0.680968 0.169954 0.684170 0.176358 0.689934 0.181480 0.700180 0.186604 0.701460 0.192366 0.707864 0.196850 0.713628 0.203254 0.717470 0.203894 0.707864 0.205814 0.700820 0.200692 0.697618 0.195568 0.689934 0.190446 0.684170 0.187244 0.677126 0.186604 0.669442 0.186604 0.664960 0.184042 0.663678 0.180200 0.655994 0.179560 0.650230 0.176998 0.641266 0.175076 0.640624 0.171234 0.634862 0.168674 0.628458 0.164190 0.639984 0.164190 0.650870 0.166752 0.661116 0.168032 0.670082 0.169314 0.675204 0.173796 0.674564 0.169954 0.672004 0.160988 0.674564 0.155226 0.679688 0.149462
0 0.690574 0.223104 0.677126 0.226946 0.672644 0.228868 0.670082 0.233990 0.665600 0.235912 0.659196 0.235912 0.652792 0.238474 0.647670 0.240394 0.641266 0.240394 0.634222 0.241676 0.628458 0.241034 0.622054 0.237832 0.615010 0.234632 0.608606 0.231430 0.609246 0.237832 0.615010 0.243596 0.623976 0.246798 0.634862 0.248720 0.631660 0.251922 0.629098 0.256404 0.639344 0.252562 0.643186 0.255122 0.643826 0.258966 0.636142 0.262168 0.631660 0.266650 0.629738 0.273054 0.644468 0.266650 0.651512 0.265368 0.658556 0.264088 0.662398 0.271772 0.663678 0.281378 0.668160 0.287782 0.670082 0.292264 0.663678 0.296746 0.659196 0.299948 0.657914 0.303790 0.662398 0.305072 0.661758 0.311476 0.659196 0.319160 0.657274 0.327484 0.657274 0.330686 0.664960 0.323642 0.669442 0.316598 0.672004 0.310194 0.679048 0.307634 0.684810 0.308274 0.689934 0.303150 0.689934 0.298028 0.682248 0.292264 0.676486 0.284580 0.673924 0.277536 0.672004 0.267930 0.668802 0.262168 0.667520 0.255122 0.668160 0.248078 0.672644 0.242316 0.675846 0.235912 0.682248 0.232710 0.688652 0.231430 0.697618 0.227588
0 0.701460 0.392162 0.695056 0.396644 0.689934 0.400486 0.684170 0.399206 0.675204 0.396004 0.670722 0.401128 0.668160 0.408812 0.668160 0.415216 0.672644 0.423540 0.675204 0.428022 0.679048 0.433786 0.686732 0.437628 0.689294 0.441470 0.692494 0.449796 0.695696 0.448514 0.695056 0.438908 0.693136 0.429944 0.692494 0.420338 0.694416 0.412014 0.696978 0.406250 0.703382 0.399846
0 0.675204 0.530482 0.671362 0.534964 0.669442 0.539446 0.675204 0.542648 0.673284 0.547132 0.669442 0.552254 0.664960 0.558018 0.663678 0.563780 0.668802 0.564422 0.672004 0.570184 0.672644 0.577868 0.674564 0.585554 0.671362 0.592598 0.670722 0.595800 0.679688 0.591956 0.680328 0.584272 0.677766 0.570184 0.677766 0.562500 0.682248 0.556736 0.689934 0.550974 0.693776 0.546490 0.698898 0.541368 0.702740 0.537526 0.712986 0.536244 0.712346 0.531122 0.702100 0.531122 0.694416 0.532402 0.689294 0.529842 0.684810 0.527280 0.680968 0.513192 0.684170 0.499744 0.687372 0.492700 0.684810 0.483094 0.681608 0.491420 0.679688 0.497182 0.673924 0.501024 0.677126 0.505508 0.676486 0.512552 0.676486 0.518954
0 0.671362 0.603484 0.669442 0.609246 0.670326 0.612908 0.665106 0.612908 0.659886 0.614212 0.656842 0.616388 0.664672 0.617692 0.670762 0.617692 0.671196 0.621608 0.670326 0.627262 0.670326 0.634656 0.672066 0.641182 0.677722 0.647272 0.683376 0.652492 0.691206 0.656406 0.699036 0.659016 0.707736 0.658582 0.711650 0.655536 0.705560 0.653796 0.695556 0.650316 0.686422 0.648576 0.682942 0.643792 0.681636 0.633786 0.684682 0.627262 0.687726 0.629872 0.689902 0.623782 0.687726 0.617692 0.684682 0.610732 0.681202 0.603772 0.677722 0.605948 0.677286 0.611168
0 0.676416 0.674676 0.678592 0.678156 0.675982 0.681202 0.671196 0.681636 0.663366 0.679026 0.655536 0.679026 0.647272 0.679462 0.639442 0.681202 0.634222 0.682506 0.629436 0.685116 0.639006 0.688162 0.645096 0.687292 0.648142 0.692076 0.660322 0.695122 0.671196 0.692076 0.671632 0.695122 0.667716 0.700776 0.663366 0.708170 0.662932 0.716000 0.664236 0.723396 0.667716 0.730356 0.673372 0.736010 0.675112 0.731226 0.670326 0.718176 0.672936 0.708170 0.676852 0.712086 0.684682 0.717306 0.694252 0.718176 0.696426 0.715130 0.691206 0.709476 0.688162 0.705996 0.689902 0.699036 0.689032 0.688162 0.689466 0.682506 0.693382 0.682072 0.698602 0.686422 0.697732 0.694686 0.697732 0.699906 0.703820 0.705126 0.706430 0.707736 0.711216 0.700342 0.716870 0.698166 0.720350 0.690772 0.725570 0.686422 0.729486 0.681202 0.729920 0.673372 0.727310 0.671196 0.724266 0.675546 0.720350 0.682942 0.715566 0.685986 0.708170 0.690772 0.704690 0.693816 0.706866 0.685986 0.704690 0.682072 0.696862 0.677286 0.690336 0.675112 0.684246 0.674242 0.682942 0.669456
0 0.639876 0.744276 0.650316 0.746450 0.658582 0.749496 0.666846 0.752540 0.678156 0.755586 0.683812 0.754716 0.689466 0.752976 0.693382 0.748190 0.695122 0.742100 0.695992 0.739490 0.699472 0.742100 0.697732 0.747756 0.695992 0.753846 0.695992 0.761240 0.695992 0.766026 0.692946 0.771246 0.689032 0.774726 0.685552 0.780380 0.693382 0.785600 0.702516 0.786034 0.708170 0.788644 0.699906 0.791254 0.692076 0.790820 0.682506 0.788644 0.675112 0.784730 0.669456 0.779510 0.665542 0.781684 0.659016 0.784730 0.653362 0.786470 0.652926 0.782990 0.659886 0.776900 0.664236 0.772116 0.666846 0.768636 0.668152 0.762110 0.662496 0.763850 0.656842 0.765156 0.654232 0.759936 0.651622 0.756020 0.648142 0.751236 0.642052 0.749496 0.640312 0.749060
0 0.665106 0.822140 0.671196 0.826924 0.680332 0.826924 0.686856 0.826490 0.693382 0.832144 0.698166 0.826490 0.702516 0.823880 0.702516 0.829970 0.698602 0.835624 0.698602 0.845630 0.702516 0.851720 0.705560 0.857374 0.709040 0.862158 0.718176 0.863464 0.729486 0.864334 0.720786 0.866944 0.710780 0.867814 0.700776 0.862158 0.694686 0.858244 0.692946 0.861724 0.692076 0.867814 0.686856 0.867378 0.679896 0.854330 0.678592 0.846934 0.677286 0.836060 0.671632 0.836494 0.666412 0.838670 0.662496 0.839540 0.663802 0.835190 0.658146 0.834754 0.657712 0.830840 0.659016 0.824314
0 0.683376 0.896958 0.675982 0.895654 0.669022 0.897828 0.664236 0.900438 0.661626 0.904354 0.659016 0.909138 0.657276 0.914794 0.656406 0.923494 0.658146 0.926104 0.659016 0.919144 0.660322 0.912618 0.664236 0.906964 0.669456 0.906964 0.668586 0.912184 0.668586 0.917838 0.669892 0.923494 0.673372 0.925668 0.672066 0.917404 0.679462 0.915228 0.683812 0.911314 0.689466 0.902614 0.689902 0.897394 0.685116 0.902614 0.680332 0.907398 0.674242 0.909138 0.679026 0.905224 0.681202 0.901744
0 0.685766 0.956502 0.685766 0.963256 0.679574 0.966070 0.676198 0.972262 0.675634 0.979580 0.677324 0.988022 0.680138 0.991962 0.684640 0.997590 0.690832 0.997028 0.691958 0.993088 0.698150 0.997590 0.702652 0.995902 0.697024 0.986896 0.697024 0.981268 0.700400 0.973950 0.697586 0.964946 0.695898 0.961006 0.693084 0.957066
0 0.867570 0.002454 0.861942 0.006956 0.855188 0.010896 0.850684 0.015400 0.859128 0.014836 0.869822 0.014274 0.873762 0.014274 0.869822 0.018778 0.864194 0.022154 0.863630 0.025532 0.874888 0.021028 0.878828 0.019902 0.879954 0.026094 0.885018 0.033412 0.895714 0.039040 0.905844 0.043542 0.901342 0.036788 0.894588 0.028908 0.888396 0.023842 0.889522 0.013712 0.889522 0.009772 0.898528 0.009772 0.903030 0.012586 0.917664 0.016526 0.924420 0.016526 0.918228 0.011460 0.905844 0.009208 0.895714 0.004142
0 0.858564 0.084632 0.857438 0.090824 0.861942 0.096452 0.864194 0.100392 0.858564 0.104332 0.854624 0.113338 0.852374 0.121218 0.852374 0.128534 0.856876 0.124032 0.861378 0.113900 0.866444 0.108834 0.873762 0.104894 0.872636 0.109960 0.881078 0.107708 0.885018 0.106584 0.887834 0.110524 0.883894 0.116152 0.891210 0.117840 0.893462 0.125720 0.902468 0.126284 0.897402 0.118404 0.895714 0.109398 0.894588 0.102644 0.888958 0.097578 0.887270 0.092512 0.882204 0.090260 0.879954 0.086320 0.877702 0.080128 0.872636 0.080692 0.871510 0.086320 0.866444 0.086320
0 0.880516 0.151050 0.874888 0.157804 0.873198 0.164558 0.867008 0.164558 0.859690 0.161180 0.851248 0.154426 0.847870 0.150486 0.837176 0.139792 0.836050 0.133600 0.831548 0.133038 0.827044 0.139792 0.830984 0.139792 0.837738 0.148234 0.842242 0.155552 0.848996 0.163432 0.858564 0.168498 0.865318 0.172438 0.870948 0.174126 0.874888 0.181444 0.873198 0.189324 0.877138 0.197766 0.879954 0.189886 0.885582 0.196640 0.891774 0.203396 0.900778 0.207336 0.909222 0.206210 0.916540 0.202270 0.923294 0.195516 0.914288 0.197204 0.907534 0.200580 0.900778 0.200018 0.891774 0.196078 0.888396 0.188760 0.887834 0.183696 0.890084 0.176940 0.895150 0.170750 0.901342 0.164558 0.897402 0.160618 0.893462 0.166246 0.887270 0.169624 0.880516 0.169060 0.879954 0.161180 0.883330 0.157804
0 0.890648 0.224222 0.897402 0.233226 0.902468 0.242796 0.900216 0.249550 0.896838 0.247298 0.896838 0.255178 0.891210 0.260244 0.882204 0.263622 0.869822 0.263622 0.860816 0.263058 0.855750 0.261932 0.860816 0.258556 0.873762 0.256866 0.881078 0.255742 0.888958 0.251238 0.890084 0.245610 0.888396 0.240544 0.881642 0.239982 0.871510 0.244484 0.865882 0.248986 0.861942 0.253490 0.856876 0.254052 0.854624 0.248424 0.858002 0.236604 0.864194 0.232664 0.867008 0.228724 0.865318 0.223658 0.872636 0.227598 0.877702 0.229286
0 0.911474 0.299644 0.904156 0.292890 0.899090 0.292890 0.892336 0.298518 0.888396 0.301332 0.882768 0.301896 0.878264 0.301332 0.873198 0.297392 0.867570 0.296268 0.859690 0.297956 0.854062 0.300770 0.844492 0.301332 0.839428 0.300770 0.831548 0.299644 0.832110 0.305272 0.842242 0.306962 0.854624 0.305836 0.867008 0.305836 0.877138 0.309212 0.874888 0.314278 0.870948 0.319908 0.875450 0.320470 0.882768 0.315968 0.886144 0.309776 0.892336 0.305836 0.893462 0.309776 0.889522 0.314842 0.885018 0.319908 0.886708 0.322722 0.896838 0.315968 0.902468 0.310902 0.902468 0.306398 0.899654 0.301896 0.905282 0.304148
0 0.876014 0.346924 0.876014 0.354804 0.874888 0.361558 0.874888 0.368876 0.879390 0.368876 0.879390 0.375630 0.884456 0.376756 0.888958 0.365498 0.896838 0.361558 0.907534 0.355930 0.905844 0.349738 0.899654 0.349176 0.894024 0.349738 0.888396 0.353116 0.884456 0.350864
0 0.894588 0.545614 0.894588 0.554058 0.896276 0.558560 0.896276 0.564188 0.902468 0.561938 0.904156 0.567566 0.898528 0.573758 0.892898 0.578822 0.888958 0.586140 0.885582 0.593458 0.881642 0.588392 0.873762 0.583326 0.874888 0.578822 0.868134 0.577698 0.869258 0.570942 0.867008 0.567566 0.858002 0.564752 0.869822 0.561938 0.876576 0.557998 0.886144 0.555746 0.888396 0.560248 0.889522 0.551242
0 0.875450 0.639048 0.866444 0.634546 0.859690 0.636798 0.857438 0.641864 0.852374 0.644114 0.851810 0.652558 0.854624 0.651432 0.861942 0.649180 0.860816 0.655372 0.859690 0.662690 0.859128 0.669444 0.857438 0.679012 0.851810 0.686892 0.859128 0.686330 0.862504 0.680138 0.865882 0.670570 0.871510 0.657060 0.883330 0.656498 0.888396 0.650870 0.897402 0.651432 0.904720 0.643552 0.908660 0.632294 0.901342 0.639612 0.895150 0.644114 0.892898 0.636234 0.888958 0.643552 0.884456 0.642426
0 0.852374 0.716160 0.859128 0.722352 0.864756 0.726856 0.865882 0.733610 0.869258 0.740926 0.874888 0.744304 0.877138 0.751058 0.877702 0.758376 0.880516 0.749932 0.886708 0.752184 0.890648 0.752184 0.890648 0.744866 0.886708 0.740926 0.887834 0.731920 0.888958 0.726856 0.896838 0.726292 0.903030 0.733046 0.910348 0.733610 0.911474 0.729106 0.900778 0.724040 0.894024 0.720664 0.878828 0.720100 0.871510 0.718412 0.860816 0.715598
0 0.872636 0.767382 0.869822 0.773010 0.858002 0.774698 0.851810 0.780326 0.848432 0.787644 0.845618 0.796650 0.851248 0.797212 0.856876 0.789896 0.860254 0.786518 0.868134 0.789896 0.864194 0.796650 0.865318 0.808470 0.869822 0.803968 0.873198 0.796086 0.881078 0.792146 0.888396 0.793836 0.884456 0.805092 0.882768 0.814098 0.879390 0.821416 0.887270 0.818038 0.892336 0.803404 0.894588 0.796086 0.900778 0.790458 0.909784 0.788206 0.910910 0.784830 0.897402 0.784266 0.889522 0.782578 0.881078 0.779202 0.875450 0.776386
0 0.908660 0.852936 0.901342 0.848996 0.890648 0.847870 0.881642 0.851248 0.874324 0.848432 0.867008 0.847308 0.857438 0.846182 0.864194 0.852374 0.870384 0.854062 0.875450 0.857438 0.875450 0.865882 0.877702 0.875450 0.888396 0.883894 0.897964 0.886708 0.904156 0.886708 0.895150 0.878264 0.886144 0.873762 0.883894 0.865318 0.885018 0.858564 0.890084 0.854062 0.897964 0.854062 0.903594 0.858002
0 0.905844 0.971700 0.903030 0.965508 0.908096 0.958754 0.909784 0.944120 0.908660 0.937364 0.899654 0.932862 0.895714 0.928360 0.886144 0.932300 0.873198 0.932300 0.867008 0.930610 0.860816 0.927796 0.856314 0.927234 0.856314 0.932300 0.867008 0.935114 0.872074 0.938490 0.866444 0.949184 0.864194 0.953688 0.864194 0.958190 0.868134 0.957066 0.872074 0.962130 0.876014 0.962694 0.876014 0.953124 0.877138 0.945808 0.882204 0.939616 0.886708 0.936802 0.894024 0.937364 0.901904 0.940180 0.903594 0.946934 0.903594 0.954814 0.902468 0.960442 0.892898 0.965508 0.895150 0.972262 0.898528 0.968322
0 0.914062 0.998046 0.909222 0.995340 0.894024 0.988022 0.886708 0.982956 0.870948 0.980706 0.859128 0.983520 0.852374 0.993088 0.859128 0.993650 0.870384 0.995902 0.882204 0.997028 0.888396 0.993650 0.886718 0.998046 0.894532 0.998046 0.896276 0.996466 0.898438 0.998046
1 0.089322 0.065816 0.094024 0.072228 0.090178 0.074792 0.084194 0.078638 0.092742 0.079920 0.098724 0.079066 0.098724 0.082912 0.097870 0.090178 0.103854 0.085904 0.105990 0.089322 0.112828 0.091032 0.120094 0.089322 0.125650 0.086758 0.130778 0.083766 0.132916 0.078210 0.127360 0.078638 0.123086 0.082484 0.115820 0.083766 0.112828 0.084622 0.108554 0.080774 0.105136 0.078210 0.101716 0.076500 0.100862 0.073936 0.100434 0.070090 0.096588 0.065390
1 0.058552 0.091886 0.052996 0.097016 0.043166 0.098724 0.032480 0.100434 0.025216 0.095306 0.022652 0.090178 0.023934 0.081630 0.029062 0.074792 0.036754 0.075218 0.046158 0.078210 0.050430 0.080774 0.054704 0.087612
1 0.097442 0.136334 0.098298 0.146592 0.094878 0.153856 0.094024 0.159840 0.100434 0.157276 0.105562 0.150010 0.112400 0.150010 0.113256 0.146592 0.107272 0.144882 0.102998 0.143172 0.102998 0.138044
1 0.116248 0.172662 0.114966 0.183346 0.115392 0.188048 0.113256 0.192748 0.112400 0.197876 0.109836 0.203006 0.116248 0.200868 0.123512 0.199158 0.126504 0.197876 0.122230 0.190184 0.121804 0.184628 0.120948 0.176936
1 0.164114 0.335494 0.164968 0.344468 0.157276 0.342758 0.153002 0.345322 0.152148 0.351306 0.157276 0.355580 0.166678 0.354298 0.173516 0.352160 0.179926 0.347888 0.175654 0.342332 0.170952 0.337202 0.168814 0.330792
1 0.091032 0.332074 0.100862 0.338484 0.109410 0.339766 0.117956 0.336776 0.115820 0.326518 0.112828 0.318826 0.111118 0.326090 0.107700 0.332074 0.098724 0.329938
1 0.091886 0.362846 0.098298 0.368402 0.108982 0.372248 0.115820 0.372248 0.114538 0.361136 0.112828 0.358998 0.105562 0.358998 0.101288 0.358144 0.096588 0.358144
1 0.005128 0.436354 0.007692 0.446184 0.008120 0.452168 0.011112 0.455586 0.007266 0.459434 0.004274 0.463706 0.001282 0.469262 0.000000 0.474392 0.006838 0.470544 0.014958 0.464134 0.020086 0.461142 0.022652 0.459860 0.018378 0.454304 0.017522 0.447466 0.014104 0.440628 0.011112 0.437210
1 0.126504 0.479092 0.117956 0.480374 0.114538 0.485504 0.116248 0.494478 0.120094 0.504308 0.124794 0.511574 0.130350 0.513282 0.141890 0.513282 0.150438 0.511574 0.155566 0.506018 0.149582 0.490632 0.146592 0.482940 0.140608 0.481230 0.130778 0.481656
1 0.026070 0.562004 0.017950 0.567988 0.011112 0.572688 0.003846 0.576962 0.002136 0.584228 0.002992 0.588502 0.010258 0.589784 0.014530 0.588502 0.024360 0.585938 0.027780 0.581236 0.029490 0.576108 0.030344 0.571406 0.031198 0.566278 0.032480 0.566278
1 0.132060 0.638932 0.129496 0.644062 0.127786 0.647480 0.120522 0.647480 0.116248 0.651754 0.126932 0.652608 0.125650 0.661584 0.125222 0.664148 0.131632 0.659874 0.134624 0.653464 0.134624 0.645344
1 0.100434 0.687226 0.091886 0.688508 0.087186 0.690646 0.082484 0.690646 0.079920 0.691500 0.082912 0.685944 0.086758 0.682952 0.094450 0.684234 0.099152 0.684662
1 0.061116 0.749196 0.070946 0.748770 0.081202 0.746632 0.089750 0.745350 0.094450 0.746632 0.093596 0.755608 0.092314 0.762446 0.088040 0.763728 0.082484 0.763728 0.079920 0.762446 0.074364 0.761164 0.068808 0.761164 0.064106 0.758172 0.061116 0.755608
1 0.100434 0.778686 0.104280 0.785952 0.102572 0.794072 0.098724 0.799628 0.092742 0.802618 0.089750 0.795780 0.085904 0.794498 0.085476 0.787234 0.088894 0.784242 0.092742 0.782104 0.097442 0.778686
1 0.055986 0.926560 0.057268 0.935962 0.060260 0.940236 0.055986 0.948356 0.047866 0.947928 0.037182 0.947500 0.029490 0.948782 0.029916 0.941518 0.030772 0.936388 0.025642 0.932970 0.021368 0.932542 0.029062 0.928268 0.036754 0.926986 0.041028 0.925704 0.041456 0.930406 0.046158 0.930406 0.051286 0.928696
1 0.250872 0.033762 0.252154 0.038892 0.255146 0.044448 0.254290 0.050004 0.247880 0.053850 0.243606 0.053850 0.236340 0.053422 0.230358 0.051286 0.227366 0.047866 0.223946 0.044020 0.219674 0.039746 0.222664 0.035900 0.228220 0.032908 0.235914 0.032480 0.244888 0.033762
1 0.282498 0.521830 0.281216 0.527386 0.279078 0.532942 0.278224 0.540636 0.283352 0.536788 0.285916 0.534224 0.291900 0.535080 0.297884 0.533798 0.298310 0.531232 0.288482 0.529950 0.287626 0.526960 0.288054 0.523540
1 0.254718 0.535506 0.260702 0.536788 0.266684 0.536362 0.271814 0.533798 0.274806 0.537216 0.272240 0.544054 0.264976 0.544482 0.259846 0.550464 0.256000 0.553456 0.248308 0.552174 0.248734 0.547900 0.254718 0.546192 0.253864 0.540208
1 0.247026 0.561576 0.249162 0.566706 0.244888 0.577390 0.239332 0.571834 0.233776 0.575254 0.231212 0.576536 0.231640 0.570552 0.227794 0.566706 0.227794 0.562858 0.236768 0.562004 0.242752 0.562432
1 0.286344 0.673978 0.278652 0.679962 0.273950 0.679534 0.267968 0.673550 0.264976 0.667140 0.265402 0.665002 0.270958 0.666284 0.271814 0.670132 0.276514 0.671840 0.281644 0.671840
1 0.487212 0.217536 0.480802 0.220100 0.478666 0.223092 0.473964 0.225230 0.473536 0.229502 0.479520 0.233350 0.483366 0.236768 0.488068 0.237196 0.491914 0.230786 0.494050 0.226938 0.491914 0.219246
1 0.642778 0.276942 0.635940 0.278652 0.632950 0.286344 0.632522 0.293610 0.632522 0.298738 0.642352 0.302584 0.650044 0.300448 0.655600 0.300876 0.656028 0.291900 0.653464 0.285490 0.646626 0.280362
2 0.591066 0.422252 0.580808 0.423960 0.574398 0.425242 0.570980 0.433362 0.571834 0.436354 0.583800 0.439346 0.588930 0.436354 0.589356 0.432080 0.592776 0.430372
1 0.632094 0.441910 0.633376 0.448322 0.628248 0.452168 0.624830 0.456014 0.635086 0.455160 0.640214 0.454304 0.642778 0.451312 0.644916 0.446184 0.640214 0.446184 0.636796 0.443192
1 0.530806 0.546192 0.529950 0.537644 0.527814 0.529524 0.517984 0.524394 0.507300 0.523540 0.502598 0.526104 0.498752 0.533370 0.497898 0.538070 0.494050 0.540208 0.486786 0.541918 0.493196 0.543626 0.501744 0.542772 0.506444 0.545336 0.509436 0.547900 0.519694 0.549182 0.527814 0.547474
1 0.467980 0.937244 0.456442 0.941518 0.453022 0.948356 0.458150 0.953484 0.466272 0.956476 0.479520 0.959894 0.486358 0.953912 0.493196 0.955620 0.494906 0.950492 0.486786 0.946646 0.484222 0.939380 0.473110 0.939380
1 0.711160 0.300448 0.700048 0.306004 0.696628 0.309422 0.690646 0.311132 0.682952 0.314552 0.686800 0.310278 0.691500 0.305576 0.692782 0.300448 0.694064 0.297028 0.695774 0.300020 0.702184 0.299166 0.706886 0.297456
1 0.603460 0.449176 0.603032 0.457296 0.599614 0.459434 0.596194 0.462852 0.597904 0.467126 0.603032 0.464990 0.606452 0.464562 0.610298 0.463280 0.607306 0.459860 0.606880 0.454732
1 0.975274 0.245558 0.984550 0.244012 0.990218 0.242466 0.994856 0.246588 0.992280 0.250196 0.985580 0.250196
1 0.887666 0.296576 0.886636 0.286270 0.881482 0.276994 0.873238 0.273902 0.862930 0.273902 0.853654 0.274416 0.844894 0.275962 0.843864 0.281632 0.850048 0.287300 0.858292 0.288330 0.868600 0.290908 0.876330 0.294514 0.877360 0.298122 0.883028 0.300184
1 0.875298 0.323374 0.870660 0.329558 0.866538 0.333680 0.859324 0.334196 0.854686 0.332134 0.847986 0.329042 0.842832 0.326980 0.843348 0.320282 0.844894 0.315644 0.852108 0.315644 0.859324 0.318736 0.860354 0.317704 0.854170 0.313066 0.852108 0.308944 0.856232 0.308428 0.867568 0.309460 0.869630 0.313582 0.869630 0.318220
0 0.882514 0.425926 0.887152 0.436232 0.892304 0.440870 0.890758 0.448600 0.888182 0.452208 0.885606 0.458392 0.884574 0.462514 0.884060 0.469730 0.883544 0.474368 0.879936 0.471276 0.879422 0.461484 0.881482 0.452724 0.875814 0.448086 0.871692 0.443962 0.870660 0.439324 0.876844 0.440870 0.881998 0.443962 0.879936 0.433656
0 0.957238 0.409434 0.965482 0.415104 0.967028 0.426440 0.971152 0.424894 0.972182 0.421802 0.974758 0.417680 0.974758 0.412012 0.970636 0.405828 0.968574 0.403250 0.964968 0.407374
1 0.874268 0.613508 0.886120 0.612478 0.897974 0.610932 0.905704 0.610932 0.914980 0.616084 0.914464 0.633606 0.908280 0.629998 0.903642 0.634636 0.896944 0.640306 0.895912 0.634122 0.892304 0.631544 0.889728 0.637214 0.888698 0.639790 0.881998 0.636698 0.876844 0.633606 0.874784 0.626392 0.874784 0.621238
1 0.902096 0.719152 0.901066 0.706784 0.896944 0.699570 0.889728 0.698024 0.881482 0.698538 0.874268 0.703692 0.868600 0.708846 0.870146 0.712968 0.874268 0.716060 0.880968 0.718636 0.891790 0.718636
1 0.916526 0.841286 0.928378 0.827372 0.937654 0.828404 0.940746 0.816550 0.937654 0.812944 0.927864 0.810366 0.925286 0.806760 0.926318 0.799544 0.924256 0.795422 0.914464 0.791814 0.908280 0.791300 0.905704 0.795422 0.902612 0.798514 0.900036 0.804182 0.899520 0.812428 0.906220 0.819128 0.917042 0.822220 0.918072 0.829434
1 0.939716 0.778416 0.938686 0.784600 0.938686 0.789754 0.938686 0.793876 0.935594 0.796452 0.943324 0.800060 0.949508 0.794906 0.953630 0.788208 0.954146 0.780992 0.952600 0.778416 0.947962 0.775838
1 0.860870 0.960330 0.853654 0.967028 0.850562 0.973212 0.854170 0.981974 0.859838 0.980428 0.865508 0.977336 0.875298 0.978882 0.883544 0.979912 0.891790 0.981458 0.894882 0.982488 0.892304 0.974758 0.890758 0.970120 0.886636 0.965482 0.880968 0.958784 0.878906 0.956722 0.877876 0.964452 0.872206 0.965998 0.867568 0.961360