0 0.381384 0.377706 0.374544 0.383786 0.359344 0.384546 0.344906 0.385306 0.338826 0.387586 0.350984 0.387586 0.381384 0.387586 0.381384 0.398984 0.378344 0.411144 0.385184 0.411144 0.395064 0.389866 0.400384 0.383786 0.406462 0.388346 0.406462 0.414184 0.407222 0.420264 0.415582 0.402784 0.417102 0.377706 0.417862 0.373146 0.397344 0.372386 0.387464 0.363266 0.376824 0.356426 0.379104 0.366306
0 0.401902 0.422544 0.397344 0.434704 0.384424 0.438504 0.371504 0.447622 0.372264 0.461302 0.382144 0.450662 0.388984 0.444582 0.401142 0.448382 0.401902 0.440784 0.407982 0.442304 0.406462 0.455222 0.417102 0.440784 0.420902 0.433944 0.427742 0.437744 0.433822 0.447622 0.439142 0.440784 0.429262 0.427864 0.414822 0.429384 0.415582 0.425584 0.419382 0.418744 0.412542 0.418744
0 0.396584 0.596578 0.369224 0.600376 0.368464 0.610256 0.383664 0.604176 0.381384 0.623176 0.388984 0.613296 0.389744 0.602656 0.407222 0.614816 0.402662 0.627736 0.415582 0.617856 0.423942 0.613296 0.407222 0.602656 0.424702 0.604936 0.450542 0.605696 0.439142 0.596578 0.420902 0.598098 0.406462 0.596578 0.407222 0.589738 0.416342 0.587458 0.428502 0.577578 0.415582 0.577578 0.418622 0.567698 0.410262 0.574538 0.401902 0.582138 0.393544 0.584418
0 0.394304 0.275870 0.380624 0.281190 0.373784 0.288788 0.364664 0.299428 0.361624 0.310828 0.361624 0.319948 0.362384 0.324508 0.371504 0.315388 0.385184 0.294868 0.393544 0.288788 0.404182 0.276630 0.417102 0.273590 0.430022 0.258390 0.415582 0.262190 0.401902 0.268270 0.407222 0.249270 0.400384 0.239390 0.395064 0.255350
0 0.396468 0.672676 0.363916 0.670172 0.365584 0.679354 0.374766 0.679354 0.371428 0.693544 0.375600 0.699386 0.392294 0.686030 0.399806 0.683526 0.408154 0.685196 0.392294 0.689370 0.416500 0.691038 0.428186 0.684362 0.408154 0.671842
1 0.389790 0.703560 0.383948 0.706898 0.390624 0.712740 0.391460 0.726096 0.396468 0.711906 0.400642 0.707732
0 0.399806 0.746128 0.380608 0.749466 0.375600 0.759482 0.378104 0.784522 0.383948 0.761152 0.395634 0.754474 0.409822 0.751970 0.413162 0.770332 0.422342 0.756978 0.412326 0.744458 0.424012 0.725260 0.419004 0.721088 0.409822 0.732772
0 0.392294 0.812900 0.383948 0.821248 0.371428 0.845452 0.374766 0.858808 0.387286 0.828760 0.393964 0.821248 0.399806 0.851296 0.403146 0.862146 0.413162 0.821248 0.404814 0.808728 0.425682 0.791200 0.413996 0.785356 0.398972 0.802884 0.390624 0.801216 0.383948 0.803720
0 0.203240 0.215418 0.180262 0.224610 0.165326 0.226908 0.171070 0.238396 0.190602 0.234950 0.199794 0.228056 0.205538 0.245290 0.217026 0.253332 0.218176 0.233800 0.226218 0.217716 0.230814 0.193590 0.226218 0.174058 0.220474 0.172910 0.218176 0.187844 0.206686 0.192440 0.213580 0.203930
0 0.204388 0.361328 0.180262 0.375114 0.166476 0.385454 0.182560 0.387752 0.173368 0.414178 0.194048 0.390050 0.202090 0.372818 0.204388 0.382008 0.203240 0.400390 0.223920 0.369370 0.223920 0.355584 0.215878 0.349840 0.212432 0.341796
0 0.203240 0.299288 0.181410 0.301586 0.184858 0.318818 0.175666 0.326862 0.169922 0.330308 0.184858 0.332606 0.196346 0.344094 0.203240 0.321116 0.208984 0.311926 0.218176 0.324564 0.223920 0.336052 0.233112 0.333754 0.215878 0.311926 0.215878 0.294692
0 0.208984 0.464728 0.180262 0.481962 0.171070 0.491154 0.196346 0.490004 0.211282 0.479664 0.234260 0.491154 0.254940 0.487706 0.225068 0.479664
0 0.214728 0.509536 0.183708 0.516430 0.177964 0.538258 0.186006 0.549748 0.199794 0.524472 0.213580 0.531364 0.228516 0.539408
0 0.202090 0.579618 0.187156 0.587660 0.194048 0.592256 0.205538 0.592256 0.172220 0.598000 0.153838 0.601448 0.160730 0.609490 0.189454 0.608340 0.203240 0.610638 0.213580 0.600298 0.219324 0.589958
0 0.198644 0.632468 0.177964 0.641660 0.182560 0.648552 0.199794 0.643956 0.198644 0.658892 0.190602 0.676126 0.194048 0.681870 0.213580 0.657744 0.228516 0.645106 0.215878 0.633616
1 0.164178 0.652000 0.159582 0.671530 0.168772 0.683020 0.188304 0.672680 0.179114 0.656594
1 0.153838 0.500344 0.143498 0.516430 0.161880 0.519876 0.179114 0.500344
0 0.141200 0.477366 0.122818 0.475068 0.134306 0.498046 0.152688 0.499196 0.159582 0.477366 0.158432 0.467026
0 0.194048 0.741614 0.190602 0.720932 0.205538 0.726678 0.221622 0.737018 0.211282 0.745060 0.217026 0.751954 0.207836 0.758846 0.195198 0.759996 0.180262 0.762294 0.173368 0.761144 0.180262 0.743910
0 0.187156 0.832376 0.188304 0.851908 0.180262 0.866842 0.200942 0.855354 0.223920 0.858800 0.226218 0.846162 0.198644 0.843864
0 0.217026 0.917394 0.195198 0.910500 0.187156 0.919692 0.179114 0.932330 0.200942 0.928884 0.210134 0.936926 0.226218 0.933478 0.241154 0.913948 0.236558 0.890970 0.233112 0.903608
0 0.396254 0.874886 0.383616 0.885226 0.383616 0.896714 0.391660 0.895566 0.374426 0.919692 0.395106 0.904756 0.402000 0.900160 0.406594 0.907054 0.408892 0.923138 0.427274 0.909352 0.420382 0.902458 0.416934 0.893268 0.405446 0.892118
0 0.612566 0.008298 0.649586 0.013404 0.664906 0.004468
0 0.655970 0.024892 0.640650 0.032552 0.625332 0.033828 0.621502 0.047870 0.611290 0.056806 0.620226 0.056806 0.631714 0.065742 0.639374 0.045318 0.650862 0.044042 0.658522 0.052976
0 0.389170 0.143612 0.370022 0.137230 0.371298 0.123188 0.389170 0.111698 0.398106 0.111698 0.381510 0.125740 0.398106 0.127016 0.412148 0.133400 0.403212 0.144888 0.409594 0.160208 0.405764 0.167866 0.394276 0.164036
0 0.400650 0.207048 0.380532 0.205372 0.372150 0.200342 0.372988 0.190282 0.373826 0.178548 0.361252 0.169326 0.353708 0.169326 0.354546 0.173518 0.367120 0.181062 0.364606 0.190282 0.367958 0.203696 0.375502 0.210402 0.388914 0.216268 0.392268 0.217108 0.398136 0.217108 0.398974 0.233034 0.415740 0.235548 0.406518 0.223814 0.406518 0.217108 0.409872 0.225490 0.410710 0.209562 0.416578 0.204534 0.424960 0.197828 0.429990 0.200342 0.432504 0.195312 0.428312 0.189444 0.423284 0.189444 0.414062 0.195312 0.407356 0.202018
0 0.191654 0.126446 0.178106 0.119672 0.190526 0.115156 0.207460 0.123058 0.215364 0.119672 0.221008 0.133218 0.218750 0.153540 0.213106 0.161444 0.208590 0.135476 0.200686 0.134348 0.195042 0.151282 0.182622 0.146766
0 0.200686 0.045158 0.175848 0.069996 0.186010 0.073384 0.196170 0.062094 0.206332 0.062094 0.192784 0.074512 0.221008 0.068868 0.218750 0.053062
0 0.356484 0.522714 0.370032 0.529488 0.399386 0.523844 0.408418 0.522714 0.437770 0.519328 0.423094 0.513684 0.409546 0.511426 0.397128 0.513684 0.371162 0.514812 0.357614 0.509168
0 0.635342 0.193054 0.619536 0.200958 0.617278 0.186280 0.608246 0.204344 0.609376 0.219020 0.622922 0.212248 0.628568 0.229182 0.635342 0.207732 0.646632 0.202086 0.650018 0.209990 0.631954 0.222408 0.636470 0.229182 0.659050 0.215634 0.664694 0.208860
0 0.637600 0.273212 0.622922 0.282244 0.610504 0.289018 0.602602 0.281114 0.604860 0.298050 0.622922 0.298050 0.628568 0.287888 0.637600 0.307080 0.655662 0.311596 0.668082 0.309338 0.681630 0.307080 0.669210 0.299178 0.650018 0.300308 0.640986 0.292404 0.650018 0.284502 0.656792 0.275470 0.648890 0.272082
0 0.639858 0.359014 0.627438 0.346596 0.635342 0.338692 0.646632 0.339822 0.636470 0.326274 0.622922 0.335306 0.619536 0.351110 0.618406 0.363530 0.622922 0.371432 0.609376 0.371432 0.610504 0.380464 0.617278 0.380464 0.612762 0.390624 0.609376 0.403044 0.607118 0.412076 0.620664 0.398528 0.628568 0.374820 0.637600 0.371432 0.650018 0.378206 0.655662 0.378206 0.669210 0.378206 0.692920 0.378206 0.685016 0.372562 0.660178 0.373690
1 0.690662 0.400786 0.686146 0.412076 0.699692 0.407560 0.713240 0.404172 0.706466 0.396270 0.692920 0.389496
1 0.635342 0.528360 0.644374 0.543036 0.655662 0.544166 0.647760 0.554326 0.664694 0.546424 0.660178 0.535134 0.653404 0.530618 0.646632 0.530618
0 0.640986 0.435784 0.644374 0.445944 0.624052 0.459492 0.638728 0.466266 0.654534 0.447074 0.669210 0.443686 0.668082 0.430140 0.654534 0.432398
1 0.663566 0.454976 0.657920 0.473040 0.679372 0.475298 0.688404 0.461750 0.678242 0.461750
0 0.637600 0.592712 0.610504 0.611904 0.610504 0.626580 0.622922 0.616420 0.629696 0.628838 0.640986 0.620936 0.640986 0.610774 0.646632 0.604002 0.662436 0.601744 0.661308 0.589324
0 0.829230 0.360970 0.812868 0.359948 0.807756 0.352790 0.832298 0.349722 0.842522 0.340518 0.849680 0.343586 0.845590 0.354834 0.850704 0.372218 0.848658 0.381422 0.841500 0.359948 0.831274 0.372218 0.837410 0.379376 0.837410 0.384490 0.832298 0.386534 0.832298 0.391648 0.827184 0.394716 0.821048 0.385512 0.823094 0.394716 0.821048 0.399828 0.811846 0.391648 0.811846 0.373242
0 0.829230 0.419258 0.815936 0.426416 0.800598 0.433574 0.788326 0.442776 0.808778 0.438686 0.824116 0.437664 0.813890 0.446866 0.817982 0.456070 0.835364 0.448912 0.837410 0.431528 0.845590 0.431528 0.852748 0.431528 0.862974 0.428460 0.869110 0.436642 0.866042 0.423348 0.853772 0.422324 0.843546 0.422324
0 0.825140 0.518448 0.797530 0.524582 0.807756 0.530718 0.821048 0.534808 0.827184 0.529696 0.850704 0.536854 0.843546 0.524582 0.839456 0.512312 0.839456 0.489816 0.837410 0.483680 0.829230 0.489816 0.826162 0.502086
0 0.819004 0.596164 0.811846 0.593096 0.796506 0.593096 0.790372 0.585938 0.803664 0.584914 0.822072 0.584914 0.831274 0.577756 0.835364 0.586960 0.856840 0.594118 0.863998 0.597186 0.852748 0.604344 0.831274 0.602298
0 0.639852 0.897176 0.625610 0.917522 0.613404 0.949056 0.618490 0.955160 0.637818 0.926676 0.641886 0.918538 0.650024 0.925660 0.656128 0.924642 0.654094 0.911418 0.663248 0.917522 0.652058 0.903280
0 0.635782 0.826986 0.618490 0.843262 0.603230 0.856486 0.605266 0.861572 0.620524 0.854452 0.630696 0.847330 0.636800 0.856486 0.640870 0.875814 0.650024 0.865642 0.650024 0.846314 0.654094 0.828002
1 0.594076 0.828002 0.578816 0.826986 0.593058 0.853434 0.602214 0.850382 0.612386 0.835124 0.606282 0.830038
0 0.633748 0.743570 0.620524 0.739502 0.618490 0.759848 0.630696 0.758830 0.633748 0.761882 0.659180 0.762898 0.650024 0.744588 0.650024 0.732382
0 0.636800 0.661174 0.634766 0.670328 0.630696 0.690674 0.641886 0.678466 0.653076 0.685588 0.642904 0.698812 0.658162 0.690674 0.666300 0.687622 0.662232 0.694742 0.662232 0.707968 0.678508 0.698812 0.684612 0.683554 0.682576 0.674398 0.669352 0.683554 0.654094 0.679484 0.653076 0.666260 0.649008 0.660156
1 0.889078 0.582846 0.882976 0.590984 0.871786 0.598104 0.882976 0.604208 0.891114 0.600138 0.901286 0.604208
1 0.911458 0.523844 0.897216 0.531982 0.887044 0.545206 0.904338 0.550292 0.920614 0.544190 0.922648 0.533000
0 0.813802 0.965332 0.808716 0.981608 0.808594 0.998046 0.820312 0.998046 0.821940 0.985678 0.822958 0.980590 0.829060 0.994832 0.841268 0.987712 0.835164 0.968384
1 0.486246 0.655070 0.479126 0.661174 0.466918 0.668294 0.474040 0.670328 0.483194 0.666260 0.489298 0.676432 0.498454 0.672364
1 0.464884 0.738484 0.453694 0.743570 0.458780 0.756796 0.470988 0.751708 0.479126 0.757812
0 0.815066 0.003774 0.832050 0.001888 0.836768 0.000000 0.841486 0.015096 0.847146 0.001888
0 0.833938 0.027362 0.816010 0.026420 0.817898 0.033024 0.811292 0.039628 0.822614 0.044346 0.829220 0.066048 0.835824 0.074540 0.848090 0.083974 0.827332 0.043402 0.832994 0.038686 0.836768 0.038686 0.835824 0.051894 0.837712 0.054726 0.846204 0.042460
0 0.826388 0.116056 0.810348 0.109450 0.812236 0.116998 0.816954 0.121716 0.801856 0.128322 0.801856 0.148136 0.803744 0.164176 0.810348 0.132096 0.821672 0.133038 0.818840 0.169836 0.828276 0.157570 0.827332 0.133038 0.834880 0.133038 0.834880 0.148136 0.843372 0.129264 0.833938 0.124548
0 0.823312 0.265282 0.813246 0.281390 0.795124 0.312600 0.815258 0.302534 0.818278 0.307566 0.828346 0.288438 0.828346 0.280384 0.842442 0.284412 0.850496 0.275350
0 0.824320 0.180714 0.811232 0.184742 0.814252 0.193802 0.821300 0.204876 0.835394 0.214944 0.831366 0.204876 0.830360 0.197830 0.838414 0.187762 0.849488 0.175680 0.834388 0.170646
1 0.877630 0.000398 0.873644 0.027504 0.867268 0.031490 0.894372 0.031490 0.901546 0.021126 0.887198 0.009168
0 0.392892 0.053048 0.380600 0.063976 0.384698 0.068072 0.376502 0.088560 0.401088 0.072170 0.403818 0.065340 0.414746 0.077634 0.418842 0.061244 0.410648 0.038024
1 0.782152 0.707278 0.760298 0.712740 0.784880 0.719984 0.794092 0.720906 0.795936 0.706166
1 0.771060 0.743938 0.772904 0.756836 0.760926 0.766048 0.782116 0.762364 0.777510 0.751308
1 0.329764 0.923588 0.322394 0.938330 0.311340 0.950306 0.338978 0.941094
1 0.276330 0.981630 0.262512 0.976102 0.274488 0.995448 0.296876 0.998046 0.312260 0.989000 0.292914 0.985314
1 0.282780 0.217884 0.280936 0.235388 0.267118 0.241838 0.287386 0.243680 0.294756 0.240916
1 0.253298 0.041918 0.245006 0.052974 0.267118 0.049288
1 0.875166 0.239074 0.876088 0.251972 0.876088 0.265790 0.888064 0.254736 0.902804 0.268554 0.913860 0.276846 0.902804 0.263948 0.895434 0.251050 0.888064 0.250128
1 0.403468 0.969652 0.397940 0.984394 0.415444 0.975180 0.414524 0.965968
1 0.750236 0.666430 0.758522 0.671164 0.756156 0.690104 0.765624 0.685370 0.771544 0.669982 0.764442 0.665246
1 0.460228 0.194128 0.446022 0.208334 0.441288 0.214252 0.450758 0.215436 0.461410 0.205966 0.472064 0.207150
1 0.606486 0.234028 0.591462 0.236340 0.604174 0.246740 0.608798 0.250208 0.619198 0.251364
0 0.828316 0.916746 0.822404 0.920610 0.815356 0.924248 0.810354 0.926978 0.808534 0.930616 0.806034 0.934936 0.796030 0.930616 0.796938 0.925158 0.799894 0.917200 0.811490 0.912198 0.814674 0.910834 0.821722 0.907650 0.826498 0.908560 0.826952 0.911288 0.826724 0.913334 0.826724 0.914700
0 0.812172 0.850126 0.810126 0.842168 0.810580 0.834436 0.810808 0.826024 0.805806 0.827616 0.802622 0.829890 0.796938 0.831254 0.795120 0.828070 0.797620 0.825342 0.803760 0.823522 0.807170 0.822158 0.809672 0.819202 0.812172 0.815110 0.816720 0.811928 0.820358 0.811018 0.822176 0.813064 0.821268 0.817384 0.820358 0.820794 0.818312 0.826024 0.816492 0.829662 0.815810 0.836710 0.815356 0.841258 0.814674 0.845350
0 0.814902 0.768272 0.809672 0.768272 0.803532 0.768044 0.797620 0.767590 0.797166 0.765088 0.807852 0.761224 0.811490 0.760086 0.815128 0.758722 0.816720 0.755994 0.816720 0.754630 0.812854 0.751218 0.810808 0.748036 0.809444 0.740760 0.811036 0.736894 0.818538 0.736894 0.824224 0.737350 0.825814 0.739396 0.828088 0.745308 0.828544 0.749172 0.828544 0.751900 0.827862 0.755766 0.825132 0.758494 0.822404 0.760540 0.819448 0.762814
0 0.805352 0.677778 0.802622 0.673684 0.801940 0.666408 0.808080 0.662088 0.811490 0.660498 0.819676 0.655268 0.819222 0.653222 0.816492 0.652766 0.812172 0.650948 0.813082 0.645490 0.817630 0.643444 0.819222 0.642762 0.823996 0.639806 0.831726 0.636624 0.836956 0.635260 0.837410 0.639352 0.836956 0.642762 0.836956 0.645490 0.838320 0.649584 0.839458 0.653448 0.839684 0.657086 0.836274 0.658224 0.834910 0.653676 0.831954 0.650038 0.831500 0.656860 0.831500 0.659360 0.827634 0.660724 0.823542 0.661634 0.817856 0.664136 0.815128 0.665272 0.812400 0.665726 0.809672 0.667318 0.806944 0.668910 0.806260 0.671866