0 0.052136 0.023250 0.053692 0.024808 0.062250 0.031810 0.062250 0.052820 0.055248 0.056710 0.056026 0.068382 0.052136 0.073830 0.047466 0.086280 0.037350 0.090948 0.033460 0.109624 0.035016 0.109624 0.052136 0.097174 0.063808 0.085502 0.077036 0.066048 0.080926 0.047374 0.093376 0.047374 0.101158 0.049708 0.097268 0.059046 0.088708 0.073830 0.087930 0.079276 0.095710 0.083168 0.105826 0.069160 0.109718 0.059824 0.130728 0.062158 0.134618 0.058266 0.112830 0.052820 0.110496 0.042704 0.109718 0.026364 0.104270 0.017804 0.088708 0.020138 0.085596 0.024808 0.083260 0.038814 0.074702 0.038814 0.070810 0.039592 0.066142 0.025586 0.059916 0.013914 0.052136 0.008466
0 0.065364 0.144640 0.071588 0.160202 0.077814 0.153978 0.095478 0.138746 0.091042 0.158646 0.084038 0.164094 0.082482 0.181990 0.090264 0.194440 0.095710 0.203000 0.095710 0.213894 0.095710 0.236460 0.094154 0.241130 0.085596 0.256692 0.078592 0.263696 0.074702 0.252802 0.073144 0.238794 0.084038 0.227122 0.089486 0.212338 0.084816 0.197554 0.081704 0.191328 0.073144 0.174988 0.066920 0.174988 0.063030 0.174988 0.055248 0.176544 0.055248 0.184326 0.055248 0.197554 0.056804 0.207670 0.061472 0.220120 0.061472 0.231792 0.054470 0.219342 0.049800 0.203778 0.048244 0.187438 0.048244 0.167984 0.049800 0.163316 0.061472 0.163316 0.066142 0.168762 0.058124 0.146752
0 0.015562 0.350846 0.036572 0.346956 0.046688 0.346956 0.055248 0.346956 0.067698 0.346956 0.080926 0.349290 0.090264 0.340730 0.097268 0.329836 0.112830 0.317386 0.112052 0.331394 0.102714 0.340730 0.101158 0.347734 0.092598 0.357850 0.073924 0.361740 0.064586 0.363296 0.052914 0.367966 0.044354 0.371856 0.038906 0.378082 0.043576 0.389754 0.037350 0.386640 0.026456 0.374190 0.035016 0.358628
0 0.027706 0.467470 0.054470 0.492468 0.073924 0.494802 0.080926 0.494802 0.113608 0.478462 0.095710 0.499470 0.088708 0.510364 0.088708 0.517368 0.097268 0.523594 0.105826 0.525928 0.113090 0.544314 0.093376 0.542268 0.087930 0.524372 0.076258 0.518146 0.065364 0.509586 0.049800 0.508030 0.045910 0.509586 0.024122 0.516590 0.002334 0.511142 0.005446 0.504918 0.021010 0.504918 0.045132 0.497136 0.030374 0.474940
0 0.025678 0.640314 0.039686 0.638758 0.058360 0.640314 0.052136 0.622416 0.069254 0.633310 0.079370 0.645760 0.087152 0.649652 0.097268 0.646538 0.103492 0.644982 0.099602 0.658210 0.098046 0.662880 0.108940 0.683112 0.098046 0.680776 0.081704 0.665992 0.070032 0.658210 0.056804 0.658210 0.041242 0.655098 0.030348 0.652764
0 0.004668 0.774154 0.024900 0.775710 0.035794 0.778822 0.060694 0.776488 0.073924 0.773376 0.078592 0.775710 0.081704 0.795164 0.084272 0.802062 0.103492 0.793606 0.099602 0.772598 0.088708 0.766372 0.087930 0.759368 0.084816 0.752366 0.070810 0.753144 0.060694 0.752366 0.052136 0.750810 0.045132 0.757034 0.041242 0.753922 0.024900 0.753922 0.004668 0.764038
0 0.583686 0.148234 0.616894 0.130224 0.628714 0.125720 0.641660 0.120092 0.642786 0.111648 0.639410 0.109960 0.647852 0.110524 0.652356 0.109398 0.658546 0.099828 0.665864 0.094764 0.673180 0.093074 0.677120 0.098704 0.674306 0.103768 0.669804 0.108834 0.660236 0.111648 0.654606 0.116714 0.645038 0.125720 0.635470 0.136414 0.632092 0.142044 0.627026 0.151050 0.624212 0.160618 0.619146 0.170186 0.609578 0.180880 0.609014 0.174690 0.620272 0.153300 0.620834 0.148234 0.614080 0.146546 0.601134 0.147110 0.591566 0.148798 0.575806 0.151050 0.576368 0.150486
0 0.633780 0.219156 0.641098 0.243358 0.645038 0.259682 0.653480 0.267562 0.656858 0.281632 0.656858 0.288950 0.657984 0.321596 0.657984 0.327788 0.663050 0.335104 0.669804 0.306398 0.671492 0.282196 0.672056 0.265310 0.686690 0.278256 0.688378 0.270376 0.686126 0.256866 0.679372 0.251238 0.667552 0.246172 0.660798 0.240544 0.659110 0.235478 0.649540 0.225346 0.645600 0.219156 0.642224 0.215778
0 0.579746 0.445988 0.589878 0.436982 0.597758 0.421222 0.612954 0.412216 0.621960 0.414468 0.630966 0.417282 0.634906 0.421784 0.645600 0.431354 0.647290 0.448802 0.652918 0.447676 0.670366 0.438108 0.684438 0.427414 0.686690 0.414468 0.675432 0.406588 0.668678 0.406588 0.650666 0.410528 0.643350 0.403210 0.629278 0.397582 0.611266 0.403210 0.597194 0.410528 0.589314 0.416720 0.584248 0.426288 0.581998 0.436420
0 0.651792 0.681264 0.657420 0.688018 0.657420 0.695898 0.660236 0.706592 0.662486 0.709970 0.670366 0.716724 0.678810 0.721790 0.673180 0.727418 0.663050 0.737550 0.654044 0.744866 0.646726 0.758376 0.637720 0.762878 0.634344 0.758376 0.641660 0.747118 0.657420 0.735860 0.667552 0.727418 0.665864 0.721790 0.651230 0.724604 0.639410 0.731358 0.669240 0.755562 0.672056 0.760626 0.654044 0.751622 0.639410 0.737550 0.628152 0.727418 0.625900 0.722352 0.630404 0.711096 0.648978 0.714472 0.648978 0.707156 0.639410 0.707156 0.636594 0.704340 0.644474 0.695336 0.648414 0.688018
0 0.644474 0.822542 0.625900 0.823668 0.622524 0.833798 0.633780 0.845056 0.655170 0.852374 0.665300 0.855188 0.671492 0.860254 0.675432 0.873762 0.675996 0.887270 0.680498 0.909784 0.681060 0.914288 0.689504 0.906408 0.690630 0.877138 0.684438 0.866444 0.672618 0.857438 0.681624 0.855750 0.695132 0.865318 0.708208 0.871454 0.720758 0.868710 0.711346 0.863218 0.684438 0.849558 0.665864 0.845618 0.643350 0.838302 0.638846 0.833236 0.636594 0.828170 0.637720 0.825918
0 0.947014 0.576914 0.970076 0.552410 0.991698 0.542320 0.999626 0.752768 0.994580 0.535114 0.970796 0.543040 0.957104 0.552410 0.952780 0.556734 0.947014 0.566824
1 0.226442 0.464508 0.209194 0.478958 0.206398 0.488748 0.211058 0.513452 0.218050 0.504596 0.214322 0.489680 0.214322 0.484552 0.221780 0.475230
1 0.042358 0.862854 0.051530 0.885404 0.057264 0.885022 0.058792 0.894578 0.073316 0.901458 0.064144 0.890754 0.061850 0.882346 0.056116 0.877760 0.051530 0.869734
0 0.058792 0.924772 0.055734 0.935474 0.056882 0.953438 0.057646 0.956878 0.063762 0.940060 0.071788 0.940444 0.079432 0.946176 0.077904 0.954968 0.073698 0.963758 0.073698 0.967198 0.087076 0.966052 0.096632 0.966052 0.102748 0.972550 0.105040 0.977136 0.115742 0.982486 0.123770 0.989748 0.132178 0.990896 0.136718 0.998046 0.135618 0.984780 0.125680 0.968728 0.121858 0.962994 0.103130 0.962230 0.101600 0.956496 0.097396 0.944648 0.111538 0.940060 0.127210 0.935474 0.154728 0.924008 0.157786 0.919038 0.151288 0.919422 0.146320 0.920568 0.136764 0.921714 0.120712 0.926302 0.109246 0.930506 0.089370 0.937386 0.084018 0.932798 0.076374 0.928594 0.068730 0.928594 0.062996 0.923626
1 0.846432 0.004300 0.841372 0.013408 0.851998 0.010878 0.867178 0.004806
1 0.738840 0.031250 0.754342 0.017962 0.766486 0.015432 0.779576 0.013392 0.765474 0.008348 0.760414 0.006324 0.750800 0.006324 0.744222 0.012902 0.742198 0.022010
1 0.982142 0.139508 0.979352 0.144532 0.994978 0.142300 0.992188 0.164620 0.997768 0.161272
1 0.960380 0.258928 0.963170 0.273438 0.962612 0.279018 0.962054 0.284040 0.971540 0.284040 0.988840 0.278460 0.969866 0.275670 0.967634 0.262276 0.963170 0.253906
1 0.813616 0.146206 0.823102 0.154018 0.839844 0.170200 0.841518 0.164620 0.835938 0.155134 0.839286 0.156808 0.843192 0.156808 0.840960 0.147322 0.833148 0.149554 0.825892 0.147322 0.811942 0.140624
1 0.773438 0.160714 0.772322 0.172992 0.776228 0.183036 0.786272 0.183594 0.790736 0.179688 0.784040 0.172992 0.789620 0.171876 0.782366 0.165178
1 0.932308 0.343358 0.945500 0.341230 0.948478 0.342508 0.949754 0.346338 0.961670 0.342934 0.972308 0.354848 0.971882 0.345060 0.975286 0.343358 0.988052 0.352294 0.988902 0.345486 0.979966 0.338678 0.969754 0.339104 0.971882 0.332296 0.970180 0.329316 0.961244 0.333998 0.954010 0.328890 0.946776 0.319530 0.950606 0.335274 0.942522 0.336550 0.934436 0.338252
1 0.690958 0.379994 0.699282 0.379994 0.707608 0.383838 0.715932 0.374872 0.728740 0.362064 0.735784 0.353740 0.714652 0.355660 0.708248 0.362704 0.698002 0.369748 0.688396 0.369748
1 0.715214 0.514938 0.719964 0.527080 0.726826 0.531302 0.747414 0.515466 0.747942 0.511244 0.727882 0.520746 0.724714 0.514938 0.718908 0.510188
1 0.641312 0.597286 0.624420 0.610484 0.621252 0.622096 0.611750 0.618930 0.609638 0.632654 0.613862 0.637404 0.619140 0.628960 0.623364 0.628432 0.620724 0.635294 0.620196 0.641628 0.621252 0.646378 0.629170 0.642156 0.629698 0.626320 0.633394 0.618402 0.637616 0.611540 0.641312 0.605204
1 0.957276 0.466214 0.958684 0.472318 0.961970 0.487812 0.971830 0.494854 0.971360 0.475604 0.978872 0.471380 0.984976 0.466214 0.976056 0.468562 0.968544 0.473258 0.965256 0.469502
1 0.999340 0.671830 0.985674 0.671260 0.971438 0.672968 0.968022 0.666704 0.966882 0.661010 0.964604 0.669552 0.960050 0.669552 0.956064 0.661580 0.954924 0.667844 0.955494 0.673538 0.959480 0.676384 0.990798 0.676384 0.999908 0.676384
1 0.914312 0.768804 0.913832 0.780772 0.907130 0.792260 0.905694 0.797526 0.918142 0.789866 0.921970 0.793696 0.932982 0.794176 0.943512 0.788910 0.933938 0.787952 0.920056 0.788430 0.922928 0.783164 0.920534 0.775026
1 0.903302 0.807578 0.902822 0.823376 0.907610 0.825770 0.907130 0.830078 0.906652 0.833908 0.915268 0.835344 0.936810 0.838216 0.944948 0.841088 0.949258 0.837738 0.917662 0.827684 0.911440 0.819068 0.911440 0.807100 0.909524 0.802314
1 0.997962 0.771400 0.979960 0.769702 0.970448 0.769702 0.968070 0.773778 0.970448 0.781250 0.973506 0.776154 0.984714 0.775476
1 0.787824 0.827922 0.795668 0.838510 0.801942 0.848316 0.805080 0.855766 0.804296 0.876946 0.805864 0.881260 0.808218 0.883612 0.810570 0.873024 0.810178 0.855374 0.815276 0.854982 0.819984 0.854982 0.824690 0.859296 0.837632 0.853806 0.819198 0.851452 0.817630 0.849884 0.826258 0.848708 0.828220 0.843608 0.820768 0.845178 0.813708 0.849100 0.810178 0.843608 0.804688 0.836550 0.797236 0.831842
1 0.728348 0.882004 0.729076 0.896214 0.723976 0.898402 0.720332 0.899494 0.720696 0.907146 0.723976 0.905688 0.727254 0.914070 0.733450 0.905688 0.740738 0.910062 0.752034 0.911520 0.758228 0.911154 0.750212 0.905324 0.737094 0.898766 0.734542 0.890020 0.733086 0.883826
1 0.817258 0.871436 0.817988 0.882732 0.814708 0.884190 0.814708 0.875080 0.811428 0.881640 0.812158 0.887834 0.815802 0.891842 0.810700 0.899858 0.804506 0.907876 0.801954 0.901680 0.803048 0.894392 0.800132 0.894392 0.797582 0.899494 0.795396 0.906054 0.795032 0.910062 0.799040 0.907876 0.800498 0.910062 0.800132 0.919172 0.804140 0.917714 0.812158 0.908968 0.821996 0.900224 0.821996 0.897672 0.826368 0.899494 0.835478 0.904596 0.830376 0.895850 0.827462 0.887106 0.824182 0.883826 0.821996 0.874352
1 0.834058 0.892858 0.843162 0.892858 0.851092 0.894326 0.856086 0.892858 0.869596 0.894914 0.868714 0.902844 0.869008 0.915472 0.869302 0.917234 0.876938 0.913710 0.877820 0.893150 0.879582 0.890802 0.883400 0.889626 0.885456 0.894620 0.899554 0.890508 0.909246 0.887864 0.905134 0.886102 0.885162 0.881990 0.883988 0.885514 0.876644 0.882284 0.872532 0.880522 0.865778 0.878466 0.856672 0.874942 0.855792 0.879934 0.860784 0.881402 0.866952 0.884634 0.868128 0.886984 0.861372 0.887276 0.855792 0.887570 0.845218 0.887864 0.834646 0.884928
1 0.771948 0.960054 0.764954 0.962292 0.763554 0.966768 0.768032 0.967608 0.771390 0.967888 0.771670 0.975724 0.767192 0.981880 0.765792 0.992232 0.766072 0.993072 0.771110 0.986356 0.777266 0.984958 0.780624 0.983558 0.784540 0.989994 0.789298 0.993072 0.794614 0.995030 0.804688 0.996430 0.806926 0.996430 0.814454 0.998046 0.823994 0.996430 0.816440 0.992232 0.810004 0.991952 0.792656 0.991952 0.787898 0.977122 0.790416 0.968168 0.792936 0.955576 0.785380 0.960612 0.781742 0.966210 0.778944 0.960892
1 0.563954 0.996246 0.550328 0.990188 0.571524 0.990188 0.586664 0.985646 0.585938 0.998046