0 0.183576 0.824000 0.160106 0.837412 0.154238 0.847472 0.155076 0.853340 0.152562 0.863398 0.152562 0.867590 0.161782 0.862560 0.164298 0.875134 0.171842 0.862560 0.180224 0.859208 0.183576 0.844118 0.188606 0.832384 0.203696 0.822324 0.217946 0.813104 0.221298 0.802206 0.204534 0.809750 0.198666 0.813104 0.193636 0.792986 0.191122 0.803044 0.191122 0.814780
0 0.186930 0.709998 0.175194 0.704970 0.169326 0.720058 0.169326 0.734308 0.183576 0.720896 0.191960 0.736822 0.213754 0.744366 0.220460 0.741852 0.217108 0.733470 0.212916 0.720896 0.211240 0.730954 0.212078 0.736822 0.200342 0.726764 0.191122 0.720896
0 0.194474 0.580070 0.176870 0.585938 0.169326 0.596834 0.168488 0.585100 0.155076 0.605218 0.147532 0.615276 0.136634 0.634556 0.128252 0.644616 0.137474 0.632880 0.162620 0.614438 0.173518 0.601026 0.182738 0.594320 0.191122 0.599350 0.181900 0.611924 0.202856 0.597674 0.217108 0.598512 0.228004 0.605218 0.227166 0.611086 0.215430 0.619468 0.210402 0.623658 0.232196 0.618630 0.242254 0.606056 0.246446 0.601864 0.246446 0.593482 0.233034 0.594320 0.219622 0.587614 0.221298 0.584260 0.230520 0.582584 0.232196 0.577554 0.218784 0.578394 0.210402 0.584260 0.207886 0.592644 0.202018 0.592644
0 0.155914 0.011736 0.153400 0.027662 0.162620 0.034368 0.170164 0.034368 0.165974 0.016766
0 0.166812 0.912856 0.179386 0.923752 0.186092 0.932974 0.193636 0.938002 0.196150 0.948900 0.187768 0.946386 0.183576 0.962312 0.183576 0.969856 0.192798 0.978240 0.213754 0.986622 0.207032 0.998046 0.201172 0.998046 0.199504 0.993328 0.183576 0.981592 0.169326 0.972372 0.162620 0.971532 0.170164 0.958120 0.171842 0.945548 0.164298 0.939680 0.156752 0.927106 0.159268 0.920400 0.161782 0.924590
0 0.438406 0.000838 0.441758 0.013412 0.457686 0.016766 0.445112 0.006706 0.456008 0.015926 0.444274 0.035206 0.452656 0.036884 0.469420 0.026824 0.471936 0.016766 0.488700 0.028500 0.489538 0.018442 0.484510 0.013412 0.482832 0.000838 0.478642 0.005030
0 0.465230 0.115678 0.444274 0.110650 0.424156 0.103944 0.411582 0.092208 0.409066 0.082986 0.409066 0.072090 0.409066 0.066222 0.400684 0.077958 0.403198 0.097238 0.410744 0.105620 0.425832 0.111488 0.444274 0.119870 0.446788 0.125738 0.447626 0.133282 0.454332 0.137474 0.457686 0.145856 0.459362 0.154238 0.466906 0.160944 0.464392 0.149208 0.470258 0.150886 0.477804 0.155914 0.481994 0.145018 0.489538 0.137474 0.490376 0.124900 0.481156 0.114002 0.483670 0.109810 0.496244 0.093884 0.501274 0.089692 0.511334 0.084664 0.515524 0.068736 0.497922 0.080472 0.487024 0.093046 0.480318 0.098914 0.475288 0.107296
1 0.494568 0.148370 0.484510 0.154238 0.492054 0.162620 0.487862 0.173518 0.501274 0.160106 0.507980 0.173518 0.514686 0.164298 0.503788 0.153400
1 0.399846 0.240578 0.395654 0.252314 0.413258 0.243932 0.421640 0.237226 0.414096 0.232196 0.402360 0.229680
0 0.437568 0.233034 0.450980 0.245608 0.460200 0.257344 0.463552 0.238064 0.471936 0.218784 0.487024 0.211240 0.478642 0.233872 0.477804 0.243932 0.474450 0.257344 0.480318 0.270756 0.480318 0.284168 0.478642 0.295902 0.471936 0.299256 0.471936 0.309314 0.480318 0.321050 0.486186 0.321888 0.483670 0.333624 0.474450 0.327756 0.462714 0.319374 0.456008 0.309314 0.457686 0.294226 0.452656 0.285844 0.440920 0.291712 0.437568 0.299256 0.434214 0.294226 0.440082 0.284168 0.444274 0.274108 0.440920 0.266564 0.437568 0.256504 0.435052 0.247284 0.430862 0.239740
0 0.480318 0.360448 0.471936 0.366316 0.467744 0.360448 0.462714 0.377212 0.449302 0.388110 0.443434 0.396492 0.434214 0.402360 0.424994 0.402360 0.420802 0.411582 0.406552 0.413258 0.404876 0.422478 0.421640 0.419964 0.434214 0.412420 0.446788 0.409904 0.436728 0.423316 0.450980 0.416610 0.452656 0.431700 0.461038 0.437568 0.469420 0.447626 0.476964 0.445112 0.488700 0.444274 0.481156 0.438406 0.463552 0.435052 0.464392 0.418288 0.473612 0.404876 0.464392 0.393140 0.475288 0.384758 0.481156 0.373860 0.489538 0.371346
1 0.557436 0.286682 0.569172 0.297580 0.555760 0.314344 0.551570 0.332786 0.568334 0.306800 0.575878 0.299256 0.590128 0.299256 0.593482 0.290874 0.584260 0.293388 0.570848 0.290874
2 0.587614 0.329432 0.599350 0.334462 0.601864 0.312668 0.609408 0.336976 0.624498 0.342006 0.606894 0.343682 0.609408 0.355418 0.601026 0.344522 0.595996 0.341168 0.591806 0.339492 0.585938 0.342844
1 0.578394 0.525584 0.574202 0.528936 0.577554 0.535642 0.566658 0.533966 0.562466 0.525584 0.564982 0.542348 0.559952 0.547378 0.565820 0.551570 0.568334 0.570010 0.571688 0.557436 0.570848 0.546540 0.584260 0.538996 0.585938 0.534804 0.594320 0.538158 0.592644 0.528098 0.586776 0.527260 0.588452 0.517200
0 0.476964 0.570010 0.473612 0.597674 0.466906 0.609408 0.461038 0.617792 0.450140 0.626174 0.438406 0.630364 0.428346 0.624498 0.414096 0.632042 0.416610 0.642100 0.435052 0.651322 0.440082 0.667248 0.452656 0.648806 0.462714 0.646292 0.466906 0.627850 0.474450 0.614438 0.482832 0.605218 0.494568 0.594320 0.500436 0.585938 0.493730 0.585938 0.484510 0.593482
0 0.466906 0.728440 0.445112 0.727602 0.442596 0.733470 0.460200 0.735984 0.467744 0.741852 0.448464 0.751072 0.443434 0.756940 0.431700 0.769514 0.425832 0.762808 0.419964 0.776220 0.415772 0.783764 0.405714 0.783764 0.419126 0.791310 0.424994 0.810588 0.433376 0.807236 0.441758 0.788794 0.445950 0.798016 0.451818 0.787118 0.450980 0.769514 0.462714 0.763646 0.466906 0.751912 0.473612 0.747720 0.480318 0.747720 0.477804 0.740176 0.476126 0.725926 0.473612 0.711676 0.469420 0.710836 0.467744 0.712514
1 0.528098 0.716704 0.538996 0.725926 0.536480 0.735984 0.526422 0.746044 0.540672 0.737660 0.544024 0.726764 0.544024 0.719220 0.539834 0.716704
0 0.462714 0.854178 0.451818 0.860046 0.437568 0.865076 0.426670 0.866752 0.429184 0.872620 0.420802 0.885194 0.418288 0.894414 0.409904 0.901958 0.408228 0.912018 0.394816 0.917046 0.400684 0.919562 0.422478 0.911178 0.438406 0.893576 0.436728 0.902796 0.445950 0.896928 0.450980 0.885194 0.462714 0.881002 0.473612 0.873458 0.473612 0.863398 0.470258 0.859208
0 0.438406 0.979916 0.450140 0.977400 0.465230 0.965666 0.466906 0.976562 0.458524 0.987460 0.474450 0.991652 0.477804 0.996680 0.466796 0.998046 0.445312 0.998046 0.430862 0.992490 0.422478 0.992490
0 0.274108 0.636232 0.283328 0.647130 0.274946 0.667248 0.289196 0.672278 0.295902 0.681498 0.302608 0.685690 0.304286 0.672278 0.314344 0.659704 0.311830 0.655512 0.299256 0.665572 0.292550 0.661380 0.288358 0.652160 0.286682 0.639586 0.282490 0.633718
0 0.130768 0.133282 0.157592 0.119870 0.176032 0.117356 0.188606 0.107296 0.198666 0.116516 0.175194 0.128252 0.145856 0.138312 0.141664 0.141664 0.157592 0.151724 0.143340 0.160106 0.134120 0.167650 0.136634 0.146694 0.124900 0.149208
1 0.001676 0.477804 0.010898 0.474450 0.029338 0.473612 0.029338 0.464392 0.014250 0.467744 0.004192 0.464392 0.004192 0.472774
1 0.362962 0.930458 0.372184 0.942194 0.374698 0.955606 0.380566 0.943032 0.383918 0.968180 0.393140 0.943032 0.384758 0.934650
1 0.266564 0.847472 0.280814 0.865076 0.277462 0.879326 0.287520 0.865914 0.289196 0.846634 0.274946 0.846634
1 0.338654 0.939680 0.335300 0.959798 0.347036 0.956444 0.351228 0.952254 0.351228 0.948062 0.348712 0.943032
0 0.944816 0.046240 0.940674 0.063494 0.951718 0.071086 0.951026 0.081438 0.955858 0.091100 0.956548 0.106284 0.968280 0.108354 0.974492 0.110424 0.988296 0.117326 0.993816 0.120086 0.993126 0.135270 0.993126 0.147002 0.998046 0.136718 0.998046 0.115234 0.986914 0.106284 0.985534 0.091100 0.981394 0.080058 0.977252 0.092480 0.977942 0.099382 0.968970 0.090410 0.969660 0.082818 0.963450 0.084198 0.964140 0.078678 0.971732 0.076606 0.966900 0.069706 0.962760 0.064874 0.955858 0.060044 0.951026 0.051762
2 0.881322 0.066944 0.865448 0.070396 0.849574 0.080058 0.866828 0.078678 0.875800 0.078678 0.870280 0.086958 0.882012 0.083508 0.886152 0.086958 0.893744 0.090410 0.904096 0.095930 0.899956 0.083508 0.893054 0.077986 0.892364 0.073156
0 0.901336 0.169086 0.915140 0.163566 0.927562 0.164256 0.942054 0.164256 0.964140 0.157354 0.957928 0.142862 0.953098 0.136650 0.957238 0.134580 0.973112 0.133198 0.982084 0.137340 0.975182 0.149072 0.981394 0.158044 0.979324 0.165636 0.983464 0.178058 0.984154 0.183580 0.966210 0.169776 0.944816 0.177368 0.946196 0.186340 0.964140 0.193242 0.984154 0.196692 0.987604 0.202904 0.988296 0.207046 0.981394 0.213256 0.975182 0.206354 0.954478 0.204974 0.943436 0.194622 0.939294 0.186340 0.937224 0.175298 0.935844 0.175298 0.926182 0.173228 0.910308 0.173228
1 0.862688 0.245694 0.868900 0.267778 0.879252 0.274680 0.881322 0.283652 0.867518 0.297454 0.864758 0.302286 0.874420 0.303666 0.880632 0.294004 0.890294 0.292624 0.891674 0.284342 0.888224 0.273990 0.881322 0.272610 0.876490 0.264328 0.873040 0.258806 0.872350 0.243624
2 0.928252 0.298144 0.937224 0.310568 0.937914 0.321610 0.946886 0.316088 0.960690 0.318160 0.963450 0.307116 0.950336 0.310568 0.953788 0.304356 0.948266 0.297454 0.944816 0.307116 0.939984 0.301596
0 0.973112 0.387864 0.973112 0.397526 0.973112 0.402358 0.962760 0.412020 0.959998 0.420992 0.950336 0.431344 0.946196 0.440316 0.942054 0.447218 0.938604 0.451358 0.926872 0.455500 0.929632 0.468612 0.928942 0.481034 0.932392 0.490006 0.929632 0.495528 0.922040 0.510020 0.937914 0.516232 0.933774 0.510712 0.935154 0.500358 0.936534 0.492078 0.937914 0.512092 0.944816 0.509330 0.943436 0.494148 0.946196 0.483106 0.954478 0.455500 0.969660 0.438246 0.970352 0.429964 0.975872 0.426512 0.973802 0.440316 0.984844 0.427894 0.988986 0.426512 0.991746 0.436866 0.997268 0.430654 0.991746 0.423062 0.991746 0.414780 0.991746 0.409950 0.997268 0.416850 0.998046 0.410156 0.998046 0.402344 0.984844 0.402358 0.984154 0.412020 0.980014 0.414090 0.974492 0.405808 0.980014 0.407188 0.983464 0.398906
0 0.940674 0.554880 0.913068 0.561782 0.897196 0.575586 0.877180 0.583868 0.875800 0.594220 0.902026 0.581106 0.917210 0.576276 0.939984 0.579726 0.947576 0.565232 0.958618 0.561092 0.964140 0.556262 0.975182 0.558332 0.989676 0.572824 0.995886 0.581106 0.986914 0.595600 0.975872 0.608712 0.967590 0.605262 0.964830 0.611474 0.979324 0.616304 0.992436 0.599740 0.996576 0.591458 0.998046 0.580078 0.997958 0.566614 0.995196 0.560402 0.986914 0.552810 0.979324 0.548670 0.982084 0.539698 0.980014 0.526584 0.968970 0.516232 0.962070 0.516232 0.955858 0.514162 0.959308 0.524514 0.966210 0.529346 0.975182 0.539008 0.966900 0.541768 0.975182 0.549360 0.965520 0.552810 0.957238 0.554190 0.959998 0.547980 0.948956 0.554190 0.951718 0.559712 0.947576 0.557642
0 0.926872 0.690840 0.904096 0.686010 0.879252 0.676348 0.875800 0.686700 0.898576 0.690840 0.910998 0.708784 0.919970 0.710164 0.922730 0.716376 0.914448 0.725348 0.899956 0.734320 0.895814 0.737770 0.926872 0.721898 0.933084 0.721898 0.941364 0.726728 0.939984 0.710164 0.924802 0.710854 0.922040 0.700502 0.939294 0.700502 0.956548 0.702572 0.946886 0.716376 0.951718 0.721898 0.957928 0.708094 0.960690 0.701192 0.980704 0.701192 0.993126 0.697742 0.987604 0.694292 0.958618 0.692220 0.954478 0.695672 0.945506 0.697052 0.931702 0.696362
0 0.926972 0.790642 0.910308 0.808166 0.893054 0.810236 0.877180 0.824040 0.886842 0.826110 0.909618 0.819898 0.931702 0.810926 0.939294 0.809546 0.945506 0.807476 0.955858 0.807476 0.976562 0.805406 0.985956 0.806224 0.976562 0.805406 0.981394 0.805406 0.971042 0.801264 0.962070 0.795744 0.957928 0.795054 0.956548 0.801264 0.950336 0.797814 0.946196 0.793672 0.941364 0.796434 0.935844 0.803334
0 0.937224 0.882012 0.933774 0.903406 0.934464 0.914448 0.925492 0.924112 0.919970 0.931702 0.915140 0.944126 0.904096 0.959998 0.925492 0.939294 0.930322 0.931012 0.940674 0.924802 0.950336 0.929632 0.955858 0.937914 0.944816 0.935154 0.946886 0.941364 0.972422 0.943436 0.969660 0.933774 0.968280 0.932392 0.963450 0.926182 0.955858 0.917900 0.955858 0.899956 0.948956 0.909618 0.945506 0.921350 0.941364 0.917210 0.948266 0.904786 0.948266 0.891674 0.946886 0.883392
1 0.964830 0.828180 0.981394 0.824730 0.969660 0.848194 0.991746 0.851646 0.997268 0.835772 0.983464 0.837842 0.987604 0.819898 0.978632 0.815758
1 0.146484 0.385454 0.136144 0.393498 0.139590 0.410730 0.156824 0.403838 0.162568 0.401540 0.166016 0.391200
1 0.516430 0.560088 0.526770 0.560088 0.549748 0.555492 0.541704 0.562386 0.549748 0.571576 0.533662 0.566980
1 0.472772 0.623276 0.480814 0.637064 0.484260 0.618682 0.490004 0.619830 0.493452 0.622128 0.493452 0.635914 0.494600 0.647404 0.506090 0.639362 0.504940 0.616384 0.511834 0.614086 0.517578 0.612936 0.509536 0.603746 0.502642 0.612936 0.498046 0.604894 0.488856 0.614086 0.483112 0.610638
1 0.549074 0.083920 0.534846 0.105908 0.559422 0.095560 0.572356 0.095560 0.576236 0.081332