0 0.205538 0.008616 0.205538 0.031594 0.208984 0.041934 0.220474 0.048828 0.231962 0.036190 0.238856 0.023552 0.242302 0.015510 0.237706 0.004022
0 0.219324 0.082146 0.212432 0.102826 0.211282 0.118910 0.190602 0.120060 0.210134 0.148782 0.199794 0.149932 0.188304 0.152228 0.210134 0.163718 0.234260 0.156824 0.237706 0.148782 0.236558 0.126954 0.231962 0.114316 0.229664 0.102826 0.237706 0.093636
0 0.203240 0.199334 0.196346 0.220014 0.203240 0.278608 0.212432 0.302734 0.220474 0.328010 0.235410 0.337202 0.241154 0.321116 0.233112 0.296990 0.229664 0.272864 0.229664 0.263672 0.219324 0.249886 0.215878 0.218864 0.215878 0.199334
0 0.195198 0.517578 0.222772 0.554342 0.192900 0.552046 0.183708 0.560088 0.205538 0.568130 0.202090 0.586512 0.219324 0.578470 0.229664 0.571576 0.251494 0.569278 0.241154 0.564682 0.234260 0.553194 0.249196 0.545152 0.257238 0.531364 0.279068 0.522174 0.303194 0.515280 0.288258 0.509536 0.264132 0.510684 0.250344 0.517578 0.236558 0.527918 0.228516 0.535960 0.220474 0.521024
1 0.299202 0.509516 0.292968 0.523022 0.282580 0.519906 0.279464 0.530294 0.288814 0.537566 0.296086 0.550034 0.299202 0.547956 0.301280 0.537566 0.322058 0.530294 0.315824 0.526138 0.303358 0.527178
0 0.182846 0.639378 0.222324 0.673662 0.174534 0.696518 0.173496 0.702750 0.209858 0.694440 0.236868 0.680934 0.246218 0.680934 0.261802 0.710024 0.266996 0.712102 0.271152 0.696518 0.262840 0.676778 0.252452 0.669506 0.233752 0.666390 0.227518 0.649768 0.187002 0.627950
0 0.215052 0.791058 0.189080 0.812874 0.185962 0.820146 0.208818 0.820146 0.225440 0.829496 0.245180 0.835730 0.271152 0.834690 0.273230 0.820146 0.272190 0.811836 0.257646 0.806640 0.242062 0.806640 0.237908 0.811836 0.230634 0.807680 0.227518 0.794174
0 0.200506 0.945852 0.205702 0.957280 0.191156 0.961436 0.181806 0.968708 0.176612 0.982214 0.172456 0.992604 0.191156 0.983252 0.214012 0.987408 0.230634 0.990526 0.250374 0.993642 0.269074 0.988448 0.283618 0.982214 0.290890 0.977020 0.295046 0.963514 0.281540 0.969748 0.265958 0.970786 0.241024 0.969748 0.231674 0.968708 0.229596 0.952086 0.261802 0.954164 0.258686 0.942736 0.249336 0.935464 0.233752 0.942736 0.212974 0.939620
0 0.529838 0.028508 0.546460 0.060714 0.561004 0.080452 0.575548 0.082530 0.564120 0.056558 0.552692 0.046168 0.546460 0.024352 0.538148 0.006690
0 0.531914 0.173952 0.545420 0.193692 0.542304 0.221742 0.536070 0.202002 0.516332 0.185380 0.510098 0.181226 0.511136 0.210314 0.525682 0.237326 0.538148 0.249792 0.542304 0.259142 0.552692 0.257064 0.559966 0.238364 0.562042 0.203042 0.556848 0.185380 0.544382 0.168758
0 0.521526 0.412898 0.539188 0.412898 0.562042 0.393160 0.577626 0.389004 0.594248 0.386926 0.598404 0.399394 0.582820 0.404588 0.597366 0.410822 0.577626 0.413938 0.566198 0.412898 0.552692 0.426404 0.539188 0.430560 0.527760 0.433676 0.522564 0.423288
0 0.504904 0.484582 0.519448 0.503282 0.529838 0.520944 0.528798 0.534450 0.502826 0.541722 0.483086 0.555228 0.510098 0.553150 0.526720 0.551072 0.523604 0.573928 0.542304 0.558344 0.553732 0.528216 0.555810 0.509516 0.566198 0.494972 0.575548 0.484582 0.575548 0.472116 0.565160 0.475232 0.544382 0.494972 0.537110 0.502244
0 0.517370 0.611328 0.529838 0.669506 0.544382 0.686128 0.555810 0.719374 0.566198 0.715218 0.555810 0.697556 0.574510 0.690284 0.593210 0.681974 0.604638 0.658078 0.610872 0.632106 0.606716 0.625872 0.596326 0.626912 0.590094 0.663272 0.577626 0.678856 0.559966 0.681974 0.545420 0.657040 0.540226 0.639378 0.532954 0.621718
0 0.515292 0.831574 0.512176 0.852352 0.533992 0.845080 0.551654 0.835730 0.543342 0.828458
0 0.576588 0.890792 0.561004 0.904296 0.544382 0.921958 0.533992 0.941698 0.548538 0.972864 0.565160 0.992604 0.576172 0.998046 0.594248 0.997798 0.586976 0.986370 0.572432 0.969748 0.572432 0.953124 0.571392 0.933386 0.564120 0.954164 0.552692 0.948970 0.557888 0.931308 0.566198 0.917802
1 0.357886 0.116926 0.348088 0.130644 0.331756 0.129990 0.332410 0.134564 0.339596 0.138482 0.337636 0.145014 0.346128 0.145014 0.359192 0.148280 0.368338 0.149588 0.369644 0.145014 0.361152 0.141748 0.359846 0.131298
1 0.112276 0.725074 0.109010 0.731606 0.117502 0.746630 0.127300 0.760346 0.132526 0.774064 0.142324 0.778638 0.147550 0.766880 0.137098 0.734872 0.130566 0.724420
1 0.107050 0.798886 0.093332 0.808686 0.091372 0.819790 0.093332 0.834814 0.098558 0.844612 0.110968 0.843306 0.119460 0.828282 0.120114 0.816524 0.120114 0.809992
1 0.640624 0.015624 0.641494 0.088542 0.618924 0.080730 0.595486 0.064236 0.588542 0.057292 0.597222 0.083334 0.624132 0.101562 0.622396 0.108506 0.584202 0.091146 0.567708 0.090278 0.605902 0.117188 0.636284 0.125000 0.671876 0.121528 0.677952 0.092014 0.677084 0.062500 0.659722 0.096354 0.652778 0.082466 0.653646 0.053820 0.651042 0.038194 0.651042 0.021702
2 0.555556 0.092014 0.550348 0.107638 0.551216 0.122396 0.558160 0.128472 0.567708 0.110244 0.570312 0.103298
2 0.986320 0.161114 0.972642 0.159594 0.975680 0.170994 0.987840 0.176314
1 0.652354 0.970836 0.648418 0.981168 0.643990 0.986088 0.630706 0.982644 0.625788 0.975264 0.620868 0.973296 0.616932 0.979200 0.622344 0.988054 0.629722 0.997402 0.678428 0.997894 0.684332 0.984612 0.687284 0.979692 0.680396 0.978216 0.673016 0.983628 0.658750 0.983136 0.653830 0.978708