0 0.071686 0.411654 0.053112 0.400396 0.049734 0.389140 0.055362 0.384074 0.059302 0.371690 0.070560 0.366624 0.075626 0.363810 0.082944 0.362684 0.083506 0.368876 0.073938 0.376756 0.066942 0.384168 0.072612 0.388262 0.084582 0.384798 0.090884 0.381962 0.098444 0.380072 0.105060 0.379442 0.099074 0.386058 0.096238 0.391728 0.091198 0.398028 0.095294 0.398658 0.089938 0.404328 0.090568 0.409998 0.094664 0.414410 0.094034 0.418190 0.075448 0.413148
0 0.012388 0.465016 0.016520 0.472594 0.014110 0.480516 0.008942 0.480516 0.010664 0.493952 0.019276 0.494640 0.030988 0.489474 0.028232 0.480172 0.035122 0.482928 0.045112 0.490506 0.070258 0.487406 0.085758 0.487062 0.091958 0.484650 0.098848 0.478794 0.108838 0.473284 0.109872 0.467082 0.101948 0.468806 0.092304 0.470182 0.086792 0.463982 0.085414 0.468806 0.080936 0.475694 0.067158 0.476728 0.048900 0.477416 0.044422 0.469838 0.042700 0.467772 0.039256 0.468460 0.036844 0.472250 0.029610 0.472594 0.025476 0.468116 0.018242 0.465360
0 0.031840 0.568818 0.042896 0.561448 0.049738 0.552498 0.056582 0.551972 0.065006 0.560394 0.067112 0.570396 0.067638 0.576188 0.066058 0.582506 0.064480 0.589348 0.063952 0.601984 0.071324 0.597772 0.072376 0.589876 0.075534 0.583032 0.085538 0.572502 0.094488 0.561448 0.103964 0.550392 0.106068 0.542494 0.097120 0.553550 0.086064 0.566712 0.077114 0.565658 0.069744 0.555656 0.059742 0.547232 0.051318 0.547232 0.038684 0.553024 0.034472 0.559868
0 0.457246 0.941304 0.465688 0.953124 0.464562 0.959316 0.457808 0.962694 0.447676 0.973950 0.442610 0.973388 0.436982 0.972826 0.439234 0.982394 0.447114 0.988586 0.452742 0.989148 0.458370 0.982956 0.465126 0.975640 0.471316 0.965508 0.483700 0.966070 0.479196 0.959316 0.474694 0.953688 0.469066 0.945244
0 0.446030 0.716600 0.445964 0.752604 0.444010 0.764974 0.445312 0.779948 0.443360 0.789062 0.435546 0.800782 0.430990 0.812500 0.425130 0.830078 0.438152 0.814454 0.446614 0.804036 0.455730 0.800782 0.462240 0.797526 0.476562 0.789062 0.457682 0.788412 0.457032 0.784506 0.462890 0.778646 0.462240 0.769532 0.466796 0.764322 0.453124 0.763672 0.456380 0.754558 0.458334 0.738932 0.454428 0.727864
0 0.422526 0.628906 0.434896 0.634114 0.437500 0.644532 0.442058 0.658204 0.442058 0.665364 0.442708 0.680338 0.430338 0.686848 0.425130 0.697266 0.421876 0.703124 0.422526 0.706380 0.436848 0.699218 0.442708 0.692708 0.447266 0.701822 0.451822 0.710286 0.456380 0.706380 0.450520 0.692708 0.445312 0.682292 0.451822 0.687500 0.464192 0.693360 0.464192 0.689454 0.451822 0.680990 0.466146 0.675782 0.509766 0.647136 0.497396 0.647136 0.479166 0.654296 0.462890 0.657552 0.461588 0.664714 0.452474 0.668620 0.447916 0.659506 0.447266 0.645182 0.443360 0.638020 0.434244 0.629558
0 0.422288 0.528554 0.440726 0.540364 0.442426 0.537534 0.453182 0.545460 0.465070 0.546026 0.484318 0.548290 0.488848 0.543196 0.493942 0.534704 0.498472 0.518286 0.504132 0.514890 0.516588 0.513190 0.513190 0.505832 0.503000 0.506398 0.494508 0.512058 0.479790 0.517154 0.475260 0.521116 0.470732 0.527344 0.468466 0.532438 0.462806 0.535836 0.450918 0.534138 0.442426 0.532438 0.436064 0.522650
0 0.467900 0.384680 0.458276 0.393172 0.444124 0.399966 0.438462 0.409024 0.439028 0.416950 0.436198 0.419780 0.430536 0.419214 0.429970 0.423178 0.435066 0.432236 0.452616 0.440726 0.462240 0.441860 0.470732 0.445822 0.482054 0.450918 0.487716 0.451484 0.501868 0.453182 0.517154 0.450918 0.512624 0.446954 0.500170 0.445822 0.496206 0.450350 0.480922 0.436764 0.472430 0.436764 0.475260 0.424310 0.473562 0.413552 0.468466 0.412986 0.465636 0.423744 0.459976 0.428838 0.450350 0.427706 0.450350 0.412986 0.455446 0.411854 0.472430 0.407892 0.468466 0.405628 0.450350 0.407326 0.453182 0.402796 0.463938 0.396570 0.469600 0.394870 0.478092 0.390342 0.473562 0.387512
0 0.405628 0.341656 0.426574 0.341090 0.435632 0.351280 0.445256 0.364300 0.447520 0.360338 0.465636 0.363168 0.471298 0.362602 0.479224 0.373924 0.484884 0.377322 0.482054 0.360904 0.496206 0.340524 0.500736 0.331466 0.499604 0.330332 0.488282 0.334296 0.480356 0.343354 0.467900 0.347882 0.463372 0.343920 0.474128 0.333730 0.482054 0.321842 0.465070 0.325804 0.462240 0.333164 0.450350 0.340524 0.446388 0.340524 0.436764 0.341090 0.432236 0.339390 0.423178 0.337692 0.410156 0.337126
0 0.424056 0.272148 0.434614 0.261004 0.445172 0.263350 0.450450 0.259244 0.453384 0.259830 0.457582 0.264688 0.457582 0.267104 0.450814 0.278708 0.451782 0.281608 0.459516 0.277256 0.464834 0.257436 0.459516 0.253568 0.474986 0.247766 0.479338 0.238580 0.466284 0.221176 0.455166 0.222144 0.460000 0.229396 0.450330 0.235196 0.446464 0.238098 0.442112 0.242932 0.439694 0.249216 0.428092 0.240032 0.415040 0.236648 0.401020 0.233264 0.403436 0.239548 0.411172 0.241482 0.423742 0.244866 0.430026 0.247766 0.436794 0.253568 0.421324 0.256952 0.420356 0.262754 0.419390 0.265654 0.419390 0.270488
0 0.429542 0.172348 0.442112 0.167998 0.441146 0.175250 0.438244 0.176700 0.456616 0.174282 0.458550 0.176700 0.467734 0.180568 0.472086 0.181050 0.477888 0.183468 0.476920 0.189752 0.470152 0.205706 0.468702 0.212958 0.469186 0.215376 0.473052 0.213442 0.481272 0.202322 0.488040 0.187820 0.488522 0.172832 0.469668 0.162196 0.475954 0.157846 0.481754 0.143342 0.468702 0.143342 0.455166 0.146242 0.449364 0.155428 0.448880 0.159780 0.439212 0.150594 0.431960 0.153010 0.421324 0.153494 0.409722 0.154944 0.405854 0.153010 0.395702 0.146726 0.395218 0.155912 0.410204 0.159296 0.430510 0.158328 0.436794 0.157846 0.433894 0.164130 0.423742 0.167030 0.419874 0.168964 0.423258 0.171866
0 0.446464 0.026832 0.444530 0.033600 0.431476 0.036984 0.431476 0.043268 0.435828 0.056322 0.449364 0.054872 0.458550 0.078076 0.463384 0.068892 0.464350 0.062606 0.483206 0.058256 0.485138 0.054872 0.468702 0.053420 0.453714 0.056322 0.453232 0.050036 0.454198 0.047136 0.474020 0.044236 0.484656 0.044718 0.494808 0.048102 0.503026 0.036984 0.486590 0.033116 0.474020 0.034082 0.465318 0.035534 0.465318 0.017162 0.459516 0.018130 0.460000 0.006526
0 0.970840 0.217490 0.940790 0.228222 0.933636 0.237522 0.927914 0.241816 0.923620 0.248970 0.931490 0.256124 0.941506 0.257554 0.947946 0.261132 0.964400 0.261132 0.984432 0.271148 0.988724 0.271864 0.977278 0.251116 0.970840 0.228938 0.970124 0.225360 0.967978 0.239670 0.960824 0.253262 0.949376 0.251832 0.940790 0.245392 0.941506 0.233230 0.951522 0.228938 0.961538 0.224646
0 0.960824 0.068682 0.938644 0.072974 0.932206 0.077982 0.932206 0.087282 0.934352 0.093006 0.944368 0.096584 0.952238 0.097298 0.956530 0.104452 0.956530 0.119476 0.958676 0.095868 0.964400 0.096584 0.968692 0.100876 0.967262 0.109460 0.972986 0.109460 0.978708 0.093722 0.965832 0.089428 0.951522 0.085852 0.950092 0.080128
0 0.951590 0.962772 0.962772 0.976190 0.964844 0.998046 0.953826 0.997808 0.941898 0.987372 0.935934 0.985880 0.943360 0.998046 0.969480 0.997808 0.972462 0.982898 0.967990 0.970972 0.961280 0.965754
0 0.987372 0.718258 0.975444 0.724222 0.958298 0.725712 0.954046 0.721290 0.946962 0.709146 0.946962 0.698014 0.941902 0.700544 0.937854 0.702568 0.939372 0.718254 0.931812 0.725500 0.924226 0.740670 0.923848 0.748256 0.923468 0.755840 0.922330 0.758496 0.917780 0.759254 0.908298 0.753944 0.902988 0.755840 0.907160 0.764184 0.916642 0.764942 0.923468 0.763804 0.930294 0.752428 0.932190 0.745600 0.950394 0.746360 0.954186 0.745980 0.955324 0.741430 0.940154 0.740292 0.939396 0.732706 0.940914 0.732328 0.957600 0.735362 0.971632 0.736498 0.985286 0.725880
1 0.013672 0.648046 0.015820 0.649414 0.011914 0.655468 0.016602 0.658594 0.019336 0.663672 0.018554 0.668360 0.012890 0.661328 0.009960 0.659570 0.007226 0.669336 0.001954 0.665820 0.005274 0.656054 0.007812 0.654492 0.009766 0.649610 0.010742 0.648242
1 0.015892 0.963116 0.018336 0.970178 0.023498 0.975068 0.033820 0.979414 0.036808 0.982674 0.043056 0.977242 0.035722 0.972896 0.037622 0.966376 0.037622 0.962030 0.030560 0.966376 0.026486 0.968548 0.021324 0.962302 0.016706 0.959584
0 0.082970 0.689126 0.073052 0.704002 0.066948 0.704766 0.061226 0.687218 0.057792 0.687218 0.057030 0.697518 0.061988 0.707436 0.067710 0.709724 0.070000 0.708962 0.075722 0.711250 0.090218 0.727272 0.095194 0.725676 0.084058 0.709828 0.082344 0.705544 0.083628 0.695694 0.084914 0.691838 0.085128 0.689698
1 0.073882 0.905138 0.065362 0.912986 0.058858 0.917246 0.048992 0.920162 0.038228 0.923076 0.037780 0.926216 0.052356 0.927338 0.061100 0.926664 0.062446 0.928010 0.063344 0.934738 0.065586 0.935410 0.069622 0.930702 0.063792 0.926216 0.065138 0.923974 0.073658 0.923974 0.068500 0.920386 0.072536 0.913884 0.077694 0.907604 0.078592 0.904016
1 0.120680 0.995300 0.108612 0.984820 0.108612 0.979738 0.123222 0.987360 0.127032 0.989266 0.141006 0.988630 0.142594 0.994664 0.127986 0.994664 0.128906 0.998046 0.123222 0.997840
1 0.068818 0.946544 0.071964 0.957818 0.075110 0.963324 0.084024 0.965158 0.087432 0.959652 0.087170 0.949428 0.087956 0.942350 0.084548 0.932912 0.080878 0.924260 0.077732 0.926882 0.076684 0.930028 0.080092 0.934222 0.079304 0.940778 0.079304 0.952312 0.080878 0.958604 0.077470 0.957294 0.073800 0.949952 0.073012 0.946020
1 0.116016 0.935546 0.116016 0.940430 0.117578 0.942578 0.117188 0.950390 0.117968 0.957618 0.117968 0.960352 0.121094 0.961524 0.119532 0.966992 0.118946 0.971290 0.123242 0.974414 0.127734 0.967188 0.131054 0.963476 0.140234 0.963476 0.148768 0.963172 0.147360 0.958550 0.137112 0.957546 0.140730 0.941068 0.142940 0.936848 0.133898 0.943480 0.129276 0.952924 0.126864 0.956140 0.124252 0.957746 0.123650 0.947498 0.121038 0.943480 0.121038 0.941470 0.123448 0.939662 0.118224 0.935644
1 0.146154 0.938456 0.152182 0.947900 0.154192 0.955536 0.157408 0.954934 0.160220 0.956540 0.162430 0.942878 0.165044 0.938256 0.177300 0.934236 0.177300 0.930218 0.165444 0.932630 0.157408 0.935844 0.157608 0.931022 0.154996 0.931424 0.151580 0.932830 0.152986 0.936648 0.149772 0.937452
1 0.142750 0.770520 0.145738 0.781930 0.144108 0.789806 0.141934 0.799586 0.143020 0.802574 0.150898 0.793338 0.153616 0.788720 0.163394 0.783558 0.156332 0.782744 0.151714 0.782744 0.151170 0.775138 0.148998 0.770792 0.145466 0.770248
1 0.141866 0.866492 0.136416 0.879814 0.138232 0.884962 0.145804 0.880118 0.155796 0.875576 0.151860 0.871942 0.150042 0.869520 0.146408 0.867400
1 0.144748 0.506696 0.147074 0.530206 0.148882 0.533048 0.157666 0.524522 0.160546 0.516796 0.155860 0.518360 0.152148 0.523046 0.150000 0.520704 0.149804 0.512890 0.148242 0.507422 0.146290 0.505274
1 0.080822 0.444832 0.088828 0.457040 0.094030 0.457840 0.087626 0.443032 0.093430 0.435626 0.093830 0.432826 0.084624 0.432024 0.080022 0.434826 0.080622 0.438828
1 0.113052 0.467984 0.127616 0.461418 0.135326 0.470554 0.138180 0.467414 0.129328 0.457990 0.141322 0.447996 0.134754 0.447140 0.123904 0.453708 0.119050 0.444856 0.111910 0.442856 0.109340 0.444856 0.117336 0.447712 0.117336 0.451138 0.117336 0.455992 0.115622 0.459418 0.110482 0.461988
1 0.098490 0.394600 0.107628 0.394028 0.111340 0.400310 0.115338 0.406308 0.118764 0.406022 0.115908 0.397170 0.110768 0.393458 0.112482 0.385462 0.108198 0.384320 0.107056 0.388318 0.101060 0.388318 0.097918 0.389174
1 0.169020 0.376040 0.154742 0.384606 0.149316 0.385176 0.151602 0.368044 0.148460 0.369472 0.147890 0.375754 0.146462 0.388888 0.142178 0.388032 0.137324 0.386318 0.135610 0.389746 0.135610 0.391458 0.143320 0.391174 0.144462 0.405164 0.153314 0.401168 0.151602 0.391174 0.157598 0.390316 0.165308 0.386890 0.170732 0.380038 0.172160 0.377182
1 0.013686 0.248196 0.019092 0.246506 0.024836 0.231638 0.023146 0.219136 0.019430 0.224204 0.018078 0.232990 0.014700 0.238058 0.011320 0.239748 0.005914 0.242452 0.000844 0.243126
1 0.050180 0.245830 0.061668 0.242114 0.067076 0.244816 0.067414 0.237382 0.080592 0.242114 0.082958 0.237382 0.071130 0.233666 0.068764 0.220824 0.065386 0.216432 0.063020 0.217108 0.062682 0.228596 0.057952 0.235354
1 0.083970 0.211702 0.085660 0.222514 0.085322 0.230286 0.087012 0.242114 0.088026 0.252588 0.090730 0.254616 0.094446 0.253264 0.093432 0.229610 0.096812 0.225894 0.103570 0.225894 0.111342 0.224204 0.107624 0.220148 0.095798 0.222514 0.098502 0.213728 0.098502 0.207308 0.094784 0.207984 0.090730 0.222176 0.089378 0.214404
1 0.067404 0.299526 0.077986 0.298836 0.083048 0.297224 0.085578 0.292164 0.087650 0.284572 0.092480 0.277440 0.096622 0.272610 0.096852 0.262258 0.094550 0.263178 0.087880 0.277210 0.085578 0.277210 0.080748 0.281812 0.074766 0.282732 0.064874 0.283192 0.067174 0.287792 0.073846 0.291244 0.072006 0.295384 0.065564 0.295154 0.063724 0.295614
1 0.064464 0.176872 0.065350 0.200770 0.066236 0.210212 0.071546 0.210802 0.083052 0.205492 0.088068 0.197230 0.082462 0.200770 0.078036 0.201656 0.072726 0.197526 0.072430 0.190150 0.071546 0.181594 0.068890 0.179824
1 0.098872 0.190004 0.110596 0.194428 0.106172 0.204824 0.114356 0.202390 0.116790 0.196640 0.121214 0.196418 0.120108 0.191774 0.120108 0.183590 0.117674 0.182040 0.113692 0.189782 0.107500 0.184916 0.100642 0.183810 0.098652 0.183810
1 0.136806 0.156056 0.130966 0.163194 0.129452 0.171628 0.127938 0.175738 0.122962 0.177468 0.123828 0.179414 0.129236 0.180064 0.135724 0.186120 0.139834 0.188282 0.145890 0.189364 0.141348 0.183092 0.131182 0.179632 0.133128 0.170764 0.135292 0.163410
1 0.094412 0.130532 0.098738 0.137022 0.101550 0.142212 0.101982 0.148702 0.105876 0.150864 0.107390 0.149566 0.106740 0.140050 0.108904 0.135074 0.121882 0.145674 0.125774 0.143942 0.114310 0.133994 0.119286 0.129018 0.127938 0.126206 0.125990 0.124692 0.119502 0.126424 0.112580 0.127720 0.109552 0.130316 0.107606 0.133344 0.104794 0.130966 0.104146 0.127938 0.101334 0.127072 0.097008 0.127938
1 0.001954 0.113868 0.010938 0.113476 0.023046 0.114258 0.025586 0.114062 0.024218 0.109570 0.027930 0.108790 0.033204 0.111718 0.036718 0.113672 0.033008 0.106446 0.029688 0.105860 0.022656 0.108008 0.020508 0.108790 0.016602 0.106836 0.014454 0.102148 0.009180 0.100782 0.010156 0.103124 0.010352 0.106250 0.005860 0.108398 0.000782 0.108790
1 0.083866 0.102502 0.092562 0.103744 0.100514 0.100762 0.104738 0.098774 0.108962 0.095792 0.110454 0.099520 0.099272 0.104490 0.099272 0.107968 0.096290 0.117908 0.094302 0.121636 0.086102 0.113684 0.085854 0.108714 0.081446 0.107032 0.078906 0.107226 0.078906 0.103710
0 0.010618 0.002964 0.125434 0.000988 0.125434 0.005432 0.111360 0.008642 0.095558 0.010864 0.084200 0.010618 0.078274 0.013580 0.076298 0.018026 0.076298 0.025926 0.082224 0.024938 0.086422 0.023952 0.089138 0.026914 0.082964 0.028148 0.074570 0.027902 0.080248 0.038766 0.091112 0.039754 0.083952 0.044940 0.083952 0.050618 0.084200 0.053088 0.078766 0.044692 0.074076 0.043210 0.062718 0.042224 0.058026 0.030618 0.053828 0.032840 0.047408 0.034322 0.046420 0.032346 0.050618 0.027408 0.056298 0.023704 0.056050 0.021728 0.048642 0.022470 0.042224 0.020742 0.037038 0.017532 0.033828 0.014322 0.047656 0.015556 0.054076 0.015308 0.019532 0.001758 0.016210 0.003126 0.013672 0.003516
1 0.060884 0.095366 0.053880 0.096982 0.048760 0.095096 0.044450 0.093212 0.043104 0.093212 0.042564 0.100754 0.046336 0.101832 0.055766 0.103718 0.061154 0.102910 0.062230 0.104256 0.057650 0.108028 0.058190 0.115572 0.064386 0.113954 0.066272 0.109644 0.068696 0.112338 0.068426 0.118804 0.068426 0.122576 0.073546 0.118266 0.078394 0.113146 0.072738 0.112068 0.069234 0.106950 0.071120 0.099138 0.073276 0.092404 0.075162 0.087016 0.074084 0.084590 0.067350 0.088362 0.058460 0.079202 0.057112 0.084322 0.059806 0.091864
1 0.033378 0.067330 0.038338 0.072670 0.045204 0.073814 0.054740 0.073432 0.053978 0.070382 0.047492 0.069236 0.041390 0.067710
1 0.376336 0.520212 0.362422 0.522448 0.361924 0.518224 0.367392 0.516484 0.372362 0.513254 0.374846 0.510522 0.378076 0.502320 0.381058 0.498096 0.382300 0.497352 0.380562 0.505800 0.379816 0.513752
1 0.427464 0.893356 0.441120 0.891768 0.444932 0.890816 0.441438 0.897484 0.439850 0.903202 0.453188 0.900342 0.454458 0.891768 0.458904 0.883512 0.462716 0.877794 0.457318 0.875890 0.463352 0.866362 0.463352 0.858422 0.458270 0.860962 0.454776 0.867950 0.449696 0.872078 0.448108 0.879066 0.443026 0.884464 0.441438 0.887640 0.434452 0.888910 0.425242 0.889862
1 0.457952 0.850800 0.470656 0.856200 0.473832 0.857152 0.482724 0.865410 0.489076 0.867950 0.485264 0.857788 0.487804 0.851118 0.485264 0.848578 0.479866 0.849848 0.470020 0.848894 0.462080 0.848578
1 0.672138 0.944738 0.669742 0.940544 0.661954 0.936350 0.653266 0.934552 0.651768 0.930658 0.653866 0.926464 0.661354 0.929460 0.662552 0.921672 0.667944 0.922270 0.671240 0.922870 0.667046 0.924368 0.666148 0.926464 0.666746 0.931856 0.670342 0.935750 0.674536 0.938746
1 0.593056 0.950428 0.585866 0.947434 0.581672 0.951328 0.584068 0.956420 0.584068 0.959716 0.579276 0.957318 0.579874 0.952226 0.580474 0.946534 0.577478 0.935452 0.574782 0.935750 0.577478 0.928562 0.579574 0.932456 0.582870 0.939046 0.586166 0.942340 0.589760 0.945636 0.596050 0.945936
1 0.563998 0.892614 0.572686 0.905196 0.581072 0.908192 0.586764 0.907892 0.587962 0.905794 0.595752 0.902800 0.591558 0.900402 0.585266 0.900402 0.580174 0.901600 0.575382 0.898606 0.572086 0.892614
1 0.580026 0.885430 0.586142 0.886858 0.592462 0.887876 0.594704 0.897256 0.599394 0.895828 0.599802 0.889100 0.600412 0.885226 0.605918 0.880334 0.608772 0.878498 0.609790 0.871566 0.601228 0.878498 0.597150 0.882780 0.591646 0.885226 0.588588 0.882576 0.583694 0.881760 0.576152 0.882168
1 0.603266 0.886654 0.605918 0.892362 0.607140 0.899498 0.606122 0.906838 0.609994 0.906226 0.611830 0.898070 0.618762 0.900924 0.625898 0.898886 0.628140 0.891546 0.616926 0.886858 0.611422 0.885634
1 0.529426 0.809316 0.532728 0.800172 0.539078 0.801442 0.550252 0.804490 0.556602 0.806522 0.561428 0.808808 0.572350 0.811854 0.580730 0.804490 0.578192 0.800426 0.569810 0.804490 0.566762 0.796108 0.560666 0.794076 0.555332 0.795346 0.554062 0.801188 0.544666 0.792552 0.538316 0.793314 0.532728 0.795346 0.527140 0.796362 0.525108 0.800426 0.524854 0.804998 0.525362 0.809316 0.525616 0.810584
1 0.600034 0.800426 0.606384 0.812108 0.610700 0.811346 0.615526 0.812870 0.616542 0.818966 0.617674 0.823056 0.615576 0.829980 0.612640 0.840260 0.614738 0.840468 0.620612 0.834594 0.622918 0.832496 0.623338 0.828512 0.623548 0.817182 0.628374 0.812358 0.629422 0.807322 0.626486 0.810050 0.621240 0.811098 0.615576 0.802498 0.610122 0.799560
1 0.640106 0.867730 0.637510 0.879270 0.632894 0.887060 0.635778 0.894560 0.637220 0.896292 0.643280 0.898310 0.646164 0.891386 0.649338 0.884462 0.646164 0.879846 0.646164 0.865998 0.646452 0.864556
1 0.544238 0.709930 0.553814 0.713716 0.558936 0.718394 0.562500 0.724852 0.565396 0.717726 0.572300 0.711268 0.577198 0.707482 0.575194 0.705032 0.568068 0.707926 0.563168 0.709708 0.559160 0.707482 0.551588 0.707258
1 0.582618 0.694726 0.586914 0.696874 0.587696 0.701368 0.591992 0.700586 0.594532 0.694922 0.591406 0.682226 0.587696 0.683398 0.588086 0.689454 0.587110 0.690626 0.582812 0.689844 0.581836 0.690820
1 0.612166 0.679408 0.607142 0.667690 0.602678 0.665736 0.598772 0.663784 0.601004 0.660436 0.606864 0.658482 0.612166 0.652622 0.614676 0.650390 0.620256 0.652622 0.615234 0.657924 0.609376 0.661830 0.611608 0.665736 0.611886 0.670480 0.612724 0.676618
1 0.669740 0.709672 0.653170 0.704510 0.652354 0.697176 0.650724 0.686854 0.655614 0.684680 0.663492 0.685224 0.672456 0.690656 0.673000 0.696904 0.670284 0.698262 0.664306 0.691744 0.660776 0.692014 0.659960 0.696362 0.662948 0.701250 0.666752 0.703968 0.670284 0.704782 0.673814 0.706684 0.671914 0.708042
1 0.702354 0.644614 0.691932 0.650242 0.685052 0.652952 0.679216 0.655036 0.675464 0.660040 0.672546 0.664416 0.669212 0.666918 0.670670 0.672338 0.673588 0.673796 0.681092 0.674630 0.686928 0.670462 0.686304 0.663584 0.688804 0.656704 0.692974 0.656080 0.699644 0.653578 0.700894 0.648784
1 0.645240 0.635652 0.655246 0.636902 0.662750 0.637528 0.666918 0.637110 0.670878 0.636902 0.673796 0.629398 0.676090 0.628148 0.680258 0.629398 0.677132 0.635026 0.677132 0.638986 0.683176 0.647116 0.684636 0.647324 0.687346 0.632316 0.688804 0.626272 0.699644 0.616474 0.700478 0.612306 0.695058 0.614390 0.684844 0.619602 0.675256 0.620436 0.671296 0.622728 0.671504 0.629190 0.668378 0.630232 0.664626 0.628772 0.657122 0.626064 0.652744 0.624188 0.652952 0.627106 0.657330 0.631066 0.651910 0.632734 0.647116 0.630858 0.640654 0.630232 0.640862 0.632942
1 0.620456 0.584556 0.624222 0.587570 0.627736 0.592590 0.631252 0.600624 0.633260 0.606398 0.636774 0.604892 0.639034 0.601126 0.636272 0.594096 0.631502 0.593846 0.629242 0.589578 0.629996 0.586314 0.626482 0.583552
1 0.612240 0.504546 0.605396 0.501350 0.598322 0.499070 0.599008 0.497244 0.610416 0.497928 0.616576 0.494050 0.626388 0.482412 0.627984 0.484466 0.621140 0.495646 0.618858 0.498840 0.616576 0.502264 0.614522 0.504316
1 0.518236 0.489714 0.527590 0.489486 0.538086 0.491312 0.541052 0.489258 0.532382 0.486748 0.531698 0.479902 0.526906 0.475568 0.526450 0.483098 0.522342 0.485378 0.517322 0.485836
1 0.551280 0.415884 0.555392 0.419702 0.560092 0.420290 0.566260 0.423226 0.569490 0.428512 0.566554 0.435562 0.574776 0.435562 0.588874 0.435562 0.580650 0.433800 0.573014 0.426456 0.571252 0.422344 0.573602 0.419702 0.573896 0.416764 0.564498 0.414708 0.562148 0.408248 0.556274 0.407366 0.551868 0.410304 0.549812 0.412066
1 0.693108 0.335500 0.687232 0.344734 0.681636 0.347534 0.677718 0.349212 0.672122 0.348932 0.667364 0.349212 0.665686 0.354528 0.666524 0.357606 0.677998 0.363762 0.688630 0.363482 0.683314 0.359006 0.679116 0.357886 0.684154 0.354248 0.688350 0.352010 0.697584 0.345854 0.698984 0.333542
1 0.533490 0.273412 0.515204 0.282556 0.510632 0.287890 0.512410 0.298556 0.513426 0.301604 0.512664 0.309986 0.512918 0.311510 0.516982 0.307700 0.518252 0.300842 0.523838 0.301350 0.529426 0.301858 0.533998 0.301858 0.535014 0.301096 0.532728 0.293476 0.528918 0.292460 0.529934 0.285350
1 0.563506 0.091584 0.567890 0.095970 0.566204 0.100018 0.564180 0.103728 0.571602 0.104066 0.573288 0.118234 0.577336 0.118570 0.582732 0.108788 0.580708 0.100354 0.581046 0.095970 0.590154 0.091922 0.589816 0.089560 0.580372 0.090910 0.575312 0.093946 0.569240 0.090910
1 0.581720 0.075392 0.572276 0.078092 0.567216 0.079440 0.570590 0.083826 0.575650 0.083826 0.586106 0.083826 0.588130 0.081128 0.588468 0.076742 0.593528 0.072356 0.598250 0.069658 0.594202 0.067296 0.587118 0.071344
1 0.529328 0.030044 0.528988 0.026998 0.526958 0.023952 0.524250 0.016844 0.532374 0.015828 0.535420 0.018874 0.540836 0.018198 0.554376 0.017182 0.555054 0.021582 0.544560 0.024968 0.538806 0.025982 0.537112 0.028352 0.533050 0.029030 0.532712 0.029368
1 0.779018 0.022880 0.773438 0.031808 0.773438 0.044084 0.773996 0.054688 0.775112 0.055804 0.787388 0.055804 0.796876 0.043526 0.802456 0.030692 0.800782 0.008928 0.793526 0.008370 0.791294 0.013392
1 0.965786 0.949070 0.967104 0.960946 0.972384 0.973704 0.977222 0.973704 0.981182 0.960946 0.979862 0.954348 0.974582 0.946870 0.969304 0.945990
1 0.888364 0.938072 0.898042 0.942910 0.898042 0.949070 0.898922 0.953028 0.903760 0.950828 0.912998 0.954348 0.923556 0.945990 0.925314 0.941592 0.911678 0.939392 0.905960 0.934112 0.902880 0.929714 0.898482 0.932794 0.896282 0.934552
1 0.883966 0.875608 0.883966 0.885724 0.883086 0.892762 0.872088 0.896282 0.865490 0.891444 0.866370 0.883086 0.868128 0.878246 0.873408 0.874728 0.876926 0.872088
1 0.943350 0.832058 0.934992 0.835136 0.934992 0.841296 0.936752 0.845254 0.945550 0.842616 0.959186 0.858452 0.971064 0.857132 0.961826 0.846134 0.950828 0.841736 0.950388 0.835576 0.947750 0.833818
1 0.867298 0.669666 0.862660 0.675698 0.856628 0.678482 0.855700 0.686368 0.861732 0.695182 0.871938 0.688224 0.866834 0.683584 0.872866 0.679410
1 0.958334 0.799046 0.954862 0.792968 0.947916 0.789930 0.948092 0.786118 0.943962 0.785528 0.940420 0.783168 0.948976 0.782282 0.954288 0.787004 0.960778 0.793198 0.964614 0.789364 0.970514 0.785528 0.982020 0.780808 0.986152 0.784052 0.978186 0.784052 0.970810 0.787004 0.966974 0.792018 0.963138 0.794674 0.960484 0.796740
0 0.973940 0.612398 0.963674 0.632642 0.958258 0.642336 0.954550 0.649464 0.949134 0.649178 0.946282 0.640054 0.945142 0.642336 0.947138 0.651744 0.947708 0.654026 0.944364 0.659728 0.945432 0.660584 0.950348 0.657806 0.955476 0.663788 0.955902 0.669986 0.956544 0.671696 0.961032 0.669986 0.959750 0.656524 0.955262 0.655242 0.956972 0.650540 0.962528 0.648830 0.968938 0.646266 0.967656 0.639214 0.971288 0.633232 0.976204 0.631094 0.973852 0.627034 0.975348 0.618274 0.978126 0.611434 0.975776 0.610152
0 0.957612 0.532370 0.973212 0.547328 0.972358 0.550748 0.973212 0.556730 0.974066 0.561218 0.974922 0.573826 0.975562 0.578100 0.967442 0.569766 0.962528 0.565492 0.958468 0.565920 0.957612 0.572758 0.956758 0.581518 0.948638 0.586434 0.940730 0.586006 0.939022 0.582800 0.945218 0.578526 0.951416 0.573826 0.958254 0.558226 0.962954 0.556516 0.966802 0.564850 0.971716 0.568910 0.966588 0.548396 0.964878 0.546046 0.959322 0.538566 0.953980 0.535788 0.953980 0.533652
0 0.934568 0.337678 0.943086 0.343154 0.943390 0.349846 0.941868 0.356844 0.938826 0.363842 0.937914 0.367796 0.946128 0.362320 0.954646 0.363536 0.954342 0.366884 0.954950 0.370838 0.957688 0.362928 0.985372 0.363842 0.983244 0.357148 0.974724 0.359582 0.961034 0.354410 0.950082 0.352888 0.948866 0.343762 0.947648 0.340416 0.940348 0.335548 0.936088 0.334026
0 0.942478 0.158184 0.936088 0.175526 0.928482 0.180090 0.930916 0.173092 0.928482 0.170050 0.924528 0.175222 0.915706 0.179480 0.912054 0.175830 0.916010 0.160010 0.908404 0.165486 0.904448 0.173092 0.907492 0.180698 0.904754 0.183740 0.892584 0.185260 0.890758 0.187694 0.887716 0.191042 0.888326 0.193780 0.905362 0.187390 0.927266 0.185260 0.922702 0.192258 0.924528 0.196518 0.928482 0.195908 0.933958 0.190432 0.933350 0.199560 0.933350 0.204732 0.937306 0.201690 0.940348 0.196518 0.941564 0.184652 0.940956 0.181610 0.948866 0.176742 0.952212 0.169136 0.943390 0.172180 0.945520 0.162444 0.943694 0.153014
1 0.875244 0.026760 0.871896 0.018850 0.858512 0.015808 0.856382 0.012766 0.853928 0.011674 0.857190 0.010418 0.867734 0.010920 0.875016 0.015690 0.882546 0.012176 0.886814 0.009916 0.888320 0.012176 0.880036 0.016444 0.879784 0.018702 0.877274 0.024476
1 0.521194 0.678758 0.517912 0.689152 0.518732 0.700094 0.519554 0.708848 0.527760 0.690794 0.532684 0.686690 0.532956 0.692162 0.532410 0.697632 0.534872 0.698180 0.540890 0.685596 0.546634 0.683682 0.548002 0.677390 0.539248 0.675474 0.537880 0.684776 0.533230 0.685596 0.527212 0.685050 0.529400 0.682588 0.530496 0.680398 0.527760 0.678484
1 0.539062 0.631054 0.544922 0.626368 0.550000 0.624218 0.550782 0.621484 0.545118 0.622266 0.536914 0.625586 0.531054 0.626562 0.526954 0.624804 0.520508 0.625196 0.523438 0.629102 0.531836 0.629296 0.533204 0.629882
1 0.655124 0.049986 0.646848 0.045022 0.643208 0.043366 0.639566 0.039062 0.642876 0.037076 0.650158 0.036746 0.655786 0.040718 0.661084 0.037408 0.664062 0.038070 0.663400 0.042704 0.660090 0.044028
1 0.023160 0.750124 0.018144 0.756320 0.017554 0.766350 0.019324 0.775792 0.022570 0.765170 0.022276 0.760746 0.022866 0.754550
0 0.043222 0.713834 0.056794 0.719440 0.063874 0.725046 0.072136 0.727996 0.079806 0.733012 0.084232 0.739798 0.087478 0.734488 0.089542 0.730062 0.095444 0.735078 0.096918 0.740388 0.096624 0.742158 0.093968 0.743634 0.086298 0.745994 0.085412 0.753664 0.087182 0.755140 0.093378 0.753370 0.099278 0.758680 0.101640 0.753664 0.102524 0.745994 0.106064 0.746584 0.108424 0.757500 0.105770 0.762516 0.103410 0.766940 0.101934 0.770186 0.100754 0.776086 0.095444 0.780512 0.091608 0.783758 0.089542 0.788184 0.078332 0.792608 0.078036 0.790838 0.087478 0.781988 0.088362 0.772252 0.084822 0.769302 0.081576 0.762516 0.076562 0.762516 0.075676 0.749828 0.069480 0.743634 0.065940 0.740978 0.060630 0.733898 0.057384 0.731536 0.055318 0.733898 0.054138 0.740682 0.048534 0.739798 0.041748 0.739502 0.036732 0.738322 0.037026 0.733898 0.044108 0.732716 0.050894 0.730946 0.051188 0.728586 0.047058 0.725636 0.046172 0.722096 0.045288 0.719146
0 0.033466 0.613476 0.036134 0.619998 0.039690 0.629184 0.041172 0.636594 0.046212 0.639854 0.066958 0.651710 0.067550 0.653784 0.056584 0.655562 0.036728 0.655858 0.030206 0.658526 0.030800 0.662972 0.068144 0.661490 0.080888 0.667418 0.076738 0.669492 0.081480 0.674530 0.081480 0.677198 0.081184 0.682236 0.085036 0.686978 0.092446 0.690238 0.094816 0.678384 0.091260 0.668900 0.093038 0.666232 0.115564 0.670678 0.123862 0.669492 0.120602 0.657340 0.107264 0.650820 0.098374 0.651710 0.096892 0.653488 0.096892 0.660898 0.093038 0.663268 0.090074 0.662972 0.082072 0.659118 0.084444 0.653192 0.090372 0.644892 0.098374 0.643708 0.109346 0.639006 0.101990 0.635696 0.092426 0.640478 0.086172 0.643420 0.080288 0.653352 0.074402 0.656294 0.073668 0.648938 0.066310 0.643420 0.064104 0.636800 0.061162 0.632754 0.051230 0.633490 0.047552 0.630546 0.042402 0.626500 0.040932 0.621352 0.036886 0.615098
0 0.094366 0.822404 0.057764 0.821788 0.058994 0.826094 0.052842 0.829478 0.047920 0.831324 0.043000 0.835938 0.044230 0.846088 0.050074 0.850086 0.062376 0.849164 0.067914 0.849778 0.064838 0.854392 0.053150 0.860852 0.046690 0.863620 0.047614 0.858698 0.052226 0.856238 0.043922 0.853162 0.043308 0.855622 0.041770 0.860852 0.043000 0.871002 0.044844 0.876538 0.047306 0.882998 0.045152 0.885458 0.043000 0.893454 0.041154 0.897454 0.054072 0.891916 0.058686 0.892532 0.065760 0.893762 0.070374 0.894070 0.082678 0.900222 0.092520 0.898684 0.095596 0.894686 0.094980 0.881766 0.079602 0.877460 0.080524 0.871616 0.091290 0.869464 0.088828 0.855622 0.090674 0.851624 0.096826 0.850702 0.094980 0.846088 0.091290 0.843320 0.087290 0.838398 0.089444 0.838090 0.089136 0.832554 0.089136 0.827940 0.090982 0.826710
1 0.151408 0.540298 0.146204 0.546542 0.142388 0.547582 0.144122 0.552092 0.151754 0.558338 0.151754 0.552092 0.153488 0.543766
1 0.428476 0.749058 0.425108 0.759832 0.423424 0.763538 0.428466 0.766992 0.422500 0.768140 0.421352 0.768828 0.419516 0.775026 0.416532 0.769976 0.415844 0.766074 0.412400 0.760108 0.413548 0.759878 0.417680 0.763550 0.418828 0.759420 0.419056 0.755518 0.422728 0.750928 0.428926 0.746338