0 0.062942 0.000000 0.057832 0.000110 0.019392 0.007384 0.018700 0.014656 0.018700 0.033702 0.017662 0.042706 0.015238 0.045476 0.012466 0.035086 0.012120 0.010846 0.000000 0.004612
0 0.000000 0.089110 0.017662 0.099498 0.018700 0.094650 0.024588 0.096728 0.027704 0.102268 0.032206 0.102962 0.036016 0.105386 0.042942 0.102962 0.049520 0.097420 0.056792 0.092572 0.051252 0.103654 0.043980 0.107810 0.034976 0.115774 0.037746 0.122354 0.036708 0.127202 0.029090 0.129280 0.027358 0.126164 0.027012 0.116814 0.030128 0.107810 0.024588 0.110234 0.021470 0.115082 0.004502 0.114390 0.000000 0.113696
0 0.031514 0.181226 0.032898 0.187804 0.027704 0.192306 0.019740 0.198194 0.016968 0.204080 0.014890 0.211006 0.008658 0.211006 0.001732 0.211006 0.000000 0.212890 0.010042 0.217240 0.016622 0.219318 0.017314 0.224858 0.016968 0.229706 0.010736 0.244944 0.003810 0.254294 0.000692 0.260874 0.001038 0.266414 0.004502 0.264684 0.010042 0.257064 0.016276 0.249100 0.021124 0.237326 0.026318 0.239404 0.036016 0.250138 0.040516 0.246330 0.037746 0.241482 0.022164 0.231438 0.024588 0.225552 0.037746 0.216894 0.049174 0.214470 0.073416 0.214124 0.070644 0.208582 0.055408 0.209276 0.053550 0.207468 0.032552 0.215854 0.031860 0.208928 0.033938 0.201656 0.041394 0.190616 0.036708 0.190228 0.034630 0.177070
1 0.031166 0.152136 0.036362 0.164950 0.041556 0.166680 0.046404 0.171182 0.055754 0.169798 0.054368 0.167720 0.062334 0.165988 0.072722 0.160794 0.070298 0.158370 0.063718 0.159062 0.051598 0.163910 0.049520 0.164950 0.045018 0.159062 0.037746 0.154906
1 0.170726 0.098806 0.160336 0.097420 0.155488 0.099152 0.151678 0.101922 0.146830 0.107810 0.142676 0.113696 0.136442 0.114044 0.133326 0.103654 0.130554 0.105386 0.129170 0.111620 0.130208 0.116468 0.130208 0.120622 0.126052 0.125124 0.125014 0.130666 0.130554 0.128588 0.135402 0.126164 0.134018 0.122354 0.146830 0.118892 0.149254 0.114390 0.152026 0.106770 0.161028 0.104694 0.167954 0.102962
1 0.085536 0.260182 0.077224 0.268492 0.066144 0.275418 0.062680 0.279574 0.068568 0.301390 0.072030 0.294812 0.073416 0.281652 0.081034 0.274726 0.084844 0.266414
1 0.149602 0.285460 0.164492 0.296196 0.170032 0.301390 0.182836 0.298080 0.174534 0.305892 0.174550 0.325152 0.170682 0.323494 0.168748 0.318798 0.164838 0.311088 0.154796 0.310048 0.161722 0.305200 0.160682 0.300006 0.153064 0.292734
1 0.041946 0.316588 0.060256 0.321822 0.064412 0.325632 0.075840 0.318014 0.079996 0.323900 0.075494 0.332212 0.073070 0.337060 0.074800 0.341908 0.075650 0.352778 0.067362 0.342832 0.067874 0.353682 0.062666 0.354160 0.062680 0.346410 0.059564 0.336714 0.058178 0.329094 0.051252 0.323900 0.045712 0.321476
0 0.090844 0.374326 0.071684 0.357144 0.057832 0.352642 0.045712 0.351258 0.031166 0.361646 0.026666 0.361646 0.028050 0.344332 0.018008 0.349526 0.010736 0.355414 0.005480 0.360514 0.015930 0.359568 0.018464 0.362724 0.022164 0.367188 0.013506 0.375498 0.004502 0.381732 0.007618 0.391428 0.018700 0.404934 0.038440 0.408398 0.023202 0.399046 0.014544 0.392468 0.011428 0.383464 0.015584 0.379654 0.026318 0.369612 0.031860 0.368918 0.035668 0.374114 0.036016 0.381040 0.040170 0.377230 0.051598 0.383464 0.063770 0.401398 0.065428 0.395046 0.049868 0.377230 0.042248 0.373420 0.040170 0.368918 0.038786 0.363724 0.042942 0.364764 0.052292 0.364764 0.058870 0.362686 0.065796 0.361300 0.076532 0.365456 0.085594 0.373220
0 0.002078 0.466228 0.000000 0.470704 0.009696 0.473502 0.016968 0.474194 0.023202 0.473154 0.020778 0.462420 0.027704 0.464498 0.027704 0.467268 0.031166 0.468654 0.033244 0.463804 0.038440 0.465536 0.039132 0.470038 0.051598 0.469346 0.055754 0.470384 0.058524 0.475580 0.056792 0.479388 0.042594 0.479734 0.041556 0.487700 0.039132 0.500166 0.035668 0.511594 0.034630 0.520944 0.032898 0.534450 0.033938 0.541376 0.033244 0.545878 0.032206 0.550380 0.033382 0.563008 0.031514 0.560076 0.027704 0.546224 0.023894 0.541030 0.015238 0.519212 0.007414 0.503890 0.014544 0.501898 0.009350 0.499820 0.003116 0.500858 0.001038 0.501898 0.000692 0.485622 0.003810 0.493932 0.010388 0.497050 0.016968 0.497742 0.019392 0.491162 0.020778 0.480774 0.020432 0.478004 0.007272 0.478350 0.001038 0.475926
0 0.041902 0.571158 0.037746 0.576352 0.031514 0.582932 0.022510 0.578430 0.016968 0.578084 0.015238 0.580508 0.010736 0.590204 0.010042 0.592974 0.007690 0.596436 0.009624 0.600580 0.019046 0.599208 0.015584 0.604056 0.006926 0.607866 0.001038 0.610982 0.001386 0.616176 0.012466 0.612020 0.018008 0.608558 0.027358 0.603710 0.026666 0.601632 0.032552 0.601978 0.034284 0.606826 0.034976 0.612020 0.029792 0.619916 0.024934 0.621370 0.017662 0.624142 0.009004 0.626566 0.001038 0.626912 0.001038 0.630374 0.009350 0.630720 0.025372 0.629586 0.029792 0.625166 0.033938 0.624488 0.035322 0.620678 0.039132 0.614444 0.042942 0.602670 0.038786 0.597476 0.033590 0.594360 0.036016 0.589858 0.039478 0.582932 0.044326 0.574274 0.045712 0.570118
1 0.100512 0.643952 0.097954 0.653288 0.090292 0.661356 0.088358 0.666052 0.087252 0.670748 0.087204 0.675984 0.089592 0.687930 0.098552 0.686138 0.108108 0.687930 0.115874 0.677776 0.111692 0.669414 0.108706 0.659260 0.117640 0.660250 0.113772 0.646714 0.114678 0.640148
0 0.001214 0.847920 0.018742 0.848546 0.022608 0.849762 0.028758 0.844164 0.044408 0.841034 0.048164 0.849172 0.038632 0.860536 0.045034 0.864196 0.048790 0.869830 0.029384 0.866700 0.017490 0.874212 0.012482 0.877342 0.000232 0.893410 0.001840 0.890488 0.000588 0.861692
0 0.001840 0.715832 0.013734 0.735864 0.026880 0.739620 0.040652 0.737116 0.055676 0.735238 0.051294 0.742750 0.033766 0.743376 0.038148 0.749636 0.052546 0.762782 0.054424 0.772172 0.040652 0.763408 0.034392 0.759652 0.033658 0.764398 0.028410 0.761636 0.020398 0.753348 0.016864 0.753392 0.001840 0.754644 0.000588 0.745880 0.002466 0.740872 0.010604 0.739620 0.001214 0.731482
1 0.058806 0.765912 0.070700 0.750262 0.064600 0.775448 0.084766 0.777382 0.083662 0.779868 0.075082 0.780310 0.065692 0.780310 0.068196 0.793458 0.065692 0.799718 0.058798 0.792576 0.057554 0.777806 0.045660 0.788450 0.048164 0.775928 0.057554 0.772172
0 0.434508 0.009134 0.420588 0.015660 0.422328 0.035670 0.425808 0.050460 0.423632 0.061770 0.428852 0.086998 0.434072 0.093958 0.440598 0.089174 0.431462 0.067424 0.431462 0.049590 0.431028 0.036974 0.426678 0.020010 0.434508 0.015224 0.444512 0.006960 0.460606 0.004784 0.459302 0.010874 0.450168 0.019140 0.436248 0.026534 0.424938 0.036540 0.437118 0.033930 0.445382 0.029580 0.457126 0.020880 0.464086 0.013920 0.464522 0.000000
0 0.428418 0.090044 0.408842 0.089608 0.404398 0.093514 0.409712 0.102658 0.417978 0.100048 0.432768 0.103964 0.438540 0.106568 0.443310 0.112844 0.445066 0.125396 0.448862 0.123104 0.453646 0.108314 0.466696 0.109184 0.475832 0.115708 0.485836 0.130498 0.492796 0.143114 0.498016 0.149638 0.513676 0.157902 0.512806 0.153988 0.498016 0.134848 0.485402 0.122234 0.480182 0.114404 0.468872 0.103094 0.472352 0.096134 0.474438 0.088996 0.455386 0.103094 0.448428 0.096134 0.442772 0.093958 0.436682 0.092654
0 0.496700 0.213548 0.476916 0.217756 0.474812 0.213968 0.461762 0.216072 0.450398 0.222808 0.445768 0.226176 0.433560 0.228700 0.417144 0.231648 0.423458 0.237120 0.433560 0.237962 0.436928 0.248906 0.439032 0.267426 0.443242 0.276266 0.448292 0.285106 0.444926 0.299838 0.444564 0.315438 0.453344 0.296470 0.454104 0.293596 0.463446 0.298996 0.465130 0.274162 0.461342 0.262796 0.456712 0.244276 0.454186 0.237540 0.455028 0.233332 0.463026 0.231226 0.478178 0.228700 0.489964 0.221966 0.495858 0.217756
0 0.440294 0.317096 0.441978 0.324252 0.441978 0.332250 0.440294 0.336460 0.443242 0.341090 0.442820 0.350772 0.430192 0.352454 0.424300 0.349088 0.413356 0.351614 0.416302 0.354980 0.420932 0.356664 0.428088 0.359190 0.439454 0.357086 0.439032 0.360874 0.445768 0.360874 0.455028 0.356244 0.462184 0.353296 0.476496 0.350350 0.489544 0.349508 0.490386 0.359190 0.489964 0.362978 0.485756 0.377290 0.484492 0.383182 0.490386 0.380236 0.499226 0.360452 0.489964 0.342352 0.487744 0.325982 0.487492 0.315940 0.486740 0.309914 0.480464 0.309914 0.483476 0.334014 0.478178 0.336880 0.462184 0.337722 0.457974 0.325936 0.450818 0.323832 0.446188 0.318780 0.444504 0.317518
0 0.448714 0.476630 0.446608 0.468212 0.433982 0.466106 0.421354 0.466106 0.406200 0.469054 0.398202 0.474104 0.394834 0.480840 0.390204 0.486312 0.387678 0.488836 0.385994 0.493046 0.379680 0.498940 0.372524 0.502306 0.372524 0.504832 0.387678 0.496834 0.393150 0.485890 0.399886 0.484628 0.415460 0.478734 0.421354 0.479576 0.435244 0.479156 0.417564 0.485890 0.418406 0.489678 0.431876 0.484628 0.439454 0.484206 0.439454 0.490520 0.445346 0.493888 0.455870 0.490520 0.455448 0.487574 0.445346 0.485890 0.448714 0.481682 0.461342 0.478314 0.470182 0.476630 0.472706 0.479156 0.466392 0.488836 0.459236 0.494730 0.452502 0.501044 0.446188 0.511568 0.447576 0.514264 0.450398 0.514934 0.459236 0.502728 0.468076 0.496414 0.476448 0.485646 0.478958 0.478114 0.475654 0.472842 0.470422 0.470332 0.464898 0.469830 0.453764 0.473684
0 0.453344 0.550292 0.439454 0.557870 0.430614 0.564604 0.413776 0.585230 0.406200 0.599122 0.409146 0.600384 0.427246 0.578916 0.440294 0.573866 0.457554 0.571340 0.453344 0.575128 0.438612 0.586914 0.428508 0.596596 0.431876 0.598700 0.444926 0.590702 0.448292 0.594912 0.455448 0.581442 0.461762 0.571760 0.469760 0.567972 0.480284 0.564604 0.484072 0.560396 0.478178 0.558712 0.474390 0.549872 0.463142 0.549410 0.469760 0.553660 0.471024 0.559132 0.466814 0.563762 0.457554 0.562500 0.454186 0.564604 0.451660 0.558712
0 0.455870 0.704776 0.439032 0.706458 0.421774 0.711510 0.413776 0.717404 0.407884 0.730872 0.402412 0.743080 0.397780 0.762864 0.399886 0.770440 0.407462 0.740554 0.415460 0.730030 0.429772 0.720350 0.434822 0.714456 0.442820 0.713194 0.440294 0.715720 0.434402 0.720350 0.425984 0.726242 0.416302 0.732556 0.417144 0.735504 0.428930 0.730872 0.439032 0.724138 0.441978 0.718244 0.449556 0.715298 0.445768 0.719086 0.442400 0.723716 0.444926 0.726242 0.453764 0.725822 0.454186 0.730452 0.443242 0.734662 0.434402 0.738450 0.436506 0.741396 0.446188 0.738028 0.458816 0.734662 0.462604 0.746448 0.468076 0.758234 0.472682 0.762296 0.475192 0.760036 0.471024 0.740134 0.468076 0.725822 0.475232 0.714456 0.474390 0.705196 0.466392 0.705196 0.463868 0.709406 0.468918 0.708984 0.472706 0.709406 0.470182 0.718666 0.465550 0.719086 0.461342 0.710248
0 0.478600 0.782648 0.464710 0.787698 0.463868 0.796960 0.462184 0.816322 0.454606 0.812954 0.439874 0.802010 0.433140 0.802432 0.433982 0.812112 0.443310 0.819786 0.453344 0.817584 0.460920 0.820532 0.460500 0.826424 0.455360 0.831836 0.457764 0.837158 0.464548 0.844020 0.469708 0.843284 0.476096 0.840826 0.476342 0.832228 0.484694 0.833456 0.492310 0.834684 0.502384 0.841072 0.495258 0.829526 0.483712 0.822156 0.470200 0.819944 0.469708 0.807168 0.468480 0.792920 0.471674 0.787760 0.475850 0.788252 0.475850 0.799062 0.479780 0.797342 0.479780 0.787270
0 0.465286 0.893892 0.458652 0.902982 0.447352 0.911336 0.439244 0.919198 0.437770 0.925340 0.438508 0.943764 0.437770 0.947204 0.423276 0.956294 0.417134 0.965876 0.426470 0.960962 0.438752 0.953346 0.447122 0.952822 0.448642 0.956162 0.446212 0.966186 0.448034 0.969528 0.450464 0.963452 0.457146 0.964364 0.448946 0.973780 0.437706 0.988360 0.433594 0.998046 0.439454 0.998046 0.446212 0.991702 0.463526 0.978640 0.475676 0.977728 0.490560 0.975298 0.498538 0.973174 0.500584 0.976514 0.506658 0.980766 0.507570 0.976514 0.501494 0.971046 0.494508 0.970742 0.486306 0.972566 0.471424 0.971654 0.467170 0.967098 0.470512 0.955858 0.471726 0.950392 0.457754 0.946746 0.447730 0.943102 0.442870 0.935508 0.444692 0.923358 0.451072 0.916978 0.463526 0.912422 0.466866 0.906954 0.480212 0.896856 0.477702 0.892588 0.470816 0.898146 0.467474 0.896930
1 0.297038 0.166788 0.295004 0.183574 0.296530 0.192728 0.302632 0.183574 0.305176 0.174926 0.315856 0.163228 0.307210 0.165772 0.304668 0.168824
1 0.357704 0.239370 0.354690 0.250166 0.357452 0.258702 0.364686 0.247660 0.381470 0.236980 0.383812 0.229330 0.373332 0.233418 0.362142 0.235962
1 0.466406 0.116360 0.459878 0.131422 0.465902 0.144918 0.467936 0.150512 0.471496 0.145426 0.470480 0.129660 0.474040 0.124572
1 0.492514 0.243388 0.498962 0.258342 0.501506 0.269532 0.505568 0.271756 0.508118 0.265970 0.509334 0.262466 0.536600 0.253764 0.529480 0.250712 0.514730 0.250204 0.507100 0.254782 0.502522 0.249694
1 0.578816 0.282246 0.580852 0.291402 0.587464 0.294962 0.595602 0.308696 0.582378 0.300558 0.576782 0.291910 0.571696 0.293946 0.558980 0.294454 0.557454 0.282246 0.564066 0.279704 0.563558 0.289876 0.571696 0.289368 0.575764 0.287842
1 0.615946 0.443482 0.614420 0.452128 0.618998 0.450602 0.616964 0.464844 0.613404 0.467896 0.615946 0.475524 0.602722 0.468574 0.599162 0.447550 0.603740 0.445008 0.605266 0.449584 0.610352 0.445516
1 0.307996 0.558448 0.306702 0.579284 0.305684 0.586914 0.303142 0.596070 0.312012 0.592340 0.311788 0.585388 0.330088 0.589828 0.325570 0.586816 0.323812 0.584306 0.311510 0.580038 0.310770 0.570130
1 0.304668 0.636760 0.312806 0.646424 0.316874 0.649984 0.311788 0.663208 0.317892 0.659648 0.323994 0.664734 0.322978 0.655070 0.321452 0.648458 0.326538 0.642862 0.321452 0.642862 0.318908 0.645406 0.312296 0.639302
1 0.321452 0.679992 0.314332 0.684062 0.308228 0.692200 0.303650 0.692708 0.306702 0.681010 0.313822 0.678976 0.313822 0.674398 0.320944 0.673890 0.324504 0.674906
1 0.335694 0.697286 0.335184 0.713562 0.330608 0.712036 0.325012 0.707968 0.327046 0.716106 0.330608 0.719156 0.331116 0.726786 0.336202 0.725260 0.349426 0.735432 0.342814 0.722718 0.339762 0.706950 0.338746 0.690674
1 0.401814 0.785786 0.401306 0.802062 0.406406 0.810748 0.411426 0.812756 0.416056 0.810202 0.424194 0.811218 0.429280 0.801554 0.439454 0.800538 0.453186 0.800028 0.447576 0.796940 0.443058 0.791920 0.432012 0.792422 0.437928 0.787822 0.429502 0.780874 0.419616 0.785278 0.409952 0.782736
1 0.471928 0.844638 0.462388 0.842128 0.454606 0.843384 0.450642 0.846822 0.442504 0.847330 0.450642 0.858520 0.455220 0.866658 0.459290 0.871236 0.460816 0.884460 0.466410 0.891072 0.473532 0.891072 0.476698 0.887066 0.472430 0.876522 0.471426 0.874764 0.472180 0.860956 0.482724 0.871752 0.492764 0.872756 0.503560 0.875016 0.480966 0.860204 0.475442 0.853174 0.473532 0.848856
1 0.536698 0.944806 0.523142 0.947818 0.518798 0.953124 0.516256 0.959228 0.507576 0.971166 0.514606 0.968404 0.516764 0.977030 0.520834 0.971944 0.520834 0.960754 0.522360 0.958212 0.527446 0.957702 0.533548 0.952616
0 0.749082 0.091254 0.735626 0.095234 0.717208 0.087478 0.705092 0.085056 0.697822 0.076816 0.695400 0.064216 0.694102 0.076946 0.702184 0.092326 0.705578 0.098140 0.708000 0.104926 0.714300 0.106380 0.726418 0.104926 0.723994 0.111710 0.716724 0.116558 0.707032 0.122374 0.693946 0.129158 0.691038 0.136428 0.701216 0.133036 0.715754 0.126736 0.723510 0.118496 0.730778 0.108318 0.735626 0.111710 0.735140 0.119950 0.744350 0.116558 0.741926 0.111710 0.752588 0.118012 0.759858 0.126736 0.757434 0.140790 0.745318 0.166960 0.748580 0.170082 0.758888 0.156784 0.763140 0.146986 0.764704 0.145152 0.773182 0.142468 0.778274 0.127220 0.767128 0.133520 0.762280 0.121888 0.751618 0.108318 0.736110 0.102988 0.741800 0.100292
0 0.775692 0.267488 0.778758 0.265828 0.789906 0.244020 0.785544 0.228026 0.771490 0.210094 0.759374 0.209610 0.746288 0.212518 0.739988 0.207670 0.727386 0.211064 0.715270 0.216880 0.696370 0.228510 0.696370 0.233358 0.712362 0.225602 0.728356 0.221242 0.721570 0.235780 0.715270 0.244504 0.718178 0.268252 0.724478 0.256136 0.724478 0.244020 0.728840 0.232872 0.733202 0.221726 0.739988 0.220756 0.749082 0.225312 0.752588 0.226088 0.764704 0.226088 0.769066 0.221242 0.778274 0.228510 0.782152 0.242080 0.778758 0.252744 0.773912 0.258558
0 0.744800 0.447650 0.740720 0.462224 0.736548 0.475848 0.730936 0.483188 0.728142 0.488778 0.727442 0.494368 0.720042 0.499230 0.721418 0.506794 0.729888 0.502054 0.746864 0.477222 0.747358 0.469560 0.750990 0.463468 0.756492 0.451090 0.747552 0.454528
0 0.737602 0.723222 0.725148 0.734544 0.710994 0.744168 0.707408 0.742966 0.715692 0.734180 0.730808 0.718128 0.738168 0.716996 0.753454 0.719826 0.758548 0.727186 0.773834 0.737942 0.778928 0.748698 0.762512 0.737376 0.745528 0.724920
0 0.734328 0.803164 0.746632 0.799320 0.743940 0.813930 0.742788 0.822388 0.748938 0.820082 0.753552 0.808164 0.750862 0.800858 0.751630 0.797014 0.761626 0.801628 0.758936 0.815852 0.757398 0.816238 0.739328 0.838922 0.738286 0.845140 0.750476 0.832770 0.766240 0.814700 0.764318 0.801242 0.757012 0.791630 0.760474 0.785480 0.761242 0.777020 0.753168 0.778944 0.747400 0.787018 0.746248 0.795860 0.740864 0.795476 0.735482 0.797782
0 0.732022 0.997324 0.734714 0.983098 0.738942 0.970796 0.747786 0.956954 0.746632 0.951572 0.735482 0.951188 0.729716 0.954264 0.719334 0.962722 0.710108 0.969642 0.703186 0.970026 0.703956 0.964260 0.711260 0.957724 0.725486 0.950034 0.733176 0.948880 0.748938 0.947726 0.752014 0.955416 0.749708 0.963106 0.749708 0.965798 0.761242 0.964644 0.771238 0.965028 0.782004 0.975794 0.785464 0.982714 0.772776 0.974640 0.759704 0.974640 0.749708 0.971948 0.745094 0.982714 0.742788 0.997324 0.742018 0.997708
1 0.675854 0.256192 0.665972 0.266402 0.662350 0.265414 0.662020 0.256850 0.658068 0.262450 0.654774 0.266402 0.648516 0.265084 0.639294 0.265744 0.631060 0.269038 0.639624 0.269366 0.649834 0.271342 0.656750 0.270684 0.656750 0.273648 0.654446 0.281224 0.656092 0.283200 0.659386 0.278260 0.671572 0.286494 0.678488 0.289128 0.668608 0.272990 0.675194 0.263768 0.682112 0.257180
1 0.661626 0.486170 0.660662 0.500282 0.667078 0.503168 0.668360 0.510224 0.670284 0.531070 0.666436 0.525618 0.658418 0.509582 0.654248 0.512790 0.650420 0.516774 0.646552 0.512790 0.643344 0.505092 0.642382 0.490660 0.643986 0.485850 0.645590 0.482644 0.654248 0.488096 0.656814 0.488416 0.657136 0.481682
1 0.679606 0.536602 0.686572 0.544728 0.686862 0.555176 0.690054 0.553434 0.696148 0.536602 0.692376 0.556916 0.692666 0.565912 0.688312 0.577522 0.683960 0.578392 0.676414 0.572298 0.678446 0.561270 0.675544 0.558078 0.673512 0.564462 0.670030 0.558368 0.673222 0.549080 0.681638 0.549370 0.681638 0.544148
1 0.743652 0.569422 0.733600 0.573730 0.734078 0.580912 0.745088 0.581390 0.745806 0.586176 0.744132 0.588332 0.734318 0.589768 0.731250 0.594726 0.735352 0.598438 0.738672 0.592188 0.748242 0.592382 0.749610 0.598828 0.750586 0.604102 0.756250 0.605664 0.755468 0.596680 0.752148 0.593164 0.750390 0.585742 0.754688 0.587500 0.761914 0.595508 0.764844 0.603320 0.765234 0.610156 0.764648 0.617188 0.771484 0.605274 0.765624 0.586718 0.760938 0.583790 0.754492 0.582812 0.750586 0.582226 0.748046 0.576368 0.746290 0.572266 0.745898 0.570118
1 0.689894 0.699792 0.683556 0.708242 0.678392 0.710590 0.675340 0.712938 0.671114 0.709652 0.672054 0.716928 0.677922 0.719510 0.688486 0.718336 0.693886 0.713876 0.698814 0.704018 0.694824 0.707068 0.688956 0.707068 0.691538 0.702608 0.694354 0.697914
0 0.728394 0.789466 0.717830 0.799560 0.714308 0.806134 0.709378 0.801908 0.701632 0.799326 0.695528 0.798386 0.694590 0.802848 0.704448 0.809186 0.706562 0.809420 0.708674 0.813646 0.709144 0.816462 0.712900 0.823270 0.717714 0.818524 0.725480 0.821584 0.737246 0.832408 0.740546 0.832086 0.729010 0.815230 0.737952 0.810288 0.733952 0.807934 0.727834 0.809818 0.727128 0.802758 0.730422 0.795464 0.732068 0.790050
0 0.682804 0.798734 0.682056 0.807724 0.677810 0.812220 0.681056 0.815716 0.686550 0.821212 0.691546 0.824708 0.696042 0.823958 0.693294 0.828704 0.697790 0.828704 0.705532 0.831452 0.703036 0.835448 0.699788 0.838944 0.685802 0.836198 0.682304 0.829454 0.679808 0.826206 0.675312 0.823710 0.655330 0.819214 0.637098 0.814968 0.638098 0.811720 0.650586 0.812470 0.661076 0.815966 0.670566 0.818964 0.678060 0.821462 0.678558 0.820212 0.674812 0.813220 0.676810 0.803728 0.680058 0.797234 0.682804 0.795736
1 0.760378 0.922212 0.761478 0.919618 0.746494 0.909626 0.741998 0.910376 0.736004 0.911874 0.739000 0.901884 0.737752 0.893642 0.731758 0.896140 0.733256 0.903882 0.731258 0.911624 0.732756 0.914122 0.740500 0.917120 0.744994 0.918368 0.752738 0.919866
1 0.715024 0.882902 0.711278 0.880654 0.704784 0.887398 0.701536 0.889396 0.698872 0.892086 0.698622 0.899618 0.700788 0.902634 0.704534 0.910376 0.707282 0.915372 0.708030 0.909376 0.703534 0.902384 0.706782 0.900886 0.716022 0.901134 0.716522 0.894392 0.710028 0.890396 0.713026 0.886150
1 0.299648 0.997658 0.311736 0.997976 0.319690 0.997022 0.318098 0.994478 0.318098 0.990660 0.322234 0.994796 0.327326 0.990998 0.330340 0.992504 0.331092 0.994010 0.328582 0.995266 0.327642 0.997022 0.326172 0.998046 0.310546 0.998046
0 0.725232 0.002636 0.729248 0.008158 0.734520 0.013932 0.735022 0.007154 0.731508 0.001632
0 0.650782 0.986914 0.660156 0.980078 0.664648 0.979492 0.672070 0.978710 0.677734 0.978124 0.673438 0.982032 0.667968 0.988282 0.665040 0.991016 0.657422 0.993750 0.656640 0.996290 0.656250 0.998046 0.648438 0.998046 0.645508 0.991016 0.642188 0.984960 0.639062 0.979492 0.639844 0.973438 0.642968 0.975782 0.646484 0.981054 0.650000 0.974804 0.653516 0.972656 0.653906 0.976172 0.649218 0.980860 0.648632 0.984766
1 0.583446 0.878346 0.583446 0.883732 0.582772 0.888222 0.579854 0.889346 0.585242 0.888222 0.589282 0.885080 0.593324 0.886202 0.596018 0.886652 0.591752 0.882162 0.592200 0.875876 0.590630 0.872284 0.589058 0.877222