0 0.137906 0.008578 0.144504 0.023974 0.138346 0.033212 0.145824 0.026614 0.150664 0.029252 0.151544 0.041130 0.154622 0.049928 0.158582 0.043330 0.164300 0.049048 0.167820 0.057406 0.178816 0.053886 0.177936 0.041570 0.175298 0.035852 0.169138 0.027494 0.163420 0.021774 0.157262 0.022214 0.155062 0.017376 0.156822 0.009898 0.153302 0.002860 0.149344 0.002420 0.148904 0.014736
0 0.165180 0.103594 0.159022 0.114152 0.151984 0.122510 0.144064 0.130868 0.138346 0.136586 0.134828 0.148464 0.142306 0.145824 0.150664 0.137026 0.159902 0.131308 0.159022 0.146264 0.162980 0.151104 0.165620 0.138786 0.165620 0.128668 0.166940 0.120310 0.170458 0.110634
0 0.138346 0.226764 0.144944 0.233804 0.157702 0.240402 0.166060 0.242600 0.174418 0.245680 0.183216 0.251838 0.182776 0.258438 0.176178 0.256238 0.171338 0.254478 0.168260 0.254478 0.168260 0.260636 0.159902 0.255798 0.151984 0.251838 0.143186 0.248760 0.136146 0.239962 0.137906 0.233364
0 0.137466 0.314744 0.151544 0.320462 0.168260 0.321342 0.183656 0.317822 0.190254 0.314304 0.196412 0.312984 0.189374 0.321342 0.180136 0.329700 0.175738 0.333218 0.173098 0.340258 0.172218 0.351254 0.166060 0.360492 0.150664 0.375008 0.147584 0.371490 0.158582 0.359612 0.165620 0.350374 0.165620 0.342456 0.163860 0.334978 0.155942 0.333218 0.147584 0.338938 0.144944 0.348176 0.142306 0.354774 0.140986 0.346856 0.148904 0.332340 0.143186 0.327940 0.137906 0.320902
0 0.158142 0.388206 0.151984 0.403602 0.148024 0.410640 0.146264 0.417678 0.141866 0.426036 0.137906 0.430876 0.137906 0.432194 0.155502 0.417238 0.168260 0.424276 0.172218 0.405802 0.166940 0.393484 0.162100 0.385126
0 0.148464 0.467386 0.155502 0.477064 0.171338 0.468706 0.182336 0.472226 0.178816 0.477944 0.173538 0.482342 0.181456 0.493340 0.185854 0.500818 0.184536 0.510936 0.179696 0.502578 0.174418 0.496420 0.171778 0.495980 0.162540 0.503018 0.159022 0.508296 0.154622 0.514014 0.149344 0.517094 0.141866 0.516214 0.141866 0.506096 0.162100 0.490700 0.161660 0.487182 0.157702 0.485862 0.152862 0.491580 0.150224 0.494660 0.148024 0.484982 0.147584 0.480144 0.143186 0.472666 0.143186 0.466946
0 0.151544 0.528532 0.142746 0.534250 0.140106 0.539528 0.141866 0.553606 0.153302 0.564162 0.166940 0.556684 0.178376 0.547006 0.179696 0.539088 0.171338 0.535130 0.162100 0.532490
0 0.141460 0.680502 0.157436 0.683078 0.166712 0.682564 0.175988 0.684110 0.179594 0.684110 0.184748 0.684110 0.185264 0.688232 0.186148 0.694190 0.178988 0.693330 0.174692 0.691898 0.174120 0.697340 0.177844 0.701922 0.180708 0.706504 0.183284 0.713950 0.184430 0.718818 0.181852 0.723400 0.175838 0.718818 0.173834 0.713378 0.170970 0.709940 0.166960 0.711372 0.166388 0.704786 0.168966 0.699058 0.165528 0.691326 0.162092 0.689036 0.147774 0.689036 0.139468 0.688748 0.135172 0.687604 0.132882 0.684740 0.131736 0.680730 0.138036 0.681876
0 0.312382 0.015296 0.324148 0.021766 0.339444 0.031180 0.350622 0.034120 0.356504 0.035886 0.360034 0.041180 0.357680 0.052358 0.347680 0.052358 0.344738 0.045298 0.335914 0.039416 0.327090 0.037650 0.311206 0.037062 0.304146 0.034120 0.308852 0.022944
0 0.331208 0.090596 0.317676 0.105304 0.317088 0.113540 0.325324 0.118834 0.325914 0.128836 0.325914 0.145896 0.334150 0.137072 0.335914 0.125894 0.339444 0.114716 0.348856 0.117070 0.346504 0.110598 0.342974 0.104716 0.344150 0.097656
0 0.318266 0.171780 0.308264 0.182958 0.298852 0.193548 0.278850 0.201196 0.275320 0.205902 0.295322 0.202960 0.308264 0.198254 0.319442 0.190018 0.328266 0.182370 0.335326 0.184724 0.342386 0.182370 0.344150 0.175310 0.334150 0.168252 0.322384 0.165310
0 0.314736 0.227668 0.326502 0.231198 0.330620 0.238258 0.334150 0.238846 0.348856 0.235904 0.359446 0.227080 0.366506 0.227080 0.354740 0.245318 0.344738 0.251788 0.331796 0.256494 0.337678 0.261790 0.327678 0.260612 0.324148 0.257672 0.319442 0.266496 0.315324 0.271202 0.319442 0.255906 0.314148 0.250024 0.300616 0.242964 0.294146 0.239434 0.297086 0.232374 0.315912 0.242376 0.316500 0.239434 0.308852 0.233552
0 0.325324 0.305912 0.332384 0.312382 0.351798 0.305912 0.360622 0.302382 0.368858 0.302382 0.338856 0.319442 0.332972 0.320618 0.327678 0.337090 0.319442 0.342974 0.315912 0.344150 0.315324 0.339444 0.328266 0.326502 0.328854 0.321206 0.312382 0.331796 0.295910 0.337090 0.300028 0.328266 0.314148 0.317676 0.320030 0.316500 0.314736 0.308264 0.314736 0.302970
0 0.338856 0.400626 0.329442 0.413568 0.324148 0.422392 0.320618 0.434158 0.317676 0.442982 0.317088 0.453572 0.332384 0.446512 0.333560 0.434158 0.338268 0.420040 0.346504 0.422980 0.351798 0.413568 0.358858 0.410626 0.351210 0.403568 0.345326 0.394744
0 0.353562 0.443572 0.339444 0.456514 0.335326 0.465338 0.334738 0.471220 0.343562 0.475338 0.338268 0.492988 0.337678 0.499458 0.337090 0.504754 0.345914 0.501812 0.348856 0.484164 0.346504 0.471220 0.351210 0.462984 0.360622 0.462984 0.360034 0.454748 0.357092 0.449454
0 0.285218 0.532614 0.299480 0.527034 0.309400 0.522074 0.321180 0.521454 0.327380 0.520834 0.344122 0.524554 0.351562 0.547496 0.347842 0.550596 0.334822 0.533854 0.317460 0.533854 0.303820 0.534474 0.310020 0.545014 0.298860 0.540674 0.288318 0.541294 0.279018 0.539434
0 0.342262 0.580978 0.324900 0.593378 0.315600 0.607638 0.318080 0.621280 0.330482 0.603918 0.333582 0.600198 0.336062 0.609500 0.347842 0.616940 0.352802 0.627480 0.359624 0.634300 0.365204 0.625620 0.365204 0.619420 0.354042 0.612600 0.347842 0.603918 0.345362 0.597098 0.350942 0.577256
0 0.322420 0.647942 0.319320 0.662202 0.328000 0.670882 0.331722 0.684524 0.335442 0.695064 0.342262 0.690724 0.354042 0.690724 0.352802 0.685764 0.355902 0.678324 0.356522 0.667782 0.350322 0.670882 0.342262 0.672744 0.332962 0.662202 0.329862 0.654762
0 0.339162 0.737228 0.355902 0.731026 0.362104 0.729786 0.366444 0.739708 0.369544 0.750248 0.358382 0.757688 0.350942 0.762648 0.345362 0.767610 0.345362 0.760788 0.351562 0.750868 0.345982 0.744668
0 0.321800 0.822792 0.334822 0.819072 0.350322 0.818452 0.355902 0.812252 0.354662 0.820932 0.363964 0.821552 0.367684 0.827752 0.365204 0.834574 0.357142 0.838294 0.345362 0.837054 0.338542 0.832094 0.329862 0.831474 0.319320 0.835814 0.312500 0.841394 0.308780 0.838294 0.316220 0.828374
0 0.330482 0.902158 0.340402 0.894098 0.347222 0.888516 0.354662 0.884796 0.359624 0.887896 0.359002 0.893478 0.363344 0.897198 0.354042 0.904018 0.347842 0.908358 0.347842 0.919518 0.342262 0.926960 0.336682 0.927580 0.336682 0.912078 0.332962 0.916418 0.328622 0.930060 0.326140 0.936880 0.322420 0.928200 0.325520 0.915798 0.323660 0.907118
0 0.310020 0.990824 0.329862 0.977182 0.337302 0.970982 0.344742 0.959822 0.350322 0.962922 0.347842 0.978422 0.352182 0.986484 0.359002 0.994544 0.351562 0.998046 0.347222 0.992684 0.345362 0.997644 0.341642 0.996404 0.339782 0.984624 0.326140 0.990824 0.318080 0.993924 0.305060 0.997644 0.304440 0.993924
0 0.550596 0.000620 0.547496 0.008060 0.551836 0.017362 0.562996 0.003720
0 0.569196 0.037822 0.553076 0.049604 0.548116 0.058904 0.546254 0.065724 0.551836 0.070684 0.560516 0.065104 0.569196 0.053324 0.574776 0.050844 0.574156 0.066964 0.581598 0.078124 0.589658 0.078746 0.598958 0.076884 0.607018 0.076884 0.597718 0.067584 0.589658 0.065104 0.587798 0.055184 0.590898 0.047124 0.591518 0.040922 0.580358 0.038442
0 0.587798 0.157490 0.575396 0.165550 0.563616 0.164930 0.551836 0.174232 0.546254 0.194072 0.547496 0.209574 0.554316 0.205854 0.557416 0.183532 0.568576 0.180432 0.570436 0.186012 0.581598 0.184772 0.569816 0.195932 0.563616 0.199032 0.562376 0.205234 0.571676 0.205854 0.584078 0.199032 0.589658 0.190972 0.589658 0.181052 0.585938 0.176092 0.588418 0.166170
0 0.538814 0.261036 0.568576 0.265376 0.577256 0.271578 0.587178 0.281498 0.592758 0.293898 0.590898 0.307540 0.587798 0.314980 0.579738 0.322420 0.577256 0.314980 0.582218 0.301960 0.579738 0.292658 0.576636 0.288318 0.566096 0.306920 0.557416 0.309400 0.549356 0.309400 0.551836 0.302580 0.562996 0.296378 0.568576 0.288318 0.559896 0.277778 0.546876 0.272198 0.536334 0.269718 0.531994 0.263516
0 0.549976 0.359624 0.564236 0.348462 0.572296 0.344742 0.582218 0.341022 0.592138 0.340402 0.598958 0.344122 0.588418 0.356522 0.591518 0.369544 0.584698 0.369544 0.578498 0.362724 0.574156 0.362104 0.552456 0.368304 0.546254 0.370164
0 0.581598 0.390624 0.564856 0.411706 0.549976 0.423488 0.551836 0.434648 0.556796 0.438368 0.563616 0.430308 0.576636 0.436508 0.583458 0.442708 0.578498 0.428448 0.574776 0.421626 0.583458 0.411086 0.588418 0.410466 0.591518 0.409846 0.583458 0.404886 0.585938 0.401166 0.590278 0.396206
0 0.562376 0.484250 0.569196 0.472470 0.579118 0.470610 0.586558 0.470610 0.595238 0.476190 0.582838 0.489832 0.578498 0.494172 0.579118 0.505952 0.584078 0.514632 0.586558 0.518974 0.583458 0.523934 0.573536 0.517734 0.569196 0.504092 0.575396 0.491072 0.577876 0.484250 0.567336 0.489832 0.561756 0.491072
0 0.578498 0.564236 0.589038 0.564236 0.598338 0.569196 0.610120 0.571676 0.610120 0.580358 0.603298 0.597718 0.597718 0.603918 0.594618 0.605158 0.596478 0.600198 0.598958 0.590278 0.600818 0.580978 0.587178 0.577256 0.574776 0.574776 0.564856 0.576016 0.561136 0.560516 0.561136 0.555556 0.566096 0.553076 0.567956 0.553696
0 0.584078 0.664682 0.576016 0.670262 0.565476 0.682044 0.559276 0.698164 0.564236 0.706846 0.576016 0.702504 0.585318 0.698784 0.597718 0.705606 0.600818 0.699404 0.598338 0.695064 0.593998 0.688244 0.592138 0.681424 0.592138 0.665922
0 0.552456 0.739088 0.562376 0.731026 0.571676 0.726686 0.582838 0.727306 0.593998 0.731026 0.598958 0.746528 0.591518 0.762648 0.585938 0.774430 0.588418 0.783110 0.590278 0.794270 0.582218 0.789930 0.574156 0.781870 0.569816 0.770090 0.573536 0.757068 0.582218 0.749008 0.584698 0.744668 0.582838 0.741568 0.579118 0.737848 0.567336 0.738468 0.557416 0.745288
0 0.571056 0.809772 0.592138 0.820312 0.603298 0.824032 0.598958 0.844494 0.615700 0.856894 0.629340 0.865576 0.629340 0.872396 0.598958 0.861856 0.585938 0.866196 0.568576 0.866816 0.567336 0.859996 0.584698 0.857514 0.572916 0.848834 0.565476 0.840774 0.564856 0.827132 0.569816 0.818452
0 0.582218 0.880456 0.579738 0.897198 0.562996 0.907738 0.559896 0.914558 0.557416 0.925100 0.576636 0.912698 0.587798 0.915178 0.590278 0.930680 0.602058 0.941220 0.603298 0.929440 0.605158 0.921378 0.603298 0.917038 0.600818 0.904638 0.604538 0.894098 0.597718 0.894098 0.589038 0.889756
0 0.573536 0.973462 0.589038 0.969122 0.601438 0.963542 0.610740 0.959202 0.615080 0.956102 0.615700 0.964162 0.613220 0.969742 0.616320 0.986484 0.610740 0.996404 0.605468 0.998046 0.604538 0.991444 0.605778 0.983382 0.597098 0.980902 0.585318 0.980282 0.580978 0.987724 0.584698 0.995784 0.576016 0.996404 0.570436 0.986484
0 0.784970 0.000000 0.791790 0.009300 0.802952 0.008060 0.810392 0.008680 0.791790 0.017982 0.781870 0.016122 0.771330 0.022322 0.760168 0.001860
0 0.740948 0.040302 0.755208 0.049604 0.753968 0.058904 0.766370 0.062004 0.758308 0.068824 0.757688 0.077504 0.753348 0.091766 0.746528 0.078124 0.736608 0.065724 0.731646 0.058904 0.728546 0.050844 0.727926 0.042782
0 0.721726 0.105406 0.737228 0.121528 0.745288 0.119048 0.750248 0.115328 0.749008 0.128968 0.764508 0.137648 0.780010 0.135168 0.786210 0.132688 0.799852 0.132688 0.787450 0.140128 0.773190 0.146950 0.770710 0.159970 0.784350 0.163690 0.773810 0.171130 0.761408 0.156870 0.757068 0.148810 0.751488 0.142610 0.742188 0.140750 0.731646 0.132688 0.721106 0.119668
0 0.778770 0.174232 0.752108 0.184772 0.734126 0.195312 0.718626 0.207714 0.705606 0.223214 0.709946 0.226934 0.735368 0.208334 0.747768 0.203374 0.755828 0.201512 0.776290 0.205854 0.780010 0.198412 0.785590 0.187872 0.774430 0.187252 0.779390 0.181052
0 0.758928 0.248016 0.744048 0.260416 0.736608 0.262896 0.728546 0.256696 0.724206 0.249876 0.708706 0.251116 0.704366 0.252976 0.703746 0.264756 0.718006 0.272198 0.731026 0.272818 0.742808 0.270338 0.755828 0.274678 0.758928 0.268478 0.756448 0.263516 0.762028 0.256076
0 0.749628 0.330482 0.750868 0.338542 0.767610 0.339782 0.771330 0.354662 0.768850 0.376984 0.762028 0.367064 0.757688 0.353422 0.749008 0.351562 0.750248 0.373264 0.745908 0.364584 0.736608 0.367684 0.737848 0.355902 0.744048 0.341642
0 0.758928 0.414806 0.745288 0.421626 0.733506 0.430928 0.731026 0.448908 0.738468 0.466890 0.741568 0.445188 0.747768 0.437748 0.748388 0.450148 0.749008 0.460690 0.755208 0.455730 0.757068 0.443328 0.762648 0.433408 0.760788 0.428448
0 0.741568 0.487352 0.751488 0.494172 0.761408 0.492312 0.766990 0.488592 0.771330 0.482390 0.775670 0.479290 0.775050 0.492312 0.777530 0.497892 0.786830 0.503472 0.775050 0.502852 0.767610 0.509052 0.762648 0.510292 0.756448 0.503472 0.747148 0.499132 0.744048 0.495412
0 0.737228 0.554316 0.756448 0.552456 0.766370 0.553076 0.773190 0.548736 0.777530 0.545014 0.781870 0.541294 0.788690 0.540674 0.785590 0.549356 0.781250 0.557416 0.768230 0.561136 0.747768 0.564236 0.727926 0.566096 0.720486 0.572916 0.719866 0.564856
0 0.724206 0.602058 0.741568 0.610740 0.750248 0.624380 0.763268 0.630580 0.770090 0.637400 0.768850 0.647942 0.767610 0.653522 0.760168 0.642982 0.751488 0.638640 0.747148 0.634920 0.737848 0.629960 0.727926 0.627480 0.719246 0.622520 0.713666 0.624380 0.704366 0.631820 0.702504 0.625000 0.711186 0.619420 0.722966 0.617560 0.736608 0.621280 0.732886 0.613220
0 0.754588 0.744048 0.772570 0.749008 0.783110 0.747148 0.790550 0.745288 0.783110 0.756448 0.780010 0.763888 0.780630 0.773190 0.782490 0.787450 0.781250 0.791170 0.770710 0.780630 0.769470 0.762648 0.762028 0.755828 0.752728 0.753968 0.747148 0.747768
0 0.750248 0.839534 0.763268 0.830854 0.775670 0.826512 0.782490 0.825892 0.778770 0.836434 0.771330 0.843874 0.778770 0.861856 0.775050 0.854414 0.765750 0.846974 0.755208 0.849454 0.756448 0.861856 0.745908 0.856274 0.732266 0.865576 0.725446 0.873016 0.721106 0.878596 0.716766 0.881696 0.717386 0.877356 0.715526 0.869916 0.726686 0.860616 0.741568 0.851314
0 0.743428 0.982142 0.744668 0.988964 0.741568 0.997024 0.750868 0.997644 0.759548 0.995164 0.765750 0.992684 0.779296 0.998046 0.789310 0.995784 0.786210 0.990204 0.773810 0.985864 0.764508 0.984624 0.755208 0.983382 0.747148 0.976562
0 0.956102 0.101686 0.946800 0.126488 0.955482 0.135788 0.959822 0.148190 0.957962 0.162450 0.963542 0.161210 0.974702 0.153150 0.976562 0.140750 0.967882 0.132068 0.965402 0.122148 0.970982 0.117188 0.969122 0.102926
0 0.956102 0.183532 0.948040 0.196552 0.940600 0.197172 0.940600 0.206474 0.953622 0.202752 0.951140 0.221974 0.956102 0.234376 0.965402 0.215774 0.967882 0.207094 0.986484 0.209574 0.988964 0.197792 0.985864 0.194692 0.975322 0.186632 0.970362 0.180432
0 0.948660 0.265998 0.964162 0.275918 0.975322 0.276538 0.982762 0.273438 0.980282 0.280258 0.989584 0.285218 0.995784 0.292038 0.994544 0.294518 0.992064 0.298240 0.988964 0.298240 0.992684 0.306920 0.987104 0.303820 0.972842 0.291418 0.961682 0.284598 0.954242 0.279638 0.946800 0.276538 0.939980 0.274678 0.939360 0.269098
0 0.961062 0.331722 0.953000 0.349082 0.964162 0.349702 0.964782 0.365824 0.970362 0.384424 0.975322 0.391246 0.982142 0.387524 0.982762 0.363964 0.976562 0.344742 0.978422 0.331722 0.977182 0.327380
0 0.961682 0.404886 0.979662 0.406746 0.982762 0.416046 0.981522 0.434028 0.974702 0.455730 0.966642 0.460690 0.953622 0.460070 0.962302 0.448288 0.969122 0.438988 0.975942 0.432168 0.974702 0.423488 0.957962 0.427208 0.952380 0.425968 0.953622 0.407366
0 0.968502 0.564856 0.959822 0.569196 0.952380 0.570436 0.945560 0.576636 0.956722 0.574776 0.972842 0.576016 0.983382 0.579118 0.992064 0.579738 0.994544 0.592758 0.998046 0.576172 0.986484 0.570436
0 0.966022 0.634920 0.989584 0.622520 0.985244 0.636160 0.984624 0.647322 0.984624 0.671502 0.979662 0.670882 0.976562 0.664682 0.973462 0.647942 0.966642 0.654762 0.960442 0.660962 0.949900 0.662202 0.957962 0.651042 0.961062 0.644222
0 0.957342 0.695684 0.985244 0.713666 0.996404 0.724206 0.997024 0.739708 0.997024 0.744668 0.992064 0.733506 0.979662 0.718626 0.972222 0.714906 0.957342 0.712426 0.946800 0.707466 0.948040 0.702504
0 0.948040 0.770710 0.965402 0.771330 0.979042 0.776290 0.988964 0.776290 0.997024 0.778770 0.995784 0.789930 0.990204 0.794890 0.976562 0.789310 0.967882 0.789930 0.954862 0.784970 0.946180 0.780630
0 0.970362 0.826512 0.964162 0.843874 0.959822 0.858754 0.970362 0.856274 0.975942 0.850074 0.988964 0.850694 0.988964 0.835814 0.982142 0.829614 0.977802 0.827752
0 0.986484 0.918898 0.973462 0.931300 0.969122 0.945560 0.969742 0.959822 0.980282 0.951760 0.982762 0.947420 0.988344 0.944320 0.995784 0.949280 0.998046 0.943360 0.997644 0.937500 0.992684 0.931920 0.994544 0.924480
1 0.119134 0.013746 0.107394 0.015178 0.099660 0.020334 0.096224 0.026060 0.097942 0.035224 0.109970 0.038662 0.121426 0.038088 0.130590 0.031502 0.132594 0.024056 0.122858 0.014892
1 0.004010 0.287528 0.009450 0.313588 0.025202 0.313016 0.027206 0.304996 0.024628 0.298410 0.014032 0.291536 0.008018 0.287528
1 0.121426 0.110258 0.114266 0.114840 0.108252 0.120280 0.107106 0.126580 0.115984 0.124004 0.126008 0.122858 0.132308 0.120854 0.128872 0.119134 0.125722 0.112834 0.124862 0.109970
1 0.103956 0.151210 0.095078 0.161806 0.095652 0.168392 0.104244 0.170970 0.105388 0.176984 0.118848 0.179276 0.121426 0.175552 0.117130 0.168106 0.110258 0.162952 0.104244 0.165816 0.103384 0.159228 0.107680 0.154360
0 0.148918 0.197030 0.158082 0.193022 0.166102 0.190730 0.175266 0.189872 0.184144 0.192448 0.177556 0.201612 0.161234 0.204476 0.152356 0.205050 0.145482 0.211922 0.142332 0.217078 0.140900 0.218224 0.139182 0.211350 0.144050 0.200754
1 0.097084 0.222518 0.103384 0.227100 0.113408 0.223950 0.118848 0.222232 0.122572 0.224238 0.113980 0.231970 0.111402 0.233688 0.109112 0.237410 0.108826 0.240560 0.103098 0.235978 0.100520 0.232828 0.093360 0.229678 0.093646 0.222518
1 0.126294 0.359410 0.131736 0.365710 0.132022 0.369720 0.134026 0.375446 0.140328 0.376306 0.146628 0.380316 0.146628 0.377166 0.144336 0.376020 0.143764 0.370864 0.143764 0.368000 0.138036 0.367142 0.136604 0.367142 0.133740 0.357692 0.127440 0.356546
1 0.117990 0.414108 0.127726 0.416686 0.132022 0.418404 0.137750 0.416112 0.140328 0.414968 0.137176 0.421840 0.136032 0.428714 0.134600 0.428714 0.130590 0.426996 0.122858 0.424132 0.117416 0.420982
1 0.164956 0.598252 0.160088 0.611712 0.160946 0.618586 0.164096 0.623454 0.170970 0.622594 0.175552 0.618586 0.179276 0.611712 0.178702 0.603406 0.174120 0.599684
0 0.140328 0.749748 0.164096 0.747744 0.172402 0.748030 0.177270 0.746026 0.188726 0.747170 0.196744 0.750894 0.198462 0.755476 0.186434 0.754616 0.174692 0.755476 0.166102 0.757194 0.159228 0.757480 0.149492 0.755190 0.144336 0.755190
0 0.134886 0.821630 0.152068 0.821344 0.158942 0.822202 0.159514 0.817334 0.158656 0.813324 0.161520 0.810460 0.167820 0.821916 0.169252 0.825926 0.178988 0.831366 0.188440 0.841104 0.190444 0.852846 0.190730 0.856568 0.189012 0.861150 0.181852 0.852272 0.174980 0.843108 0.168106 0.833658 0.157224 0.828790 0.140040 0.827644 0.133740 0.827930 0.127440 0.826784 0.132022 0.820770
0 0.189298 0.859718 0.168392 0.880910 0.163524 0.884920 0.156938 0.882056 0.153788 0.884348 0.157224 0.890934 0.146054 0.896090 0.141186 0.901244 0.134600 0.904394 0.128012 0.907830 0.124290 0.910408 0.123718 0.914990 0.126008 0.918426 0.130876 0.920432 0.132882 0.926446 0.138322 0.921290 0.141760 0.914704 0.150064 0.906112 0.158082 0.900672 0.170684 0.891220 0.186722 0.876616 0.196458 0.862868 0.198176 0.854850
1 0.106820 0.831940 0.114266 0.842536 0.116272 0.848264 0.122286 0.851414 0.120854 0.857714 0.118276 0.858860 0.115126 0.860292 0.110258 0.858286 0.106248 0.851128 0.104816 0.843682 0.103670 0.837954 0.103098 0.833086 0.103670 0.830794 0.106248 0.834804
1 0.129444 0.770654 0.134314 0.771226 0.142332 0.776382 0.145196 0.782110 0.155506 0.772086 0.162378 0.760630 0.151782 0.758340 0.152356 0.766072 0.147774 0.767218 0.143764 0.760630 0.144050 0.757766 0.141472 0.760916 0.141472 0.766644 0.132882 0.764926
1 0.299906 0.006938 0.288166 0.020278 0.275358 0.026682 0.273758 0.031484 0.276960 0.035754 0.286566 0.027750 0.296704 0.032552 0.302574 0.035220 0.298838 0.030952 0.299372 0.024548 0.300974 0.019744 0.304176 0.015476 0.306310 0.011740
0 0.193178 0.179836 0.200116 0.186240 0.210254 0.186240 0.221994 0.184106 0.230532 0.187842 0.239072 0.195312 0.225196 0.197448 0.218260 0.197448 0.209720 0.197448 0.200648 0.199048 0.194778 0.201182 0.192644 0.197980 0.195312 0.188376
1 0.290834 0.155824 0.299372 0.163828 0.303642 0.168630 0.307910 0.175568 0.302574 0.181972 0.292968 0.183572 0.278026 0.184106 0.278560 0.177702 0.290834 0.177168 0.294036 0.175568 0.288700 0.168630 0.287098 0.161694
1 0.266820 0.223062 0.280162 0.223062 0.282830 0.231600 0.274824 0.238004 0.270022 0.240138 0.265220 0.240138 0.263084 0.228932
1 0.202250 0.362342 0.196914 0.371414 0.192110 0.382086 0.197980 0.387956 0.204384 0.390092 0.201182 0.384754 0.204384 0.373548 0.207586 0.369280 0.210254 0.364476
1 0.242272 0.336194 0.252946 0.338862 0.258816 0.336194 0.265754 0.334592 0.257748 0.342598 0.262552 0.351136 0.254012 0.348468 0.243874 0.345800 0.240672 0.343130
1 0.274292 0.347400 0.274824 0.339396 0.279094 0.338862 0.288700 0.337260 0.286566 0.347934
1 0.296704 0.351136 0.288166 0.361808 0.294036 0.363410 0.305776 0.359140 0.305242 0.347934 0.305242 0.344732 0.303642 0.341530
1 0.292968 0.380486 0.291368 0.397028 0.299906 0.395962 0.313248 0.394360 0.310578 0.391158 0.300440 0.386356 0.299372 0.382086
1 0.299906 0.398096 0.302040 0.404500 0.317516 0.408768 0.323920 0.409836 0.327122 0.415172 0.313248 0.417308 0.307378 0.417308 0.298838 0.417308 0.295104 0.413572 0.294570 0.407168 0.295636 0.401832
1 0.201716 0.458398 0.203850 0.465868 0.214524 0.467470 0.220394 0.471738 0.210254 0.477074 0.202784 0.474406 0.196380 0.473872 0.196380 0.463734
1 0.209720 0.487748 0.217726 0.490416 0.224662 0.483478 0.226264 0.488814 0.222528 0.496286 0.224662 0.508026 0.217726 0.499488 0.213456 0.497354
1 0.243874 0.494152 0.247610 0.495752 0.252946 0.488282 0.257748 0.488282 0.255614 0.498954 0.266286 0.500022 0.263618 0.504290 0.254546 0.506426 0.248142 0.511762 0.239604 0.515496 0.238538 0.511762 0.242806 0.503756
1 0.266286 0.532040 0.270022 0.524568 0.274292 0.514430 0.279094 0.514430 0.278560 0.528304 0.276426 0.537376 0.275358 0.545380 0.264152 0.540578
1 0.241206 0.548582 0.247076 0.562990 0.253480 0.570996 0.255614 0.575798 0.241740 0.571530 0.236936 0.568860 0.231600 0.568860 0.227330 0.567794 0.229466 0.565126 0.236402 0.561924 0.237470 0.552852
1 0.276426 0.590740 0.292436 0.588606 0.303108 0.589140 0.307378 0.606216 0.310578 0.614220 0.310046 0.627028 0.303108 0.628628 0.291902 0.624360 0.290834 0.620624 0.303108 0.616356 0.305242 0.613154 0.300974 0.597678 0.289234 0.599812 0.287098 0.605682 0.282296 0.606750 0.278560 0.605148 0.274824 0.598212
1 0.227330 0.609418 0.243874 0.598212 0.259884 0.598212 0.268954 0.603014 0.271090 0.615288 0.268422 0.623292 0.254012 0.629162 0.243874 0.628628 0.237470 0.625960 0.232668 0.620090
1 0.189008 0.622892 0.197574 0.617324 0.205284 0.613042 0.210852 0.610900 0.215136 0.612184 0.215992 0.621608 0.211708 0.620322 0.202714 0.622036
1 0.221988 0.618182 0.214706 0.625034 0.209996 0.636170 0.214278 0.640882 0.218134 0.631888 0.224558 0.628890 0.232696 0.624606 0.232696 0.620322 0.227556 0.618610
2 0.190720 0.703844 0.201000 0.695706 0.205284 0.697420 0.208710 0.708128 0.213850 0.712840 0.216848 0.716266 0.212566 0.719264 0.204856 0.714552 0.199716 0.719692 0.195432 0.719264
1 0.283238 0.687996 0.292660 0.693994 0.302084 0.696564 0.308508 0.702560 0.302940 0.707700 0.297372 0.705130 0.295658 0.715838 0.289662 0.713268 0.288806 0.705130 0.286236 0.699134 0.281952 0.693136
1 0.281096 0.757812 0.292232 0.757384 0.299942 0.758670 0.303368 0.758670 0.310222 0.759098 0.304654 0.771946 0.293088 0.775802 0.281096 0.783084 0.277670 0.783512 0.273386 0.771518 0.276384 0.760810
1 0.188152 0.789936 0.189864 0.800216 0.189864 0.811780 0.189008 0.815636 0.186866 0.816920 0.183012 0.812208 0.179156 0.814350 0.175302 0.813066 0.174016 0.805784 0.178300 0.798930 0.179156 0.793362 0.179584 0.788222
1 0.274672 0.828056 0.275100 0.836194 0.266962 0.844332 0.270816 0.845190 0.278526 0.844332 0.280668 0.842190 0.281952 0.834910 0.288806 0.835338 0.299086 0.837052 0.301226 0.835338 0.302084 0.830626 0.291376 0.831054 0.287520 0.830626 0.282380 0.825058 0.278954 0.822488
1 0.211708 0.858896 0.223702 0.860608 0.236980 0.862322 0.247258 0.864892 0.254540 0.868746 0.237836 0.869174 0.224986 0.869604 0.222844 0.879454 0.217704 0.884166 0.213422 0.890162 0.212566 0.894874 0.210424 0.901726 0.206568 0.894446 0.211708 0.882024 0.215564 0.871316 0.212136 0.864036
1 0.359906 0.924000 0.368900 0.929568 0.381750 0.927854 0.390316 0.928282 0.395884 0.938562 0.398882 0.947128 0.393314 0.951840 0.380466 0.950984 0.370186 0.945416 0.366330 0.940704 0.356052 0.938562 0.352196 0.934280 0.354338 0.926998
1 0.367616 0.981394 0.383464 0.982250 0.389888 0.989104 0.393314 0.993816 0.392578 0.998046 0.369140 0.998046 0.367188 0.990388
1 0.542798 0.014254 0.555646 0.009542 0.572352 0.005260 0.579204 0.009114 0.586486 0.014254 0.577920 0.028388 0.573208 0.033956 0.564642 0.035670 0.547938 0.033528 0.544082 0.031816 0.542370 0.019394
1 0.542370 0.036956 0.555218 0.039526 0.547938 0.050234 0.538514 0.051090 0.535516 0.051090 0.533802 0.046378 0.537658 0.039096
1 0.533802 0.063940 0.534660 0.072934 0.530376 0.079358 0.529520 0.087068 0.538514 0.078074 0.546652 0.078074 0.559502 0.078074 0.562072 0.071648 0.555218 0.071648 0.548366 0.071648 0.540656 0.061370
1 0.497824 0.165450 0.494826 0.175730 0.490542 0.188152 0.503392 0.183868 0.509388 0.183868 0.516670 0.183012 0.509388 0.178728 0.506818 0.174874 0.508104 0.165878 0.501250 0.162452
1 0.512386 0.258396 0.524808 0.265676 0.527806 0.269532 0.525664 0.280668 0.518384 0.287092 0.514956 0.287948 0.509388 0.282810 0.505106 0.276812 0.502536 0.269532 0.503392 0.259680
1 0.494826 0.379180 0.491828 0.395456 0.494826 0.401024 0.505534 0.398026 0.510674 0.389460 0.511958 0.385176 0.503820 0.380466 0.499538 0.378324
1 0.515386 0.837908 0.530804 0.853328 0.532946 0.858896 0.542370 0.860608 0.550936 0.861466 0.563356 0.870032 0.570638 0.872174 0.561216 0.880740 0.553506 0.878170 0.539370 0.888878 0.533374 0.890590 0.524808 0.885880 0.517526 0.868318 0.513244 0.862750 0.508104 0.854612 0.507676 0.846474
1 0.529520 0.917146 0.530804 0.924856 0.527806 0.938562 0.535944 0.940276 0.539800 0.932994 0.550936 0.931280 0.554362 0.925712 0.544082 0.924856 0.540656 0.921858 0.534232 0.916290
1 0.696992 0.144034 0.690138 0.152600 0.687996 0.163308 0.687568 0.169306 0.696992 0.161596 0.705558 0.159026 0.721406 0.156884 0.719264 0.146604 0.710270 0.150030 0.706842 0.150030
1 0.708984 0.336348 0.722690 0.325640 0.732114 0.325212 0.740252 0.327782 0.747962 0.327782 0.749674 0.332922 0.741108 0.342774 0.735968 0.350484 0.734256 0.353482 0.725260 0.360762 0.719264 0.363332 0.705986 0.354766 0.702988 0.350484 0.702988 0.341060
1 0.544940 0.386890 0.548794 0.395456 0.552648 0.395028 0.559502 0.395028 0.554790 0.402310 0.555646 0.414302 0.553934 0.416872 0.550936 0.417300 0.546224 0.416444 0.541512 0.413018 0.536800 0.410876 0.529520 0.409590 0.526094 0.406592 0.525236 0.400168 0.528662 0.399740 0.530804 0.401452 0.535088 0.396314 0.537658 0.394600 0.541512 0.389888
1 0.599764 0.603618 0.597622 0.610472 0.592054 0.611328 0.586914 0.618610 0.590340 0.620322 0.599764 0.616896 0.607474 0.622464 0.616468 0.627604 0.615612 0.619466 0.611756 0.613898 0.607474 0.607044
1 0.571066 0.527806 0.571066 0.535944 0.574492 0.544940 0.576206 0.553078 0.565498 0.548366 0.562072 0.546652 0.554790 0.550508 0.553078 0.539370 0.559930 0.532090 0.563784 0.527806 0.565926 0.528234
1 0.607044 0.506390 0.617324 0.506818 0.628890 0.511958 0.636170 0.518384 0.639168 0.528662 0.634886 0.532090 0.628460 0.534232 0.615612 0.533374 0.610472 0.528662 0.607044 0.522238
1 0.679430 0.509818 0.684142 0.507676 0.696134 0.510246 0.700418 0.526950 0.694422 0.532946 0.684998 0.529520 0.680716 0.521382
0 0.970686 0.004404 0.963404 0.018110 0.957836 0.021964 0.952268 0.018110 0.955694 0.004832
1 0.918432 0.061370 0.928710 0.067366 0.936848 0.072078 0.941560 0.084926 0.941988 0.088782 0.940704 0.093064 0.935992 0.099490 0.928282 0.105058 0.916718 0.105058 0.914576 0.095634 0.913292 0.089638 0.909436 0.084926 0.906438 0.078930 0.906010 0.073790 0.912006 0.065652
1 0.973256 0.107200 0.976254 0.097348 0.983108 0.091352 0.989960 0.092636 0.994244 0.100346 0.995100 0.108484 0.984820 0.116622 0.978396 0.112768
1 0.930424 0.237408 0.938134 0.239120 0.946700 0.239550 0.951840 0.244260 0.953982 0.251114 0.950126 0.257110 0.943274 0.263106 0.938990 0.266534 0.925284 0.264392 0.923142 0.257966 0.921858 0.248544 0.922714 0.239978
1 0.787366 0.211708 0.799360 0.215564 0.800216 0.219418 0.806640 0.218562 0.806212 0.225414 0.797218 0.225414 0.791222 0.227556 0.790792 0.225414 0.786510 0.223274 0.781798 0.221132 0.783084 0.215992
1 0.783084 0.273386 0.783512 0.294374 0.783512 0.304224 0.795932 0.307652 0.806640 0.298656 0.804070 0.284950 0.801500 0.279810 0.797646 0.278098 0.786510 0.277670
1 0.951412 0.290090 0.942846 0.296516 0.937278 0.297372 0.932566 0.302940 0.933850 0.312362 0.939848 0.311934 0.947986 0.306366 0.950556 0.304654 0.955694 0.301226 0.959550 0.297372 0.959122 0.291376
1 0.959978 0.471696 0.951840 0.477264 0.955266 0.485402 0.966402 0.487544 0.972828 0.479406 0.965546 0.472982
1 0.800216 0.603190 0.813494 0.598478 0.832340 0.605760 0.829770 0.622036 0.822060 0.632316 0.810924 0.631030 0.802358 0.626748 0.797646 0.623320 0.795076 0.616468 0.795932 0.607044
1 0.759954 0.615612 0.764666 0.615612 0.773232 0.610900 0.777944 0.606616 0.782226 0.607044 0.775374 0.619038 0.773232 0.625890 0.771090 0.628460 0.765094 0.626748 0.759954 0.622892 0.754386 0.620322
1 0.750532 0.514100 0.753102 0.510674 0.760382 0.508960 0.770234 0.509818 0.772804 0.519240 0.775374 0.526522 0.772804 0.529520 0.768520 0.532518 0.763808 0.534232 0.757812 0.534660 0.753958 0.531232 0.751388 0.525236 0.749246 0.518812
0 0.746248 0.689710 0.724404 0.700418 0.720120 0.714980 0.723118 0.718836 0.726974 0.720548 0.732542 0.710270 0.739824 0.705130 0.747962 0.700846 0.751816 0.695278 0.759526 0.695278 0.770662 0.699134 0.776230 0.707272 0.781798 0.720120 0.786082 0.727830 0.791222 0.724832 0.789080 0.713696 0.786938 0.705130 0.782654 0.697848 0.776230 0.691852 0.769378 0.687568 0.763808 0.686284 0.751388 0.686712
1 0.754386 0.731256 0.741536 0.734684 0.735968 0.745392 0.738538 0.747104 0.751816 0.740252 0.766378 0.736824 0.765094 0.730400
1 0.773660 0.737682 0.781370 0.734256 0.795932 0.735112 0.799360 0.743250 0.789936 0.743250 0.782654 0.742822 0.777944 0.745392
1 0.942418 0.711126 0.957408 0.716694 0.979252 0.720978 0.976254 0.728686 0.961692 0.729116 0.957836 0.735968 0.962548 0.741536 0.968116 0.746676 0.968116 0.752244 0.952268 0.752244 0.944558 0.747104 0.937706 0.740680 0.932566 0.730828 0.935136 0.720548 0.938134 0.714124
1 0.378324 0.233124 0.369758 0.239978 0.368472 0.245974 0.370614 0.252826 0.374468 0.251542 0.380894 0.248972 0.386034 0.245118 0.388176 0.236550
1 0.189436 0.118336 0.193290 0.108912 0.199288 0.110198 0.198858 0.112768 0.203998 0.117050 0.209996 0.120048 0.203570 0.123476 0.198002 0.122618 0.189864 0.126046 0.183868 0.121762
1 0.829770 0.879454 0.828056 0.894446 0.833196 0.900870 0.837480 0.901298 0.837908 0.897872 0.834482 0.892732 0.834052 0.884594 0.837052 0.878598 0.837908 0.876456
1 0.794648 0.898300 0.792078 0.904726 0.789508 0.909864 0.788222 0.914576 0.789080 0.918004 0.793362 0.914148 0.796790 0.910722 0.801930 0.908152 0.812208 0.906010 0.810068 0.905154 0.801072 0.904296 0.803642 0.898728 0.801500 0.897444
1 0.823774 0.831912 0.818206 0.842190 0.824630 0.846902 0.833196 0.845190 0.835766 0.843048 0.836622 0.835766 0.829770 0.832340
2 0.774516 0.448140 0.771090 0.454136 0.768948 0.457134 0.761668 0.458848 0.762952 0.469556 0.772804 0.468270 0.779228 0.464416 0.780942 0.452850 0.780514 0.447282
1 0.926142 0.811352 0.937278 0.819490 0.941132 0.827628 0.938562 0.834910 0.933422 0.837480 0.928282 0.834910 0.924856 0.830198 0.921858 0.822060
1 0.694444 0.028166 0.715684 0.046634 0.721224 0.048482 0.720302 0.039708 0.716608 0.031860 0.716146 0.025396 0.716146 0.021240 0.711990 0.020778 0.702756 0.021702
1 0.771884 0.031160 0.785392 0.030034 0.796650 0.032286 0.802842 0.039602 0.791584 0.049734 0.783142 0.050298 0.770196 0.045232 0.765130 0.037914 0.767382 0.024968
1 0.916006 0.674738 0.931030 0.675622 0.931030 0.684018 0.926612 0.692856 0.920868 0.694624 0.911588 0.690646 0.909378 0.682250
1 0.343802 0.135734 0.353276 0.136100 0.366394 0.145938 0.362020 0.150674 0.353276 0.157962 0.337606 0.160878 0.328862 0.153954 0.334692 0.144480