0 0.172390 0.008052 0.190602 0.025008 0.175530 0.031288 0.181182 0.039452 0.196254 0.044476 0.213210 0.092206 0.230796 0.130514 0.232052 0.120466 0.219492 0.087180 0.217608 0.067712 0.216350 0.044476 0.216978 0.034428 0.227656 0.025008 0.237076 0.019984 0.239588 0.017472 0.233936 0.016216 0.242728 0.008052 0.243984 0.001772 0.238332 0.001142 0.228912 0.009308 0.223888 0.010564 0.213210 0.010564 0.200650 0.007424 0.193742 0.003656 0.177414 0.001772
0 0.198766 0.076504 0.183694 0.129886 0.184322 0.151238 0.162342 0.153750 0.140990 0.159402 0.140990 0.175102 0.142246 0.185780 0.161086 0.185780 0.169250 0.195200 0.183066 0.188292 0.190602 0.185152 0.205674 0.191432 0.223260 0.214668 0.245868 0.222832 0.255288 0.218436 0.250892 0.204620 0.230796 0.187036 0.205046 0.182012 0.196254 0.172590 0.196882 0.156890 0.201906 0.139306 0.206930 0.119210 0.208814 0.099114 0.208814 0.087808 0.208814 0.082156
0 0.176158 0.344038 0.200022 0.360996 0.186206 0.373556 0.191858 0.380464 0.205046 0.377324 0.210698 0.398676 0.223260 0.398676 0.223888 0.376696 0.230168 0.371672 0.267848 0.406212 0.313066 0.440126 0.282292 0.404956 0.267220 0.389256 0.259684 0.378580 0.248380 0.372300 0.234564 0.367904 0.224516 0.369160 0.209442 0.369788 0.215094 0.357856 0.203162 0.344666 0.187462 0.340270
2 0.171762 0.366648 0.172390 0.377324 0.147898 0.381720 0.151666 0.386744 0.173646 0.387372 0.180554 0.404956 0.189974 0.392396 0.199394 0.383604 0.186834 0.377952 0.180554 0.367276
0 0.193114 0.472782 0.179298 0.486598 0.173646 0.504810 0.176158 0.521766 0.184950 0.522394 0.198766 0.505438 0.203162 0.497902 0.213210 0.490994 0.228912 0.490994 0.242728 0.487226 0.260940 0.477806 0.272872 0.476550 0.296736 0.479062 0.313694 0.494134 0.330650 0.501042 0.341954 0.498530 0.336302 0.490366 0.321858 0.486598 0.302388 0.471526 0.294224 0.465874 0.270360 0.465246 0.257172 0.466502 0.232680 0.469014 0.222004 0.472782 0.215094 0.470898 0.210698 0.463362 0.207558 0.460850 0.205674 0.477806 0.198138 0.478434 0.194370 0.480318
0 0.174902 0.714568 0.158574 0.724616 0.138478 0.734664 0.127800 0.738432 0.119008 0.744712 0.120264 0.754760 0.140990 0.748480 0.162970 0.744084 0.183066 0.739060 0.188718 0.767320 0.196254 0.762296 0.196882 0.747852 0.198138 0.738432 0.220748 0.723360 0.230796 0.723360 0.236448 0.715196 0.207558 0.714568 0.206930 0.702636 0.203162 0.699496 0.196254 0.712056
0 0.144758 0.825098 0.172390 0.825098 0.182438 0.829494 0.201906 0.833890 0.216978 0.847706 0.233308 0.857754 0.243984 0.867174 0.255288 0.870944 0.256544 0.861522 0.242100 0.840170 0.232052 0.832634 0.221376 0.826982 0.217608 0.823214 0.204418 0.816934 0.194998 0.817562 0.181182 0.818818 0.165482 0.815050 0.154178 0.812538 0.135966 0.808142
0 0.209442 0.982102 0.175530 0.997174 0.167366 0.997802 0.270988 0.998430 0.276012 0.990894 0.276640 0.987754 0.265336 0.992778 0.245868 0.998430 0.218236 0.994662 0.220120 0.985242 0.220748 0.978334 0.220748 0.975822
0 0.536592 0.063998 0.514374 0.085700 0.515924 0.097584 0.521092 0.099650 0.527292 0.090866 0.532976 0.084150 0.540726 0.078982 0.546410 0.078466 0.556744 0.081566 0.557778 0.088800 0.562428 0.097068 0.565528 0.096034 0.576378 0.094484 0.579996 0.097068 0.586196 0.100168 0.599114 0.111534 0.602730 0.121868 0.610998 0.127036 0.621848 0.130136 0.628048 0.133752 0.632698 0.138920 0.637350 0.144604 0.645616 0.150288 0.649750 0.152354 0.648200 0.145636 0.640450 0.134270 0.637866 0.129620 0.633216 0.122386 0.629082 0.117218 0.625982 0.113602 0.619782 0.106368 0.614098 0.098618 0.608414 0.096034 0.605830 0.094484 0.596014 0.095000 0.585162 0.087766 0.576896 0.084666 0.567594 0.084150 0.564494 0.077432 0.559844 0.066066 0.557260 0.063998 0.551576 0.063482
0 0.522642 0.321832 0.510240 0.339400 0.507658 0.353350 0.513342 0.378152 0.521608 0.387970 0.534526 0.395720 0.544344 0.405536 0.556228 0.408120 0.572244 0.408638 0.578962 0.401404 0.580512 0.395202 0.581546 0.384868 0.577412 0.381252 0.570178 0.381252 0.563462 0.386936 0.561394 0.377636 0.561394 0.370402 0.562428 0.364200 0.566044 0.356450 0.569144 0.349734 0.569144 0.345600 0.560878 0.350250 0.558294 0.354384 0.554678 0.359550 0.552610 0.364200 0.553644 0.381768 0.547444 0.383836 0.542276 0.379702 0.536076 0.376086 0.530908 0.370918 0.528326 0.365234 0.527808 0.356968 0.526776 0.350766 0.526776 0.344566 0.527808 0.339400 0.530392 0.329582 0.532460 0.320282 0.532460 0.313048
0 0.488540 0.575014 0.517992 0.592066 0.521608 0.596716 0.515408 0.612216 0.515924 0.626684 0.523158 0.640636 0.528842 0.644768 0.534010 0.636502 0.533492 0.615318 0.534526 0.615318 0.546410 0.616350 0.554160 0.621518 0.564494 0.629784 0.575862 0.641668 0.603764 0.652002 0.612030 0.658720 0.631666 0.666988 0.631666 0.661820 0.622882 0.655102 0.612030 0.645286 0.602730 0.639602 0.588780 0.633918 0.590330 0.621000 0.589296 0.615318 0.569662 0.613250 0.569662 0.604466 0.570694 0.585866 0.562944 0.590516 0.552610 0.591032 0.544860 0.583282 0.538660 0.577082 0.521092 0.578114 0.513342 0.572430 0.503008 0.566748 0.492156 0.564680 0.485440 0.570364
1 0.488540 0.084666 0.495256 0.088284 0.498356 0.077950 0.501974 0.074332 0.508174 0.074332 0.506624 0.089316 0.524192 0.108434 0.524708 0.114118 0.502490 0.101718 0.493190 0.109468 0.483890 0.117218 0.469938 0.122386 0.481306 0.108952 0.488022 0.098100 0.489572 0.096034
0 0.529358 0.707290 0.544344 0.729508 0.544860 0.736224 0.537626 0.739324 0.530908 0.739324 0.535042 0.749658 0.546410 0.767744 0.555710 0.776528 0.557778 0.783762 0.552610 0.808046 0.551060 0.832848 0.554160 0.841114 0.559844 0.832848 0.561910 0.821480 0.563978 0.796162 0.566044 0.789444 0.568112 0.782212 0.569662 0.779628 0.573796 0.778078 0.588780 0.805462 0.592396 0.811662 0.598080 0.813730 0.603764 0.809596 0.605830 0.800296 0.589296 0.770326 0.587230 0.764644 0.588780 0.739842 0.583096 0.735192 0.574828 0.737258 0.572244 0.761544 0.568628 0.747592 0.556228 0.725890 0.547444 0.702640 0.539692 0.694372 0.528842 0.698506
0 0.639416 0.840082 0.615648 0.844732 0.601696 0.848866 0.590846 0.853516 0.587230 0.861266 0.574312 0.880384 0.563978 0.891752 0.562428 0.901052 0.551060 0.916552 0.537626 0.934120 0.534010 0.951688 0.530392 0.976490 0.532976 0.996124 0.544344 0.995608 0.545376 0.977006 0.549510 0.956856 0.556228 0.936188 0.567594 0.930504 0.579478 0.928954 0.587230 0.920170 0.582062 0.916552 0.589296 0.908286 0.593946 0.898468 0.596530 0.890718 0.600664 0.882968 0.612548 0.872116 0.623398 0.855582 0.632182 0.849382
1 0.111566 0.579000 0.110998 0.597736 0.096236 0.603414 0.093966 0.611362 0.113270 0.614202 0.130870 0.622718 0.144498 0.621582 0.137116 0.611362 0.124058 0.598872 0.120084 0.586948
1 0.162848 0.614088 0.170178 0.633462 0.172796 0.643410 0.181174 0.640792 0.186410 0.636604 0.180650 0.631368 0.179080 0.621942 0.182222 0.607280 0.181698 0.595760 0.178556 0.596284 0.174368 0.613040 0.160754 0.608328
2 0.355714 0.023438 0.364206 0.032872 0.348166 0.045138 0.322690 0.052688 0.324578 0.065896 0.350996 0.061180 0.362318 0.047026 0.376472 0.048914 0.394400 0.046082 0.413270 0.063066 0.441576 0.059292 0.418932 0.047026 0.401004 0.043252 0.395640 0.038482 0.402502 0.032148 0.390888 0.030564 0.400390 0.022118 0.407780 0.015784 0.406726 0.011560 0.390888 0.009448 0.379276 0.012616 0.373998 0.015256 0.373998 0.026340
1 0.276340 0.129276 0.285842 0.134554 0.292704 0.133498 0.304846 0.136666 0.316986 0.138250 0.314348 0.130332 0.303262 0.122414 0.294816 0.115024 0.281092 0.115024
1 0.429424 0.191564 0.423090 0.197372 0.407780 0.196316 0.401974 0.196316 0.400390 0.225876 0.403558 0.234850 0.421506 0.232738 0.412004 0.225876 0.410420 0.213736 0.418866 0.211096 0.429952 0.214790 0.432590 0.203706
1 0.270006 0.276552 0.284258 0.263356 0.295344 0.257020 0.311708 0.251742 0.324378 0.255438 0.296400 0.274968 0.284258 0.286054 0.281620 0.289220 0.289538 0.295028 0.286370 0.299250 0.273702 0.291860 0.261032 0.291332 0.247836 0.290804 0.247836 0.287110 0.257338 0.281830
1 0.564558 0.127164 0.567726 0.149334 0.575644 0.151446 0.583562 0.153558 0.587786 0.150918 0.606788 0.143000 0.610484 0.140362 0.609428 0.136666 0.584090 0.139834 0.573532 0.132442 0.571948 0.125580
1 0.487490 0.248046 0.479044 0.275496 0.453178 0.283942 0.453178 0.290804 0.473764 0.287110 0.483266 0.284998 0.494880 0.283942 0.491712 0.279192 0.491712 0.263356 0.493824 0.253326
1 0.527080 0.240128 0.521274 0.261244 0.512300 0.261244 0.508076 0.272856 0.510188 0.286582 0.522328 0.293972 0.540804 0.306640 0.547138 0.309808 0.543972 0.300306 0.531830 0.289220 0.526552 0.284998 0.529720 0.268634 0.530248 0.255964 0.532886 0.246992 0.533414 0.238018
1 0.357106 0.405352 0.370302 0.416966 0.376636 0.423300 0.366606 0.439664 0.363968 0.448638 0.376108 0.442832 0.386666 0.430690 0.394584 0.421188 0.402502 0.410632 0.410420 0.399018 0.413060 0.389516 0.388778 0.405352 0.376108 0.404296 0.361328 0.399546 0.356050 0.399018
2 0.511772 0.466586 0.515466 0.476088 0.505964 0.473976 0.503854 0.479782 0.517578 0.480838 0.501742 0.494036 0.502270 0.497730 0.520218 0.495090 0.522328 0.491924 0.532886 0.489812 0.542388 0.489812 0.533942 0.485590 0.528664 0.485062 0.534470 0.478198 0.539220 0.473976 0.541860 0.463418 0.547666 0.452862 0.548194 0.447582 0.533414 0.465002 0.528136 0.472920 0.520746 0.468170
1 0.382970 0.519900 0.374524 0.534682 0.377164 0.543654 0.384554 0.545238 0.388250 0.538376 0.393528 0.536264 0.398808 0.529930 0.393000 0.529402 0.394584 0.517262
1 0.315404 0.539432 0.307486 0.566354 0.307486 0.583774 0.320682 0.596970 0.331240 0.608056 0.341796 0.608584 0.337574 0.598554 0.324378 0.580606 0.325432 0.564242 0.328072 0.548406 0.323322 0.537848
1 0.446316 0.563714 0.437342 0.570048 0.439980 0.578494 0.447372 0.586412 0.458456 0.584828 0.463208 0.579022 0.456872 0.568464
1 0.362912 0.630754 0.388778 0.640256 0.394584 0.646062 0.406198 0.656620 0.416754 0.662954 0.421506 0.657676 0.408836 0.649230 0.403558 0.639728 0.409364 0.630754 0.418338 0.617558 0.423090 0.609638 0.415698 0.605416 0.399862 0.625476 0.398280 0.629170 0.385082 0.628114 0.372942 0.626002 0.360800 0.624420 0.356578 0.626002
2 0.375052 0.740552 0.397224 0.745302 0.408308 0.741078 0.419922 0.736328 0.422034 0.730522 0.412004 0.726826 0.402502 0.722604 0.390888 0.724714 0.381916 0.730522 0.371358 0.735272 0.361328 0.735272 0.369774 0.740552
1 0.470598 0.744246 0.481682 0.740552 0.483794 0.747942 0.489600 0.746886 0.492240 0.742662 0.489074 0.738968 0.492768 0.732106 0.494880 0.726826 0.484850 0.725770 0.484322 0.733688 0.472182 0.732634 0.467430 0.738440 0.462152 0.743718
1 0.286370 0.694098 0.281620 0.715214 0.283730 0.726826 0.290594 0.732106 0.297456 0.734744 0.302734 0.735800 0.304846 0.728410 0.299568 0.717324 0.297456 0.707824 0.305902 0.709406 0.304318 0.702016 0.297456 0.698850 0.293760 0.689348 0.283730 0.689348
1 0.254698 0.735272 0.271590 0.751636 0.277924 0.759554 0.284258 0.763250 0.294816 0.761666 0.293760 0.755332 0.285842 0.743190 0.281620 0.735800 0.275286 0.732634 0.261032 0.731578
2 0.320682 0.770112 0.309596 0.775918 0.303790 0.784364 0.299040 0.791226 0.296928 0.799144 0.303262 0.798090 0.307486 0.799672 0.312764 0.791226 0.319626 0.791754 0.324378 0.797034 0.328600 0.797562 0.337046 0.790172 0.344964 0.789116 0.349714 0.783308 0.355522 0.781198 0.354466 0.773808 0.344964 0.775918 0.334934 0.777502 0.329128 0.771168
1 0.403558 0.851404 0.404086 0.866712 0.393000 0.875158 0.382442 0.887300 0.381916 0.890994 0.397752 0.889938 0.411476 0.878326 0.417282 0.872520 0.424672 0.872520 0.444732 0.876742 0.445788 0.870936 0.435230 0.865656 0.423090 0.862490 0.425728 0.853516 0.427312 0.846126 0.422562 0.836096 0.415698 0.853516
1 0.288402 0.852102 0.287532 0.862976 0.291882 0.865586 0.296666 0.862542 0.308412 0.869936 0.317546 0.873852 0.320156 0.869066 0.311892 0.858192 0.304932 0.852536 0.300146 0.850362 0.293622 0.850796
1 0.921350 0.091762 0.909618 0.117298 0.907548 0.126270 0.920660 0.124890 0.931012 0.119368 0.939984 0.110396 0.939984 0.102114 0.923420 0.111776 0.931702 0.100044 0.932392 0.089692
1 0.610782 0.208398 0.635628 0.213918 0.647360 0.213918 0.651502 0.215990 0.641840 0.228412 0.641840 0.237384 0.634938 0.242216 0.624586 0.233244 0.617684 0.228412 0.612164 0.215990
1 0.658048 0.483364 0.661796 0.466970 0.667884 0.457602 0.682872 0.451982 0.688962 0.451514 0.676784 0.474464 0.670226 0.481022 0.667416 0.490388 0.668822 0.496478 0.662264 0.496010
1 0.882400 0.620598 0.887084 0.636054 0.893642 0.645422 0.902072 0.650104 0.910972 0.647294 0.914718 0.644016 0.909566 0.636522 0.903008 0.640270 0.898326 0.634180 0.895046 0.625282
1 0.946568 0.632306 0.947036 0.655726 0.947504 0.669308 0.962960 0.662282 0.963898 0.650574 0.974670 0.637928 0.992936 0.629496 0.992936 0.625750 0.978886 0.629964 0.965772 0.635116 0.955466 0.631838
1 0.653834 0.732070 0.648212 0.764388 0.643060 0.773288 0.639782 0.777972 0.647744 0.786402 0.653834 0.798112 0.659454 0.809352 0.666010 0.817784 0.671164 0.810290 0.666948 0.801858 0.663670 0.791554 0.656644 0.782656 0.651492 0.780314 0.657112 0.766262 0.659922 0.750338 0.659454 0.733008 0.659454 0.725982
2 0.973266 0.992488 0.952188 0.986866 0.942820 0.987804