0 0.215932 0.102000 0.204038 0.112016 0.183128 0.123032 0.181190 0.132240 0.194648 0.136430 0.209672 0.145194 0.217184 0.154584 0.230332 0.155836 0.239722 0.170234 0.259128 0.180876 0.269394 0.186070 0.254746 0.186510 0.264424 0.207474 0.255372 0.202786 0.238470 0.178372 0.225250 0.172922 0.212208 0.171496 0.208420 0.161470 0.191518 0.159592 0.164600 0.163974 0.149760 0.168488 0.155210 0.156462 0.161470 0.155210 0.183380 0.150828 0.204664 0.157088 0.210924 0.157714 0.194022 0.140812 0.173364 0.138308 0.175242 0.128292 0.190892 0.110764 0.199030 0.107634 0.208420 0.101374 0.215932 0.093236
0 0.195200 0.246696 0.198968 0.271190 0.210272 0.295682 0.197084 0.302590 0.187036 0.311382 0.183268 0.339642 0.190804 0.338386 0.206504 0.315778 0.213412 0.312010 0.219064 0.311382 0.222204 0.308870 0.227228 0.300078 0.232880 0.285634 0.222832 0.291286 0.219692 0.271190 0.220320 0.253604 0.215296 0.276214 0.214040 0.281866 0.206252 0.269244 0.204918 0.260578 0.202108 0.252976
0 0.269348 0.392036 0.253130 0.415304 0.239734 0.403316 0.227748 0.408252 0.222106 0.413894 0.211530 0.406138 0.205184 0.425174 0.212234 0.448444 0.226336 0.460430 0.217876 0.439982 0.217170 0.425880 0.222106 0.432226 0.223516 0.442802 0.233388 0.447738 0.241144 0.449854 0.245374 0.456200 0.256656 0.470302 0.272168 0.487928 0.268642 0.466776 0.255952 0.449854 0.245374 0.439276 0.248194 0.437866 0.258066 0.430816 0.279302 0.418442 0.263326 0.416382 0.266528 0.405432
0 0.241136 0.520582 0.226112 0.542368 0.214092 0.531100 0.201322 0.536358 0.180288 0.544622 0.169772 0.544622 0.169772 0.554388 0.187800 0.549128 0.215594 0.542368 0.221604 0.550632 0.229868 0.564152 0.244140 0.585186 0.254658 0.595704 0.256160 0.579176 0.243390 0.564904 0.242638 0.553636 0.247146 0.540866 0.262812 0.538516 0.244774 0.533362
0 0.224248 0.632678 0.230368 0.642694 0.241498 0.632678 0.252626 0.635462 0.238158 0.650486 0.254296 0.654380 0.277110 0.656606 0.283230 0.663840 0.286014 0.677752 0.289352 0.686098 0.288238 0.704460 0.283230 0.717816 0.281006 0.720040 0.278780 0.680534 0.273772 0.668292 0.254296 0.661058 0.238158 0.661058 0.237602 0.666622 0.233150 0.682202 0.223134 0.691106 0.228142 0.673856 0.228142 0.662170 0.224248 0.651042 0.220910 0.641582 0.216458 0.638800 0.218126 0.631010
0 0.244836 0.763444 0.230368 0.780694 0.227030 0.771234 0.223232 0.762990 0.221330 0.767608 0.219240 0.784032 0.212006 0.787370 0.217570 0.793492 0.219796 0.802952 0.222022 0.805734 0.226474 0.819088 0.233708 0.835782 0.234264 0.844684 0.238716 0.854700 0.252626 0.858596 0.257634 0.859152 0.252626 0.833556 0.244774 0.819374 0.243724 0.803508 0.234820 0.791822 0.238716 0.785702 0.250958 0.779024 0.249310 0.772498 0.249288 0.767338
0 0.254604 0.905314 0.238660 0.904316 0.226204 0.906808 0.213250 0.898836 0.206274 0.892858 0.201790 0.902324 0.196808 0.908802 0.188338 0.921258 0.200294 0.914282 0.201292 0.924246 0.204780 0.916274 0.207768 0.912786 0.218232 0.910296 0.225706 0.923250 0.230688 0.932218 0.237664 0.934710 0.258092 0.944674 0.248126 0.931720 0.246632 0.924246 0.239158 0.917272 0.242646 0.913784 0.250120 0.910296
0 0.672288 0.063814 0.654916 0.067570 0.638954 0.064754 0.632380 0.059590 0.620174 0.057712 0.608906 0.053016 0.592472 0.053486 0.582144 0.056302 0.576040 0.063346 0.575102 0.067570 0.585900 0.063346 0.598106 0.060058 0.599046 0.068510 0.598576 0.080248 0.596228 0.095272 0.595760 0.111704 0.596228 0.125788 0.598106 0.137056 0.600924 0.143630 0.608436 0.137056 0.617356 0.112642 0.630502 0.099496 0.629564 0.092454 0.614070 0.103722 0.614070 0.091516 0.611722 0.083064 0.617826 0.072266 0.626278 0.072266 0.639892 0.073204 0.650222 0.072736 0.660550 0.071326
0 0.596464 0.218418 0.592492 0.245564 0.592492 0.261454 0.592492 0.274696 0.591830 0.285288 0.584548 0.297868 0.579912 0.312434 0.573954 0.304488 0.564022 0.281978 0.558726 0.277344 0.555416 0.283302 0.554754 0.301840 0.560050 0.317068 0.579912 0.319054 0.585210 0.319716 0.581236 0.335606 0.575940 0.345538 0.569982 0.356130 0.577926 0.363414 0.604410 0.351496 0.609044 0.335606 0.606396 0.321040 0.612354 0.303164 0.615002 0.290586 0.615002 0.264764 0.626920 0.248212 0.629568 0.223716 0.623610 0.223716 0.622516 0.242198 0.613678 0.254172 0.604410 0.267412 0.601762 0.268074 0.601100 0.246226 0.603086 0.237620 0.608640 0.228662 0.617452 0.230498 0.614148 0.207370 0.603086 0.217094
0 0.548906 0.400182 0.553086 0.411530 0.561448 0.415114 0.579368 0.415114 0.593658 0.407620 0.610148 0.411228 0.626552 0.416308 0.634318 0.419892 0.633720 0.427656 0.630734 0.435422 0.627150 0.440200 0.627748 0.445576 0.630136 0.451548 0.654626 0.446172 0.660000 0.448562 0.640888 0.455730 0.630136 0.459312 0.639096 0.465884 0.621178 0.455730 0.617594 0.453340 0.613412 0.464092 0.614010 0.449756 0.614608 0.442588 0.603856 0.440798 0.600272 0.444978 0.591314 0.452146 0.578770 0.459312 0.565630 0.461702 0.578770 0.447368 0.593702 0.440798 0.606842 0.430046 0.600272 0.420490 0.581160 0.420490 0.576380 0.420490 0.553086 0.424074 0.543530 0.409738 0.532848 0.396798
0 0.626346 0.550018 0.621408 0.568426 0.616918 0.573814 0.643760 0.575230 0.646552 0.580100 0.657328 0.586836 0.672144 0.590428 0.664960 0.593570 0.632632 0.587284 0.629490 0.594468 0.627244 0.601204 0.623204 0.614674 0.621408 0.624102 0.620960 0.632184 0.621408 0.640714 0.624102 0.650144 0.625898 0.658674 0.634878 0.667654 0.643858 0.668552 0.645654 0.655082 0.648796 0.663164 0.643858 0.673492 0.657328 0.674838 0.663164 0.678430 0.672594 0.682022 0.671246 0.690554 0.647000 0.683370 0.636224 0.682920 0.624102 0.685166 0.616918 0.689656 0.610632 0.679328 0.602550 0.669450 0.602550 0.661818 0.605244 0.656430 0.608836 0.654184 0.603000 0.644756 0.599856 0.642062 0.591774 0.650592 0.591326 0.641612 0.594918 0.622306 0.597162 0.618266 0.602550 0.616470 0.603000 0.610632 0.606142 0.608388 0.609286 0.596714 0.613776 0.580998 0.601204 0.586836 0.592224 0.595366 0.585938 0.602102 0.588182 0.587734 0.592224 0.576508 0.594918 0.557650 0.597612 0.544630 0.602102 0.541038 0.608836 0.545978 0.610184 0.549568 0.616918 0.544630 0.620510 0.541038 0.624552 0.539692
0 0.593274 0.907886 0.605416 0.923722 0.602776 0.944310 0.592220 0.949060 0.577966 0.956450 0.566882 0.965424 0.562658 0.982844 0.558436 0.993930 0.587468 0.982316 0.603304 0.977038 0.608602 0.976552 0.612278 0.977038 0.596750 0.986858 0.602248 0.994458 0.624948 0.975982 0.636560 0.957506 0.637616 0.948532 0.625476 0.941142 0.613334 0.940086 0.611222 0.918444 0.602248 0.905248
0 0.631162 0.912950 0.607056 0.899252 0.610786 0.887604 0.612210 0.877092 0.587988 0.864208 0.602418 0.846172 0.597368 0.838402 0.587428 0.851324 0.590410 0.838402 0.603828 0.826972 0.609792 0.835420 0.612278 0.841882 0.616750 0.844366 0.620726 0.862754 0.627618 0.878390 0.633854 0.889976 0.630030 0.895268 0.629174 0.903506 0.628180 0.907482
0 0.874038 0.221298 0.880264 0.191294 0.884228 0.168082 0.897248 0.160722 0.897248 0.179404 0.895550 0.198086 0.893852 0.209408 0.897248 0.215636 0.905540 0.217014 0.910270 0.228658 0.911402 0.240546 0.913100 0.260926 0.903476 0.267720 0.882530 0.277344 0.877434 0.276212 0.900646 0.251868 0.912116 0.233454 0.896116 0.233186 0.886492 0.227524 0.879698 0.228658 0.871206 0.229790 0.867244 0.249604 0.866112 0.262624 0.860450 0.269984 0.864414 0.239414 0.855922 0.236582 0.845732 0.236016 0.846864 0.233186 0.854790 0.225826 0.864980 0.225260
0 0.872906 0.318670 0.865546 0.337352 0.865546 0.350940 0.859318 0.360564 0.835542 0.370188 0.827616 0.371886 0.824784 0.376416 0.824218 0.379812 0.838938 0.377548 0.845166 0.377548 0.846864 0.386606 0.854224 0.391134 0.868376 0.395098 0.870074 0.417176 0.879698 0.444350 0.888756 0.442652 0.870640 0.397362 0.858186 0.387738 0.852524 0.371886 0.862150 0.367358 0.870074 0.366226 0.866728 0.381434 0.883096 0.355468 0.893286 0.344146 0.910270 0.326596 0.926120 0.310178 0.914798 0.312444 0.906306 0.316406 0.907438 0.304518 0.901212 0.311878 0.897248 0.318670 0.889322 0.314708 0.879698 0.316972
0 0.909862 0.567512 0.902492 0.563458 0.892172 0.564564 0.891606 0.573074 0.867064 0.562848 0.851726 0.561314 0.841500 0.570006 0.844568 0.582276 0.850192 0.595570 0.857350 0.603750 0.858372 0.595570 0.854282 0.583810 0.857862 0.571028 0.876268 0.571028 0.881892 0.574096 0.882404 0.579720 0.871156 0.585856 0.858884 0.585344 0.866042 0.593014 0.885472 0.586878 0.897230 0.582788 0.937622 0.592502 0.943758 0.595570 0.962164 0.610398 0.955518 0.595058 0.928420 0.581254 0.912810 0.577830
0 0.878314 0.457010 0.865530 0.464680 0.866554 0.472860 0.872688 0.483086 0.880870 0.483598 0.884960 0.488710 0.888538 0.496892 0.905922 0.492802 0.909502 0.484620 0.913080 0.462634 0.908480 0.474394 0.899276 0.485132 0.890584 0.486666 0.883426 0.469282 0.879848 0.465702 0.879336 0.463146 0.885472 0.460078 0.888538 0.457522
0 0.896938 0.841670 0.888508 0.853380 0.880078 0.859938 0.870710 0.870242 0.858532 0.881950 0.865558 0.860406 0.859000 0.856190 0.868368 0.847760 0.881014 0.832772 0.894596 0.834176 0.896938 0.826214 0.921294 0.820594 0.940966 0.819188 0.926446 0.825746 0.909584 0.829492 0.901622 0.834644
0 0.893854 0.951152 0.893854 0.981046 0.883390 0.989516 0.885882 0.956632 0.871432 0.965102 0.852500 0.972078 0.872928 0.956134 0.891362 0.943678 0.887874 0.926738 0.879902 0.926738 0.866948 0.933714 0.856486 0.936702 0.870436 0.919264 0.893356 0.919762 0.900830 0.925742 0.898338 0.939692
0 0.244678 0.041128 0.232044 0.052580 0.223862 0.064340 0.221818 0.076100 0.225908 0.080190 0.228464 0.078146 0.233066 0.080702 0.232554 0.099108 0.230510 0.112402 0.232554 0.128764 0.238690 0.115470 0.240736 0.097574 0.252918 0.110916 0.247894 0.097574 0.254106 0.082108 0.243804 0.093996 0.240346 0.064144 0.246360 0.055138 0.251984 0.045934
1 0.021484 0.000000 0.027344 0.000000 0.023246 0.007194 0.020570 0.027450 0.017814 0.023438 0.012048 0.022710 0.007588 0.004008 0.007076 0.000940
1 0.030596 0.043890 0.033858 0.053728 0.033948 0.054206 0.040828 0.052678 0.041974 0.050766 0.042358 0.053060 0.048472 0.057264 0.045032 0.059940 0.052294 0.074082 0.045032 0.071788 0.037006 0.064908 0.033184 0.067966 0.030890 0.074464 0.025922 0.072170 0.018660 0.057264 0.021718 0.046180 0.025158 0.035860
1 0.098800 0.009140 0.098542 0.023246 0.095892 0.033372 0.101982 0.043122 0.106952 0.056500 0.102748 0.065672 0.098160 0.050384 0.089592 0.044520 0.091664 0.026686 0.092810 0.011016 0.096632 0.006428
1 0.211678 0.027068 0.196390 0.028598 0.186070 0.019424 0.178808 0.016366 0.185306 0.028216 0.187600 0.033566 0.189128 0.049238 0.193332 0.049620 0.197920 0.034330 0.209004 0.032420 0.204800 0.043504 0.209004 0.044268 0.216266 0.034712 0.234502 0.042096 0.226586 0.030890 0.219706 0.028216 0.221998 0.009868 0.216266 0.019042
1 0.272070 0.006046 0.261750 0.013690 0.253340 0.016748 0.256398 0.023246 0.260984 0.029362 0.262132 0.031272 0.256780 0.036242 0.260602 0.037388 0.265954 0.039300 0.271304 0.042740 0.273216 0.034712 0.277420 0.019806 0.267482 0.031656 0.265190 0.026686 0.270540 0.017896 0.278184 0.007958
1 0.076374 0.127974 0.072552 0.142880 0.061850 0.139440 0.048854 0.134472 0.047326 0.138676 0.054970 0.142116 0.062614 0.145174 0.064908 0.149378 0.055734 0.146702 0.048472 0.147466 0.047326 0.152054 0.054970 0.152436 0.064144 0.152818 0.060322 0.173840 0.071788 0.157022 0.077138 0.152054 0.082490 0.149760 0.079432 0.132178
1 0.104658 0.188364 0.097396 0.189510 0.098160 0.175368 0.091280 0.185688 0.085166 0.192186 0.081726 0.188746 0.076756 0.191804 0.073698 0.199448 0.080578 0.207474 0.087076 0.213208 0.086694 0.202506 0.095868 0.200976 0.107334 0.194862 0.108862 0.192186
1 0.094720 0.150906 0.106952 0.151672 0.114214 0.154346 0.122622 0.155876 0.131272 0.155018 0.147750 0.172950 0.130266 0.166960 0.123004 0.161990 0.108862 0.161608 0.093574 0.156258 0.088606 0.148614
1 0.315922 0.167620 0.302574 0.167588 0.294112 0.151626 0.290908 0.158590 0.292242 0.165256 0.290908 0.170256 0.286576 0.175254 0.282910 0.183920 0.289242 0.176254 0.295242 0.173588 0.296536 0.176344 0.308240 0.190586 0.303240 0.176588 0.304240 0.174254 0.311574 0.172254 0.315906 0.168256
1 0.040642 0.335308 0.068752 0.364386 0.069722 0.355662 0.064390 0.345970 0.062452 0.342092 0.057120 0.342578 0.045974 0.334822
1 0.133070 0.408332 0.127168 0.428186 0.114290 0.428722 0.113216 0.434088 0.117510 0.433014 0.121802 0.433550 0.121802 0.446428 0.129314 0.437844 0.134680 0.439454 0.139646 0.451940 0.142222 0.454002 0.144874 0.444818 0.137362 0.436234 0.142192 0.428722 0.139508 0.412624 0.138972 0.402966 0.127704 0.406722
1 0.143656 0.479672 0.124468 0.478688 0.118566 0.475736 0.114138 0.475244 0.109710 0.476720 0.106758 0.484100 0.109710 0.494922 0.112170 0.494922 0.122500 0.501810 0.122500 0.492954 0.124960 0.489020 0.137752 0.485084
1 0.163334 0.431458 0.156446 0.443758 0.153494 0.457534 0.149560 0.462452 0.163866 0.473068 0.171206 0.461960 0.178586 0.446710 0.175634 0.449170 0.171698 0.456550 0.160874 0.460976 0.162350 0.450154 0.164318 0.438838
1 0.000000 0.381138 0.012834 0.388950 0.013950 0.393416 0.000558 0.389508
1 0.000000 0.453124 0.014508 0.467634 0.021206 0.469308 0.029576 0.480468 0.002232 0.474888
1 0.000000 0.498046 0.010044 0.521764 0.013392 0.522880 0.020220 0.528492 0.018382 0.512868 0.025736 0.518842 0.026654 0.526194 0.031250 0.518382 0.037224 0.498622 0.040702 0.511718 0.040186 0.526148 0.029872 0.539062 0.029880 0.549338 0.000000 0.529296
1 0.099712 0.546876 0.092516 0.563322 0.087376 0.560238 0.086862 0.571032 0.081722 0.566920 0.071444 0.564864 0.070416 0.572060 0.077612 0.572060 0.077612 0.582854 0.083264 0.588508 0.093030 0.594162 0.100740 0.585424 0.107936 0.582340 0.128496 0.567948 0.113590 0.567434 0.104338 0.564350 0.103824 0.553042
1 0.055646 0.567376 0.055510 0.590050 0.064248 0.601870 0.076584 0.604440 0.086862 0.605982 0.071444 0.591078 0.062706 0.577714
1 0.201736 0.574648 0.199872 0.588632 0.189616 0.592360 0.187752 0.597954 0.201736 0.597488 0.203134 0.608210 0.217584 0.612872 0.208728 0.596090 0.208262 0.586768
1 0.030932 0.642498 0.046886 0.646736 0.043304 0.647802 0.045956 0.657964 0.044188 0.664592 0.036234 0.655756 0.027396 0.653546
1 0.068492 0.705688 0.078214 0.704804 0.083516 0.711874 0.097214 0.716294 0.097214 0.722480 0.085284 0.722922 0.076888 0.718502 0.071586 0.720712 0.065398 0.717618
1 0.005542 0.717258 0.021118 0.720946 0.029572 0.731574 0.040822 0.728506 0.049932 0.729992 0.041332 0.736686 0.032640 0.736686 0.031816 0.754296 0.028722 0.757388 0.026272 0.748258 0.028280 0.740596 0.020604 0.734860
1 0.299534 0.746400 0.282150 0.743844 0.279594 0.725948 0.274480 0.726972 0.269368 0.740776 0.262210 0.743332 0.259142 0.751002 0.265278 0.757648 0.271924 0.753048 0.283172 0.753048 0.286240 0.756116 0.298512 0.761740 0.304646 0.762762 0.298000 0.752024
1 0.004008 0.694250 0.031618 0.676866 0.026506 0.675842 0.010656 0.683512 0.003498 0.679932 0.001964 0.681466
1 0.283780 0.879550 0.265902 0.875974 0.264872 0.866270 0.252046 0.871058 0.244450 0.872846 0.235510 0.882232 0.237744 0.887148 0.256070 0.883572 0.252940 0.888042 0.264114 0.894746 0.260538 0.886700 0.268136 0.884466 0.276182 0.883126
1 0.085462 0.787004 0.092852 0.791226 0.098132 0.794394 0.102354 0.798090 0.105906 0.817438 0.107634 0.794922 0.109744 0.785948 0.103938 0.788060 0.095492 0.784364 0.089686 0.781726 0.082824 0.781726
1 0.179842 0.913166 0.172628 0.913682 0.172562 0.936920 0.183646 0.947476 0.196316 0.950116 0.200538 0.940086 0.182590 0.935864 0.177840 0.929002
1 0.009176 0.989460 0.012276 0.977058 0.023438 0.972718 0.023438 0.967758 0.019098 0.962798 0.019718 0.959078 0.033358 0.942956 0.022818 0.943576 0.014756 0.951016 0.000496 0.949776 0.000000 0.957032 0.007936 0.960318 0.007316 0.966518 0.005456 0.970858 0.004216 0.975818 0.004216 0.985120
1 0.079296 0.893010 0.084618 0.899928 0.084618 0.912700 0.089408 0.907378 0.098454 0.904186 0.104840 0.895670 0.116548 0.888752 0.107502 0.888752 0.094730 0.890348 0.094730 0.881834 0.088876 0.883962 0.078764 0.883962
1 0.122116 0.820022 0.119216 0.824370 0.115594 0.823284 0.105448 0.820022 0.103636 0.822560 0.110158 0.825458 0.115956 0.827994 0.119580 0.830168 0.124652 0.834880 0.127552 0.832342 0.125376 0.826182
1 0.178644 0.796106 0.177194 0.804442 0.170672 0.803716 0.161250 0.806616 0.165962 0.814224 0.175382 0.813138 0.184804 0.811688 0.184442 0.805166 0.184442 0.795744 0.181906 0.792846
1 0.204488 0.749408 0.197426 0.750222 0.188190 0.751038 0.184930 0.754570 0.189276 0.762446 0.195252 0.767608 0.201772 0.767064 0.198512 0.760274 0.199056 0.758100 0.201772 0.753754
1 0.529822 0.048330 0.525644 0.050072 0.529474 0.059122 0.529474 0.061560 0.519378 0.053552 0.515548 0.045546 0.521816 0.046590 0.523556 0.046242
1 0.690654 0.190444 0.688632 0.202576 0.679736 0.207832 0.679332 0.211876 0.688632 0.209046 0.687420 0.219964 0.692676 0.215110 0.700360 0.215110 0.692676 0.209450 0.691868 0.198532
1 0.743376 0.248488 0.740072 0.282264 0.748516 0.282264 0.746682 0.290340 0.753656 0.287404 0.763202 0.292176 0.767240 0.287770 0.770544 0.289606 0.772380 0.283364 0.774216 0.274920 0.776418 0.265376 0.773482 0.250690 0.766138 0.252158 0.756226 0.245550 0.748884 0.253260
1 0.675458 0.282998 0.677294 0.293278 0.675092 0.299518 0.673256 0.307962 0.679130 0.303556 0.685004 0.299886 0.695284 0.297316 0.702258 0.292542 0.699322 0.289606 0.683536 0.294378 0.682800 0.282998 0.680966 0.279694
1 0.690144 0.307962 0.683536 0.316040 0.673990 0.320444 0.667382 0.328888 0.667748 0.334762 0.687940 0.329990 0.696384 0.328522 0.690878 0.321178 0.689776 0.313836
1 0.545216 0.562222 0.562350 0.571784 0.563292 0.583106 0.554328 0.588296 0.543478 0.590184 0.539032 0.590050 0.546762 0.580774 0.554800 0.578860 0.547276 0.570468
1 0.530684 0.644188 0.530684 0.662606 0.522546 0.664320 0.510554 0.668174 0.516550 0.660464 0.517406 0.653184 0.513124 0.642904 0.520406 0.646330 0.530684 0.636050
1 0.801820 0.370716 0.805868 0.379150 0.804856 0.387582 0.815314 0.390280 0.831842 0.394328 0.827458 0.388932 0.818686 0.383872 0.817338 0.377462 0.814302 0.379824 0.808904 0.373414 0.802494 0.365318
1 0.913916 0.521080 0.923128 0.532502 0.929762 0.542822 0.935658 0.547244 0.948556 0.548350 0.941922 0.542084 0.934184 0.539504 0.929762 0.528818 0.924602 0.521080 0.919442 0.520342 0.917232 0.519236
1 0.587326 0.770496 0.592876 0.785760 0.594958 0.793046 0.598080 0.799984 0.600160 0.788882 0.608486 0.785412 0.599814 0.785066 0.597038 0.777434 0.591836 0.771536
1 0.791928 0.784006 0.784006 0.795028 0.792272 0.801574 0.803640 0.803984 0.792962 0.797440 0.793650 0.789518
1 0.743358 0.746114 0.744392 0.763682 0.751626 0.770572 0.747492 0.764716 0.754382 0.757826 0.750248 0.750248 0.747836 0.745082
1 0.770916 0.798818 0.765750 0.807430 0.759548 0.812252 0.757138 0.818452 0.767472 0.812940 0.775050 0.815008 0.772982 0.806740
0 0.849906 0.082268 0.867660 0.102392 0.877722 0.112452 0.883050 0.114820 0.883642 0.133760 0.893110 0.132576 0.893702 0.147964 0.899030 0.143230 0.907908 0.152108 0.909486 0.122974 0.901594 0.115084 0.895676 0.105218 0.915404 0.105218 0.933160 0.092066 0.887784 0.099432 0.876538 0.088186 0.869436 0.082268 0.858848 0.069708 0.855824 0.069248 0.841094 0.067734
1 0.994208 0.271978 0.983256 0.289622 0.977170 0.293272 0.968044 0.299358 0.957092 0.305442 0.949790 0.313960 0.957092 0.317002 0.990556 0.294490 0.996032 0.282930
1 0.121094 0.516872 0.123156 0.532332 0.123156 0.539032 0.116456 0.542638 0.109756 0.542638 0.115426 0.534394 0.116972 0.528210 0.116456 0.519964
1 0.021118 0.759596 0.008236 0.772994 0.003598 0.777632 0.001020 0.780210 0.000000 0.787110 0.009782 0.795670 0.018026 0.802884 0.018542 0.778664 0.020604 0.771964 0.025242 0.767326
1 0.081928 0.861116 0.058738 0.863694 0.057708 0.871424 0.068530 0.869878 0.075228 0.867816
1 0.185510 0.886368 0.182418 0.893068 0.183450 0.899252 0.175204 0.906466 0.167990 0.902860 0.167990 0.894614 0.170050 0.883276 0.177266 0.881730 0.177266 0.885852
1 0.312284 0.838958 0.307646 0.848234 0.305068 0.846172 0.302492 0.854418 0.304038 0.863694 0.307130 0.873484 0.304554 0.874000 0.296824 0.858540 0.281878 0.852356 0.289094 0.844626 0.295278 0.841018 0.304038 0.836896
1 0.054616 0.828650 0.049462 0.834834 0.041732 0.835350 0.045340 0.847718 0.049978 0.848748 0.054616 0.842050 0.055646 0.833804
1 0.549338 0.153560 0.539546 0.159744 0.535424 0.168504 0.551914 0.176234 0.555008 0.174174 0.545730 0.166958
1 0.619026 0.001838 0.615350 0.010110 0.611214 0.019302 0.615808 0.026654 0.635570 0.017004 0.642004 0.003676 0.637408 0.000000
1 0.944996 0.791772 0.940394 0.812816 0.954204 0.820050 0.946312 0.806240 0.950258 0.800320