0 0.031400 0.007362 0.038912 0.011118 0.044922 0.014122 0.040414 0.017878 0.026142 0.014874 0.024640 0.021634 0.043420 0.023138 0.044170 0.029898 0.050180 0.030650 0.048678 0.023888 0.062200 0.024640 0.063702 0.017128 0.055438 0.017878 0.060698 0.009616 0.049430 0.004356
0 0.059194 0.103516 0.038912 0.107272 0.030650 0.111028 0.041166 0.117788 0.039664 0.123798 0.029898 0.141076 0.048678 0.135818 0.059946 0.129808 0.063702 0.115534 0.070462 0.121544 0.074970 0.105770 0.069712 0.098258 0.077224 0.081730 0.081730 0.072716 0.076472 0.072716 0.068960 0.080980 0.059946 0.095252
0 0.053936 0.603064 0.038912 0.595552 0.033654 0.605318 0.035156 0.614332 0.017128 0.613582 0.017878 0.628606 0.035908 0.624850 0.050180 0.617338 0.047926 0.635366 0.047926 0.654146 0.049430 0.658654 0.053186 0.639874 0.053936 0.623348 0.059946 0.634616 0.067458 0.633112 0.080228 0.629356 0.073468 0.623348 0.058444 0.617338 0.060698 0.610576
0 0.059194 0.675932 0.038162 0.676682 0.038162 0.686448 0.032902 0.699970 0.047176 0.690204 0.059194 0.694712 0.059194 0.699970 0.044170 0.701472 0.036658 0.705228 0.039664 0.712740 0.062950 0.706730 0.062950 0.697716 0.065204 0.690204 0.063702 0.682692
0 0.044170 0.751802 0.032152 0.749550 0.026894 0.757062 0.032902 0.768330 0.031400 0.781850 0.023138 0.787860 0.032902 0.790114 0.042668 0.772836 0.044170 0.761568 0.051682 0.756310 0.047176 0.773588 0.047176 0.784104 0.056190 0.796124 0.050932 0.770582 0.056190 0.761568 0.059946 0.759314 0.059194 0.772086 0.068210 0.782602 0.076472 0.778846 0.062950 0.762320 0.060698 0.755558 0.059194 0.752554 0.054688 0.745794
1 0.044922 0.794622 0.038162 0.811148 0.035908 0.823918 0.046424 0.823918 0.053936 0.826172 0.063702 0.825420 0.069712 0.820914 0.067458 0.810396 0.062200 0.802134 0.059946 0.798378 0.053936 0.797626
0 0.042668 0.827674 0.033654 0.829928 0.039664 0.842698 0.033654 0.855468 0.034406 0.863732 0.047926 0.849460 0.056942 0.839694 0.058444 0.847206 0.062950 0.851712 0.068960 0.833684 0.086238 0.833684 0.081730 0.826924 0.066706 0.829928 0.055438 0.831430
0 0.047926 0.884014 0.024640 0.881760 0.014874 0.888522 0.023888 0.893780 0.016376 0.908052 0.011118 0.917068 0.031400 0.901292 0.040414 0.891526 0.059194 0.890024 0.065956 0.893780 0.056942 0.911058 0.073468 0.894532 0.068210 0.887020 0.072716 0.881010 0.075722 0.871244 0.059194 0.881760 0.051682 0.869742 0.056942 0.882512
1 0.048678 0.894532 0.031400 0.907302 0.021634 0.914062 0.048678 0.917068 0.056190 0.907302
0 0.668014 0.000000 0.642176 0.006840 0.664974 0.005320 0.673334 0.009880 0.672574 0.022040 0.672574 0.023560 0.675614 0.018240 0.680934 0.006080 0.693854 0.009120 0.697654 0.005320 0.685494 0.001520
0 0.527420 0.003800 0.518300 0.012920 0.512980 0.021280 0.509180 0.034198 0.512220 0.038758 0.530460 0.030398 0.537300 0.026598 0.544900 0.023560 0.549458 0.016720 0.537300 0.023560 0.535020 0.013680 0.531980 0.009880
0 0.530460 0.086636 0.512220 0.085876 0.510700 0.093476 0.499300 0.102596 0.500060 0.109436 0.512220 0.101076 0.509940 0.108676 0.516020 0.111716 0.519060 0.122356 0.522860 0.114756 0.536540 0.113236 0.550218 0.112476 0.538820 0.092716 0.534260 0.095756 0.541860 0.104876 0.529700 0.105636 0.522100 0.107916 0.524380 0.095756
0 0.528180 0.142874 0.516780 0.145154 0.509180 0.129956 0.501580 0.131474 0.510700 0.147434 0.518300 0.153514 0.508420 0.158834 0.489422 0.164154 0.483342 0.180874 0.478022 0.183152 0.493222 0.180114 0.519060 0.161114 0.511460 0.177074 0.516780 0.192272 0.522860 0.201392 0.522100 0.177834 0.528180 0.161114 0.531980 0.180114 0.541100 0.185432 0.557058 0.189232 0.563898 0.183152 0.544140 0.175554 0.538060 0.165674 0.537300 0.157314 0.537300 0.151234 0.543380 0.137554
0 0.528180 0.222672 0.502340 0.233312 0.491702 0.236350 0.488662 0.242430 0.484862 0.253830 0.484862 0.262950 0.495500 0.253830 0.500820 0.240910 0.519060 0.233312 0.533500 0.230272 0.544140 0.229512 0.541100 0.225712 0.543380 0.218872 0.547178 0.211272 0.541100 0.211272
0 0.524380 0.297148 0.510700 0.296388 0.504620 0.307788 0.491702 0.320708 0.503860 0.316908 0.523620 0.306268 0.521340 0.314628 0.531220 0.334388 0.539580 0.335908 0.533500 0.319948 0.531980 0.307028 0.536540 0.301708 0.543380 0.295628 0.569978 0.288788 0.569978 0.281950 0.552498 0.281950 0.548698 0.284990 0.532740 0.292588
0 0.516780 0.321468 0.519820 0.341986 0.510700 0.339706 0.506140 0.343506 0.507660 0.354146 0.500820 0.357946 0.490942 0.359466 0.489422 0.366306 0.507660 0.367066 0.520580 0.350346 0.526660 0.354146 0.538820 0.352626 0.532740 0.345786 0.524380 0.340466 0.521340 0.328308
0 0.524380 0.433184 0.505380 0.435464 0.490182 0.436984 0.493982 0.465102 0.495500 0.446102 0.506900 0.441544 0.515260 0.441544 0.510700 0.450662 0.502340 0.451422 0.513740 0.453702 0.510700 0.460542 0.516020 0.455982 0.528940 0.461302 0.532740 0.462062 0.528940 0.473462 0.536540 0.462062 0.535020 0.444582 0.531980 0.438504 0.527420 0.448382 0.527420 0.451422 0.519820 0.445342
0 0.512220 0.508420 0.499300 0.529700 0.504620 0.532740 0.512220 0.529700 0.513740 0.539580 0.550978 0.541860 0.523620 0.532740 0.551738 0.528940 0.562378 0.521340 0.556298 0.516020 0.547938 0.522100 0.522100 0.526660 0.517540 0.522100 0.526660 0.512220
0 0.528940 0.589738 0.520580 0.575298 0.515260 0.575298 0.522100 0.585178 0.514500 0.588218 0.516780 0.598098 0.498540 0.607216 0.486382 0.614056 0.471942 0.625456 0.468902 0.639136 0.485622 0.623176 0.486382 0.636096 0.494742 0.621656 0.509940 0.605696 0.517540 0.605696 0.531220 0.614816 0.519820 0.625456 0.516020 0.631536 0.532740 0.626216 0.537300 0.619376 0.532740 0.610256 0.535020 0.602656 0.537300 0.592778 0.550978 0.579098 0.544140 0.580618
0 0.044078 0.199112 0.019760 0.199112 0.015960 0.205952 0.033438 0.205952 0.031918 0.215832 0.028878 0.234072 0.033438 0.236350 0.041038 0.220392 0.050918 0.225712 0.053958 0.241670 0.063078 0.231032 0.059278 0.224952 0.065358 0.215832 0.056238 0.216592 0.051678 0.208992 0.061558 0.206712 0.075238 0.211272 0.082076 0.207472 0.068398 0.199872 0.060038 0.197592 0.058518 0.186192 0.053958 0.193792
1 0.085876 0.240150 0.075998 0.240150 0.074478 0.256110 0.078276 0.261430 0.090436 0.258390 0.095756 0.250030
0 0.058518 0.256110 0.047118 0.248510 0.033438 0.253830 0.024320 0.270550 0.042558 0.256870 0.045598 0.260670 0.045598 0.284990 0.055478 0.264470 0.066118 0.269030 0.079036 0.266750 0.068398 0.260670
0 0.058518 0.305508 0.051678 0.306268 0.056998 0.316148 0.054718 0.323748 0.043318 0.326788 0.034958 0.333628 0.022040 0.343506 0.048638 0.334388 0.050918 0.329068 0.050158 0.345026 0.065358 0.361746 0.073718 0.356426 0.058518 0.342746 0.065358 0.329828 0.065358 0.322228 0.063078 0.315388
0 0.072198 0.389106 0.054718 0.398224 0.054718 0.403544 0.041798 0.410384 0.036478 0.411144 0.031918 0.418744 0.015960 0.426344 0.015960 0.432424 0.026598 0.430904 0.031158 0.447622 0.033438 0.425584 0.052438 0.414184 0.049398 0.426344 0.055478 0.438504 0.042558 0.440784 0.049398 0.452182 0.057758 0.456742 0.055478 0.463582 0.036478 0.470422 0.054718 0.472702 0.064598 0.464342 0.064598 0.447622 0.062318 0.439264 0.063078 0.422544 0.056998 0.411904 0.068398 0.403544 0.079796 0.414944 0.082076 0.407344 0.075238 0.402024 0.071438 0.401264
0 0.049398 0.960604 0.043318 0.956804 0.046358 0.970482 0.044078 0.972002 0.029638 0.972002 0.022040 0.962884 0.022800 0.977322 0.034198 0.981882 0.040278 0.984162 0.031250 0.998046 0.045598 0.987962 0.042558 0.988722 0.044922 0.998046 0.058518 0.977322 0.057758 0.969722
0 0.245470 0.099556 0.271310 0.098036 0.277390 0.104116 0.250030 0.108676 0.243190 0.107916 0.249270 0.118556 0.239390 0.124636 0.239390 0.107156 0.227232 0.112476 0.231032 0.130714 0.237110 0.139074 0.227992 0.139074 0.224952 0.127676 0.220392 0.134514 0.216592 0.124636 0.218872 0.113236 0.219632 0.107916 0.223432 0.099556 0.223432 0.093476 0.238630 0.092716
0 0.226472 0.151234 0.224192 0.169474 0.227992 0.176314 0.209752 0.183912 0.209752 0.189992 0.199112 0.196832 0.184672 0.208232 0.187712 0.215072 0.198352 0.201392 0.208232 0.193792 0.221912 0.192272 0.223432 0.205952 0.231032 0.205192 0.229512 0.193792 0.238630 0.180874 0.250030 0.181634 0.263710 0.180114 0.274350 0.181634 0.269030 0.189232 0.270550 0.192272 0.279670 0.187712 0.278910 0.177074 0.264470 0.175554 0.248510 0.174794 0.250790 0.170234 0.258390 0.167954 0.255350 0.161874 0.246230 0.169474 0.239390 0.176314 0.231792 0.174034 0.230272 0.169474 0.230272 0.164154 0.230272 0.159594
0 0.226472 0.253070 0.214312 0.257630 0.206712 0.251550 0.202152 0.246990 0.190752 0.261430 0.205952 0.264470 0.186192 0.272830 0.204432 0.275870 0.209752 0.276630 0.212032 0.293348 0.218872 0.300188 0.219632 0.290308 0.221152 0.276630 0.231792 0.269790 0.238630 0.259910 0.225712 0.264470 0.223432 0.260670
0 0.227232 0.304748 0.225712 0.310068 0.221912 0.316148 0.229512 0.326028 0.219632 0.333628 0.199872 0.343506 0.186952 0.357186 0.217352 0.343506 0.229512 0.341226 0.241670 0.348066 0.270550 0.351106 0.280430 0.345786 0.275110 0.338946 0.249270 0.333628 0.242430 0.328308 0.237870 0.326028 0.234830 0.316908
0 0.239390 0.387586 0.215832 0.386066 0.196072 0.372386 0.193032 0.381506 0.199872 0.389866 0.193032 0.394424 0.180874 0.397464 0.174794 0.404304 0.189232 0.402784 0.210512 0.405064 0.199872 0.420264 0.219632 0.398224 0.224192 0.397464 0.233312 0.392904
1 0.231792 0.477262 0.223432 0.497780 0.228752 0.512220 0.228752 0.494742 0.236350 0.490182 0.246990 0.503860 0.248510 0.502340 0.243190 0.489422 0.244710 0.484102 0.253070 0.483342 0.258390 0.480302
0 0.233312 0.529700 0.221912 0.522100 0.209752 0.532740 0.221152 0.537300 0.198352 0.542620 0.218112 0.544900 0.218872 0.549458 0.218112 0.554778 0.209752 0.560098 0.221912 0.560098 0.218112 0.575298 0.227232 0.573018 0.232552 0.557058 0.237870 0.551738 0.245470 0.561618 0.272830 0.557058 0.257630 0.555538 0.244710 0.553258 0.236350 0.548698 0.230272 0.548698 0.228752 0.540340
0 0.222672 0.580618 0.228752 0.604936 0.215832 0.604936 0.204432 0.602656 0.206712 0.616336 0.215832 0.625456 0.208992 0.638376 0.202912 0.651294 0.199872 0.661174 0.220392 0.645216 0.216592 0.653574 0.226472 0.669534 0.231792 0.671054 0.223432 0.654334 0.229512 0.647496 0.242430 0.649016 0.232552 0.654334 0.252310 0.649016 0.249270 0.638376 0.243950 0.642176 0.234830 0.637616 0.236350 0.626976 0.245470 0.617096 0.256870 0.604176 0.247750 0.607976 0.237110 0.625456 0.231032 0.627736 0.220392 0.623176 0.215072 0.614816 0.224192 0.613296 0.230272 0.609496 0.234072 0.602656 0.233312 0.596578 0.231792 0.586698
0 0.215072 0.660414 0.209752 0.675614 0.208992 0.683214 0.219632 0.693094 0.210512 0.699934 0.202152 0.699174 0.207472 0.711332 0.210512 0.715892 0.207472 0.728052 0.212032 0.738692 0.216592 0.739452 0.216592 0.713612 0.228752 0.713612 0.231032 0.702974 0.232552 0.693094 0.251550 0.695374 0.250030 0.687774 0.231032 0.690054 0.224952 0.704492 0.220392 0.700694 0.225712 0.687774 0.221152 0.677894 0.217352 0.668774
0 0.214312 0.763010 0.206712 0.757690 0.204432 0.769850 0.202912 0.785050 0.192272 0.782010 0.195312 0.792650 0.201392 0.795690 0.192272 0.807090 0.191512 0.816208 0.201392 0.806330 0.213552 0.792650 0.215072 0.798730 0.220392 0.804050 0.221152 0.794170 0.231032 0.789610 0.230272 0.772130 0.230272 0.762250 0.224952 0.767570
0 0.210512 0.820768 0.205952 0.828368 0.205952 0.837488 0.215072 0.841288 0.205952 0.848128 0.199872 0.849648 0.199872 0.864086 0.211272 0.850408 0.218872 0.845848 0.228752 0.854208 0.235590 0.864086 0.243190 0.863326 0.250790 0.854968 0.228752 0.844328 0.221912 0.829888 0.217352 0.832928 0.220392 0.826088
0 0.520580 0.751612 0.525900 0.747812 0.526660 0.758450 0.517540 0.769850 0.523620 0.775930 0.518300 0.771370 0.517540 0.785050 0.512220 0.773650 0.511460 0.790370 0.518300 0.791890 0.524380 0.782010 0.525900 0.794170 0.515260 0.801770 0.508420 0.807090 0.507660 0.794170 0.498540 0.783530 0.503860 0.769850 0.494742 0.763770 0.496260 0.757690 0.502340 0.755410 0.509180 0.742492
0 0.511460 0.813928 0.494742 0.813928 0.484862 0.811648 0.493982 0.819248 0.503860 0.818488 0.503100 0.826848 0.512980 0.822288 0.517540 0.836728 0.523620 0.840528 0.516780 0.823048 0.525140 0.807848 0.525140 0.798730 0.518300 0.806330
0 0.502340 0.848888 0.496260 0.846608 0.499300 0.858008 0.494742 0.859526 0.494742 0.873206 0.500820 0.880046 0.504620 0.887646 0.514500 0.870166 0.520580 0.883846 0.532740 0.899046 0.532740 0.883086 0.524380 0.868646 0.530460 0.870166 0.522860 0.858008 0.526660 0.851168 0.512980 0.854208
0 0.481062 0.950724 0.498540 0.951484 0.509180 0.950724 0.520580 0.948444 0.528180 0.946164 0.536540 0.937044 0.541100 0.941604 0.532740 0.948444 0.539580 0.959844 0.531220 0.967442 0.512220 0.972762 0.506900 0.966682 0.521340 0.964402 0.528180 0.956804 0.521340 0.952244 0.513740 0.960604 0.504620 0.968202 0.490182 0.975042 0.493982 0.965922 0.481062 0.968202 0.485622 0.961364 0.491702 0.956804 0.484102 0.958324
1 0.575298 0.823808 0.566938 0.824568 0.570738 0.831408 0.568458 0.839008
1 0.602656 0.766810 0.608736 0.775930 0.610256 0.772130 0.617856 0.782010 0.611776 0.786570 0.607216 0.786570 0.605696 0.794930 0.603416 0.786570 0.601896 0.778970
0 0.696478 0.050760 0.690294 0.058490 0.691840 0.064674 0.682564 0.067766 0.678956 0.073436 0.674318 0.077042 0.670710 0.085288 0.677926 0.087350 0.683078 0.096110 0.687202 0.104356 0.698538 0.113116 0.700084 0.108478 0.689778 0.102810 0.691324 0.087350 0.688748 0.083226 0.697508 0.087350 0.708330 0.089410 0.697508 0.081166 0.696992 0.077558 0.701630 0.071374 0.700084 0.066220 0.695962 0.066220 0.696478 0.059522
0 0.705754 0.115694 0.694932 0.127546 0.691840 0.135276 0.692354 0.141976 0.684110 0.143006 0.681018 0.149706 0.683078 0.154344 0.675348 0.156404 0.667102 0.160012 0.663496 0.165166 0.655250 0.171350 0.655250 0.177018 0.673288 0.164134 0.684624 0.163620 0.687716 0.151252 0.693386 0.149706 0.694932 0.155890 0.704722 0.154858 0.713998 0.156404 0.720698 0.155374 0.731004 0.163104 0.730490 0.158982 0.718122 0.153828 0.710392 0.148160 0.699054 0.143006 0.698538 0.135792 0.704722 0.126516
0 0.680502 0.197116 0.666072 0.194024 0.650612 0.194024 0.647520 0.200208 0.664010 0.199178 0.673802 0.200724 0.680502 0.204846 0.688232 0.205362 0.681018 0.208454 0.677410 0.208454 0.672256 0.210000 0.675348 0.216184 0.687202 0.211546 0.690808 0.209484 0.691324 0.220306 0.688232 0.224944 0.674834 0.223914 0.674318 0.227006 0.687202 0.227522 0.698538 0.228036 0.703176 0.222882 0.701630 0.218244 0.699054 0.210514 0.695962 0.201238 0.695446 0.195054 0.689778 0.190416 0.689778 0.197116 0.689778 0.199692 0.686170 0.198662
0 0.668648 0.253804 0.669164 0.266686 0.679472 0.272870 0.686170 0.279054 0.689778 0.279054 0.694932 0.279054 0.694932 0.289362 0.699570 0.292968 0.691840 0.304822 0.698538 0.309460 0.703692 0.311006 0.700600 0.318220 0.696478 0.312036 0.686686 0.311520 0.685656 0.315128 0.686170 0.321828 0.681532 0.328012 0.677926 0.330588 0.679986 0.317704 0.679986 0.309460 0.678956 0.301730 0.679986 0.295030 0.678956 0.292454 0.674318 0.295546 0.671226 0.300698 0.661950 0.306882 0.659888 0.313582 0.658342 0.321312 0.657826 0.325950 0.652158 0.324920 0.656280 0.309974 0.661950 0.301214 0.664526 0.290908 0.666588 0.287300 0.661434 0.283178 0.658342 0.275962 0.662464 0.267202 0.666588 0.262048
0 0.712968 0.346564 0.693900 0.348110 0.691324 0.347080 0.684624 0.349140 0.680502 0.357902 0.685140 0.365632 0.685140 0.370784 0.676380 0.371816 0.668134 0.371300 0.664526 0.375422 0.657312 0.383668 0.652674 0.392428 0.650096 0.401190 0.651128 0.410980 0.659888 0.400674 0.668648 0.387790 0.680502 0.376968 0.691324 0.374908 0.685656 0.377484 0.686170 0.388306 0.691840 0.386244 0.691840 0.374392 0.701116 0.376968 0.705238 0.373362 0.691840 0.368208 0.691324 0.360994 0.694416 0.353264 0.701630 0.350686 0.706784 0.351718 0.711938 0.351718
0 0.690294 0.405312 0.681532 0.408920 0.673288 0.413042 0.674318 0.416650 0.671226 0.417680 0.683594 0.424380 0.686170 0.432624 0.692354 0.442932 0.701116 0.443446 0.699054 0.433656 0.689262 0.426440 0.694416 0.418196 0.699570 0.410980
0 0.678440 0.484158 0.676894 0.499618 0.679472 0.502196 0.691324 0.498588 0.692354 0.499618 0.696992 0.500650 0.691324 0.505288 0.683594 0.506834 0.677410 0.514048 0.670196 0.519202 0.664526 0.523324 0.658342 0.528478 0.650612 0.532600 0.648036 0.541360 0.657826 0.536722 0.674318 0.528478 0.676894 0.523324 0.678440 0.528992 0.685656 0.525386 0.683594 0.519202 0.696478 0.508894 0.702146 0.507348 0.705754 0.498072 0.696992 0.492404 0.695962 0.488282 0.691324 0.492920 0.685140 0.496526 0.683594 0.496012 0.682564 0.489312
0 0.688232 0.563006 0.676380 0.569704 0.678440 0.574342 0.684624 0.572796 0.674834 0.580526 0.651642 0.585680 0.665042 0.588256 0.648036 0.597018 0.649066 0.604748 0.667618 0.594956 0.681018 0.587742 0.687716 0.578980 0.685140 0.574858 0.695962 0.570220 0.698538 0.568674 0.698024 0.559914 0.712452 0.551152 0.706784 0.548576 0.701630 0.555790 0.696478 0.560944
0 0.699054 0.633606 0.694932 0.645458 0.690294 0.652674 0.685140 0.657826 0.667618 0.659372 0.661434 0.667102 0.654220 0.678440 0.659888 0.682048 0.670196 0.676380 0.674834 0.666072 0.690294 0.659888 0.699054 0.651642 0.702146 0.648550 0.712452 0.653188 0.714514 0.660404 0.721214 0.668134 0.724306 0.665556 0.713484 0.648550 0.710392 0.647004 0.703692 0.643398
0 0.679986 0.696992 0.689262 0.704722 0.688232 0.715030 0.695962 0.712968 0.698024 0.719668 0.689262 0.730490 0.677410 0.725852 0.661434 0.732550 0.657312 0.738220 0.679472 0.731520 0.681532 0.734612 0.672256 0.741826 0.671742 0.745950 0.686686 0.737188 0.688232 0.754194 0.691324 0.767078 0.700600 0.771200 0.695446 0.758832 0.690294 0.741312 0.695962 0.730490 0.699054 0.720698 0.699570 0.711938 0.703176 0.705238 0.702146 0.699570 0.695446 0.701116 0.691324 0.696992
0 0.685656 0.788208 0.670710 0.795938 0.658858 0.793876 0.648036 0.797998 0.652674 0.802636 0.661434 0.804182 0.647520 0.812944 0.640820 0.820158 0.642366 0.825826 0.667102 0.810366 0.679472 0.802122 0.687202 0.795938 0.677410 0.806244 0.676894 0.808820 0.690294 0.806244 0.699054 0.797484 0.690808 0.789754
0 0.712452 0.826342 0.698024 0.838194 0.690808 0.847470 0.686170 0.859838 0.677410 0.862930 0.671226 0.862930 0.665556 0.866022 0.673802 0.870660 0.668134 0.876844 0.660918 0.883544 0.659888 0.888182 0.660918 0.895398 0.660404 0.899004 0.674834 0.887152 0.683594 0.875814 0.694932 0.881482 0.697508 0.885090 0.706268 0.889728 0.688748 0.874268 0.704722 0.881482 0.711422 0.885090 0.707814 0.874784 0.696478 0.868600 0.694416 0.861384 0.698538 0.855200 0.700084 0.848502 0.704208 0.840772 0.708330 0.836134
0 0.691840 0.904158 0.686170 0.917042 0.682564 0.923226 0.682564 0.931470 0.682564 0.936624 0.674834 0.935594 0.667102 0.926318 0.655250 0.922194 0.655766 0.929410 0.651128 0.941262 0.652674 0.953630 0.657312 0.956206 0.661434 0.940232 0.661434 0.934048 0.676380 0.938686 0.674318 0.944354 0.665042 0.950022 0.658858 0.961876 0.659372 0.966514 0.675864 0.953630 0.684110 0.943838 0.692870 0.953630 0.695446 0.958784 0.698024 0.969090 0.698538 0.981458 0.702146 0.984550 0.711422 0.977336 0.697508 0.955176 0.696478 0.945384 0.700600 0.941262 0.690294 0.934048 0.691324 0.924772 0.691840 0.917042 0.692870 0.909312
0 0.880600 0.000258 0.880600 0.008158 0.874138 0.012466 0.888500 0.003130 0.892808 0.002412 0.897834 0.007440 0.897834 0.019646 0.897834 0.028980 0.900706 0.037598 0.918658 0.042624 0.925838 0.040470 0.908606 0.033290 0.901424 0.023236 0.903578 0.006722 0.916504 0.002412
1 0.841108 0.052676 0.835364 0.072064 0.841108 0.078528 0.841108 0.087144 0.851160 0.083554 0.854032 0.069910 0.854032 0.059140 0.849724 0.052676
0 0.882036 0.062012 0.868394 0.068474 0.877728 0.079246 0.877010 0.087144 0.866240 0.095042 0.859060 0.104378 0.879164 0.099350 0.890654 0.087144 0.899270 0.092888 0.907170 0.087862 0.907170 0.077810 0.896398 0.074936 0.887782 0.080682 0.878446 0.072782 0.881318 0.069192 0.889936 0.069910 0.894244 0.064166
0 0.882036 0.123764 0.859778 0.123764 0.846134 0.128792 0.841108 0.133818 0.865522 0.131664 0.872702 0.135972 0.856904 0.140998 0.864086 0.144588 0.880600 0.136690 0.877728 0.146742 0.877728 0.153924 0.878446 0.161822 0.882036 0.166130 0.890654 0.152488 0.896398 0.135972 0.895680 0.152488 0.898552 0.167566 0.905732 0.148898 0.903578 0.129510 0.894962 0.130946 0.889218 0.124482
0 0.878446 0.182646 0.878446 0.191262 0.873420 0.190544 0.867676 0.199162 0.884910 0.204906 0.878446 0.211368 0.876292 0.222140 0.866240 0.230038 0.855468 0.236500 0.861932 0.247272 0.868394 0.252298 0.866958 0.237936 0.879164 0.227884 0.893526 0.219268 0.900706 0.202752 0.896398 0.197008 0.891372 0.197726 0.902860 0.185518 0.894962 0.186954 0.883474 0.194852 0.879882 0.192698
0 0.885628 0.261632 0.882756 0.266660 0.887064 0.270250 0.886346 0.279584 0.878446 0.285328 0.867676 0.296100 0.861214 0.304716 0.860496 0.311178 0.881318 0.293946 0.891372 0.283892 0.897116 0.277430 0.902860 0.266660 0.894962 0.266660
0 0.884192 0.325540 0.884910 0.343492 0.888500 0.348518 0.887782 0.354262 0.880600 0.365034 0.864804 0.372932 0.848288 0.386576 0.848288 0.393038 0.869112 0.381548 0.871984 0.376522 0.874856 0.385858 0.884192 0.367188 0.890654 0.357852 0.899270 0.357134 0.907888 0.361444 0.894962 0.368624 0.889218 0.375804 0.888500 0.379394 0.909324 0.372932 0.909324 0.357134 0.905732 0.347800 0.917222 0.341338 0.926556 0.328412 0.920094 0.327694 0.910042 0.338466 0.900706 0.345646 0.898552 0.341338 0.897834 0.325540 0.896398 0.332002 0.896398 0.344928 0.891372 0.337748 0.889936 0.329848
0 0.894962 0.418170 0.884192 0.426786 0.872702 0.436840 0.857622 0.439712 0.854032 0.441148 0.861214 0.446892 0.874856 0.440430 0.880600 0.443302 0.874138 0.461972 0.866958 0.464844 0.879164 0.464126 0.885628 0.464126 0.881318 0.453354 0.889218 0.438276 0.897834 0.428222 0.902860 0.426786 0.908606 0.426786 0.906452 0.421760 0.914350 0.419606 0.907888 0.413862
0 0.901424 0.497156 0.882756 0.489258 0.882756 0.494284 0.890654 0.499310 0.884192 0.503620 0.881318 0.499310 0.879882 0.505774 0.871984 0.506492 0.889218 0.510800 0.881318 0.512954 0.868394 0.517980 0.859778 0.521570 0.847570 0.528752 0.843262 0.520852 0.838954 0.527316 0.842544 0.533778 0.841108 0.537368 0.867676 0.527316 0.875574 0.520852 0.868394 0.536650 0.867676 0.540958 0.879164 0.520852 0.884910 0.518698 0.886346 0.528752 0.877010 0.537368 0.897116 0.530188 0.907170 0.525160 0.898552 0.514390 0.899270 0.505774
0 0.887782 0.543112 0.893526 0.560346 0.884910 0.566808 0.887064 0.571834 0.869830 0.578298 0.858340 0.586914 0.851878 0.590504 0.860496 0.594812 0.874138 0.589786 0.879164 0.594094 0.884192 0.576862 0.891372 0.571834 0.897116 0.571834 0.907170 0.576144 0.897834 0.586914 0.900706 0.589786 0.917940 0.576144 0.917222 0.571116 0.900706 0.566808 0.900706 0.558910 0.901424 0.551730
0 0.871266 0.623536 0.872702 0.632152 0.879164 0.642204 0.868394 0.643640 0.861214 0.651540 0.851160 0.646514 0.847570 0.655130 0.862650 0.658720 0.877728 0.650822 0.892090 0.643640 0.899270 0.642922 0.899270 0.652258 0.907888 0.652258 0.905014 0.646514 0.895680 0.638614 0.886346 0.639332 0.880600 0.636460 0.877728 0.630716
0 0.877728 0.710420 0.874856 0.714728 0.871266 0.721910 0.874856 0.729090 0.874856 0.734116 0.869830 0.741298 0.857622 0.748478 0.852596 0.754940 0.866958 0.756376 0.878446 0.745606 0.877010 0.755658 0.882756 0.754940 0.884910 0.739142 0.892808 0.735552 0.900706 0.730526 0.912914 0.734834 0.925838 0.733398 0.935174 0.721192 0.932302 0.706830 0.926556 0.712574 0.925120 0.721910 0.916504 0.726936 0.907170 0.726936 0.904296 0.722628 0.901424 0.717602 0.896398 0.716164
0 0.890654 0.787252 0.871984 0.794434 0.869112 0.806640 0.872702 0.815976 0.882756 0.824592 0.891372 0.828900 0.899988 0.823156 0.907888 0.813822 0.909324 0.804486 0.902860 0.800178 0.893526 0.805922 0.889936 0.815976 0.888500 0.808794 0.891372 0.798742
0 0.898552 0.843980 0.889218 0.856904 0.882756 0.863368 0.877728 0.869112 0.872702 0.876292 0.861214 0.877010 0.867676 0.882036 0.866958 0.885628 0.864086 0.889218 0.864086 0.895680 0.871266 0.895680 0.881318 0.879164 0.888500 0.882036 0.899988 0.884910 0.910042 0.889218 0.913632 0.885628 0.903578 0.881318 0.895680 0.877728 0.898552 0.860496 0.907170 0.860496 0.929428 0.849006 0.926556 0.846134 0.920812 0.847570 0.914350 0.853314 0.904296 0.854032
0 0.893526 0.921530 0.887064 0.928710 0.888500 0.934456 0.886346 0.940200 0.879164 0.948098 0.861214 0.953844 0.861214 0.957434 0.874138 0.960306 0.880600 0.953124 0.884192 0.958152 0.888500 0.966768 0.898552 0.970358 0.908606 0.970358 0.914350 0.970358 0.907888 0.964614 0.897834 0.962460 0.891372 0.957434 0.893526 0.945226 0.893526 0.938764 0.895680 0.939482 0.897116 0.933020