0 0.001048 0.074072 0.010832 0.074770 0.013976 0.069530 0.000000 0.067434 0.002446 0.054156 0.013626 0.031096 0.017470 0.019566 0.006638 0.031446 0.003144 0.021662 0.001746 0.034940 0.002796 0.042976 0.000698 0.047168 0.001048 0.061494
1 0.064448 0.074780 0.061988 0.099870 0.063464 0.106758 0.069368 0.121024 0.077732 0.123976 0.089538 0.119548 0.091362 0.108822 0.090550 0.099078 0.084866 0.083242 0.083242 0.079180 0.079992 0.091362 0.075120 0.091768 0.071872 0.086896 0.069842 0.073090 0.067406 0.068624
1 0.025176 0.082836 0.024364 0.095422 0.030860 0.093392 0.033702 0.095830 0.025582 0.105574 0.025582 0.108010 0.033702 0.100702 0.043854 0.109228 0.045478 0.112884 0.052788 0.110040 0.048320 0.102732 0.042230 0.097454 0.038576 0.091768 0.034108 0.085678
0 0.000812 0.140496 0.005278 0.136840 0.004466 0.122628 0.002436 0.107604 0.006902 0.114914 0.010558 0.126690 0.012994 0.133998 0.021520 0.132780 0.031266 0.129532 0.034920 0.129938 0.024770 0.137652 0.017460 0.140496 0.014618 0.144150 0.015024 0.149428 0.026394 0.147804 0.021114 0.162016 0.017866 0.164452 0.005278 0.165264 0.001218 0.164858
0 0.000812 0.244446 0.007716 0.244446 0.018678 0.235106 0.025582 0.227390 0.030454 0.231452 0.028424 0.238354 0.022334 0.249318 0.018272 0.256220 0.015836 0.257844 0.004060 0.261906 0.001218 0.260282
1 0.247646 0.431866 0.257710 0.436768 0.258742 0.442702 0.266740 0.440380 0.264676 0.435220 0.263386 0.428768 0.263902 0.419996 0.261838 0.421028 0.259774 0.431608 0.255904 0.430834 0.248938 0.427736 0.245324 0.427736
0 0.001870 0.351338 0.005986 0.358448 0.011600 0.350964 0.041532 0.370420 0.041158 0.363312 0.030682 0.347596 0.021328 0.345726 0.013470 0.343106 0.011600 0.338990 0.019082 0.332256 0.014966 0.331508 0.004864 0.331134 0.001122 0.330384
1 0.002820 0.444910 0.013368 0.440754 0.018164 0.437238 0.020082 0.429246 0.022318 0.423172 0.032548 0.420936 0.023916 0.420616 0.020720 0.418698 0.024876 0.414542 0.015926 0.415182 0.016884 0.411026 0.020082 0.408468 0.013688 0.408468 0.006336 0.409428 0.006336 0.415182 0.000902 0.425730 0.000582 0.430526 0.000582 0.437878
1 0.003430 0.509654 0.011052 0.505208 0.016768 0.503620 0.024390 0.504890 0.028202 0.501080 0.034552 0.502668 0.042810 0.499174 0.046938 0.487424 0.037728 0.471228 0.028836 0.466146 0.030742 0.456936 0.034236 0.447090 0.026930 0.452490 0.021850 0.461382 0.016768 0.467416 0.010734 0.477578 0.010100 0.481708 0.006606 0.482978 0.007558 0.476944 0.006924 0.470910 0.003748 0.471228 0.001842 0.476308
0 0.002608 0.600448 0.012888 0.584758 0.015592 0.593414 0.018298 0.602072 0.023708 0.591792 0.024790 0.602612 0.023708 0.611268 0.018838 0.615596 0.016134 0.622090 0.012888 0.627500 0.007478 0.629122 0.007478 0.633992 0.016674 0.633450 0.025872 0.631828 0.028036 0.631286 0.029118 0.632910 0.019380 0.638320 0.007478 0.639402 0.000000 0.640624
1 0.007876 0.699568 0.007240 0.712588 0.008828 0.717352 0.017722 0.716400 0.028202 0.716400 0.033600 0.717988 0.043128 0.713224 0.048526 0.705284 0.048526 0.700838 0.055196 0.692264 0.052972 0.687182 0.033600 0.686864 0.029154 0.690040 0.032648 0.696710 0.033600 0.701792 0.026296 0.699250 0.020262 0.697662
0 0.025978 0.716718 0.016134 0.725610 0.011370 0.731644 0.007240 0.737996 0.006288 0.743394 0.012958 0.743712 0.019626 0.741488 0.027566 0.733550 0.034236 0.723070 0.032012 0.718940
0 0.001490 0.805602 0.011430 0.793178 0.013916 0.797154 0.007454 0.809080 0.006460 0.822996 0.002982 0.841384 0.012922 0.835918 0.024848 0.827468 0.049200 0.823494 0.058146 0.828960 0.040752 0.831942 0.035286 0.833930 0.029322 0.842378 0.014412 0.845858 0.009442 0.847846 0.002484 0.856790
0 0.001786 0.888136 0.026144 0.881820 0.029302 0.884978 0.005846 0.892646 0.005394 0.897608 0.015318 0.894902 0.007650 0.903922 0.006296 0.911590 0.005394 0.919710 0.017574 0.924672 0.032008 0.927378 0.032910 0.932790 0.018024 0.932340 0.010808 0.933242 0.005394 0.930986 0.001786 0.921514
0 0.337358 0.035150 0.346654 0.048376 0.360482 0.049858 0.369618 0.048870 0.379494 0.044178 0.384680 0.040228 0.388630 0.034796 0.379246 0.038746 0.370358 0.038006 0.357024 0.035290 0.339000 0.032820 0.335542 0.031586
0 0.345670 0.095956 0.340758 0.103890 0.336602 0.110690 0.336602 0.113334 0.340002 0.114090 0.351714 0.111446 0.357002 0.106912 0.357380 0.112956 0.359648 0.119756 0.361158 0.119378 0.367958 0.120890 0.376648 0.123912 0.377402 0.109556 0.376648 0.100868 0.378536 0.094068 0.388924 0.088444 0.388924 0.080506 0.378152 0.086460 0.371632 0.084192 0.365396 0.078806 0.355190 0.087310 0.348388 0.094964
1 0.457958 0.207250 0.441244 0.215370 0.439990 0.222142 0.442852 0.225360 0.447860 0.232514 0.446428 0.223214 0.451078 0.218564 0.457160 0.211410
0 0.327310 0.210336 0.330886 0.221784 0.338040 0.225718 0.340902 0.232872 0.343406 0.239670 0.354854 0.245750 0.359504 0.251116 0.353780 0.261132 0.349488 0.276514 0.353422 0.276872 0.360220 0.266498 0.362008 0.255408 0.364154 0.252904 0.370236 0.246466 0.374528 0.241816 0.377748 0.240384 0.383112 0.238596 0.389552 0.237522 0.395990 0.241100 0.395990 0.258270 0.395990 0.269002 0.396348 0.276872 0.397422 0.278660 0.401356 0.266856 0.402430 0.252904 0.398852 0.239670 0.396706 0.233588 0.392056 0.231800 0.381324 0.226434 0.379178 0.225002 0.387048 0.194240 0.372740 0.213198 0.367374 0.202824 0.362008 0.205328 0.360220 0.210336 0.358430 0.198532 0.350204 0.201752 0.353422 0.212126 0.353064 0.221426 0.355212 0.230368 0.360576 0.243962 0.353780 0.238954 0.349488 0.236450 0.343764 0.230726 0.345552 0.214630 0.344838 0.209978 0.340902 0.219280 0.337684 0.217134 0.332318 0.205328 0.330886 0.202466 0.325878 0.203540
0 0.346168 0.294598 0.356246 0.298156 0.359210 0.302008 0.361580 0.309122 0.358024 0.315048 0.358912 0.323348 0.361580 0.329274 0.363952 0.316828 0.369286 0.320384 0.374918 0.317124 0.380548 0.316234 0.386476 0.314752 0.399220 0.312086 0.401294 0.310306 0.400702 0.306454 0.394478 0.302898 0.388846 0.303786 0.386180 0.310010 0.382622 0.309418 0.382920 0.301416 0.388254 0.292228 0.387662 0.278594 0.383808 0.283930 0.382326 0.292524 0.377880 0.302008 0.376102 0.309714 0.375214 0.296378 0.371954 0.292524 0.371954 0.281854 0.371954 0.276520 0.367804 0.278890 0.366914 0.288968 0.365432 0.294598 0.360098 0.290450 0.350022 0.289560 0.342020 0.289560
1 0.350772 0.356372 0.336938 0.367898 0.326400 0.373498 0.324422 0.376462 0.326400 0.378768 0.332658 0.375474 0.334634 0.383050 0.337268 0.382390 0.336938 0.374156 0.345832 0.367570 0.354066 0.359336
1 0.340934 0.392996 0.337322 0.402928 0.341536 0.414966 0.348156 0.417072 0.353272 0.420382 0.362000 0.421888 0.367718 0.420082 0.370124 0.412558 0.366212 0.413460 0.355980 0.411354 0.352970 0.411354 0.348456 0.409248 0.346350 0.400520 0.343942 0.396608
1 0.377950 0.420684 0.394502 0.417072 0.399618 0.407140 0.408044 0.404432 0.425198 0.402626 0.428808 0.402024 0.435730 0.394200 0.428508 0.395104 0.421586 0.397210 0.411054 0.399016 0.404432 0.402928 0.394200 0.404432 0.384570 0.405034 0.382764 0.406538 0.379754 0.410752 0.377348 0.413160
1 0.406350 0.501522 0.413384 0.513110 0.420832 0.520558 0.424556 0.528834 0.432004 0.528006 0.433660 0.523454 0.444832 0.517660 0.444004 0.512282 0.438626 0.516834 0.432832 0.514350 0.423316 0.510212 0.415866 0.499868
0 0.360832 0.538764 0.363728 0.554902 0.363728 0.560282 0.372418 0.563592 0.374900 0.570626 0.364970 0.574764 0.360004 0.577248 0.360004 0.581386 0.360418 0.589248 0.352142 0.599592 0.350072 0.603318 0.350072 0.611180 0.359176 0.603318 0.366754 0.592138 0.373264 0.586248 0.381634 0.585938 0.392486 0.591518 0.387834 0.577876 0.387834 0.566716 0.393416 0.563306 0.403956 0.562686 0.404266 0.551216 0.402406 0.546564 0.396516 0.551836 0.386904 0.555556 0.383184 0.545634 0.380084 0.535094 0.376984 0.533234 0.369234 0.532924 0.363034 0.534164
0 0.366466 0.643842 0.367012 0.682686 0.366924 0.689680 0.359554 0.690602 0.360168 0.696436 0.360474 0.703500 0.347576 0.709028 0.344506 0.711484 0.344506 0.715784 0.348498 0.717318 0.360168 0.710562 0.362624 0.706264 0.370608 0.706264 0.376750 0.704728 0.379514 0.705956 0.381972 0.714248 0.385656 0.729296 0.387806 0.732980 0.392106 0.726224 0.390570 0.712712 0.385042 0.707184 0.383200 0.702886 0.384734 0.698280 0.389956 0.689374 0.393334 0.682924 0.403160 0.679240 0.420666 0.678318 0.430800 0.679854 0.443082 0.681696 0.436634 0.674940 0.419436 0.672176 0.398862 0.675554 0.387192 0.681082 0.385042 0.679240 0.386270 0.673712 0.391798 0.672176 0.390876 0.669720 0.385350 0.671562 0.377058 0.677090 0.379208 0.667876 0.379514 0.659892 0.375522 0.650372 0.370916 0.650986 0.370302 0.647608 0.373986 0.644538
0 0.399990 0.844774 0.418754 0.831980 0.433680 0.824730 0.439222 0.826862 0.434106 0.834538 0.420032 0.843494 0.410650 0.849890 0.401696 0.857566 0.381226 0.866522 0.370992 0.866096 0.362036 0.853728 0.338156 0.847758 0.332612 0.843068 0.341566 0.841362 0.359212 0.845898 0.370820 0.852572 0.373432 0.856926 0.377786 0.858958 0.382140 0.856346 0.384170 0.848220 0.386782 0.820940 0.387654 0.817456 0.391426 0.825872 0.390266 0.831678 0.393458 0.832258 0.390266 0.841254 0.396360 0.841254
1 0.319766 0.719486 0.326884 0.724626 0.326884 0.731742 0.325302 0.734510 0.325302 0.738858 0.334790 0.739254 0.337454 0.745458 0.341860 0.747660 0.338678 0.740072 0.342840 0.736892 0.340392 0.730528 0.340148 0.722940 0.345532 0.719758 0.341860 0.715598 0.337700 0.719514 0.336232 0.721962 0.334518 0.723184 0.329134 0.719758 0.329134 0.716822 0.326442 0.718534 0.323014 0.717310 0.320322 0.716332
1 0.368962 0.771886 0.376416 0.774124 0.377534 0.778224 0.389462 0.783442 0.397662 0.778968 0.401016 0.772632 0.394680 0.764804 0.394680 0.761450 0.401016 0.761078 0.395426 0.758096 0.390954 0.756232 0.385734 0.740578 0.383872 0.751386 0.383872 0.759586 0.376044 0.756232 0.367098 0.756232 0.358898 0.759214 0.358526 0.763314 0.368216 0.762196 0.380890 0.762196 0.380516 0.766668 0.375670 0.768160 0.367844 0.767042
1 0.392314 0.615772 0.380800 0.620462 0.369286 0.624300 0.366726 0.630270 0.373976 0.639652 0.383358 0.649034 0.388902 0.646050 0.390608 0.634536 0.388902 0.623874
1 0.511292 0.594876 0.520674 0.594876 0.527924 0.597434 0.533042 0.602126 0.530908 0.608948 0.519822 0.611508 0.504042 0.608948 0.498072 0.604684 0.503190 0.600846
1 0.524938 0.652446 0.518968 0.662680 0.511292 0.666092 0.506174 0.666518 0.507028 0.672916 0.517690 0.676328 0.522380 0.669504 0.523660 0.663108 0.525366 0.656710
1 0.586536 0.720740 0.586536 0.739312 0.592528 0.748298 0.603312 0.747700 0.608104 0.742308 0.597920 0.736916 0.594788 0.732744 0.594788 0.721866 0.592810 0.719888
1 0.437432 0.701778 0.422616 0.705146 0.421942 0.709524 0.426320 0.709524 0.428340 0.713900 0.436086 0.712218 0.438106 0.714238 0.444168 0.717268 0.448208 0.713564 0.443494 0.707502
1 0.487282 0.837966 0.476100 0.843558 0.479294 0.850348 0.475700 0.853144 0.474900 0.857538 0.489280 0.861932 0.502060 0.857138 0.511646 0.855142 0.510848 0.841562 0.494472 0.845556 0.488480 0.844756
1 0.471506 0.871716 0.479594 0.885496 0.484088 0.876810 0.486184 0.887294 0.489480 0.892686 0.480492 0.900474 0.474802 0.899876 0.471806 0.896280 0.475100 0.894782 0.476898 0.891188 0.473304 0.888192 0.471206 0.885196 0.468510 0.878606
1 0.403126 0.924062 0.410000 0.925626 0.416874 0.930938 0.425938 0.936250 0.431250 0.932500 0.422188 0.921876 0.419688 0.911562 0.414062 0.909376 0.411250 0.914062 0.411250 0.918124 0.408126 0.920312 0.400938 0.919688
0 0.389898 0.938174 0.366234 0.949838 0.364568 0.957838 0.362902 0.965836 0.366900 0.973170 0.375900 0.978836 0.381566 0.978168 0.395564 0.979502 0.387898 0.973170 0.390232 0.968504 0.391564 0.963170 0.391564 0.955172 0.392898 0.949838 0.388898 0.954172 0.384232 0.956504 0.383900 0.947838 0.389898 0.943840 0.394564 0.940174
1 0.698934 0.765536 0.701554 0.777134 0.705296 0.786862 0.705296 0.791726 0.697438 0.785740 0.698186 0.793224 0.705296 0.807068 0.712778 0.810434 0.725500 0.812306 0.731112 0.805570 0.734396 0.799076 0.736432 0.789654 0.735414 0.784816 0.735414 0.777940 0.740252 0.777940 0.744836 0.775138 0.741270 0.767754 0.736688 0.763680 0.733122 0.773102 0.731848 0.777176 0.726246 0.767500 0.729048 0.767244 0.732358 0.766990 0.732358 0.762152 0.724464 0.762916 0.722682 0.755786 0.721918 0.752730 0.718608 0.755022 0.718608 0.764188 0.718352 0.769028 0.714534 0.765972 0.710968 0.764698 0.710428 0.752888 0.703634 0.750340 0.695992 0.750622 0.691180 0.752604 0.691746 0.756000 0.694860 0.758548
1 0.652092 0.379206 0.657210 0.391806 0.661542 0.397712 0.666268 0.399682 0.671386 0.394562 0.682412 0.396926 0.687926 0.391806 0.686744 0.387868 0.672568 0.383538 0.669024 0.374086 0.657604 0.374874
1 0.613108 0.348098 0.625708 0.356366 0.633978 0.345734 0.638704 0.344160 0.652092 0.343766 0.656424 0.331558 0.646186 0.322896 0.640278 0.316990 0.639490 0.309508 0.635160 0.320926 0.628466 0.323684 0.621378 0.331952 0.618228 0.339434
1 0.617856 0.277634 0.614464 0.286842 0.603802 0.297020 0.598470 0.301382 0.596048 0.310106 0.588292 0.317860 0.583446 0.309136 0.580538 0.306228 0.570360 0.303320 0.573268 0.297990 0.582478 0.295566 0.582478 0.286358 0.580054 0.274242 0.576662 0.266488 0.584900 0.270364 0.585386 0.277150 0.588778 0.295082 0.587808 0.300898 0.596532 0.293144 0.600410 0.292658 0.606710 0.288296
1 0.791136 0.017458 0.786352 0.032206 0.783164 0.027024 0.779178 0.028620 0.775988 0.032206 0.773996 0.038584 0.781568 0.043766 0.787548 0.044564 0.789940 0.049744 0.795266 0.048114 0.797668 0.045410 0.810262 0.042482 0.810780 0.035746 0.804046 0.032638 0.794202 0.031084 0.793684 0.023832
0 0.834558 0.024356 0.833640 0.038144 0.833180 0.049632 0.828584 0.048714 0.820312 0.054228 0.819852 0.062500 0.829102 0.062876 0.840056 0.056616 0.849134 0.055364 0.858836 0.050982 0.855706 0.047226 0.852264 0.045348 0.857584 0.044408 0.871670 0.031576 0.875426 0.024064 0.869478 0.024064 0.864784 0.027506 0.860402 0.036270 0.850072 0.040026 0.847568 0.044096 0.845378 0.049416 0.838804 0.054424 0.839430 0.048478 0.840682 0.043782 0.842874 0.037210 0.847256 0.031576 0.842248 0.033766 0.839744 0.030950 0.839430 0.016552 0.837552 0.017178
0 0.862438 0.184972 0.861290 0.179994 0.854396 0.176164 0.851332 0.168504 0.845588 0.166208 0.839844 0.166208 0.832568 0.161228 0.832568 0.153186 0.835248 0.155102 0.839078 0.159314 0.844056 0.160080 0.844056 0.155102 0.841758 0.151272 0.836014 0.149356 0.837928 0.145526 0.839078 0.143612 0.841758 0.137484 0.845972 0.136718 0.859374 0.127144 0.867418 0.128676 0.860140 0.132890 0.855162 0.135570 0.845588 0.144762 0.847886 0.150506 0.852864 0.161228 0.856694 0.164292 0.867418 0.166974 0.873928 0.173484 0.868184 0.181142
0 0.857554 0.233068 0.844338 0.244816 0.840298 0.252526 0.844338 0.258400 0.844704 0.263172 0.845072 0.272718 0.845438 0.282264 0.846908 0.287770 0.853882 0.285200 0.853882 0.270882 0.856452 0.266844 0.865630 0.249956 0.862694 0.247386 0.853148 0.252526 0.849110 0.252158 0.848742 0.248854 0.855718 0.244450 0.861226 0.239676 0.862326 0.232700
0 0.853430 0.301460 0.847592 0.305706 0.821056 0.318976 0.821056 0.325344 0.825832 0.330120 0.839632 0.319506 0.844408 0.314730 0.839632 0.333306 0.833794 0.332244 0.830608 0.334366 0.831140 0.339144 0.836978 0.342328 0.839632 0.347636 0.844938 0.339144 0.847062 0.324282 0.847592 0.314730 0.849184 0.312076
1 0.797926 0.221932 0.790368 0.227900 0.779230 0.229490 0.773262 0.234264 0.773262 0.243810 0.771672 0.251766 0.771274 0.255744 0.778036 0.257732 0.776046 0.263302 0.779230 0.263700 0.782738 0.252774 0.788098 0.243842 0.790480 0.238782 0.786906 0.234614 0.791372 0.233720 0.794648 0.230742 0.796434 0.227468
1 0.788766 0.319288 0.793922 0.328992 0.792102 0.336272 0.791798 0.344460 0.799986 0.353862 0.800896 0.358714 0.793314 0.355682 0.786946 0.350828 0.784216 0.356288 0.780274 0.360230 0.779060 0.357198 0.784216 0.349008 0.782700 0.343246 0.779060 0.340820 0.773904 0.340214 0.769356 0.335058 0.769962 0.325960 0.772994 0.328082 0.776028 0.332632 0.778454 0.335664 0.783002 0.338394 0.785732 0.332632 0.786036 0.325656
0 0.822294 0.373288 0.824064 0.389564 0.829016 0.394164 0.836448 0.396640 0.841046 0.399116 0.841400 0.412208 0.840692 0.420700 0.843524 0.427070 0.838570 0.434854 0.832908 0.433792 0.827956 0.427424 0.823356 0.421408 0.820878 0.421762 0.817694 0.424946 0.817694 0.429192 0.821940 0.431668 0.827248 0.435208 0.832554 0.443346 0.839986 0.452544 0.841400 0.461036 0.841046 0.463160 0.836094 0.469882 0.835740 0.475898 0.831494 0.479790 0.823710 0.479790 0.821940 0.483328 0.821940 0.485450 0.832554 0.484036 0.839278 0.480498 0.845646 0.476604 0.850600 0.479790 0.849184 0.471652 0.846708 0.466344 0.844938 0.459976 0.845646 0.449714 0.849502 0.443696 0.843662 0.443696 0.841326 0.441068 0.848042 0.437856 0.854172 0.433476 0.853004 0.424134 0.847458 0.419756 0.846582 0.408078 0.850670 0.396108 0.849502 0.392604 0.845122 0.401070 0.840160 0.393772 0.839284 0.389392 0.829358 0.385598 0.826730 0.382094
0 0.846170 0.577572 0.848590 0.601078 0.848590 0.614560 0.853430 0.621474 0.861034 0.621128 0.866566 0.621474 0.858614 0.623202 0.856886 0.627004 0.858960 0.630808 0.859998 0.639796 0.858268 0.642906 0.872442 0.645672 0.872096 0.648784 0.860688 0.648784 0.857924 0.649474 0.860342 0.655696 0.856540 0.659154 0.851010 0.656042 0.846170 0.648784 0.843750 0.633574 0.843750 0.628042 0.827158 0.619054 0.820244 0.607992 0.821626 0.606610 0.839256 0.621474 0.841676 0.619054 0.838910 0.609030 0.831650 0.593820 0.826466 0.587252 0.825774 0.575498 0.833726 0.579300 0.835454 0.589326 0.837874 0.592782 0.842022 0.598314 0.842368 0.590016 0.842368 0.576880
1 0.854274 0.509140 0.854274 0.522486 0.854880 0.532494 0.852150 0.538862 0.851848 0.543714 0.854578 0.553420 0.850634 0.553116 0.843962 0.543412 0.843052 0.531584 0.840322 0.530674 0.837896 0.528550 0.844872 0.525214 0.843660 0.517026 0.842142 0.509140 0.843660 0.506108 0.850028 0.507018
0 0.806654 0.719878 0.806654 0.731412 0.811372 0.737704 0.823432 0.737442 0.830510 0.737966 0.830510 0.742948 0.830510 0.746094 0.835230 0.742162 0.838638 0.734296 0.847814 0.732462 0.856728 0.731674 0.856990 0.725644 0.864330 0.720926 0.867738 0.715420 0.867738 0.704410 0.863282 0.697070 0.859086 0.696020 0.862756 0.704148 0.858300 0.716208 0.850436 0.719090 0.842570 0.723024 0.840736 0.730626 0.837852 0.727480 0.833918 0.724072 0.840210 0.716994 0.844144 0.707556 0.843882 0.704672 0.835230 0.712536 0.832608 0.718566 0.831298 0.713324 0.827102 0.715158 0.825268 0.724072 0.823432 0.721188 0.820286 0.722498 0.812160 0.723024
0 0.848816 0.750612 0.845534 0.772222 0.846080 0.789182 0.840884 0.785900 0.836506 0.786720 0.835960 0.794106 0.842250 0.794106 0.843618 0.799030 0.838968 0.799852 0.839790 0.805048 0.843892 0.807510 0.841430 0.813254 0.839516 0.825564 0.843618 0.828574 0.847722 0.826386 0.847996 0.815990 0.851278 0.812982 0.863588 0.815990 0.870426 0.820368 0.872342 0.811888 0.857844 0.808058 0.857296 0.797662 0.864408 0.794928 0.869058 0.790278 0.858664 0.787268 0.854834 0.777968 0.854014 0.765384 0.852920 0.751706 0.850730 0.747056
0 0.841342 0.939820 0.847360 0.948026 0.847360 0.961156 0.847360 0.970456 0.844078 0.985776 0.844626 0.991794 0.862132 0.996718 0.869244 0.979758 0.869244 0.961156 0.862680 0.955138 0.862132 0.967174 0.862680 0.975380 0.858302 0.990700 0.853926 0.996718 0.853378 0.985776 0.859944 0.971004 0.857208 0.954592 0.849002 0.941460 0.845172 0.933254
1 0.911262 0.721168 0.910826 0.734654 0.909956 0.743354 0.910826 0.748138 0.917786 0.752054 0.923440 0.748574 0.916916 0.744224 0.915176 0.732044
1 0.811688 0.787992 0.807022 0.794096 0.804508 0.796968 0.804868 0.805226 0.810612 0.810612 0.818510 0.805586 0.810970 0.802354 0.811688 0.795892 0.814202 0.791582
1 0.769324 0.844360 0.775426 0.844360 0.779734 0.845438 0.780094 0.853696 0.784402 0.852978 0.788352 0.847592 0.781530 0.841130 0.777222 0.840412 0.767886 0.840770 0.766092 0.840770
1 0.775108 0.859062 0.775542 0.850796 0.771192 0.853842 0.767712 0.859496 0.769018 0.863846 0.792508 0.862976 0.802078 0.864716 0.808168 0.858192 0.814692 0.857322 0.822622 0.852618 0.830120 0.850988 0.837946 0.849032 0.831098 0.846424 0.821642 0.849358 0.817404 0.848380 0.818708 0.835338 0.813818 0.839576 0.812186 0.850662 0.808926 0.853598 0.806318 0.848706 0.803710 0.849358 0.802406 0.854576 0.799796 0.859466 0.786102 0.860118
1 0.851414 0.850594 0.863724 0.865776 0.867006 0.877264 0.858800 0.882188 0.853056 0.880548 0.852236 0.884650 0.847722 0.891626 0.846902 0.896960 0.859210 0.899832 0.867418 0.889164 0.873572 0.876444 0.876034 0.870700 0.866998 0.861968 0.858894 0.853026 0.854144 0.848836 0.850512 0.846600
1 0.367358 0.326686 0.364228 0.340094 0.366016 0.350820 0.371380 0.353950 0.377190 0.345458 0.374062 0.334284 0.374062 0.330708
1 0.310596 0.374508 0.317300 0.367358 0.328026 0.365122 0.336518 0.363334 0.346352 0.358866 0.351268 0.350820 0.346352 0.346352 0.339648 0.340988 0.335624 0.348138 0.328474 0.353502 0.318194 0.353056 0.313278 0.359760 0.312830 0.362442 0.308362 0.365570
1 0.946610 0.410282 0.970634 0.413402 0.976250 0.402794 0.980930 0.381888 0.975938 0.370032 0.963770 0.373152 0.958466 0.374088 0.951290 0.380328 0.950978 0.386568 0.951914 0.392810 0.950042 0.398426 0.949418 0.408098
1 0.899810 0.321982 0.900486 0.332458 0.900486 0.339892 0.907920 0.337188 0.909608 0.330430 0.911298 0.327388 0.905554 0.325022
1 0.940696 0.291232 0.940020 0.301708 0.942048 0.313196 0.952524 0.312182 0.963674 0.302720 0.967392 0.293260 0.960296 0.293598 0.957930 0.287514 0.951172 0.287514
1 0.981246 0.351718 0.981584 0.363882 0.984288 0.363882 0.986652 0.366924 0.995438 0.368276 0.991384 0.361518 0.987666 0.360842 0.985976 0.354760