1 0.000896 0.088370 0.002818 0.075564 0.002818 0.071080
0 0.047926 0.075120 0.032152 0.071364 0.034406 0.079628 0.024640 0.085638 0.015624 0.084886 0.019382 0.096154 0.021634 0.106670 0.023888 0.095402 0.029898 0.088642 0.042668 0.081130 0.050932 0.087890 0.037410 0.088642 0.032902 0.096906 0.041166 0.096154 0.036658 0.101412 0.028396 0.106670 0.020884 0.107422 0.031400 0.109676 0.041918 0.106670 0.050180 0.099910 0.050180 0.094652 0.054688 0.093900 0.067458 0.092398 0.067458 0.081130 0.075722 0.076622 0.092248 0.075120 0.111028 0.076622 0.102014 0.072116 0.088492 0.069110 0.076472 0.071364 0.075722 0.060096 0.073468 0.060848 0.071214 0.071364 0.065204 0.075120 0.056190 0.078124 0.056190 0.071364
0 0.039664 0.144982 0.024640 0.152494 0.034406 0.157752 0.032152 0.169772 0.042668 0.164514 0.051682 0.172026 0.057692 0.176532 0.055438 0.170522 0.054688 0.161508 0.060698 0.157002 0.056190 0.150992 0.062950 0.147986 0.054688 0.140474 0.050932 0.142728
0 0.053936 0.294472 0.040414 0.298978 0.032152 0.304236 0.032902 0.310998 0.054688 0.304988 0.053936 0.310246 0.062950 0.323768 0.069712 0.329026 0.058444 0.301984 0.074970 0.301232 0.081730 0.294472
0 0.056190 0.238132 0.059194 0.223106 0.062950 0.216346 0.078726 0.228366 0.068210 0.235878 0.072716 0.241136 0.069712 0.250902 0.074218 0.259916 0.072716 0.266676 0.064454 0.273438 0.054688 0.281700 0.047926 0.285456 0.044922 0.281700 0.055438 0.272686 0.061448 0.260668 0.063702 0.250902 0.059194 0.256160 0.053936 0.254658
1 0.026894 0.279448 0.011868 0.278696 0.011118 0.283204 0.022386 0.289212 0.029146 0.291466 0.032152 0.295974 0.033654 0.286208
0 0.059194 0.362830 0.052434 0.377854 0.053186 0.381610 0.060698 0.386118 0.054688 0.392878 0.043420 0.395132 0.029898 0.393630 0.023138 0.389122 0.026142 0.399640 0.043420 0.401142 0.042668 0.411658 0.041918 0.417668 0.041918 0.424430 0.030650 0.416918 0.038162 0.428936 0.041918 0.440956 0.045674 0.443210 0.047926 0.428936 0.047926 0.421424 0.047926 0.407902 0.059194 0.398138 0.059946 0.408654 0.077974 0.414664 0.087740 0.419170 0.089242 0.428186 0.095252 0.437200 0.093750 0.417668 0.084736 0.409406 0.070462 0.400390 0.068210 0.395132 0.076472 0.389122 0.077974 0.377854 0.072716 0.379356 0.071966 0.383864 0.065204 0.378606 0.062950 0.377104 0.059194 0.372596
0 0.074218 0.422926 0.066706 0.433444 0.063702 0.442458 0.050180 0.450722 0.052434 0.460486 0.056942 0.467998 0.073468 0.465746 0.062950 0.460486 0.070462 0.452974 0.074970 0.445462 0.072716 0.445462 0.063702 0.452974 0.065204 0.444712 0.074970 0.431942
1 0.008864 0.460486 0.008864 0.468750 0.005860 0.477014 0.014122 0.472506 0.030650 0.474008 0.024640 0.467248 0.020884 0.467248 0.017128 0.458984
0 0.065204 0.512320 0.074218 0.499550 0.083234 0.498798 0.072716 0.513822 0.067458 0.522836 0.072716 0.539362 0.069712 0.552134 0.056942 0.559646 0.052434 0.558894 0.046424 0.552884 0.056190 0.548378 0.067458 0.543870 0.062200 0.531100 0.057692 0.536358 0.056942 0.519832 0.053936 0.517578 0.052434 0.522836 0.046424 0.528094 0.032152 0.530348 0.017128 0.534104 0.011118 0.531100 0.035156 0.516076 0.042668 0.513070 0.052434 0.512320 0.059194 0.507062
0 0.052434 0.659556 0.042668 0.662560 0.030650 0.671574 0.020132 0.678336 0.028396 0.679086 0.051682 0.667068 0.047926 0.681340 0.050180 0.695612 0.055438 0.687350 0.051682 0.681340 0.055438 0.673076 0.061448 0.670072 0.059946 0.682092 0.068960 0.674580 0.070462 0.660306 0.059946 0.658052 0.061448 0.646784 0.052434 0.646784
0 0.054688 0.712890 0.051682 0.731670 0.042668 0.728666 0.038912 0.735426 0.045674 0.746694 0.050932 0.744442 0.056942 0.746694 0.057692 0.757212 0.062200 0.765474 0.065956 0.752704 0.073468 0.750450 0.084736 0.740686 0.083984 0.736930 0.071214 0.735426 0.070462 0.728666 0.083984 0.717398 0.085486 0.706130 0.079478 0.709134 0.070462 0.716646 0.072716 0.703124 0.066706 0.704628 0.062950 0.727914 0.065204 0.739934 0.072716 0.741436 0.068210 0.748198 0.059194 0.739934 0.056190 0.736178 0.058444 0.720402
1 0.107272 0.658052 0.099008 0.673828 0.097506 0.681340 0.108022 0.677584 0.116286 0.678336 0.123798 0.679838 0.130558 0.667068 0.129808 0.658052 0.125300 0.661058 0.117038 0.667818
0 0.052434 0.794772 0.057692 0.808294 0.058444 0.819562 0.045674 0.812800 0.048678 0.809044 0.030650 0.809044 0.011868 0.812050 0.031400 0.815806 0.043420 0.818058 0.050932 0.827074 0.057692 0.830830 0.065204 0.829326 0.069712 0.822566 0.071966 0.818810 0.063702 0.812050 0.065956 0.803034 0.065956 0.797026
0 0.059194 0.862380 0.056190 0.865384 0.059946 0.874400 0.042668 0.876652 0.044922 0.865384 0.031400 0.870644 0.039664 0.880408 0.022386 0.878906 0.020132 0.886418 0.036658 0.888672 0.036658 0.898438 0.040414 0.893930 0.044170 0.914212 0.053186 0.918720 0.050932 0.901442 0.056942 0.890926 0.060698 0.886418 0.065956 0.887920 0.068960 0.878906 0.071966 0.866136 0.070462 0.855618
0 0.065956 0.949520 0.048678 0.941256 0.046424 0.947266 0.052434 0.953276 0.048678 0.955528 0.038912 0.955528 0.031400 0.957782 0.040414 0.960788 0.038162 0.966796 0.035156 0.976562 0.035156 0.987830 0.033654 0.999098 0.041918 0.997596 0.045674 0.995342 0.047926 0.990836 0.041918 0.984074 0.041166 0.973558 0.055438 0.961538 0.058444 0.968300 0.062200 0.978816 0.069712 0.978816 0.082482 0.966796 0.071966 0.969050 0.066706 0.973558 0.068210 0.960036 0.071966 0.957032 0.077974 0.960788 0.083984 0.960036 0.083234 0.954778 0.074218 0.953276
0 0.015624 0.000000 0.010366 0.018028 0.028396 0.004508 0.035908 0.009766 0.042668 0.006760 0.047926 0.003004 0.047926 0.012770 0.053936 0.005258 0.057692 0.006010 0.057692 0.016526 0.062950 0.003004 0.081730 0.015776 0.086990 0.027794 0.094502 0.035306 0.091496 0.017278 0.083984 0.008264 0.074970 0.003004 0.059946 0.001502 0.050932 0.003756 0.043420 0.000752 0.032152 0.003756
0 0.237230 0.067608 0.225962 0.075120 0.210938 0.066856 0.201924 0.069862 0.206430 0.080378 0.193660 0.087890 0.185396 0.106670 0.211688 0.085638 0.211688 0.095402 0.222956 0.081130 0.233474 0.075872 0.244742 0.070612 0.249248 0.081882 0.246996 0.092398 0.258264 0.079628 0.256010 0.071364 0.246996 0.063852
0 0.231972 0.163762 0.221454 0.174278 0.211688 0.187800 0.211688 0.203576 0.215444 0.205078 0.233474 0.174278 0.242488 0.164514 0.256010 0.168270 0.270282 0.166766 0.286058 0.162260 0.279296 0.160758 0.258264 0.160758 0.258264 0.156250 0.263522 0.151742 0.262020 0.147986 0.251502 0.147986 0.244742 0.153996 0.239484 0.157002
0 0.237980 0.230618 0.219952 0.223858 0.217698 0.235878 0.210938 0.247896 0.198918 0.256912 0.202674 0.259916 0.219200 0.239634 0.242488 0.243390 0.245492 0.232872 0.252254 0.232122 0.268028 0.224610 0.273288 0.215594 0.256010 0.220854 0.261268 0.217098 0.255258 0.211838 0.248498 0.208834 0.250000 0.204326 0.237230 0.206580 0.227464 0.208834 0.240234 0.209586 0.243240 0.214844 0.239484 0.221604
0 0.226712 0.289964 0.231972 0.262920 0.237980 0.262920 0.234224 0.278696 0.236478 0.296724 0.248498 0.298228 0.257512 0.298978 0.256010 0.306490 0.242488 0.304988 0.233474 0.304988 0.238732 0.311748 0.245492 0.319260 0.256760 0.323016 0.265776 0.323016 0.253756 0.329026 0.238732 0.325270 0.231220 0.318510 0.229718 0.306490 0.226712 0.301984 0.219952 0.309496 0.221454 0.319260 0.221454 0.325270 0.216196 0.325270 0.209436 0.310998 0.218450 0.295974 0.206430 0.286960 0.192908 0.279448 0.179388 0.274188 0.179388 0.270432 0.195914 0.269682 0.207182 0.274940 0.216196 0.282452
0 0.224460 0.352314 0.219200 0.356070 0.227464 0.364332 0.223708 0.371844 0.201172 0.369592 0.199670 0.376352 0.225210 0.378606 0.222956 0.389122 0.215444 0.395132 0.222956 0.397386 0.232722 0.401894 0.237980 0.401894 0.231220 0.392878 0.238732 0.389122 0.243240 0.386118 0.237230 0.380860 0.237980 0.373348 0.235728 0.382362 0.228966 0.389874 0.227464 0.373348 0.245492 0.367338 0.251502 0.359826 0.249248 0.351562 0.243990 0.353064 0.233474 0.356070 0.236478 0.364332 0.232722 0.362830
0 0.213192 0.502554 0.229718 0.518330 0.238732 0.516826 0.236478 0.504056 0.246996 0.514574 0.255258 0.517578 0.259014 0.522086 0.258264 0.525090 0.250752 0.523588 0.247746 0.534856 0.242488 0.539362 0.236478 0.543118 0.224460 0.552134 0.233474 0.536358 0.247746 0.525090 0.238732 0.528094 0.225210 0.537110 0.220704 0.546124 0.221454 0.552134 0.222206 0.555890 0.212440 0.549128 0.210186 0.534856 0.213192 0.528846 0.224460 0.524338 0.224460 0.520582 0.218450 0.514574 0.212440 0.510818
0 0.186148 0.552134 0.201924 0.576924 0.205680 0.582182 0.204176 0.589694 0.194412 0.595704 0.192158 0.604718 0.192158 0.609976 0.210938 0.600962 0.218450 0.593450 0.231220 0.588192 0.223708 0.604718 0.217698 0.611478 0.219200 0.623498 0.225962 0.631760 0.229718 0.626502 0.225210 0.615986 0.229718 0.596454 0.238732 0.594200 0.242488 0.592698 0.250000 0.594952 0.251502 0.602464 0.259766 0.604718 0.264272 0.603966 0.271784 0.600210 0.283804 0.609976 0.289062 0.603216 0.271034 0.594200 0.260516 0.598708 0.253004 0.592698 0.246996 0.585186 0.272536 0.576172 0.262770 0.570162 0.248498 0.575420 0.239484 0.585186 0.231972 0.583684 0.226712 0.576924 0.214694 0.576172 0.208684 0.568660 0.206430 0.555138 0.196664 0.553636 0.195914 0.545372 0.192908 0.539362 0.185396 0.544622
0 0.234976 0.737680 0.217698 0.734676 0.201172 0.735426 0.191406 0.736178 0.194412 0.743690 0.204928 0.741436 0.218450 0.744442 0.212440 0.757962 0.212440 0.761718 0.223708 0.750450 0.229718 0.748948 0.241736 0.743690 0.246996 0.742938 0.249248 0.755710 0.247746 0.761718 0.255258 0.750450 0.255258 0.739934 0.245492 0.735426 0.241736 0.723408 0.246996 0.706130 0.241736 0.712140 0.240986 0.718150 0.237230 0.728666
0 0.230468 0.800030 0.220704 0.797776 0.210186 0.802284 0.198168 0.807542 0.201172 0.819562 0.202674 0.823318 0.209436 0.810546 0.219200 0.808294 0.220704 0.815806 0.232722 0.809796 0.236478 0.809796 0.235728 0.820312 0.243990 0.826322 0.246244 0.821814 0.238732 0.809796 0.250752 0.820312 0.253756 0.813552 0.244742 0.803786
0 0.229718 0.853366 0.222956 0.861628 0.226712 0.875902 0.216948 0.888672 0.216196 0.902194 0.222206 0.898438 0.230468 0.880408 0.237980 0.881160 0.223708 0.905950 0.240986 0.899188 0.244742 0.876652 0.249248 0.867638 0.243990 0.863882 0.245492 0.842098 0.240234 0.848106 0.240986 0.865384 0.233474 0.863882
0 0.237980 0.910456 0.226712 0.922476 0.227464 0.932242 0.229718 0.943510 0.231220 0.947266 0.222956 0.946514 0.215444 0.960788 0.214694 0.978064 0.218450 0.987080 0.220704 0.974308 0.222206 0.956280 0.229718 0.954026 0.228216 0.966046 0.227464 0.977314 0.237980 0.988582 0.243990 0.987830 0.237980 0.973558 0.234224 0.964544 0.237230 0.948768 0.240986 0.944260 0.243990 0.939754 0.244742 0.930740 0.251502 0.922476 0.248498 0.918720 0.241736 0.928486 0.236478 0.933744 0.236478 0.923978
0 0.225210 0.452224 0.205680 0.443210 0.207182 0.453726 0.210186 0.458984 0.195914 0.471004 0.198918 0.480770 0.202674 0.487530 0.208684 0.465746 0.216196 0.460486 0.228216 0.463492 0.230468 0.474760 0.222956 0.484526 0.232722 0.479266 0.232722 0.461990 0.249248 0.453726 0.258264 0.446966 0.255258 0.441706 0.242488 0.452224
0 0.515174 0.392878 0.508414 0.401142 0.517428 0.406400 0.502404 0.416166 0.493390 0.424430 0.502404 0.419922 0.503906 0.437950 0.514424 0.419170 0.519682 0.408654 0.524940 0.413912 0.533954 0.428936 0.553486 0.438702 0.542968 0.432692 0.536208 0.405650 0.544472 0.398138 0.560998 0.389122 0.559496 0.380860 0.545222 0.386868 0.531700 0.395132 0.523438 0.394382
0 0.519682 0.467998 0.500902 0.475510 0.503906 0.482272 0.497146 0.495794 0.509916 0.503306 0.524188 0.494290 0.527944 0.500300 0.535456 0.493540 0.533204 0.486028 0.535456 0.478516 0.527194 0.477014 0.521184 0.477764 0.522686 0.483022 0.515174 0.489032 0.511418 0.483022 0.515174 0.477014
0 0.519682 0.552134 0.502404 0.561900 0.489634 0.558894 0.476862 0.561900 0.494892 0.568660 0.498648 0.575420 0.491888 0.587440 0.497146 0.611478 0.503156 0.580680 0.509164 0.569412 0.515926 0.580680 0.512170 0.593450 0.524188 0.600210 0.532452 0.585938 0.530950 0.575420 0.530198 0.566406 0.529448 0.551382 0.536208 0.522086 0.527944 0.530348 0.524188 0.540114
0 0.527260 0.628654 0.513010 0.629494 0.501274 0.636200 0.486186 0.641228 0.484510 0.647096 0.500436 0.644582 0.521392 0.638714 0.518040 0.652964 0.524746 0.658832 0.534804 0.665538 0.541510 0.668052 0.538996 0.662184 0.526422 0.648772 0.533966 0.642906 0.542348 0.631170 0.549892 0.627816 0.549054 0.621110 0.544024 0.614404 0.538158 0.614404 0.531452 0.614404
0 0.511334 0.683142 0.492892 0.678950 0.476964 0.678950 0.466068 0.686494 0.479480 0.691524 0.491216 0.689848 0.487024 0.706612 0.492892 0.702420 0.499598 0.705774 0.497922 0.698230 0.509656 0.694038 0.518040 0.690686 0.523906 0.697392 0.524746 0.705774 0.523068 0.712480 0.514686 0.714156 0.500436 0.719186 0.506304 0.723378 0.523906 0.718348 0.535642 0.706612 0.535642 0.694038 0.554084 0.703260 0.559952 0.704098 0.556598 0.691524 0.537318 0.687332 0.532290 0.667214 0.518040 0.658832 0.526422 0.677274 0.528936 0.683980 0.523068 0.683980
0 0.504628 0.763614 0.494568 0.756908 0.492892 0.771158 0.482832 0.782054 0.502950 0.780378 0.513848 0.782892 0.523906 0.784570 0.545702 0.785408 0.545702 0.781216 0.529774 0.777026 0.536480 0.769480 0.535642 0.762774 0.527260 0.768642 0.520554 0.765290
0 0.518040 0.833188 0.507142 0.828158 0.492054 0.820614 0.506304 0.832350 0.497082 0.835702 0.488700 0.844086 0.488700 0.849114 0.496244 0.847438 0.500436 0.847438 0.505466 0.846600 0.504628 0.857498 0.517200 0.847438 0.530612 0.844086 0.538158 0.836542 0.541510 0.824806 0.526422 0.830674 0.533966 0.817262 0.532290 0.805526 0.532290 0.804688 0.527260 0.813070 0.525584 0.823130
1 0.458524 0.768642 0.440920 0.784570 0.435052 0.797982 0.451818 0.803850 0.460200 0.793790 0.466068 0.787922 0.460200 0.777864 0.452656 0.776186 0.451818 0.775348
0 0.529774 0.888512 0.522230 0.906116 0.513010 0.913660 0.509656 0.923720 0.512172 0.944676 0.521392 0.951382 0.525584 0.950544 0.518040 0.940484 0.521392 0.934616 0.525584 0.937970 0.522230 0.927910 0.526422 0.924558 0.531452 0.921204 0.526422 0.908630 0.529774 0.899410
1 0.507980 0.880968 0.492892 0.897734 0.493730 0.917852 0.515524 0.907792 0.517200 0.895218 0.516362 0.886836
0 0.527420 0.030278 0.513740 0.040916 0.493222 0.042436 0.483342 0.051556 0.508420 0.051556 0.516020 0.051556 0.525900 0.049276 0.541100 0.048516 0.550978 0.040156 0.540340 0.041676 0.524380 0.046236 0.527420 0.041676
0 0.495500 0.089554 0.511460 0.091834 0.520580 0.098674 0.533500 0.091834 0.539580 0.087276 0.544900 0.083476 0.528180 0.100954 0.541860 0.110834 0.549458 0.119194 0.547178 0.122994 0.536540 0.119194 0.520580 0.119954 0.512980 0.116154 0.507660 0.110834 0.494742 0.107794
0 0.528180 0.184552 0.538820 0.170872 0.546420 0.173912 0.535780 0.183792 0.557058 0.177712 0.573778 0.183032 0.579858 0.190632 0.578338 0.198990 0.565418 0.192152 0.544140 0.187592 0.538060 0.191392 0.536540 0.198990 0.528940 0.201270 0.526660 0.208110 0.530460 0.218750 0.516020 0.224830 0.515260 0.214950 0.510700 0.209630 0.525140 0.200510 0.519060 0.193670 0.511460 0.186832
0 0.509940 0.219510 0.511460 0.237750 0.512220 0.241550 0.498540 0.233190 0.497020 0.243070 0.509940 0.246868 0.513740 0.254468 0.516020 0.259788 0.505380 0.268908 0.505380 0.279548 0.506140 0.288668 0.513740 0.293988 0.512220 0.283348 0.517540 0.266628 0.523620 0.264348 0.523620 0.252188 0.531220 0.248388 0.539580 0.242310 0.541860 0.234710 0.551738 0.236230 0.557818 0.241550 0.566938 0.248388 0.569218 0.237750 0.557818 0.229390 0.547938 0.232430 0.533500 0.238510 0.534260 0.226350 0.543380 0.217990 0.541860 0.212670 0.528180 0.226350 0.526660 0.240790 0.525140 0.246108 0.517540 0.236230
0 0.507660 0.348706 0.515260 0.346426 0.527420 0.338826 0.528940 0.328186 0.538060 0.332746 0.538820 0.338826 0.554018 0.332746 0.560858 0.314506 0.567698 0.319826 0.561618 0.335786 0.539580 0.345666 0.519820 0.347186 0.519820 0.351744 0.527420 0.354784 0.541860 0.356304 0.554018 0.348706 0.560098 0.346426 0.558578 0.351744 0.553258 0.358584 0.534260 0.360104 0.522100 0.362384 0.512220 0.355544 0.502340 0.363904 0.497020 0.355544
0 0.700694 0.031038 0.689294 0.024198 0.681694 0.020398 0.676374 0.027238 0.685494 0.031038 0.682454 0.036358 0.688534 0.038636 0.678654 0.047756 0.680174 0.062956 0.680174 0.067516 0.684734 0.050036 0.695374 0.042436
0 0.709812 0.065236 0.707532 0.078156 0.702974 0.088036 0.699174 0.094874 0.691574 0.097914 0.680174 0.098674 0.677134 0.107794 0.671814 0.117674 0.678654 0.126794 0.689294 0.132874 0.680174 0.118434 0.683974 0.107794 0.690814 0.106274 0.702214 0.099434 0.708292 0.099434 0.716652 0.097154 0.725012 0.084996 0.729572 0.078916 0.729572 0.072836 0.718172 0.085756 0.714372 0.090314 0.709812 0.089554 0.714372 0.075876
0 0.702974 0.189112 0.696134 0.195190 0.686254 0.198990 0.686254 0.206590 0.674854 0.205830 0.668014 0.214190 0.668014 0.219510 0.658134 0.230150 0.653574 0.236990 0.679414 0.217230 0.680174 0.230150 0.686254 0.230150 0.687774 0.212670 0.693854 0.200510 0.696894 0.207350 0.693854 0.219510 0.692334 0.227110 0.698414 0.223310 0.703732 0.205830
0 0.679472 0.323620 0.675864 0.332898 0.679472 0.337536 0.670710 0.336504 0.664526 0.330320 0.662980 0.335990 0.676894 0.344234 0.683078 0.340628 0.688232 0.340628 0.692354 0.349904 0.703692 0.356602 0.711422 0.356602 0.724820 0.361240 0.728428 0.357118 0.737704 0.350418 0.745434 0.336504 0.735642 0.345266 0.724306 0.351964 0.713998 0.349388 0.708846 0.345266 0.720182 0.344234 0.717606 0.340628 0.706784 0.342688 0.696478 0.341142 0.693900 0.335474 0.687716 0.332898
0 0.684110 0.402982 0.677410 0.402982 0.675348 0.397830 0.673288 0.404014 0.676894 0.409166 0.675348 0.416382 0.671226 0.423596 0.672256 0.431842 0.671742 0.440086 0.662464 0.444726 0.658858 0.455032 0.670710 0.464824 0.672256 0.460186 0.669164 0.448332 0.681018 0.463278 0.685140 0.461216 0.676380 0.448848 0.678440 0.444726 0.689262 0.443694 0.696478 0.448332 0.694932 0.444210 0.684110 0.441118 0.680502 0.439572 0.677926 0.432872 0.677926 0.424626 0.679986 0.417928 0.687202 0.411744 0.694932 0.406590 0.698538 0.400406 0.698024 0.395252 0.696992 0.392676 0.694416 0.395768 0.692870 0.401436
0 0.685140 0.466370 0.688232 0.471522 0.684624 0.477192 0.681018 0.485436 0.673288 0.492136 0.664526 0.499350 0.660918 0.501412 0.655250 0.505020 0.656796 0.499350 0.664010 0.493682 0.673802 0.484406 0.680502 0.478222 0.680502 0.471008 0.674318 0.472554 0.668648 0.478222 0.659888 0.486468 0.656280 0.491620 0.650612 0.498320 0.647004 0.500896 0.646490 0.492652 0.654734 0.480798 0.658342 0.477706 0.647004 0.473584 0.648550 0.472038 0.661950 0.468430 0.666588 0.468430 0.676894 0.466370 0.674318 0.461732 0.677410 0.463792
0 0.677926 0.539032 0.669680 0.552430 0.669680 0.563252 0.678440 0.567376 0.686170 0.570982 0.677926 0.572528 0.673802 0.574074 0.673802 0.579744 0.679986 0.579744 0.683594 0.579228 0.680502 0.585928 0.677926 0.590566 0.678956 0.596750 0.681018 0.606540 0.684624 0.615302 0.689778 0.601388 0.686686 0.593142 0.694932 0.583350 0.698538 0.570982 0.694932 0.561192 0.690294 0.560160 0.686170 0.556554 0.681018 0.556554 0.676894 0.556554 0.681018 0.560676 0.678956 0.563768 0.672772 0.552430 0.677410 0.549338
0 0.682048 0.628700 0.679472 0.633338 0.674318 0.639006 0.671742 0.645706 0.681532 0.644160 0.674834 0.651890 0.674318 0.663742 0.675348 0.675080 0.678956 0.674566 0.680502 0.683326 0.679472 0.690026 0.686170 0.686934 0.682564 0.677142 0.681018 0.667866 0.690294 0.654466 0.700084 0.640038 0.699570 0.633338 0.693386 0.638492 0.688232 0.635400 0.685656 0.634884
0 0.691840 0.668896 0.690808 0.679718 0.691324 0.684356 0.685140 0.688480 0.680502 0.689510 0.689778 0.694664 0.692870 0.698270 0.692354 0.706516 0.695446 0.718368 0.696478 0.704970 0.702146 0.716308 0.708846 0.718368 0.702662 0.709608 0.702662 0.700332 0.700084 0.695178 0.702146 0.685902 0.696478 0.685388 0.694932 0.678688
0 0.681532 0.751866 0.677410 0.760626 0.680502 0.770932 0.676894 0.775056 0.672256 0.779178 0.669680 0.788454 0.678956 0.787940 0.682564 0.787424 0.683078 0.799276 0.686686 0.805460 0.695446 0.809584 0.703176 0.812160 0.711422 0.810614 0.722244 0.805976 0.718122 0.804946 0.699570 0.803914 0.695962 0.794638 0.701630 0.788970 0.706268 0.783816 0.698024 0.784332 0.691840 0.789486 0.686170 0.778664 0.683078 0.777118 0.683078 0.766810 0.682564 0.759080
0 0.692354 0.815252 0.691840 0.825558 0.687202 0.821952 0.681018 0.824528 0.683078 0.829682 0.674318 0.827620 0.671742 0.832774 0.678956 0.837412 0.666588 0.837926 0.657312 0.834320 0.659372 0.844626 0.670196 0.846172 0.679986 0.841018 0.677926 0.850810 0.679986 0.858024 0.705754 0.861116 0.717606 0.855964 0.718636 0.849264 0.707814 0.854932 0.695446 0.852872 0.698024 0.841018 0.712968 0.837926 0.716576 0.833804 0.709360 0.833804 0.699054 0.835866 0.693900 0.834320 0.694932 0.826074
0 0.885628 0.017952 0.871984 0.009334 0.878446 0.024414 0.869112 0.028722 0.862650 0.033748 0.864804 0.038776 0.874138 0.033748 0.878446 0.035184 0.861932 0.045238 0.868394 0.050264 0.869830 0.053854 0.876292 0.046674 0.877728 0.039494 0.890654 0.035904 0.892808 0.040212 0.884192 0.050264 0.877010 0.063190 0.893526 0.051700 0.899270 0.035904 0.905732 0.014362 0.904296 0.010052 0.897116 0.028004 0.890654 0.030158 0.882756 0.030158
0 0.892090 0.141458 0.898552 0.155102 0.904296 0.160846 0.904296 0.170898 0.899270 0.181670 0.895680 0.189568 0.885628 0.189568 0.888500 0.183106 0.892090 0.168026 0.890654 0.164436 0.882036 0.171616 0.876292 0.171616 0.885628 0.156538 0.877728 0.156538 0.870548 0.149356 0.886346 0.150792
0 0.877728 0.191722 0.872702 0.206802 0.882756 0.212546 0.875574 0.231216 0.897834 0.217572 0.893526 0.213982 0.905014 0.219008 0.909324 0.209674 0.898552 0.203930 0.892808 0.195312 0.887782 0.195312 0.884910 0.200338 0.881318 0.198184
0 0.882756 0.274300 0.878446 0.280762 0.874138 0.291532 0.880600 0.301586 0.875574 0.309484 0.884910 0.309484 0.893526 0.309484 0.910042 0.305894 0.915786 0.303022 0.903578 0.292968 0.898552 0.288660 0.891372 0.287942
0 0.889218 0.404268 0.885628 0.407858 0.892090 0.414322 0.899270 0.417912 0.892090 0.424374 0.887064 0.418630 0.881318 0.422938 0.894244 0.430836 0.882756 0.441608 0.882756 0.452378 0.893526 0.436580 0.894244 0.454532 0.897116 0.447352 0.896398 0.432272 0.899988 0.426528 0.914350 0.431554 0.927992 0.435862 0.940918 0.433708 0.944508 0.427246 0.935892 0.428682 0.924402 0.428682 0.914350 0.427246 0.905014 0.420066 0.909324 0.408576 0.912196 0.402832 0.912196 0.394216 0.907888 0.389188 0.904296 0.394216 0.902860 0.400678 0.899988 0.410730
0 0.881318 0.475356 0.886346 0.483972 0.881318 0.490436 0.871984 0.499770 0.856186 0.513414 0.857622 0.519158 0.877010 0.510542 0.882036 0.507668 0.889936 0.520594 0.897834 0.530646 0.890654 0.511260 0.898552 0.503360 0.898552 0.496898 0.911478 0.494744 0.921530 0.492590 0.929428 0.487564 0.925838 0.484690 0.910042 0.490436 0.895680 0.486846 0.894244 0.478946
0 0.910042 0.534238 0.895680 0.542854 0.894962 0.550034 0.887064 0.558652 0.879882 0.563678 0.892808 0.562242 0.899270 0.564396 0.898552 0.570858 0.884910 0.578038 0.896398 0.582348 0.908606 0.563678 0.906452 0.552188
0 0.900706 0.680004 0.891372 0.696518 0.894962 0.708726 0.891372 0.715906 0.879164 0.726678 0.877728 0.739602 0.894244 0.723088 0.897116 0.715188 0.899988 0.725960 0.892808 0.730268 0.884910 0.741038 0.900706 0.737448 0.903578 0.713752 0.908606 0.721650 0.912914 0.713034 0.905014 0.705854 0.905732 0.695800
0 0.894962 0.760426 0.895680 0.766170 0.892090 0.770480 0.883474 0.778378 0.874856 0.788430 0.874138 0.794176 0.881318 0.793458 0.890654 0.808536 0.899270 0.815716 0.889218 0.799920 0.892090 0.786994 0.895680 0.784840 0.893526 0.798484 0.902142 0.788430 0.901424 0.783404 0.915786 0.792020 0.920094 0.792738 0.908606 0.783404 0.901424 0.774788 0.903578 0.766170
0 0.894962 0.853774 0.883474 0.864546 0.870548 0.867418 0.867676 0.879624 0.885628 0.883932 0.877728 0.886804 0.895680 0.880342 0.910760 0.877470 0.912196 0.871726 0.894244 0.873880 0.897834 0.860954
0 0.886346 0.916246 0.879882 0.922708 0.879882 0.928452 0.889936 0.938506 0.890654 0.950712 0.899270 0.951430 0.910760 0.942814 0.917940 0.932760 0.912196 0.919836 0.903578 0.914810 0.898552 0.916964
0 0.882036 0.983744 0.871266 0.982306 0.868394 0.995950 0.880600 0.993078 0.883474 0.995950 0.888500 0.996668 0.898552 0.996668 0.902860 0.996668 0.918658 0.998104 0.905014 0.989488 0.898552 0.987334 0.889936 0.987334
1 0.704676 0.938506 0.700368 0.945686 0.707548 0.951430 0.716164 0.955738 0.721192 0.947122 0.721910 0.938506 0.715446 0.933478