0 0.129756 0.015372 0.112576 0.026222 0.090874 0.033908 0.098560 0.037526 0.119358 0.034360 0.126592 0.042046 0.127044 0.027126 0.132016 0.020346 0.138798 0.033456 0.168638 0.036622 0.180844 0.030744 0.169994 0.028936 0.146936 0.025318 0.142416 0.011302 0.131564 0.005426 0.117550 0.002260 0.118230 0.009272 0.125236 0.009042
0 0.132024 0.135528 0.117572 0.137718 0.106186 0.145600 0.101370 0.149104 0.100932 0.158738 0.102968 0.164118 0.099618 0.169248 0.093182 0.167542 0.094364 0.159176 0.089108 0.163554 0.079466 0.162520 0.084326 0.154164 0.091860 0.150396 0.098742 0.147352 0.100554 0.139094 0.108814 0.136842 0.124686 0.130584 0.142710 0.129274 0.147952 0.120752 0.152540 0.123046 0.153524 0.126980 0.164994 0.125668 0.157784 0.132222 0.138122 0.142382 0.148948 0.156192 0.144710 0.157052 0.136482 0.146642 0.133206 0.148608 0.126980 0.157784 0.118484 0.176182 0.115706 0.164766 0.109536 0.164458 0.120334 0.161372 0.131240 0.142054 0.128618 0.140088
0 0.137466 0.179412 0.122720 0.181050 0.115510 0.179412 0.101090 0.179084 0.102402 0.185966 0.118786 0.185310 0.116492 0.193504 0.122392 0.194814 0.126324 0.205956 0.133862 0.207922 0.133878 0.206904 0.127634 0.195142 0.141124 0.205454 0.139094 0.187778 0.145760 0.192994 0.163146 0.185460 0.153004 0.180534 0.141726 0.181050
0 0.138806 0.326584 0.145330 0.346542 0.143036 0.353424 0.154834 0.366204 0.165648 0.375380 0.173186 0.383246 0.171876 0.395042 0.163682 0.399630 0.163146 0.400188 0.168270 0.386522 0.158440 0.375708 0.153196 0.376036 0.149918 0.384228 0.146970 0.385540 0.147952 0.371120 0.141992 0.367152 0.140544 0.365414 0.134458 0.364544 0.128290 0.360306 0.123374 0.365222 0.116820 0.369154 0.113014 0.367442 0.117148 0.359978 0.110266 0.361288 0.108300 0.367842 0.106334 0.359650 0.118458 0.348180 0.133534 0.351130 0.138776 0.351130 0.136156 0.335728
0 0.118502 0.528078 0.125464 0.514928 0.135134 0.515702 0.142482 0.522278 0.145962 0.533106 0.145576 0.545482 0.144312 0.551454 0.137454 0.554378 0.139000 0.528852 0.128944 0.532332 0.127012 0.536200 0.127012 0.548190 0.118116 0.558246 0.111154 0.557472 0.110380 0.550898 0.118502 0.549350 0.120050 0.540068 0.116182 0.537748 0.108060 0.540842 0.101872 0.547030 0.093364 0.553992 0.099938 0.540454 0.109220 0.533106
0 0.130492 0.676980 0.126238 0.687036 0.129718 0.695932 0.130492 0.704054 0.113474 0.717202 0.104580 0.718364 0.103418 0.724552 0.120824 0.716816 0.130492 0.710628 0.138614 0.704054 0.140934 0.713336 0.152150 0.717590 0.147896 0.723392 0.130492 0.731900 0.127012 0.740022 0.149830 0.732674 0.159380 0.720396 0.152924 0.710628 0.146736 0.700572 0.149056 0.689356 0.140160 0.677366
0 0.319138 0.006372 0.326256 0.009040 0.324032 0.015714 0.313354 0.017048 0.306236 0.043298 0.309794 0.052196 0.312020 0.047302 0.318694 0.025946 0.329816 0.020608 0.324554 0.035644 0.334264 0.040184 0.344942 0.044632 0.355620 0.044188 0.371192 0.048636 0.372972 0.041518 0.364518 0.041074 0.335600 0.037960 0.332040 0.035290 0.335154 0.024612 0.342272 0.023722 0.335848 0.032866 0.344052 0.029506 0.348502 0.013934 0.342718 0.015270 0.336490 0.011710 0.332486 0.004146
0 0.360204 0.337244 0.344632 0.348366 0.333954 0.354596 0.316158 0.363938 0.297918 0.369722 0.306816 0.374616 0.314824 0.373726 0.309930 0.383960 0.301922 0.397752 0.301032 0.403090 0.311264 0.400866 0.321942 0.391522 0.330396 0.383514 0.341518 0.365274 0.341518 0.358600 0.359758 0.356376 0.364208 0.362604 0.368602 0.367732 0.370882 0.374616 0.374976 0.378454 0.376136 0.370050 0.373106 0.359934 0.357534 0.351482 0.351306 0.349256 0.356644 0.342584
0 0.337016 0.428006 0.327162 0.439598 0.320494 0.448740 0.307146 0.449630 0.309370 0.458528 0.304476 0.472320 0.293798 0.486556 0.299138 0.493230 0.319604 0.474544 0.319050 0.488860 0.327166 0.501238 0.341404 0.509246 0.332060 0.494120 0.328946 0.456748 0.332506 0.466536 0.334988 0.474662 0.337844 0.478992 0.340782 0.474662 0.334730 0.460752 0.340514 0.442066 0.345852 0.440732 0.355272 0.441046 0.359038 0.447712 0.361068 0.435542 0.357880 0.427428 0.354750 0.435838 0.346298 0.433612 0.341848 0.432278
0 0.366298 0.645696 0.355176 0.663494 0.347166 0.671056 0.340938 0.675950 0.332930 0.680844 0.329370 0.674170 0.316914 0.673280 0.324476 0.678620 0.324476 0.683514 0.316914 0.691078 0.308016 0.694192 0.300008 0.699976 0.309794 0.700864 0.323142 0.697306 0.330260 0.701754 0.339604 0.712432 0.347166 0.728004 0.344052 0.703980 0.351170 0.693746 0.358290 0.689742 0.368968 0.681734 0.361404 0.682624 0.352060 0.688408 0.342272 0.698640 0.336044 0.696860 0.337378 0.687518 0.340492 0.691128 0.346278 0.688852 0.352506 0.681290 0.355272 0.672582 0.364518 0.657264 0.367188 0.651926 0.372082 0.643028
0 0.369470 0.759516 0.352060 0.771160 0.342272 0.768490 0.319138 0.769380 0.322252 0.776054 0.315578 0.784062 0.308016 0.791180 0.297782 0.792960 0.284880 0.798298 0.296892 0.800524 0.283990 0.810312 0.299118 0.808532 0.312910 0.804528 0.321808 0.801414 0.333820 0.786732 0.341828 0.809422 0.348946 0.812090 0.366298 0.817874 0.379200 0.816540 0.380534 0.812536 0.376976 0.812090 0.388098 0.811646 0.387654 0.822324 0.388542 0.832112 0.395216 0.818764 0.406274 0.800956 0.387208 0.805862 0.360514 0.805862 0.353840 0.798298 0.347166 0.789400 0.343162 0.779168 0.353840 0.776054 0.363672 0.783984 0.361936 0.798926 0.368554 0.800782 0.372266 0.782032 0.361358 0.774586
0 0.324922 0.837006 0.325366 0.853022 0.330706 0.862364 0.347612 0.870374 0.360958 0.875266 0.370898 0.875586 0.364962 0.880160 0.348056 0.875712 0.342272 0.878826 0.332040 0.887724 0.321362 0.897068 0.316468 0.903296 0.312094 0.908174 0.311130 0.900626 0.309350 0.879716 0.311574 0.871262 0.326702 0.864590 0.321362 0.855692 0.320918 0.842790
0 0.640170 0.011538 0.638354 0.020168 0.634266 0.015624
0 0.649710 0.052416 0.615916 0.064570 0.588390 0.077398 0.601562 0.075128 0.615188 0.076944 0.603834 0.087846 0.613826 0.087846 0.624624 0.077278 0.626976 0.069512 0.628388 0.081514 0.633812 0.084666 0.653344 0.090570 0.656156 0.089278 0.650744 0.085044 0.634720 0.081032 0.634506 0.069984 0.638808 0.065588 0.649710 0.060138 0.659248 0.059684 0.666516 0.061954 0.667424 0.067406 0.674236 0.086028 0.678780 0.080124 0.673782 0.060138 0.674040 0.054452 0.664628 0.051628
0 0.631212 0.126224 0.630978 0.131166 0.641080 0.134176 0.634266 0.142352 0.598974 0.148814 0.604742 0.156886 0.617460 0.154614 0.627452 0.150072 0.620640 0.166424 0.626544 0.162790 0.637446 0.144622 0.646984 0.169150 0.656976 0.176418 0.681504 0.178234 0.692860 0.173238 0.679234 0.172330 0.654252 0.167788 0.648346 0.156432 0.647892 0.143260 0.648800 0.136446 0.651980 0.148256 0.658794 0.150072 0.651980 0.133266 0.643350 0.128724
0 0.650618 0.218660 0.651072 0.227744 0.644712 0.236828 0.630632 0.248184 0.646984 0.244550 0.652434 0.242732 0.666516 0.242278 0.675688 0.239410 0.680158 0.236116 0.695586 0.220930 0.676054 0.235010 0.659702 0.237736 0.659248 0.226836 0.653802 0.211172
0 0.664244 0.311774 0.654706 0.308140 0.646530 0.306776 0.633358 0.308594 0.626090 0.299964 0.623364 0.307686 0.628816 0.313590 0.619276 0.319494 0.608858 0.323890 0.608376 0.328124 0.624152 0.327184 0.634978 0.314712 0.648346 0.314498 0.646530 0.326308 0.652434 0.322674 0.653798 0.313590 0.660610 0.326308 0.673782 0.341752 0.676394 0.343186 0.673328 0.334030 0.667686 0.324830
0 0.665606 0.376726 0.655686 0.379660 0.637446 0.395804 0.633812 0.404434 0.625094 0.412368 0.633566 0.408368 0.627906 0.421694 0.633800 0.428840 0.636390 0.429546 0.635174 0.420330 0.637446 0.413064 0.646530 0.427598 0.656068 0.435320 0.673328 0.439408 0.659248 0.428506 0.645332 0.412838 0.646984 0.404434 0.652888 0.401254 0.661518 0.412154 0.669568 0.430722 0.673782 0.432140 0.673328 0.423056 0.661518 0.404888 0.654252 0.391260 0.658340 0.391716 0.676054 0.396712 0.696494 0.394440 0.707394 0.390806 0.691042 0.393532 0.659702 0.388082 0.664698 0.383994 0.672874 0.373092
0 0.638036 0.461550 0.639262 0.483466 0.649568 0.495906 0.656522 0.506632 0.664698 0.513898 0.680596 0.529342 0.680596 0.520712 0.664244 0.498910 0.660156 0.489316 0.657886 0.483920 0.657430 0.473020 0.655160 0.468478
0 0.651980 0.593386 0.634742 0.599680 0.631994 0.612010 0.626544 0.629270 0.628860 0.635212 0.636860 0.640154 0.633812 0.632450 0.638354 0.618368 0.640860 0.615682 0.647892 0.627452 0.649802 0.627682 0.653436 0.628228 0.664244 0.632904 0.695924 0.629566 0.704396 0.625094 0.688630 0.626976 0.657886 0.626090 0.650618 0.616552 0.650618 0.608830 0.654252 0.599292 0.662428 0.609738 0.673782 0.621548 0.680394 0.618034 0.670040 0.610976 0.666062 0.609738 0.659702 0.598382 0.654980 0.567912
0 0.650164 0.676962 0.638354 0.683776 0.621160 0.683830 0.617154 0.672284 0.613384 0.684300 0.611556 0.691042 0.604196 0.693960 0.618822 0.708304 0.627906 0.705124 0.630632 0.700582 0.634720 0.712390 0.656976 0.712846 0.660156 0.709666 0.638354 0.706486 0.636860 0.698278 0.649710 0.683322 0.657886 0.684684 0.678780 0.689226 0.670148 0.681958 0.656976 0.676054
0 0.649256 0.745094 0.636538 0.741460 0.634588 0.735662 0.647076 0.721526 0.621396 0.718226 0.611028 0.724352 0.607014 0.738736 0.605196 0.746002 0.618368 0.740098 0.622456 0.750090 0.620640 0.759176 0.624728 0.766896 0.619732 0.779614 0.616098 0.793696 0.616098 0.799146 0.629724 0.790062 0.637446 0.769622 0.646984 0.756904 0.647892 0.770984 0.665606 0.774164 0.676508 0.773256 0.696494 0.772802 0.698310 0.766442 0.669804 0.763696 0.685440 0.751808 0.674378 0.735690 0.677222 0.751176 0.664896 0.756864 0.659248 0.750546 0.656522 0.747820
0 0.650676 0.828606 0.645934 0.834926 0.632450 0.842296 0.621094 0.851380 0.621094 0.861374 0.615644 0.866824 0.618368 0.875000 0.626998 0.872274 0.628816 0.867732 0.631540 0.879996 0.635628 0.887718 0.636538 0.864554 0.651980 0.846838 0.660610 0.855922 0.672874 0.855922 0.683776 0.857286 0.692860 0.859102 0.701490 0.865916 0.699672 0.855014 0.687410 0.851380 0.666516 0.850472 0.659686 0.844644 0.674610 0.847320 0.678802 0.841246 0.664264 0.838402 0.661064 0.831396 0.659248 0.829578
0 0.657514 0.910782 0.654706 0.933140 0.644712 0.933140 0.634720 0.933594 0.644258 0.937682 0.651980 0.939498 0.640624 0.962664 0.637900 0.983558 0.643804 0.989008 0.648346 0.979016 0.656064 0.986126 0.656976 0.965388 0.661974 0.953124 0.658340 0.944950 0.661974 0.929960
0 0.868360 0.021680 0.853826 0.038956 0.852540 0.026368 0.849024 0.019726 0.842968 0.027930 0.844754 0.045894 0.844726 0.048438 0.839416 0.049628 0.825782 0.053126 0.809532 0.062436 0.804730 0.072042 0.791922 0.092854 0.796192 0.098190 0.801954 0.102148 0.805798 0.087518 0.814870 0.076844 0.839950 0.066706 0.854892 0.068306 0.858008 0.068946 0.866632 0.066172 0.889580 0.067238 0.881574 0.060302 0.871436 0.058166 0.880508 0.050162 0.888282 0.042774 0.872266 0.043554 0.870368 0.052296 0.852758 0.058700 0.850090 0.049628 0.863430 0.040024 0.868768 0.038956 0.879974 0.045894 0.873570 0.032552 0.882812 0.021290
0 0.858094 0.127540 0.839950 0.154222 0.828906 0.170898 0.829812 0.176102 0.822340 0.182506 0.802062 0.197980 0.811668 0.182506 0.815404 0.171832 0.806332 0.172900 0.822874 0.162226 0.821274 0.154222 0.806332 0.157958 0.820206 0.149954 0.833398 0.147852 0.833398 0.129492 0.839258 0.139844 0.842578 0.137304 0.849022 0.135012 0.836748 0.132876 0.831946 0.129142 0.844754 0.124872 0.854892 0.122738 0.860762 0.119536
0 0.880468 0.258398 0.877734 0.245312 0.868234 0.232134 0.856494 0.226798 0.849414 0.225976 0.841992 0.227148 0.829102 0.223632 0.823408 0.227330 0.816992 0.223046 0.806836 0.217968 0.805274 0.216602 0.795898 0.209376 0.794532 0.207032 0.800390 0.196874 0.790856 0.202250 0.786718 0.209570 0.789788 0.214524 0.805798 0.226798 0.825008 0.230532 0.818604 0.241206 0.817188 0.248242 0.834614 0.232134 0.837816 0.237470 0.834570 0.245704 0.831446 0.255274 0.833984 0.262110 0.831054 0.267578 0.839950 0.284430 0.841018 0.268422 0.845312 0.238476 0.846484 0.231640 0.852540 0.244336 0.857026 0.243340 0.856054 0.231836 0.870368 0.242272 0.869834 0.249210 0.865032 0.254012 0.857618 0.265430 0.865566 0.262018 0.873036 0.256682
0 0.803906 0.256446 0.799928 0.260950 0.811668 0.286566 0.827344 0.291406 0.830344 0.290834 0.822266 0.301758 0.834614 0.299372 0.842774 0.291992 0.844754 0.296170 0.842774 0.304492 0.847852 0.306054 0.851156 0.313248 0.854688 0.332812 0.858628 0.324988 0.858628 0.314314 0.848242 0.299804 0.849022 0.291902 0.858628 0.300440 0.866016 0.300976 0.859162 0.293502 0.842774 0.278320 0.829812 0.281762 0.821094 0.282226 0.817382 0.275196 0.811668 0.272156 0.807422 0.262696
0 0.847266 0.451368 0.843686 0.454662 0.831412 0.461066 0.812696 0.459960 0.807398 0.465334 0.798438 0.472266 0.801528 0.476008 0.823408 0.472806 0.828744 0.471738 0.816470 0.494684 0.809532 0.504290 0.814870 0.511762 0.818946 0.512110 0.821274 0.505892 0.833546 0.472806 0.843686 0.463200 0.838086 0.476758 0.831250 0.487890 0.833398 0.489844 0.846888 0.479210 0.852224 0.476542 0.864062 0.475196 0.870902 0.471738 0.867578 0.469922 0.855960 0.470138 0.850090 0.466936 0.851156 0.456796
0 0.867650 0.623676 0.877914 0.611428 0.865002 0.616062 0.849556 0.628096 0.840836 0.620366 0.834216 0.591896 0.829582 0.613082 0.834548 0.627318 0.830344 0.635032 0.819138 0.640902 0.799394 0.641970 0.784452 0.641436 0.775914 0.641436 0.781250 0.651042 0.802596 0.648908 0.825008 0.646238 0.821274 0.651042 0.814336 0.656912 0.829812 0.653176 0.829492 0.676758 0.839416 0.671320 0.841552 0.663316 0.846354 0.646772 0.853826 0.640902 0.879974 0.643038 0.892248 0.646238 0.900252 0.644104 0.890646 0.638768 0.868234 0.637168 0.859162 0.633432 0.854892 0.629162
0 0.885156 0.725390 0.858328 0.744754 0.852992 0.750624 0.845508 0.755274 0.837696 0.755078 0.835916 0.760762 0.834848 0.767166 0.837516 0.775170 0.831646 0.787978 0.829492 0.801954 0.823242 0.789062 0.824218 0.803710 0.831446 0.811914 0.836448 0.798650 0.843386 0.786378 0.851368 0.789844 0.851924 0.783176 0.851924 0.771968 0.862598 0.776238 0.874338 0.784242 0.894616 0.815194 0.898828 0.815820 0.888746 0.788512 0.872736 0.766098 0.859396 0.752758 0.863130 0.746888 0.871670 0.741018 0.878126 0.737110 0.881250 0.733008
0 0.861830 0.795658 0.848488 0.806864 0.841018 0.812202 0.830344 0.818604 0.819138 0.821274 0.799928 0.818604 0.783918 0.821274 0.777734 0.819336 0.781250 0.829278 0.793524 0.830878 0.818072 0.829278 0.840484 0.824474 0.830878 0.833014 0.815040 0.848046 0.821806 0.847422 0.837816 0.845820 0.841552 0.860228 0.847460 0.871874 0.848488 0.874104 0.853826 0.863430 0.858628 0.841018 0.857560 0.809532 0.863964 0.801528 0.872266 0.795118 0.871874 0.786914
0 0.842618 0.927468 0.845820 0.932804 0.831412 0.936006 0.812202 0.939742 0.797260 0.936540 0.781054 0.941210 0.780182 0.941876 0.791390 0.944010 0.811668 0.945612 0.819672 0.951482 0.817004 0.962688 0.815404 0.983500 0.828210 0.958952 0.829278 0.978164 0.837282 0.997908 0.845704 0.998046 0.843686 0.993640 0.837282 0.965356 0.844220 0.947212 0.847070 0.950000 0.853124 0.949414 0.857226 0.947460 0.852224 0.931204 0.865430 0.901368 0.855426 0.907722 0.847956 0.921064 0.836214 0.917862
1 0.103516 0.063282 0.103320 0.069336 0.105078 0.070898 0.109376 0.072852 0.117188 0.075782 0.117188 0.079102 0.112890 0.080468 0.110352 0.083594 0.105468 0.080274 0.101368 0.082812 0.099804 0.085156 0.097460 0.090624 0.093360 0.091796 0.089062 0.089648 0.095898 0.076368 0.102540 0.075390 0.100390 0.072070 0.097460 0.066016 0.099218 0.058984
1 0.206640 0.025196 0.220898 0.025196 0.222266 0.036914 0.224610 0.043946 0.226954 0.042774 0.227344 0.028906 0.228320 0.024804 0.231836 0.030664 0.235938 0.032032 0.235938 0.027734 0.233204 0.018554 0.230664 0.014648 0.226562 0.014648 0.225390 0.017578 0.216796 0.018554 0.209570 0.019532 0.206836 0.020508 0.206250 0.022460
1 0.087280 0.022980 0.077032 0.020368 0.067990 0.021774 0.064774 0.025592 0.063770 0.030616 0.065578 0.038452 0.070400 0.037648 0.075224 0.044078 0.069798 0.045082 0.069396 0.047092 0.072410 0.048298 0.073616 0.047292 0.073214 0.055330 0.070602 0.055934 0.065378 0.058144 0.064976 0.060354 0.063770 0.070400 0.065780 0.074822 0.068392 0.070802 0.070802 0.074620 0.075424 0.074822 0.082056 0.073414 0.078036 0.069798 0.072008 0.062966 0.073014 0.059952 0.077836 0.058344 0.082056 0.057942 0.089290 0.056336 0.092706 0.052116 0.096122 0.048900 0.097528 0.047694 0.094112 0.041868 0.090092 0.044278 0.088686 0.047694 0.075826 0.052920 0.078438 0.042470 0.078438 0.036442 0.077032 0.034432 0.074018 0.032022 0.074218 0.025190 0.078036 0.026194 0.082056 0.026194 0.085672 0.025792
1 0.110726 0.218878 0.106162 0.223670 0.102512 0.231428 0.101828 0.236674 0.100686 0.242150 0.097720 0.236446 0.096352 0.233936 0.091332 0.233252 0.091560 0.228232 0.094526 0.226864 0.100686 0.223442 0.104794 0.216596 0.107304 0.217052 0.108378 0.215598
1 0.222756 0.391374 0.225038 0.395936 0.227320 0.397990 0.227548 0.400956 0.226636 0.407346 0.227548 0.412594 0.222300 0.412136 0.220932 0.404836 0.214086 0.403922 0.206100 0.404608 0.208610 0.401412 0.217280 0.399132 0.221844 0.396394 0.218194 0.393656 0.215912 0.390688 0.220246 0.388636
1 0.245574 0.486748 0.237132 0.492452 0.234622 0.497700 0.234394 0.505458 0.230286 0.508196 0.226180 0.508880 0.230514 0.495874 0.229830 0.494734 0.225038 0.493136 0.223670 0.484694 0.223898 0.483098 0.231656 0.483098 0.236218 0.483098 0.241010 0.481956 0.245118 0.481728 0.245802 0.483782
1 0.084272 0.145410 0.083656 0.140486 0.078528 0.140280 0.079348 0.133920 0.084066 0.133716 0.086734 0.129202 0.088786 0.124894 0.092684 0.128382 0.091862 0.131458 0.094530 0.133304 0.090836 0.136792 0.088170 0.141306 0.088170 0.143152
1 0.098690 0.194268 0.084608 0.197040 0.078606 0.199578 0.070986 0.206504 0.064522 0.215508 0.062444 0.230284 0.062906 0.234670 0.061982 0.238134 0.057828 0.239750 0.054364 0.239288 0.054364 0.243444 0.056212 0.246444 0.065908 0.244366 0.069370 0.234208 0.067986 0.230284 0.070294 0.223588 0.074218 0.223820 0.075834 0.222204 0.074450 0.216894 0.075374 0.212046 0.080452 0.212046 0.080452 0.215970 0.078836 0.217818 0.082300 0.221050 0.086454 0.220126 0.088384 0.212700 0.093380 0.208120 0.090148 0.206504 0.086916 0.202118 0.090380 0.201194 0.096152 0.200964 0.096844 0.198886 0.100306 0.197270
1 0.221280 0.339484 0.209506 0.345716 0.201194 0.344332 0.194730 0.348026 0.197270 0.348950 0.202580 0.348256 0.202580 0.355414 0.197962 0.362570 0.194730 0.364648 0.190806 0.366956 0.189882 0.369958 0.196578 0.367650 0.198194 0.371112 0.201426 0.365802 0.204658 0.361416 0.208582 0.354260 0.212046 0.352182 0.216432 0.351488 0.221050 0.348488 0.221972 0.354028 0.225436 0.350104 0.229130 0.342484 0.229130 0.339252 0.225898 0.335790 0.223820 0.335790 0.222204 0.337174
1 0.255680 0.374806 0.255910 0.380346 0.252448 0.383348 0.248754 0.386580 0.248292 0.390274 0.253832 0.390966 0.260758 0.387734 0.264684 0.387966 0.271378 0.388196 0.271840 0.384964 0.265144 0.383348 0.261682 0.378270 0.260528 0.375730
0 0.141400 0.446606 0.139322 0.452376 0.132396 0.451684 0.107464 0.452376 0.095458 0.453070 0.092226 0.456070 0.094304 0.459996 0.106078 0.459534 0.119006 0.460920 0.123162 0.461380 0.122932 0.464382 0.117160 0.463920 0.110464 0.464612 0.110464 0.468768 0.114620 0.471538 0.128010 0.474770 0.127548 0.480080 0.129396 0.488622 0.133782 0.488392 0.139092 0.485390 0.139092 0.482620 0.144632 0.484468 0.151098 0.485622 0.153406 0.483544 0.168642 0.482390 0.176492 0.480542 0.179032 0.476156 0.174414 0.477080 0.177676 0.473268 0.172138 0.472686 0.166566 0.477080 0.158484 0.476156 0.157792 0.468768 0.152714 0.461842 0.152252 0.455148 0.159178 0.456302 0.164256 0.446836 0.163102 0.444296 0.166334 0.443604 0.171874 0.439448 0.161716 0.439448 0.159408 0.434600 0.156868 0.429984 0.156176 0.438294 0.153636 0.438986 0.145788 0.438064 0.150174 0.442450 0.153868 0.444066 0.152482 0.448222 0.146710 0.445220
0 0.150636 0.494394 0.157100 0.496704 0.157330 0.503860 0.157330 0.511940 0.155714 0.513326 0.148558 0.513326 0.148096 0.514942 0.154560 0.518636 0.155484 0.525562 0.154454 0.533776 0.161948 0.526484 0.165410 0.521406 0.171874 0.519558 0.174184 0.516558 0.164950 0.514710 0.163794 0.507324 0.163794 0.497626 0.164266 0.491634 0.158254 0.490932 0.146920 0.486832 0.143860 0.491342
1 0.213662 0.498320 0.208352 0.503860 0.208352 0.508246 0.211584 0.510556 0.215046 0.519790 0.219434 0.518866 0.219202 0.510324 0.219664 0.501552 0.217818 0.496704
0 0.140478 0.570254 0.140478 0.576038 0.137364 0.582044 0.134916 0.585826 0.130246 0.588050 0.125796 0.590276 0.122014 0.592054 0.118678 0.594502 0.113340 0.596060 0.115564 0.591832 0.115564 0.588718 0.109780 0.590720 0.108446 0.594724 0.107778 0.601176 0.118900 0.600508 0.123350 0.601176 0.125796 0.602956 0.126464 0.597394 0.133138 0.593168 0.137142 0.595392 0.140478 0.590052 0.143592 0.584936 0.145818 0.577374 0.145150 0.568920 0.141146 0.565360 0.138032 0.568252
1 0.088646 0.536220 0.090872 0.539778 0.090204 0.544006 0.089314 0.549790 0.087980 0.556908 0.086200 0.557130 0.085088 0.549790 0.077524 0.549344 0.073520 0.549122 0.072852 0.542670 0.077080 0.543338 0.082864 0.546674 0.085088 0.543782 0.086422 0.540446 0.085978 0.536886
0 0.164058 0.609852 0.147152 0.613856 0.138698 0.616748 0.134694 0.618526 0.120458 0.621864 0.117120 0.627648 0.114674 0.630762 0.109112 0.630094 0.098212 0.632986 0.098658 0.638324 0.098880 0.644332 0.105330 0.645444 0.113784 0.644332 0.121792 0.642774 0.122238 0.646778 0.118900 0.652562 0.114452 0.658790 0.111114 0.664352 0.109334 0.667688 0.111114 0.670580 0.109558 0.673472 0.105554 0.675252 0.101104 0.680146 0.101326 0.684594 0.108222 0.683928 0.117788 0.676364 0.120680 0.672582 0.117788 0.669468 0.125574 0.653896 0.129134 0.651894 0.129578 0.659236 0.131802 0.665020 0.140034 0.664796 0.144038 0.669912 0.144928 0.672582 0.150934 0.665020 0.155604 0.665464 0.161612 0.665908 0.160276 0.661460 0.156940 0.652340 0.155828 0.651894 0.155160 0.662128 0.150710 0.662128 0.141812 0.661238 0.139366 0.660792 0.136696 0.650338 0.132026 0.641440 0.135140 0.637212 0.144038 0.634766 0.151600 0.634988 0.155828 0.638770 0.161388 0.633876 0.160498 0.632764 0.149376 0.629872 0.148042 0.628760 0.149598 0.622754 0.158052 0.619638 0.161834 0.617860 0.163168 0.614744
0 0.144598 0.763226 0.134186 0.767182 0.120028 0.766766 0.112948 0.770514 0.111906 0.777802 0.111074 0.785090 0.110032 0.790504 0.116696 0.788212 0.112740 0.798832 0.112532 0.807370 0.112532 0.819030 0.113156 0.826942 0.117946 0.825276 0.125024 0.820070 0.122942 0.817988 0.117946 0.821112 0.116280 0.814240 0.121902 0.789878 0.126898 0.799456 0.131480 0.803830 0.129814 0.796334 0.125858 0.787796 0.132938 0.776552 0.137102 0.771346 0.140226 0.779676 0.142724 0.785714 0.145014 0.785714 0.147512 0.782590 0.148762 0.774678 0.150012 0.770098 0.150844 0.775928 0.150636 0.782800 0.154384 0.790712 0.153134 0.798208 0.155426 0.804246 0.158966 0.793626 0.170210 0.792170 0.172084 0.789462 0.162296 0.791960 0.158548 0.789670 0.158966 0.777802 0.161464 0.774262 0.167294 0.778218 0.170210 0.781966 0.165836 0.782382 0.163962 0.784674 0.168960 0.787796 0.192906 0.785506 0.185826 0.778426 0.174166 0.774262 0.168126 0.772804 0.155426 0.765934 0.148138 0.764476
1 0.179580 0.830690 0.167918 0.833814 0.161880 0.837146 0.157092 0.841310 0.155008 0.847764 0.155842 0.851512 0.163546 0.844642 0.170210 0.841102 0.176872 0.837978 0.186658 0.834022 0.186034 0.828608 0.177706 0.829440
0 0.143556 0.853594 0.132312 0.855676 0.122526 0.859216 0.120652 0.866088 0.116696 0.874834 0.117528 0.878998 0.117320 0.882746 0.113868 0.888672 0.109570 0.889258 0.108204 0.891602 0.111132 0.895508 0.111132 0.899414 0.111524 0.904102 0.115040 0.900390 0.120312 0.901368 0.119680 0.897452 0.120312 0.892968 0.122070 0.887696 0.123446 0.885282 0.125586 0.892382 0.124610 0.895704 0.122266 0.900976 0.122266 0.905468 0.125976 0.904688 0.132226 0.897656 0.138672 0.890234 0.143750 0.882032 0.140040 0.883984 0.132226 0.884766 0.132812 0.880078 0.135352 0.873632 0.144922 0.878710 0.150196 0.882032 0.150000 0.888282 0.153516 0.890234 0.157422 0.887890 0.156446 0.878906 0.144726 0.862304 0.144922 0.856640 0.145898 0.851954
0 0.119336 0.951954 0.127148 0.952930 0.129688 0.959570 0.129688 0.963282 0.127540 0.966796 0.125390 0.970118 0.121484 0.974024 0.115234 0.976368 0.113672 0.974804 0.106054 0.978124 0.102734 0.982812 0.100586 0.985352 0.094336 0.987304 0.090430 0.986524 0.086914 0.984180 0.082032 0.979296 0.079492 0.982422 0.081836 0.991016 0.082422 0.995118 0.089648 0.993750 0.092382 0.997266 0.103124 0.993360 0.113868 0.987890 0.120118 0.985546 0.128516 0.983398 0.132226 0.976758 0.143750 0.974414 0.146094 0.966210 0.143554 0.968750 0.137890 0.971094 0.141016 0.962304 0.143164 0.960938 0.146876 0.962110 0.150976 0.961328 0.156640 0.959766 0.156446 0.962890 0.154102 0.967188 0.148046 0.975586 0.142188 0.980274 0.139258 0.987110 0.140040 0.992968 0.142968 0.997460 0.151368 0.995508 0.150976 0.984960 0.150782 0.978516 0.155468 0.971680 0.158790 0.967774 0.161524 0.964454 0.163868 0.964062 0.163086 0.970508 0.162110 0.974024 0.163868 0.976562 0.162110 0.981836 0.165040 0.979688 0.175586 0.976758 0.173828 0.968360 0.171484 0.956836 0.169726 0.956054 0.166016 0.959960 0.164454 0.957226 0.151562 0.953516 0.141796 0.950196 0.136524 0.952148 0.131836 0.948046 0.127344 0.943750 0.125196 0.939844 0.118946 0.940234 0.104102 0.944140 0.101758 0.944140 0.108204 0.935938 0.100782 0.937110 0.090430 0.944532 0.086524 0.943750 0.086718 0.936328 0.083594 0.929102 0.081250 0.929102 0.075976 0.931054 0.080468 0.935938 0.076954 0.940430 0.066796 0.940626 0.064062 0.942382 0.065430 0.948438 0.074610 0.948046 0.087304 0.950000 0.092968 0.950000 0.096876 0.950000 0.089844 0.953124 0.088672 0.960938 0.092968 0.964062 0.109376 0.962304 0.104296 0.958984 0.097656 0.958984 0.100586 0.951758 0.104102 0.949024 0.112110 0.949218 0.115234 0.950000
1 0.207032 0.989844 0.229296 0.985156 0.226562 0.998046 0.224024 0.998046 0.222266 0.993164 0.211914 0.994922 0.207422 0.993360
1 0.295898 0.830664 0.295118 0.833008 0.289258 0.829882 0.284180 0.828124 0.274024 0.828710 0.267968 0.829688 0.270508 0.833790 0.276172 0.836132 0.282226 0.838672 0.281836 0.843946 0.280860 0.848242 0.287304 0.848046 0.291602 0.841992 0.293554 0.836132 0.298438 0.834766 0.299024 0.830078 0.295508 0.828710
0 0.375196 0.847460 0.384180 0.840820 0.391406 0.842968 0.390624 0.847460 0.388282 0.850586 0.387696 0.856054 0.394140 0.852344 0.397266 0.857226 0.400000 0.859180 0.400586 0.853710 0.406250 0.851562 0.396484 0.844922 0.393164 0.838282 0.390430 0.835352 0.385546 0.835938 0.380274 0.838086 0.376172 0.840234 0.374414 0.842774 0.374414 0.845312
0 0.409960 0.862696 0.416406 0.866210 0.418554 0.869532 0.419726 0.874414 0.422460 0.874414 0.424024 0.869336 0.430274 0.863868 0.429882 0.860546 0.422656 0.860156 0.416992 0.858984 0.409570 0.860352
1 0.457226 0.785742 0.451758 0.774804 0.446484 0.772852 0.444336 0.766210 0.439062 0.756836 0.437110 0.761914 0.436914 0.769140 0.430860 0.769532 0.427148 0.770898 0.426562 0.775196 0.433790 0.776368 0.438086 0.773828 0.441992 0.778906 0.444532 0.783398 0.448632 0.786328 0.452930 0.789258 0.455860 0.789258
1 0.293160 0.729620 0.303300 0.732054 0.304314 0.740574 0.306342 0.749700 0.302894 0.747468 0.300258 0.740776 0.296608 0.743210 0.293970 0.744832 0.292754 0.740168 0.296608 0.737328 0.297418 0.734692 0.293566 0.734286
1 0.225418 0.721508 0.236980 0.721102 0.241442 0.721914 0.238398 0.724956 0.241644 0.729216 0.246106 0.729012 0.250366 0.734488 0.251988 0.746252 0.257464 0.755176 0.249756 0.749902 0.244686 0.746860 0.235966 0.747266 0.227244 0.747266 0.234950 0.742804 0.240832 0.741790 0.239616 0.736516 0.236574 0.734692 0.235154 0.732664 0.230084 0.730230 0.228664 0.727592 0.226230 0.726578 0.223998 0.724550
1 0.397010 0.594934 0.412100 0.602480 0.417034 0.605092 0.425740 0.609444 0.419066 0.615830 0.417904 0.617280 0.417324 0.623374 0.415874 0.623956 0.411810 0.618152 0.410360 0.612056 0.406586 0.611186 0.402524 0.608574 0.398460 0.605962 0.393818 0.601900 0.393236 0.598126 0.394108 0.595804
1 0.430384 0.636144 0.420226 0.637886 0.407748 0.637596 0.399042 0.637596 0.399912 0.641658 0.407168 0.643110 0.402524 0.646302 0.401362 0.650364 0.410070 0.650944 0.421388 0.645140 0.424580 0.643110 0.430964 0.641948 0.435608 0.639046 0.433286 0.635854
1 0.270188 0.582164 0.278022 0.596094 0.282376 0.602480 0.284698 0.611476 0.274540 0.600448 0.271058 0.599578 0.263222 0.603930 0.260900 0.606252 0.267576 0.607414 0.266414 0.611186 0.266704 0.619022 0.261480 0.612928 0.257708 0.611476 0.252194 0.609734 0.257708 0.598126 0.268156 0.593484 0.267866 0.589420 0.265834 0.583036 0.266414 0.579844
0 0.331712 0.509322 0.321554 0.515416 0.316622 0.522090 0.303852 0.529056 0.295726 0.532248 0.291954 0.525574 0.291372 0.518318 0.292824 0.513964 0.289050 0.513674 0.284698 0.509032 0.280054 0.506130 0.278314 0.510482 0.280634 0.514836 0.280634 0.516868 0.272508 0.521220 0.266994 0.525574 0.265254 0.529346 0.266414 0.531378 0.271348 0.530798 0.276282 0.527314 0.280634 0.524412 0.285278 0.522382 0.287600 0.526154 0.288470 0.529926 0.288760 0.537762 0.284698 0.545598 0.280344 0.552564 0.279184 0.559818 0.283536 0.569106 0.284118 0.560980 0.288622 0.551164 0.290502 0.543856 0.300950 0.538632 0.307334 0.537472 0.311978 0.532538 0.315170 0.530798 0.317782 0.537762 0.317782 0.541536 0.320684 0.538924 0.326198 0.526444 0.327940 0.521800 0.334324 0.528186 0.338968 0.542116 0.343900 0.543566 0.343900 0.536022 0.343610 0.534860 0.355510 0.539794 0.364216 0.536602 0.364796 0.542406 0.368860 0.547920 0.372922 0.548790 0.373502 0.536892 0.371762 0.520640 0.360442 0.507000 0.344482 0.502646 0.344482 0.505258 0.343900 0.509322 0.340708 0.509902 0.336066 0.506420
1 0.424000 0.439090 0.423418 0.446056 0.418776 0.445476 0.415874 0.442864 0.411230 0.443154 0.408908 0.449828 0.405716 0.449828 0.401362 0.451860 0.393818 0.453310 0.390044 0.453600 0.387142 0.459406 0.395268 0.458244 0.397880 0.459696 0.405136 0.459406 0.407168 0.458534 0.413262 0.455632 0.414712 0.454182 0.417324 0.459114 0.424000 0.464338 0.431836 0.460566 0.432126 0.453892 0.428062 0.454472 0.428932 0.447796 0.430674 0.446346 0.426902 0.442572
1 0.333454 0.560108 0.328810 0.565042 0.323586 0.561850 0.320394 0.562430 0.316040 0.564462 0.309656 0.565332 0.315170 0.560690 0.314880 0.556916 0.313718 0.551692 0.316622 0.552272 0.320104 0.552272 0.325328 0.556626 0.327650 0.556916 0.331422 0.557206
1 0.404184 0.248688 0.404870 0.257270 0.413108 0.262418 0.413794 0.266194 0.411736 0.271686 0.412422 0.275806 0.416884 0.270658 0.422720 0.267912 0.429928 0.266194 0.432674 0.263448 0.438150 0.259354 0.429242 0.259672 0.421346 0.258986 0.413794 0.255898 0.411048 0.253838
1 0.422720 0.286790 0.421346 0.291252 0.417228 0.297088 0.415168 0.301206 0.425466 0.300520 0.430614 0.295372 0.434734 0.296402 0.444344 0.296058 0.452240 0.291938 0.450180 0.290910 0.440568 0.291596 0.431644 0.289880 0.428898 0.285760 0.426838 0.285760
0 0.379126 0.092164 0.372604 0.095254 0.368486 0.097312 0.356128 0.102806 0.352008 0.104864 0.346174 0.110014 0.335876 0.105552 0.330040 0.103492 0.322832 0.105894 0.326264 0.109326 0.339308 0.112416 0.341024 0.115506 0.329698 0.116192 0.323976 0.112146 0.324892 0.118938 0.325234 0.121684 0.326264 0.127520 0.325578 0.130952 0.320086 0.122714 0.319056 0.129580 0.318370 0.131296 0.310818 0.133354 0.312192 0.138846 0.325234 0.138504 0.327980 0.136100 0.330384 0.137818 0.334160 0.138504 0.338622 0.135758 0.341368 0.138846 0.343084 0.146742 0.344458 0.151890 0.346516 0.154636 0.350978 0.156352 0.353382 0.163562 0.352008 0.168710 0.345144 0.172830 0.335532 0.177292 0.327980 0.182440 0.321802 0.185530 0.320086 0.194798 0.318712 0.200290 0.318712 0.209558 0.327638 0.201662 0.335532 0.207498 0.346860 0.210244 0.344800 0.219168 0.343770 0.223288 0.339652 0.233586 0.337936 0.240794 0.335190 0.246630 0.327980 0.241138 0.325234 0.237362 0.313908 0.242854 0.314594 0.249032 0.315624 0.253494 0.322832 0.251778 0.320772 0.256240 0.316654 0.259672 0.319742 0.268598 0.319056 0.272716 0.311162 0.276836 0.301206 0.283700 0.301550 0.286446 0.317340 0.278896 0.325234 0.275462 0.336906 0.268598 0.335876 0.261390 0.342740 0.264136 0.345830 0.260016 0.342398 0.250406 0.346516 0.248688 0.343084 0.241138 0.347204 0.229810 0.349262 0.226720 0.352352 0.223632 0.356128 0.231870 0.357158 0.233928 0.345272 0.244200 0.348232 0.243884 0.353726 0.245256 0.361068 0.240228 0.364710 0.232212 0.367798 0.222602 0.369858 0.209558 0.369858 0.199946 0.379812 0.194454 0.379812 0.187246 0.373978 0.189648 0.367798 0.190336 0.356472 0.191022 0.350292 0.190678 0.345144 0.182784 0.348576 0.180380 0.354068 0.177978 0.357500 0.169740 0.362306 0.162188 0.364022 0.162188 0.367456 0.163904 0.370888 0.155666 0.374976 0.150396 0.373634 0.146056 0.365738 0.139876 0.369470 0.130982 0.359560 0.133012 0.354068 0.129580 0.347546 0.124774 0.351322 0.116192 0.365738 0.103148 0.377752 0.095596
1 0.391484 0.050974 0.390454 0.060242 0.386678 0.065390 0.382216 0.070540 0.380842 0.074658 0.392856 0.071226 0.396976 0.077748 0.399722 0.083240 0.402810 0.082896 0.401094 0.073628 0.396632 0.060242 0.396632 0.054062 0.396288 0.047540
1 0.431300 0.073972 0.428212 0.084270 0.416198 0.089762 0.413452 0.090448 0.408884 0.092944 0.413452 0.095940 0.423062 0.093880 0.425808 0.095596 0.432330 0.093538 0.432330 0.086328 0.433360 0.077748
1 0.212834 0.665064 0.227726 0.665064 0.231112 0.667772 0.230774 0.677588 0.230096 0.688760 0.227726 0.680974 0.227388 0.671158 0.218250 0.671158 0.213848 0.670142 0.210126 0.668110
1 0.261576 0.702976 0.272408 0.708054 0.269024 0.718208 0.274778 0.712792 0.279178 0.708392 0.275454 0.704668 0.270378 0.702300 0.265638 0.701622
1 0.177630 0.709068 0.182030 0.714484 0.185414 0.716178 0.182030 0.722270 0.184738 0.724978 0.193878 0.718546 0.191170 0.711776 0.185754 0.709408 0.182030 0.708054
1 0.298044 0.211820 0.301074 0.217328 0.297492 0.224766 0.295012 0.234408 0.301624 0.231654 0.306032 0.223664 0.307960 0.231102 0.312092 0.231928 0.312918 0.221460 0.307960 0.214574 0.303828 0.211268 0.299144 0.209064 0.297768 0.207962
1 0.691444 0.001530 0.700926 0.002478 0.706514 0.006918 0.701558 0.008798 0.697764 0.011326 0.695236 0.008166 0.688864 0.010448 0.688600 0.005954 0.685124 0.004058 0.680382 0.003742
1 0.596316 0.006586 0.588416 0.007850 0.579882 0.006902 0.577670 0.007850 0.574826 0.011010 0.572298 0.016384 0.567872 0.021756 0.564712 0.024600 0.562816 0.029026 0.570084 0.031870 0.586520 0.035346 0.592524 0.032818 0.603586 0.026180 0.606114 0.017648 0.601688 0.012274
1 0.574510 0.123204 0.568188 0.127314 0.566292 0.128894 0.551122 0.133002 0.540062 0.137742 0.530580 0.141852 0.527420 0.144696 0.525524 0.158286 0.534688 0.160498 0.549226 0.158286 0.560920 0.155756 0.569452 0.150700 0.578934 0.145644 0.584622 0.136478 0.582726 0.129842
1 0.578934 0.250568 0.571982 0.257206 0.567240 0.260682 0.567240 0.267318 0.578302 0.265738 0.580198 0.268900 0.583990 0.277432 0.590312 0.282172 0.589680 0.274272 0.588732 0.264474 0.593788 0.257838 0.594420 0.252782 0.591260 0.253098 0.584938 0.250252 0.582094 0.249304
1 0.559656 0.477170 0.555232 0.476854 0.546698 0.474008 0.545750 0.479382 0.553334 0.484438 0.554282 0.487598 0.554282 0.496448 0.556180 0.498976 0.558708 0.495184 0.561552 0.483806 0.565344 0.486650 0.572614 0.488546 0.572614 0.484438 0.567556 0.479698
1 0.565660 0.625392 0.567240 0.637718 0.577324 0.643214 0.571666 0.653204 0.571034 0.657628 0.566608 0.650676 0.564712 0.648778 0.560140 0.646134 0.562184 0.642774 0.562184 0.635506 0.562184 0.628236
1 0.690812 0.675958 0.690496 0.669322 0.682596 0.667426 0.682280 0.664896 0.687020 0.662684 0.692392 0.664580 0.695552 0.664580 0.699662 0.661420 0.711354 0.659208 0.705666 0.664580 0.701558 0.667110 0.699030 0.672166 0.699346 0.675326 0.695236 0.672482
1 0.564080 0.733794 0.559024 0.730634 0.552702 0.723996 0.547962 0.723996 0.547962 0.729368 0.547962 0.734110 0.547962 0.737902 0.553018 0.738218 0.557444 0.742326 0.559912 0.740870 0.562500 0.739798
1 0.559676 0.807228 0.552070 0.809326 0.551438 0.811540 0.541958 0.806798 0.533424 0.806166 0.530264 0.809644 0.526788 0.813436 0.518886 0.819124 0.530264 0.816912 0.533740 0.813120 0.542274 0.813436 0.544802 0.816280 0.547014 0.817860 0.547962 0.821652 0.553334 0.823232 0.555548 0.823232 0.555548 0.830186 0.553018 0.830818 0.549226 0.828290 0.549858 0.830186 0.552702 0.835874 0.556496 0.835558 0.561552 0.829238 0.561868 0.823548 0.567872 0.821020 0.567872 0.816912 0.567912 0.812406 0.558708 0.814700 0.558708 0.811540
1 0.584938 0.953442 0.577986 0.953758 0.567872 0.953758 0.568504 0.956602 0.581146 0.958814 0.579250 0.965450 0.574826 0.968926 0.558988 0.968448 0.568820 0.973668 0.577986 0.973984 0.577986 0.977144 0.579250 0.979672 0.584622 0.980936 0.585254 0.972404 0.585886 0.962290
0 0.660122 0.990762 0.661280 0.997426 0.525584 0.992908 0.634910 0.992500 0.625564 0.991246 0.609410 0.998006 0.610568 0.989602 0.616944 0.988734 0.626592 0.993746 0.697214 0.990762 0.613282 0.998046 0.623046 0.998046 0.640624 0.998046 0.659840 0.997686 0.673828 0.998046 0.664062 0.998046
1 0.923928 0.000332 0.918300 0.003310 0.912890 0.001758 0.910024 0.004966 0.906382 0.005958 0.906382 0.011586 0.907226 0.016016 0.913666 0.013242 0.930880 0.010262 0.932534 0.005958 0.934852 0.002648 0.937832 0.000000
1 0.894466 0.087726 0.890824 0.094676 0.888838 0.098650 0.886852 0.105270 0.883872 0.112552 0.881640 0.114454 0.881554 0.107588 0.879900 0.102952 0.873610 0.101298 0.870508 0.100782 0.880892 0.098650 0.884534 0.093352 0.887182 0.086400 0.890162 0.084084
1 0.907376 0.108580 0.914990 0.111890 0.916314 0.117850 0.919292 0.126126 0.923928 0.127450 0.922604 0.117188 0.924920 0.111890 0.916644 0.107588 0.912010 0.105602 0.902540 0.105468
1 0.893946 0.175976 0.892478 0.180746 0.892478 0.187698 0.889500 0.195644 0.888506 0.200940 0.896452 0.194320 0.901748 0.193658 0.905058 0.194650 0.902734 0.185156 0.898438 0.181740
1 0.868644 0.178098 0.847458 0.177106 0.842492 0.178760 0.845472 0.185382 0.844478 0.187368 0.839844 0.192664 0.836864 0.197630 0.850768 0.189354 0.857388 0.191010 0.864340 0.191010 0.860368 0.187698 0.851762 0.183064 0.857388 0.181408 0.863348 0.180746
1 0.764698 0.226430 0.760726 0.231396 0.764368 0.240664 0.763704 0.248610 0.758408 0.245962 0.754766 0.236692 0.749802 0.234044 0.751126 0.229410 0.756422 0.229078 0.759070 0.222458 0.762380 0.222788
1 0.924024 0.259374 0.922604 0.263176 0.926244 0.263838 0.924590 0.266816 0.919624 0.274100 0.924258 0.273768 0.932204 0.270128 0.935514 0.266486 0.941142 0.267478 0.945776 0.269134 0.944452 0.262182 0.939156 0.259864 0.934520 0.260528 0.929556 0.260528
0 0.851762 0.386984 0.846796 0.394266 0.832892 0.405522 0.829882 0.418360 0.833790 0.422656 0.848450 0.407176 0.849112 0.409826 0.849774 0.417108 0.853086 0.423066 0.859570 0.426954 0.854296 0.407422 0.860368 0.403204 0.863348 0.407508 0.866658 0.401880 0.861030 0.394598 0.856726 0.390956 0.856726 0.386652
1 0.875782 0.361328 0.879238 0.375728 0.877914 0.381024 0.875926 0.387976 0.873278 0.394928 0.883540 0.387646 0.888506 0.388638 0.894796 0.388970 0.888838 0.381356 0.892148 0.382018 0.901416 0.377384 0.890824 0.376060 0.885858 0.370762 0.883210 0.367122
1 0.850106 0.529662 0.850768 0.533634 0.847458 0.537936 0.839182 0.540586 0.837526 0.544558 0.841830 0.546876 0.850768 0.545220 0.855072 0.548530 0.860038 0.552172 0.867650 0.549854 0.859044 0.543564 0.857388 0.536282 0.854740 0.527674
0 0.904728 0.696504 0.907376 0.703788 0.907376 0.710408 0.905058 0.716698 0.903404 0.721332 0.913282 0.718164 0.915320 0.721332 0.919532 0.722852 0.920618 0.718684 0.939818 0.687566 0.917306 0.703456 0.913004 0.699484 0.909030 0.692532 0.902540 0.691210
1 0.866326 0.982190 0.861030 0.978218 0.850436 0.979872 0.855734 0.984508 0.855734 0.995100 0.860038 0.996424 0.864844 0.986718 0.865664 0.995100 0.870630 0.997086 0.870300 0.988810 0.873610 0.984508 0.879900 0.978548 0.875264 0.975900 0.868976 0.978880
0 0.142572 0.260804 0.146920 0.255298 0.161408 0.260224 0.168652 0.266598 0.171840 0.272684 0.169522 0.273844 0.163146 0.275872 0.162278 0.285724 0.164596 0.295866 0.174158 0.308038 0.174738 0.312964 0.161408 0.301082 0.158510 0.298184 0.156192 0.292100 0.147498 0.297026 0.144600 0.302242 0.139674 0.307458 0.131560 0.309776 0.126344 0.301372 0.124896 0.297606 0.106350 0.296156 0.117362 0.289782 0.125766 0.286594 0.124026 0.276162 0.126344 0.267758 0.138226 0.267468 0.140834 0.269206 0.145180 0.265440
1 0.173290 0.540442 0.165754 0.552034 0.163146 0.563624 0.165176 0.570290 0.169522 0.570290 0.172130 0.556670 0.177926 0.549714 0.179084 0.542760
0 0.302822 0.962654 0.306878 0.967870 0.309196 0.982648 0.314412 0.986704 0.319628 0.985256 0.314122 0.991052 0.310646 0.996268 0.314454 0.998046 0.326172 0.998046 0.333984 0.998046 0.339334 0.993660 0.338754 0.987864 0.341652 0.969898 0.344260 0.967580 0.343100 0.962074 0.336146 0.961494 0.330930 0.954828 0.329770 0.944108 0.332090 0.936862 0.344260 0.931646 0.362226 0.930198 0.366574 0.933096 0.358460 0.939470 0.344550 0.954250 0.344840 0.964682 0.348316 0.973374 0.354402 0.982068 0.362226 0.983228 0.356142 0.973664 0.350056 0.965840 0.353822 0.952510 0.359038 0.944396 0.368022 0.931646 0.370050 0.924112 0.357590 0.926430 0.343100 0.927880 0.323976 0.937442 0.323976 0.948164 0.320208 0.956568 0.325714 0.961784 0.327452 0.964972 0.327452 0.969898 0.324266 0.977142 0.316730 0.977142 0.315282 0.967870 0.314412 0.960334 0.309196 0.960044 0.306878 0.959176
1 0.988672 0.000196 0.983594 0.006446 0.983398 0.012304 0.998046 0.007812
1 0.003260 0.109112 0.008178 0.098340 0.007006 0.093188 0.002088 0.095530
1 0.088862 0.331074 0.080840 0.334160 0.073744 0.335394 0.074052 0.339714 0.080532 0.340948 0.085778 0.339406 0.090406 0.344342 0.093490 0.336628
1 0.092256 0.429502 0.092256 0.438758 0.088246 0.443696 0.088246 0.446782 0.091948 0.445238 0.094726 0.448324 0.101822 0.442152 0.099970 0.437216 0.096268 0.431970
1 0.448936 0.104724 0.447286 0.111322 0.448464 0.115562 0.445402 0.124986 0.445874 0.132526 0.447994 0.130404 0.451998 0.119568 0.457888 0.117446 0.460952 0.114384 0.453648 0.115090 0.453648 0.111322 0.451056 0.106844
1 0.391920 0.380140 0.394512 0.387444 0.392392 0.392156 0.393334 0.395220 0.395926 0.395220 0.408884 0.398754 0.406764 0.394984 0.399224 0.386266 0.396162 0.380376
1 0.367418 0.599956 0.362706 0.608672 0.357524 0.611028 0.352104 0.609850 0.348806 0.605846 0.347628 0.607966 0.347156 0.614798 0.351634 0.619982 0.358230 0.618332 0.362706 0.617390 0.365062 0.611500 0.367418 0.605846
1 0.882032 0.439648 0.876172 0.451172 0.875782 0.457422 0.877344 0.461718 0.882226 0.462696 0.887696 0.461914 0.888476 0.453906 0.888476 0.442774 0.887304 0.438282 0.884180 0.437696
1 0.054648 0.142618 0.051880 0.135106 0.045752 0.132932 0.045950 0.136688 0.041600 0.136490 0.043776 0.128186 0.045160 0.123442 0.047334 0.116128 0.054450 0.115140 0.053462 0.121860 0.053066 0.127792 0.059392 0.131746 0.061764 0.136292 0.060776 0.139454 0.056822 0.141826
1 0.782872 0.101488 0.782872 0.111438 0.782134 0.126180 0.792452 0.115492 0.793190 0.109596 0.791716 0.106648 0.787294 0.100014