0 0.035170 0.031030 0.049664 0.037240 0.066916 0.034480 0.089002 0.031720 0.100734 0.043452 0.120058 0.048974 0.124200 0.044832 0.113158 0.034480 0.113158 0.023438 0.106946 0.010324 0.098664 0.014466 0.097974 0.026198 0.089002 0.021368 0.073128 0.025508
0 0.067608 0.079340 0.081410 0.087622 0.094522 0.100044 0.098664 0.104876 0.093142 0.122820 0.097284 0.140072 0.113848 0.153186 0.133862 0.156636 0.126270 0.150426 0.111776 0.143524 0.107636 0.127650 0.112466 0.111776 0.115228 0.100734 0.120748 0.096594 0.125580 0.104186 0.130410 0.109706 0.130410 0.097974 0.122128 0.080030 0.115918 0.071748 0.105566 0.073818 0.110396 0.086932 0.111776 0.095904 0.103494 0.091762 0.093832 0.075198 0.089002 0.070368 0.075198 0.073128
0 0.042762 0.176650 0.060706 0.185622 0.078650 0.191144 0.093832 0.194594 0.100734 0.200806 0.112466 0.213228 0.117298 0.220130 0.102804 0.214610 0.106946 0.222200 0.117298 0.226342 0.130410 0.229102 0.135932 0.234624 0.149044 0.234624 0.144904 0.240834 0.132482 0.239454 0.122128 0.233244 0.106946 0.227722 0.095404 0.218272 0.088702 0.202314 0.077212 0.198804 0.064128 0.195612 0.058064 0.193698 0.055830 0.198804 0.051682 0.189548 0.042426 0.186038 0.035086 0.182528 0.040830 0.182528
0 0.073452 0.258484 0.077406 0.266392 0.066730 0.268764 0.063568 0.273904 0.075480 0.278574 0.080148 0.289468 0.092598 0.289468 0.102714 0.297248 0.111802 0.294068 0.118128 0.287742 0.108640 0.279044 0.107848 0.272322 0.116548 0.266788 0.099546 0.264416 0.091638 0.260856 0.090058 0.253740 0.079382 0.257298
0 0.067916 0.367212 0.084918 0.369978 0.094010 0.369584 0.100732 0.364840 0.114966 0.366420 0.136710 0.367212 0.152920 0.374328 0.156874 0.379864 0.147782 0.378282 0.132362 0.374328 0.115360 0.374724 0.112988 0.382630 0.103500 0.389352 0.094802 0.391724 0.092824 0.397654 0.086104 0.393700 0.076220 0.392120 0.066730 0.392120 0.072266 0.381840
0 0.077010 0.514288 0.078196 0.522196 0.078196 0.533662 0.078196 0.542360 0.092034 0.548290 0.101918 0.545918 0.114174 0.544732 0.120896 0.538802 0.114570 0.530104 0.114174 0.525754 0.129198 0.524568 0.142642 0.522986 0.153712 0.520220 0.160038 0.508358 0.138688 0.510334 0.128012 0.513102 0.112988 0.513102 0.106268 0.508358 0.096778 0.518242 0.090848 0.521406
0 0.099150 0.586246 0.106662 0.601270 0.126826 0.604432 0.135524 0.607200 0.130384 0.611154 0.109430 0.608782 0.111012 0.614712 0.107454 0.619852 0.092824 0.623016 0.086894 0.627364 0.088872 0.631318 0.092430 0.638830 0.094010 0.644366 0.100336 0.651878 0.104290 0.655040 0.107454 0.648714 0.109430 0.644760 0.115360 0.655830 0.118920 0.667296 0.118524 0.670460 0.111012 0.672042 0.087686 0.658598 0.082940 0.642784 0.077800 0.630132 0.071870 0.622224 0.065148 0.624202 0.061196 0.615898 0.063568 0.606410 0.073452 0.602852 0.086894 0.609968 0.094802 0.607992 0.089266 0.596920 0.086498 0.589804
0 0.056450 0.685088 0.081360 0.689438 0.097174 0.691414 0.109034 0.693786 0.116152 0.696554 0.112988 0.709602 0.116152 0.716718 0.123664 0.726602 0.110616 0.723834 0.101522 0.720276 0.096778 0.723834 0.091638 0.723440 0.092034 0.711974 0.073056 0.709602 0.061196 0.707228 0.068312 0.700508
0 0.054970 0.820932 0.074082 0.827812 0.088988 0.832398 0.097778 0.832780 0.104658 0.829722 0.115742 0.829340 0.123388 0.823224 0.131032 0.817492 0.135236 0.814434 0.144026 0.827812 0.153964 0.838514 0.140586 0.835074 0.134472 0.823608 0.129884 0.831252 0.124916 0.838896 0.119564 0.842718 0.137912 0.845776 0.144408 0.849598 0.126826 0.851892 0.130650 0.856096 0.139058 0.856096 0.133324 0.861064 0.124916 0.863740 0.124534 0.871766 0.127210 0.878646 0.131414 0.882850 0.124152 0.882850 0.118036 0.890878 0.117272 0.900050 0.107716 0.901580 0.095868 0.895082 0.085548 0.892406 0.090516 0.887438 0.106188 0.883616 0.110774 0.879410 0.107334 0.868708 0.103130 0.854948 0.103512 0.845776 0.095104 0.844246 0.082108 0.844246 0.070258 0.839278 0.056882 0.838132 0.047326 0.837366 0.037388 0.838896 0.046944 0.833162 0.053060 0.829340
0 0.048090 0.956236 0.064908 0.956618 0.079432 0.957382 0.091664 0.957766 0.092810 0.961206 0.080578 0.969614 0.092810 0.987960 0.102366 0.995986 0.114596 0.997516 0.104658 0.986050 0.093956 0.980316 0.088988 0.971524 0.097778 0.967320 0.108098 0.963116 0.120330 0.971908 0.132942 0.971524 0.147084 0.968084 0.146702 0.963880 0.142116 0.961588 0.132560 0.966938 0.120330 0.964644 0.111920 0.960440 0.110774 0.952414 0.115360 0.948210 0.118036 0.946680 0.129884 0.948210 0.139822 0.951650 0.148996 0.957766 0.157786 0.963880 0.160080 0.959676 0.152054 0.950886 0.139822 0.943240 0.124152 0.942094 0.114596 0.939800 0.111156 0.937126 0.105422 0.939036 0.100836 0.943240 0.093956 0.942476 0.088988 0.946298 0.080962 0.947446 0.068730 0.948210 0.058792 0.950502 0.051148 0.952414
0 0.284830 0.005968 0.273980 0.004340 0.257704 0.013020 0.245226 0.014648 0.256076 0.020616 0.279948 0.018446 0.294596 0.017904 0.296224 0.023872 0.285374 0.026042 0.276692 0.029840 0.269640 0.041232 0.260960 0.050998 0.265842 0.056424 0.273980 0.053168 0.283746 0.040690 0.292426 0.032552 0.305990 0.036350 0.309244 0.020616 0.317926 0.014106 0.329862 0.008138 0.342882 0.008138 0.347764 0.008680 0.353732 0.014106 0.357530 0.018988 0.365126 0.004882 0.359158 0.000000 0.330404 0.000542 0.303276 0.000000 0.290798 0.000542
0 0.252278 0.046116 0.254992 0.065646 0.264214 0.074870 0.272352 0.083550 0.262586 0.090060 0.256618 0.097656 0.256076 0.104710 0.257704 0.112304 0.260416 0.115018 0.265300 0.110678 0.266384 0.098198 0.274522 0.094944 0.285916 0.099284 0.296766 0.102540 0.304362 0.105252 0.311414 0.107964 0.319552 0.111220 0.324436 0.109592 0.320096 0.100368 0.313042 0.097114 0.294596 0.094402 0.277236 0.076498 0.270724 0.069986 0.262044 0.056966 0.259874 0.039606
0 0.308736 0.179892 0.308226 0.200344 0.297488 0.198298 0.299534 0.208012 0.303112 0.218750 0.297488 0.221306 0.288286 0.202388 0.282150 0.198810 0.274992 0.204434 0.283172 0.216704 0.288286 0.227442 0.281128 0.227442 0.272436 0.212614 0.266812 0.211592 0.259142 0.212614 0.246360 0.215682 0.238690 0.220796 0.231532 0.222330 0.235622 0.212614 0.242780 0.207502 0.240736 0.196254 0.244314 0.191652 0.248404 0.195230 0.253006 0.195230 0.256074 0.190118 0.251984 0.179892 0.251984 0.170178 0.254540 0.157906 0.257096 0.171712 0.262210 0.176312 0.266300 0.168132 0.268346 0.164042 0.273458 0.170178 0.276014 0.171200 0.284706 0.175802 0.288286 0.164554 0.291864 0.159952 0.294932 0.171712 0.294932 0.186538 0.300044 0.187050 0.301068 0.178870
0 0.287774 0.257096 0.289820 0.276014 0.300044 0.283684 0.314362 0.294932 0.317940 0.305670 0.328166 0.315384 0.336858 0.318962 0.341970 0.327144 0.314872 0.316918 0.321520 0.327144 0.334812 0.337370 0.345550 0.347084 0.330212 0.347594 0.318962 0.339414 0.311804 0.328166 0.305158 0.317428 0.300556 0.310782 0.300044 0.297488 0.284196 0.292376 0.276526 0.294420 0.272946 0.298000 0.264766 0.307204 0.254540 0.299534 0.270902 0.291354 0.283172 0.279594 0.281638 0.254028
0 0.302602 0.349640 0.314872 0.366512 0.323054 0.382362 0.336858 0.402814 0.345038 0.418152 0.352196 0.432468 0.347084 0.432468 0.338902 0.427356 0.337370 0.417130 0.326120 0.415086 0.314872 0.408438 0.301068 0.401280 0.298000 0.391054 0.299022 0.382362 0.289820 0.381340 0.281128 0.387476 0.276014 0.391054 0.273970 0.378272 0.270902 0.362422 0.271924 0.346572 0.273458 0.342482 0.279082 0.356798 0.289820 0.361910 0.298512 0.359866 0.296466 0.350152
0 0.318452 0.578186 0.309760 0.595570 0.309760 0.607330 0.323054 0.615000 0.321008 0.621646 0.302602 0.615510 0.294932 0.609886 0.290842 0.609886 0.287262 0.617556 0.286240 0.629826 0.279594 0.645676 0.282662 0.652324 0.276014 0.654880 0.271924 0.635962 0.272436 0.616022 0.275504 0.599150 0.269878 0.598126 0.261698 0.595570 0.253518 0.593526 0.247382 0.591480 0.244314 0.588924 0.249938 0.584834 0.258630 0.582788 0.269878 0.580742 0.277036 0.582788 0.289308 0.586366 0.295444 0.583810 0.291864 0.575630 0.296466 0.573584 0.302090 0.579720 0.306692 0.586878 0.312316 0.575630 0.314872 0.573584
0 0.267322 0.665106 0.279082 0.673286 0.288286 0.680444 0.278060 0.686580 0.280104 0.694760 0.286240 0.701408 0.298000 0.704986 0.306692 0.706008 0.317940 0.710098 0.324586 0.714190 0.321520 0.707542 0.313338 0.699362 0.316406 0.695782 0.295954 0.695782 0.297488 0.689136 0.308226 0.684534 0.315894 0.687090 0.315384 0.680956 0.327654 0.686580 0.344016 0.685046 0.348618 0.683512 0.353730 0.676354 0.338392 0.676354 0.329700 0.672774 0.317428 0.667150 0.310270 0.665616 0.301068 0.668174 0.279082 0.666128
0 0.271412 0.890584 0.274480 0.881380 0.279594 0.878314 0.289820 0.877802 0.296978 0.876780 0.306180 0.879336 0.313338 0.874222 0.323054 0.872178 0.330722 0.875756 0.339414 0.875756 0.331234 0.865530 0.319986 0.861952 0.308736 0.861952 0.305670 0.868088 0.297488 0.865020 0.289308 0.866554 0.282150 0.868598 0.272946 0.873712 0.264766 0.880870 0.265788 0.893140
0 0.233066 0.955518 0.225908 0.959096 0.233066 0.940690 0.244314 0.934554 0.253518 0.935578 0.259142 0.934044 0.242780 0.921772 0.257096 0.926886 0.270902 0.936088 0.281128 0.940690 0.290842 0.942224 0.292886 0.936088 0.302602 0.937112 0.318452 0.941714 0.316406 0.957052 0.312828 0.965744 0.303112 0.969834 0.295444 0.974946 0.293398 0.982104 0.293398 0.988240 0.283684 0.993864 0.280104 0.979548 0.281638 0.961654 0.285728 0.953472 0.291864 0.951428 0.282662 0.951428 0.263744 0.950404 0.253518 0.949382 0.248916 0.946826 0.244826 0.946314 0.236134 0.948360
0 0.614560 0.063982 0.624664 0.078294 0.622980 0.081240 0.603196 0.078714 0.588884 0.079556 0.606984 0.090922 0.624242 0.093868 0.624242 0.102708 0.613298 0.107758 0.607406 0.111968 0.623822 0.111548 0.633924 0.129648 0.640658 0.137224 0.641080 0.130488 0.634766 0.111548 0.635186 0.093026 0.642342 0.093446 0.652866 0.100182 0.657496 0.111548 0.660022 0.124174 0.662968 0.130488 0.664652 0.119124 0.661284 0.101024 0.652866 0.091342 0.643184 0.086292 0.644868 0.082502 0.663390 0.090500 0.663390 0.086712 0.649498 0.078714 0.636028 0.069454 0.617928 0.058510
0 0.605868 0.161716 0.614978 0.155452 0.630352 0.156592 0.636616 0.163424 0.640602 0.177660 0.644588 0.186772 0.645728 0.195312 0.645158 0.200438 0.654268 0.193604 0.656546 0.185632 0.659394 0.172536 0.635478 0.143494 0.625228 0.145204 0.621242 0.136092 0.618394 0.143494 0.613840 0.148050 0.599604 0.154314
0 0.595736 0.224264 0.610246 0.234422 0.619532 0.241096 0.631140 0.248932 0.623306 0.250964 0.615180 0.255606 0.612568 0.262572 0.611986 0.266926 0.618662 0.267506 0.632302 0.263442 0.638686 0.266054 0.651456 0.266926 0.659002 0.268376 0.666836 0.279114 0.670900 0.282306 0.667128 0.268666 0.650586 0.256478 0.657260 0.253866 0.661322 0.248642 0.673222 0.253286 0.682798 0.259090 0.685990 0.263152 0.693246 0.270988 0.698760 0.276792 0.701372 0.272730 0.696438 0.261702 0.684250 0.251254 0.672060 0.242258 0.661032 0.239064 0.649134 0.235292 0.641298 0.239646 0.632302 0.233842 0.616920 0.225424 0.608794 0.219620
0 0.648554 0.373142 0.641588 0.366178 0.636946 0.359502 0.625046 0.349056 0.620984 0.340638 0.621564 0.333384 0.622434 0.328450 0.634334 0.330482 0.645072 0.332222 0.651746 0.332804 0.656100 0.328740 0.661904 0.328740 0.664226 0.332804 0.661614 0.335706 0.669448 0.340638 0.672350 0.348184 0.668288 0.356310 0.661032 0.359502 0.657550 0.360374 0.655228 0.369080 0.656390 0.374884 0.651456 0.374594
0 0.580644 0.396360 0.595154 0.405066 0.606182 0.407098 0.616050 0.407678 0.625046 0.407678 0.628238 0.407678 0.626788 0.414352 0.627368 0.418416 0.620694 0.416964 0.615470 0.419286 0.620404 0.423640 0.630850 0.425380 0.644490 0.427122 0.645942 0.423060 0.650004 0.414062 0.654938 0.419286 0.657550 0.426252 0.658710 0.435538 0.656390 0.446856 0.650876 0.454112 0.647102 0.459916 0.657260 0.455272 0.665096 0.446566 0.667708 0.438150 0.670030 0.428282 0.665676 0.417546 0.658130 0.410580 0.653196 0.405936 0.667708 0.400132 0.671190 0.394038 0.661032 0.397230 0.646232 0.402454 0.636946 0.401002 0.629400 0.397520 0.620694 0.388524 0.617210 0.383880 0.618952 0.393458 0.618082 0.398392 0.604732 0.397810 0.590802 0.397520
0 0.666836 0.490678 0.654068 0.501996 0.653196 0.510704 0.656970 0.517668 0.663644 0.525504 0.664516 0.530438 0.654938 0.526954 0.649134 0.521732 0.639848 0.518248 0.634334 0.516798 0.626208 0.514766 0.615470 0.518248 0.611406 0.519990 0.607054 0.531598 0.604152 0.541466 0.601250 0.539434 0.602410 0.529856 0.596316 0.531308 0.593124 0.532760 0.597476 0.524052 0.598346 0.519410 0.592252 0.517088 0.593124 0.510704 0.600378 0.504898 0.611406 0.501416 0.629110 0.500256 0.638686 0.499094 0.644200 0.501416 0.649714 0.493000 0.657550 0.488938 0.665966 0.486616
0 0.682508 0.560040 0.663644 0.566134 0.654358 0.571068 0.652616 0.578322 0.652326 0.587028 0.652906 0.593124 0.657840 0.596896 0.660452 0.600958 0.659872 0.604152 0.652906 0.606182 0.647392 0.605602 0.641878 0.600958 0.638976 0.600668 0.635784 0.605602 0.634334 0.618372 0.635784 0.624756 0.638976 0.631432 0.643910 0.635784 0.647974 0.639266 0.652616 0.642460 0.654358 0.648264 0.645652 0.645652 0.635494 0.638686 0.629400 0.631722 0.625046 0.618082 0.622144 0.603280 0.626788 0.594864 0.618662 0.592832 0.611406 0.589350 0.600958 0.582386 0.593414 0.575420 0.606182 0.578032 0.619242 0.584708 0.629110 0.588480 0.641298 0.589060 0.642750 0.575420 0.644200 0.570196 0.652326 0.566714 0.660162 0.563812 0.670320 0.560620 0.679026 0.560040
0 0.622224 0.642388 0.616294 0.656226 0.613132 0.666506 0.626574 0.655040 0.633294 0.667692 0.630528 0.681530 0.635668 0.690624 0.639620 0.698136 0.649504 0.705648 0.653064 0.714740 0.657018 0.711578 0.654644 0.702484 0.644760 0.690624 0.644760 0.682716 0.655436 0.683902 0.651878 0.668088 0.657808 0.679158 0.664134 0.679158 0.665716 0.664924 0.659784 0.652668 0.656226 0.646738 0.648318 0.651086 0.641992 0.646738 0.639620 0.641598 0.627364 0.640412
0 0.643970 0.730952 0.645156 0.737672 0.640016 0.741626 0.624596 0.742416 0.618750 0.744922 0.613868 0.740820 0.608594 0.740234 0.610938 0.746680 0.617382 0.750586 0.624804 0.752734 0.627734 0.755664 0.628320 0.762500 0.634162 0.770400 0.638504 0.779320 0.642602 0.785108 0.650078 0.791378 0.652970 0.797646 0.655864 0.803192 0.658034 0.796682 0.654418 0.791618 0.652006 0.785350 0.644048 0.779080 0.639226 0.769194 0.640432 0.762684 0.646220 0.757138 0.650078 0.758584 0.658998 0.761478 0.663822 0.759308 0.663580 0.753520 0.662616 0.747974 0.658758 0.746046 0.661892 0.741222 0.668886 0.735678 0.673948 0.731096 0.668886 0.731578 0.660204 0.735194 0.653212 0.737606 0.649594 0.733990 0.650078 0.729166 0.644772 0.728202
0 0.636574 0.785350 0.641156 0.796440 0.646460 0.804640 0.649354 0.809462 0.658034 0.811632 0.662374 0.812596 0.662134 0.821278 0.655624 0.821278 0.660446 0.828028 0.658758 0.833816 0.650560 0.841772 0.644532 0.842256 0.639468 0.843460 0.630788 0.843702 0.621384 0.844184 0.617526 0.845148 0.613668 0.844426 0.614390 0.841050 0.627652 0.838880 0.640432 0.836710 0.637298 0.831886 0.633440 0.826822 0.625000 0.822964 0.618972 0.819348 0.613668 0.816214 0.608604 0.815008 0.604022 0.816454 0.600406 0.814044 0.605228 0.810186 0.609086 0.806328 0.611014 0.801264 0.615354 0.797406 0.623312 0.793788 0.628134 0.795476 0.634162 0.795718
0 0.632716 0.905672 0.632958 0.913388 0.630788 0.918934 0.622830 0.918692 0.617284 0.922310 0.613668 0.928096 0.611256 0.933160 0.615838 0.933160 0.622588 0.930026 0.629582 0.929784 0.635610 0.932918 0.640432 0.936536 0.642602 0.943770 0.643326 0.946662 0.653212 0.952450 0.655864 0.964988 0.654418 0.970776 0.663822 0.966194 0.669126 0.973186 0.674914 0.974634 0.672020 0.960890 0.668644 0.951486 0.675154 0.947628 0.671778 0.938946 0.664304 0.936536 0.660686 0.926408 0.652006 0.921344 0.639226 0.916764 0.637056 0.905672
0 0.615354 0.990788 0.626688 0.988378 0.639708 0.988860 0.650560 0.990066 0.656828 0.989342 0.662856 0.982108 0.668644 0.980420 0.673948 0.977528 0.681424 0.972946 0.676360 0.985726 0.672020 0.997540
0 0.843722 0.067498 0.827924 0.077550 0.822180 0.091194 0.828828 0.105888 0.835410 0.115294 0.844188 0.121250 0.852340 0.128462 0.855788 0.128148 0.855162 0.123446 0.841680 0.115608 0.836664 0.106202 0.835410 0.094916 0.839172 0.084570 0.847010 0.082690 0.854222 0.084570 0.860178 0.088646 0.860804 0.082062 0.859864 0.075792 0.869582 0.070776 0.870836 0.062626 0.868328 0.060430 0.862058 0.061998 0.859238 0.070462 0.852654 0.071404 0.851712 0.067954
0 0.834784 0.120624 0.828828 0.126894 0.827260 0.137240 0.825378 0.148212 0.826006 0.156676 0.823184 0.163574 0.821304 0.168590 0.829140 0.166082 0.831648 0.161378 0.834784 0.157930 0.838546 0.155422 0.843248 0.156676 0.846070 0.172038 0.851086 0.181444 0.858924 0.186146 0.869270 0.198058 0.881182 0.205582 0.901874 0.215302 0.907830 0.214988 0.905636 0.204016 0.902814 0.196804 0.898738 0.190222 0.878674 0.190848 0.861432 0.169530 0.857670 0.156362 0.856416 0.143510 0.849832 0.139748 0.843562 0.135358 0.840426 0.128774 0.840426 0.122192
0 0.790580 0.260760 0.801552 0.261386 0.809076 0.256998 0.823812 0.258564 0.834470 0.260132 0.843562 0.261386 0.849518 0.262326 0.853594 0.264522 0.860492 0.256056 0.868328 0.249474 0.875852 0.246024 0.877420 0.252608 0.869270 0.262954 0.861118 0.272046 0.868956 0.276434 0.881496 0.286466 0.888706 0.293990 0.895290 0.300888 0.901874 0.308726 0.896544 0.315308 0.889020 0.321266 0.879614 0.322834 0.864254 0.322834 0.857356 0.319384 0.851086 0.315622 0.844502 0.310920 0.837918 0.304336 0.836664 0.300574 0.830708 0.286154 0.829768 0.274240 0.827260 0.270164 0.800612 0.266088 0.783370 0.264834
0 0.850458 0.318130 0.847638 0.327536 0.848578 0.338194 0.848264 0.342584 0.839172 0.337254 0.830082 0.332866 0.826006 0.328476 0.825378 0.336314 0.833844 0.344464 0.823498 0.344778 0.808764 0.345718 0.794656 0.344778 0.790894 0.348226 0.804688 0.350422 0.815660 0.351048 0.823812 0.356692 0.836038 0.357004 0.841680 0.355438 0.842934 0.370172 0.843562 0.385534 0.848264 0.397134 0.853594 0.409360 0.857670 0.409674 0.856416 0.391804 0.850772 0.376442 0.848578 0.362020 0.850772 0.352616 0.858610 0.362020 0.863312 0.363274 0.861746 0.353870 0.855476 0.348540 0.853280 0.338194 0.855476 0.327850 0.857042 0.320638
0 0.773964 0.416884 0.774904 0.408106 0.781174 0.405598 0.787444 0.403716 0.795910 0.404658 0.804688 0.407792 0.814406 0.413436 0.822244 0.416884 0.826632 0.427230 0.831336 0.430052 0.836352 0.430364 0.830708 0.423154 0.833216 0.421586 0.842308 0.423468 0.849832 0.425036 0.863626 0.426602 0.870524 0.427856 0.870524 0.423782 0.854222 0.420020 0.841680 0.414062 0.831962 0.408732 0.820676 0.402776 0.803434 0.398700 0.788386 0.397760 0.776472 0.399014 0.770830 0.408106 0.768322 0.417512
0 0.831648 0.486796 0.844188 0.490244 0.851086 0.497768 0.855162 0.497140 0.858924 0.488050 0.864566 0.483974 0.871464 0.480526 0.881182 0.478330 0.887452 0.477704 0.875852 0.484600 0.865194 0.493692 0.860804 0.500276 0.862372 0.508426 0.874598 0.513444 0.885884 0.525984 0.888706 0.537270 0.890900 0.545420 0.884630 0.541972 0.873972 0.530686 0.863000 0.522848 0.853280 0.515010 0.841368 0.511248 0.831962 0.509994 0.820050 0.512190 0.810644 0.515324 0.808136 0.513444 0.812838 0.502784 0.825378 0.498082 0.834156 0.494632
0 0.767694 0.554198 0.774278 0.550122 0.785878 0.547302 0.798730 0.548868 0.807196 0.549496 0.811898 0.547614 0.815660 0.552944 0.830708 0.560154 0.837918 0.562036 0.829768 0.552004 0.829140 0.544166 0.826006 0.538210 0.820050 0.533194 0.826632 0.531000 0.829140 0.533508 0.829140 0.525356 0.836664 0.525356 0.836978 0.538210 0.835410 0.555138 0.839800 0.559842 0.852340 0.577398 0.860178 0.584294 0.864566 0.591192 0.868956 0.603104 0.862058 0.601538 0.852340 0.588056 0.844188 0.581474 0.837918 0.576458 0.831022 0.571128 0.824752 0.569560 0.817542 0.570814 0.814720 0.573636 0.819736 0.581160 0.825692 0.588684 0.827574 0.593386 0.817542 0.587744 0.809076 0.578338 0.808764 0.568306 0.803120 0.573322 0.797476 0.574890 0.790580 0.574576 0.797164 0.569560 0.799044 0.562664 0.783996 0.557020
0 0.844816 0.649504 0.851400 0.661416 0.855788 0.668940 0.858924 0.674898 0.857042 0.678972 0.848892 0.674270 0.849832 0.681168 0.857356 0.688692 0.867702 0.695902 0.874912 0.700604 0.861118 0.701544 0.847324 0.692766 0.836978 0.694020 0.833216 0.692454 0.841994 0.689632 0.841680 0.684302 0.838546 0.671136 0.837918 0.665492 0.826946 0.666432 0.822558 0.672390 0.819422 0.678972 0.817542 0.688692 0.819422 0.696842 0.818168 0.700604 0.813780 0.698410 0.812838 0.682422 0.816288 0.672076 0.819108 0.663924 0.826946 0.662358 0.835098 0.661104 0.830082 0.651384 0.830394 0.646996 0.837606 0.654206 0.841054 0.656714 0.840740 0.649816
0 0.857042 0.734150 0.845756 0.736030 0.841994 0.741674 0.829140 0.740106 0.822244 0.741360 0.821930 0.748256 0.828828 0.752018 0.829454 0.756722 0.845130 0.759544 0.854222 0.758290 0.862058 0.763306 0.860492 0.769888 0.854222 0.775532 0.843248 0.779294 0.833216 0.783056 0.845130 0.783996 0.857042 0.779920 0.863000 0.774904 0.868016 0.763932 0.879928 0.769262 0.890588 0.774592 0.901246 0.775218 0.892468 0.769888 0.878988 0.763306 0.869896 0.754526 0.860492 0.748570 0.851712 0.744494 0.854848 0.741046 0.860804 0.736658
0 0.829768 0.789640 0.833530 0.807822 0.839172 0.817854 0.847010 0.824124 0.853280 0.825066 0.857670 0.821616 0.862372 0.816914 0.868328 0.814720 0.868956 0.819736 0.861746 0.827574 0.858610 0.830394 0.868642 0.833216 0.880556 0.839800 0.888392 0.845130 0.892154 0.853594 0.895604 0.859550 0.893096 0.860804 0.885884 0.852654 0.882436 0.846696 0.876166 0.843876 0.867702 0.840426 0.856416 0.837606 0.843248 0.835098 0.837606 0.836978 0.834156 0.840114 0.838232 0.845442 0.837918 0.854222 0.833530 0.851712 0.827886 0.845756 0.825066 0.842622 0.812526 0.843562 0.812526 0.838232 0.817542 0.832276 0.818168 0.828828 0.835098 0.827574 0.840426 0.826320 0.829454 0.813780 0.826320 0.803746 0.826632 0.794656
0 0.810330 0.880868 0.822558 0.894976 0.824438 0.899052 0.820362 0.902814 0.814406 0.906262 0.824124 0.908770 0.836352 0.910024 0.848578 0.909084 0.857356 0.910338 0.867388 0.920056 0.874598 0.929148 0.885572 0.933224 0.881182 0.925072 0.871778 0.913160 0.858924 0.903442 0.850146 0.893408 0.842308 0.891528 0.848264 0.885884 0.848264 0.881182 0.841994 0.878674 0.836664 0.887452 0.829140 0.882436 0.816600 0.879928
1 0.232054 0.248472 0.239980 0.242810 0.247906 0.238282 0.254132 0.239980 0.256964 0.244508 0.266022 0.249038 0.258096 0.251868 0.248472 0.249604 0.237150 0.252434
1 0.211108 0.292630 0.226958 0.301120 0.241112 0.314142 0.247340 0.327162 0.254698 0.333390 0.258096 0.337918 0.250170 0.337352 0.242244 0.337352 0.233186 0.339052 0.225826 0.336786 0.236582 0.333390 0.242810 0.331692 0.238848 0.323200 0.235450 0.316972 0.231488 0.312444 0.225260 0.307348 0.218466 0.303952 0.212240 0.301120
1 0.182862 0.414748 0.196868 0.413970 0.211654 0.417860 0.212432 0.422528 0.203872 0.425642 0.192200 0.432644 0.184418 0.434978 0.184418 0.430310 0.192200 0.424084
1 0.253854 0.456028 0.257548 0.465002 0.264410 0.466586 0.256492 0.471336 0.254382 0.479782 0.250158 0.486116 0.248574 0.476616 0.235906 0.476088 0.229044 0.473448 0.241184 0.468698 0.249630 0.467642
0 0.296084 0.425412 0.295028 0.435970 0.295028 0.443888 0.302946 0.451278 0.306640 0.458140 0.302418 0.463946 0.297666 0.468698 0.294500 0.476088 0.295556 0.481366 0.301362 0.476088 0.311392 0.465530 0.316142 0.458668 0.318254 0.451806 0.318254 0.445998 0.315086 0.447054 0.312976 0.452862 0.305058 0.445470 0.299250 0.435970
0 0.282884 0.527884 0.292230 0.513126 0.297642 0.505254 0.304038 0.508698 0.304530 0.517554 0.305022 0.525918 0.316830 0.540184 0.324700 0.548056 0.324700 0.555436 0.319290 0.561830 0.309942 0.565274 0.303054 0.562814 0.311418 0.559372 0.319782 0.554944 0.317322 0.548548 0.311910 0.550024 0.304530 0.551008 0.295674 0.551008 0.294198 0.555928 0.288786 0.560846 0.286328 0.563306 0.281900 0.560846 0.285344 0.553468 0.287804 0.545104 0.296166 0.540676 0.294690 0.531820 0.297150 0.525918 0.296658 0.522966 0.289770 0.527884
1 0.176750 0.553976 0.191694 0.562738 0.192210 0.575106 0.195302 0.583350 0.196848 0.574590 0.199424 0.560160 0.204062 0.555522 0.197364 0.552430 0.195818 0.557068 0.183450 0.551400
1 0.218716 0.553172 0.229780 0.558278 0.236162 0.562108 0.237014 0.570618 0.236588 0.577002 0.233610 0.580832 0.231056 0.566790 0.219566 0.563386 0.216588 0.559556
1 0.182972 0.646360 0.193610 0.651892 0.202120 0.657424 0.209780 0.655722 0.213610 0.658276 0.209354 0.666786 0.205524 0.667636 0.206376 0.674446 0.205100 0.679976 0.199994 0.677424 0.199994 0.668062 0.196590 0.662530 0.182546 0.656148
1 0.160846 0.604660 0.161696 0.610618 0.156164 0.617852 0.162548 0.620830 0.174036 0.621256 0.178718 0.617426 0.186802 0.611468 0.174888 0.599554 0.169782 0.602958 0.170206 0.605512
1 0.174036 0.666360 0.176590 0.671892 0.168504 0.674020 0.172334 0.679976 0.179568 0.677850 0.188078 0.682530 0.188504 0.675722 0.179568 0.665510
1 0.132762 0.714870 0.150208 0.718274 0.164250 0.722954 0.179142 0.726784 0.188930 0.725082 0.199994 0.727634 0.207226 0.732316 0.213184 0.741676 0.211056 0.749762 0.206376 0.759548 0.199994 0.763378 0.188078 0.760400 0.182122 0.752740 0.173186 0.744230 0.155314 0.736570 0.138294 0.729762 0.138718 0.723806
1 0.187228 0.774868 0.205100 0.777846 0.223822 0.787632 0.235312 0.790186 0.238716 0.801674 0.234886 0.818270 0.230204 0.816142 0.229780 0.830184 0.222546 0.827632 0.205524 0.825078 0.187228 0.820398 0.167228 0.813590 0.163398 0.808908 0.166378 0.793164 0.171058 0.777420 0.182972 0.780398
1 0.287650 0.795718 0.285096 0.802100 0.285096 0.807632 0.291054 0.811036 0.287224 0.814014 0.285522 0.818696 0.297862 0.819122 0.304244 0.821674 0.306798 0.814440 0.299990 0.808484 0.297862 0.802100 0.296586 0.799548 0.303394 0.798696 0.305948 0.797846 0.302118 0.791462 0.292330 0.794442
1 0.265948 0.765932 0.269778 0.777846 0.274034 0.781676 0.279990 0.785930 0.280416 0.789334 0.272756 0.788058 0.265522 0.784228 0.263820 0.775718 0.262118 0.767208
1 0.142902 0.646450 0.153566 0.645482 0.159866 0.643542 0.163742 0.642574 0.166166 0.650328 0.166166 0.657598 0.162288 0.662444 0.159866 0.655174 0.160834 0.649842 0.149204 0.650328
1 0.135148 0.896528 0.151626 0.896528 0.159380 0.892166 0.156472 0.882958 0.151142 0.874718 0.144356 0.870358 0.140964 0.872780 0.147264 0.886350 0.141934 0.889742 0.134180 0.891196
1 0.217054 0.970678 0.224324 0.976980 0.217054 0.981342 0.217054 0.988610 0.228200 0.988126 0.234502 0.983280 0.247102 0.983280 0.248072 0.979402 0.237408 0.978434 0.243224 0.971648 0.245648 0.964864 0.234986 0.968740 0.229654 0.972618 0.222384 0.968740
1 0.176828 0.981826 0.182644 0.990064 0.185552 0.996850 0.192822 0.998304 0.168104 0.995396 0.173436 0.992488
1 0.326308 0.124850 0.330406 0.138508 0.321528 0.143288 0.314698 0.152850 0.334504 0.148068 0.338600 0.141922 0.335186 0.124850
1 0.390032 0.238690 0.389010 0.249428 0.389010 0.260164 0.395656 0.265788 0.396678 0.273458 0.400768 0.277036 0.403326 0.270902 0.400258 0.259654 0.397190 0.254540 0.400768 0.247382 0.403326 0.242270 0.395144 0.240224
1 0.576118 0.134094 0.582164 0.148606 0.583374 0.155864 0.578536 0.159492 0.580954 0.166748 0.582164 0.170980 0.590630 0.163724 0.602118 0.168562 0.603932 0.163120 0.600304 0.157072 0.588212 0.149816 0.584584 0.132886
1 0.576118 0.276800 0.583978 0.282846 0.589420 0.279822 0.596676 0.282846 0.593654 0.291916 0.588816 0.297358 0.577326 0.287684
1 0.640214 0.527138 0.635982 0.529556 0.624492 0.525324 0.630538 0.538022 0.626910 0.550720 0.637796 0.541046 0.644446 0.539836 0.650494 0.530162 0.646866 0.522906
1 0.580954 0.637190 0.591840 0.644446 0.600910 0.645052 0.602118 0.654726 0.599096 0.664402 0.594258 0.663192 0.594862 0.670448 0.588212 0.672866 0.588212 0.654122 0.577326 0.645052
1 0.589420 0.906274 0.587002 0.917764 0.586398 0.927438 0.585792 0.937718 0.595468 0.929856 0.601514 0.932276 0.602118 0.920786 0.595468 0.914740
1 0.718218 0.118978 0.727892 0.124420 0.737568 0.122606 0.742406 0.132886 0.741800 0.138932 0.728498 0.132886 0.717008 0.126838
1 0.749056 0.187912 0.755708 0.200004 0.759940 0.212098 0.768406 0.207262 0.773244 0.212704 0.775662 0.203028 0.774454 0.196376 0.766592 0.195168 0.753290 0.183074
1 0.720636 0.229030 0.738778 0.236890 0.749662 0.233262 0.760546 0.229030 0.757522 0.238704 0.749056 0.244146 0.741800 0.248984 0.740592 0.257450 0.736358 0.258054 0.736358 0.249588 0.735754 0.244752 0.728498 0.239310 0.722450 0.235076
1 0.648680 0.287080 0.657750 0.292522 0.655330 0.296150 0.645656 0.300986 0.660774 0.304010 0.666820 0.302800 0.663796 0.287080 0.661982 0.284056
1 0.759940 0.288288 0.765988 0.299172 0.769616 0.308848 0.770220 0.314290 0.775662 0.306428 0.779896 0.302800 0.770826 0.295544 0.766592 0.285870
1 0.709752 0.317918 0.716404 0.328802 0.721242 0.336664 0.717614 0.346942 0.711566 0.346338 0.710358 0.338478 0.704914 0.325174 0.703100 0.317314
1 0.741196 0.337872 0.746638 0.343314 0.750870 0.351780 0.752080 0.367502 0.755708 0.377782 0.757522 0.385642 0.759940 0.378386 0.757522 0.356618 0.761150 0.343314 0.762360 0.337268 0.756918 0.335454 0.753290 0.339082 0.749056 0.337268
1 0.799850 0.285266 0.801060 0.296754 0.787152 0.305220 0.783524 0.312476 0.808316 0.307638 0.821618 0.308244 0.816176 0.304614 0.811944 0.298568 0.807710 0.285266 0.804688 0.281032
1 0.674680 0.389876 0.680728 0.406806 0.687984 0.411644 0.689798 0.420110 0.694030 0.426156 0.686774 0.428574 0.681936 0.421318 0.677704 0.427366 0.672262 0.421318 0.676494 0.415876 0.672262 0.406202
1 0.753290 0.385642 0.755708 0.394712 0.753894 0.404388 0.746638 0.403178 0.740592 0.403178 0.729102 0.404992 0.719428 0.405596 0.729102 0.399550 0.736358 0.395922 0.743010 0.387456 0.747242 0.382620
1 0.706728 0.417690 0.713380 0.421924 0.718822 0.418296 0.717614 0.426760 0.715800 0.437646 0.712172 0.443692 0.710358 0.435226 0.706728 0.426760
1 0.737568 0.544674 0.744824 0.551326 0.741196 0.564628 0.743010 0.573698 0.752684 0.556162 0.759940 0.548906 0.765384 0.546488 0.762360 0.541650 0.756918 0.545278 0.748452 0.546488 0.744220 0.540442
1 0.683146 0.568862 0.694030 0.573698 0.698868 0.578536 0.704310 0.572490 0.712172 0.575512 0.704914 0.583978 0.702496 0.594862 0.700682 0.603932 0.696450 0.602118 0.692216 0.591234 0.692216 0.583978 0.685566 0.578536
1 0.791990 0.594258 0.797432 0.600304 0.793198 0.611794 0.800454 0.615422 0.805292 0.604538 0.806502 0.594862 0.798640 0.588212
2 0.761756 0.883296 0.756918 0.891158 0.748452 0.892972 0.744824 0.898414 0.755104 0.904460 0.759940 0.912926 0.768406 0.914136 0.770826 0.907484 0.773244 0.897204 0.767198 0.897204 0.768406 0.888134
1 0.781104 0.880878 0.782314 0.892972 0.786548 0.896600 0.781710 0.902646 0.778082 0.909902 0.776268 0.917764 0.788362 0.911112 0.795012 0.906274 0.799246 0.912926 0.802268 0.908692 0.795618 0.902042 0.792594 0.891158 0.790176 0.883900 0.787756 0.878458
1 0.802268 0.652308 0.808920 0.655936 0.804082 0.663796 0.803478 0.674076 0.813154 0.667424 0.815572 0.660774 0.814362 0.651098
1 0.724870 0.945578 0.722450 0.949206 0.712172 0.949206 0.706728 0.955858 0.719428 0.958276 0.712776 0.966138 0.709148 0.975812 0.712172 0.993954 0.719428 0.984278 0.722450 0.967348 0.729706 0.965534 0.736358 0.957672 0.739986 0.950416 0.735754 0.946184
1 0.787756 0.975208 0.787756 0.983068 0.777476 0.986696 0.772034 0.990930 0.770826 0.998186 0.776268 0.996372 0.782918 0.993954 0.794408 0.992140 0.795012 0.980046
1 0.888560 0.022264 0.887974 0.031062 0.898532 0.031062 0.908502 0.024024 0.904396 0.021678 0.897358 0.024610
1 0.918474 0.036342 0.910848 0.047484 0.907330 0.054524 0.913780 0.056870 0.917886 0.051004 0.924338 0.044552
1 0.939002 0.060388 0.927272 0.066254 0.929030 0.070946 0.922578 0.072118 0.917886 0.073878 0.924924 0.079744 0.927272 0.087368 0.932550 0.092060 0.934310 0.082090 0.937242 0.074466 0.940762 0.068014
1 0.868618 0.369486 0.870964 0.377698 0.880350 0.386496 0.872138 0.390016 0.860994 0.393534 0.855716 0.385322 0.856888 0.381218 0.861580 0.382976 0.863926 0.373006
1 0.824042 0.384150 0.831082 0.397640 0.836360 0.404678 0.839878 0.397640 0.842226 0.385910 0.842226 0.379458 0.835186 0.384736 0.827562 0.377112
1 0.826976 0.445734 0.830494 0.451600 0.825216 0.458638 0.824042 0.464504 0.836946 0.456292 0.833428 0.468022 0.842226 0.464504 0.846918 0.456292 0.860994 0.452186 0.851022 0.443388 0.851022 0.429898 0.848090 0.426966 0.845158 0.428726 0.846918 0.442802 0.842812 0.447494 0.832254 0.441630
1 0.885042 0.461570 0.893252 0.472714 0.897358 0.484446 0.897358 0.492070 0.896186 0.497348 0.890906 0.487964 0.880936 0.489724 0.882108 0.486204 0.887388 0.484446 0.880350 0.466850
1 0.942520 0.523156 0.936068 0.531954 0.933136 0.537820 0.928444 0.540752 0.926684 0.548964 0.936068 0.547790 0.939002 0.557760 0.944866 0.560694 0.944280 0.550136 0.942520 0.538992 0.947212 0.530194
1 0.893840 0.651018 0.887974 0.656296 0.882108 0.662748 0.880350 0.668614 0.892666 0.663922 0.902638 0.666854 0.912022 0.665682 0.912608 0.659816 0.903224 0.658056 0.898532 0.651018
1 0.850436 0.793544 0.851610 0.809966 0.852196 0.818178 0.850436 0.821110 0.848090 0.817592 0.841638 0.815832 0.845158 0.812898 0.846918 0.798822
1 0.879762 0.802928 0.886214 0.807620 0.876830 0.810552 0.876830 0.817004 0.886214 0.816418 0.892080 0.825216 0.899118 0.826976 0.896186 0.815244 0.897358 0.809380 0.894426 0.804688 0.899704 0.795304 0.897358 0.790024 0.892080 0.795304 0.886214 0.801754
1 0.919646 0.809966 0.931964 0.811726 0.939588 0.809966 0.950146 0.807034 0.953078 0.810552 0.946040 0.814072 0.944866 0.817592 0.945454 0.823456 0.939002 0.822284 0.933136 0.817004 0.921992 0.816418
1 0.862166 0.963636 0.863926 0.974192 0.858648 0.981818 0.851022 0.988270 0.851022 0.992376 0.862754 0.987682 0.872724 0.982990 0.883868 0.981232 0.889146 0.974780 0.878590 0.973020 0.874484 0.973020 0.869206 0.965396
1 0.999938 0.275308 0.995262 0.278944 0.997340 0.288814