0 0.166016 0.006872 0.153718 0.009042 0.144314 0.009766 0.141420 0.022064 0.126230 0.030744 0.125506 0.042318 0.129846 0.051722 0.134910 0.063296 0.133464 0.074146 0.126954 0.067636 0.118996 0.045934 0.112486 0.033638 0.108868 0.021340 0.110316 0.002532
0 0.171080 0.129124 0.156612 0.127676 0.144314 0.132740 0.135634 0.141420 0.125506 0.151548 0.116102 0.158782 0.113208 0.162398 0.103082 0.158058 0.095848 0.152272 0.090060 0.150824 0.079210 0.143590 0.068360 0.139974 0.073424 0.158058 0.082826 0.162398 0.084274 0.173250 0.089338 0.176866 0.086444 0.186994 0.084998 0.192058 0.082104 0.199292 0.077040 0.200738 0.074146 0.189888 0.073424 0.181930 0.071976 0.170356 0.066190 0.171080 0.068360 0.181930 0.069806 0.192780 0.069806 0.199292 0.071976 0.206524 0.077040 0.206524 0.085720 0.201462 0.091508 0.193504 0.094402 0.188440 0.095848 0.180484 0.098742 0.181930 0.103804 0.184824 0.111038 0.189164 0.118996 0.186270 0.126230 0.178314 0.132016 0.184100 0.137804 0.173250 0.151548 0.166016 0.156612 0.169632 0.160228 0.165292 0.167462 0.161676 0.164568 0.151548 0.161676 0.142868
0 0.148654 0.330946 0.140698 0.327330 0.134910 0.317926 0.129124 0.306352 0.121890 0.313586 0.114656 0.315756 0.112486 0.309968 0.114656 0.302010 0.122612 0.297670 0.126230 0.286820 0.124060 0.282480 0.112486 0.281032 0.097294 0.279586 0.089338 0.278862 0.079934 0.281032 0.067636 0.280310 0.076316 0.273800 0.089338 0.265842 0.099464 0.262226 0.114656 0.266566 0.132740 0.266566 0.141420 0.268012 0.149378 0.273800 0.151548 0.283204 0.152272 0.289714 0.143590 0.295500 0.139250 0.299118 0.141420 0.306352 0.144314 0.315756
0 0.108146 0.398220 0.105976 0.414134 0.105976 0.424262 0.097294 0.419922 0.095124 0.424262 0.095848 0.431496 0.092230 0.438006 0.089338 0.444516 0.086444 0.450304 0.082826 0.448134 0.073424 0.445240 0.063296 0.439454 0.059678 0.446686 0.069806 0.453920 0.075594 0.461878 0.080656 0.472006 0.084274 0.479962 0.087890 0.491536 0.090784 0.482132 0.092230 0.464048 0.095124 0.455368 0.108868 0.449580 0.123336 0.444516 0.139974 0.439454 0.145760 0.437282 0.152272 0.442346 0.162398 0.440900 0.166740 0.449580 0.176142 0.446686 0.175420 0.437282 0.179036 0.427880 0.173250 0.424986 0.163122 0.429326 0.152994 0.430772 0.147932 0.423538 0.144314 0.417752 0.142868 0.408348 0.142144 0.401114 0.139974 0.387370 0.136358 0.393156 0.135634 0.404008 0.135634 0.414134 0.137080 0.425708 0.129846 0.423538 0.118272 0.421368 0.113932 0.416304 0.113932 0.406902
0 0.092954 0.505280 0.098018 0.513962 0.098018 0.523366 0.098018 0.534216 0.102358 0.540002 0.092954 0.542174 0.098018 0.550130 0.102358 0.550854 0.100912 0.560258 0.097294 0.567492 0.099464 0.579066 0.102358 0.588470 0.105252 0.575448 0.108146 0.566044 0.116826 0.560980 0.123336 0.554470 0.130570 0.550854 0.137804 0.546514 0.145760 0.557364 0.166016 0.563874 0.176142 0.573278 0.189164 0.569662 0.198568 0.566044 0.184824 0.564598 0.174696 0.559534 0.163846 0.553748 0.154442 0.545066 0.152994 0.538556 0.164568 0.533492 0.173972 0.528428 0.181930 0.522642 0.176866 0.517578 0.168186 0.518302 0.150102 0.518302 0.132740 0.513962 0.119720 0.511792 0.111762 0.511068 0.103082 0.509620
0 0.213758 0.735316 0.197844 0.729528 0.191334 0.723018 0.168910 0.723742 0.152272 0.723018 0.147208 0.728082 0.139250 0.718678 0.129846 0.710720 0.120442 0.709274 0.107422 0.710720 0.097294 0.709274 0.095124 0.703486 0.103082 0.699870 0.100912 0.694082 0.105252 0.686126 0.103082 0.677446 0.098742 0.670212 0.109592 0.670212 0.120300 0.659148 0.122094 0.643450 0.126802 0.638292 0.131064 0.648160 0.132858 0.656680 0.145414 0.656008 0.139136 0.662286 0.138912 0.671480 0.140034 0.678432 0.130570 0.681786 0.139250 0.688296 0.140698 0.699870 0.143590 0.706380 0.149378 0.710720 0.160228 0.712168 0.173250 0.710720 0.182654 0.711444 0.196398 0.717230 0.204354 0.723742
0 0.139900 0.750034 0.136442 0.758676 0.130392 0.762998 0.122614 0.767318 0.124344 0.777690 0.144220 0.771640 0.152862 0.770776 0.164962 0.777690 0.173604 0.785468 0.178788 0.787196 0.174468 0.774232 0.168418 0.762998 0.157184 0.760406 0.171874 0.758676 0.174468 0.754356 0.171010 0.750898 0.160640 0.754356 0.152862 0.754356
0 0.164484 0.796876 0.142314 0.803210 0.126478 0.807432 0.108530 0.814822 0.104308 0.828548 0.104308 0.841216 0.097972 0.852830 0.092694 0.867610 0.105364 0.863386 0.114864 0.855996 0.126478 0.855996 0.141258 0.860220 0.143370 0.877112 0.146538 0.892948 0.148648 0.905616 0.151816 0.923564 0.160262 0.938344 0.166596 0.937288 0.160262 0.914062 0.158150 0.896114 0.165540 0.877112 0.166596 0.854940 0.170820 0.847550 0.169764 0.832770 0.154984 0.829604 0.142314 0.822212 0.137036 0.819046 0.151816 0.816934 0.163430 0.811656
0 0.142314 0.942568 0.133868 0.945734 0.132812 0.957348 0.128590 0.964738 0.113810 0.970016 0.100084 0.970016 0.078970 0.971072 0.066300 0.968962 0.053632 0.974240 0.067356 0.980574 0.088472 0.981630 0.101140 0.986908 0.112754 0.996410 0.123046 0.998046 0.142314 0.996410 0.151816 0.981630 0.157094 0.970016 0.169764 0.964738 0.171876 0.952070 0.154984 0.955236
0 0.518262 0.004106 0.534122 0.007446 0.533286 0.016626 0.543302 0.026642 0.544972 0.034154 0.538294 0.043336 0.519932 0.046674 0.503238 0.048344 0.493222 0.048344 0.510750 0.058360 0.521602 0.064202 0.524106 0.072550 0.528278 0.090078 0.529948 0.105102 0.538294 0.115118 0.540798 0.106770 0.541634 0.095086 0.549980 0.090912 0.546642 0.079226 0.547476 0.067542 0.552484 0.055856 0.559162 0.047510 0.565838 0.047510 0.568342 0.060864 0.571682 0.065872 0.574186 0.055856 0.574186 0.047510 0.572516 0.040832 0.576690 0.038328 0.579194 0.029982 0.585870 0.023304 0.585036 0.012454 0.575854 0.014958 0.568342 0.012454 0.561666 0.004106
0 0.536626 0.120960 0.530782 0.128472 0.527444 0.138488 0.524940 0.149338 0.542468 0.150174 0.544972 0.156016 0.541634 0.166032 0.533286 0.179388 0.529114 0.196080 0.517428 0.188568 0.519098 0.197750 0.524106 0.206932 0.523270 0.215278 0.511586 0.221120 0.494058 0.226964 0.511586 0.228632 0.524106 0.224460 0.526610 0.232806 0.534956 0.223624 0.543302 0.216948 0.534122 0.212774 0.538294 0.200254 0.539130 0.187734 0.543302 0.176048 0.549980 0.167702 0.555822 0.171876 0.559162 0.192742 0.562500 0.204428 0.566674 0.193576 0.565004 0.168536 0.570846 0.163528 0.573350 0.151008 0.567508 0.138488 0.561666 0.149338 0.556658 0.137654 0.549980 0.125134
0 0.530782 0.274540 0.538294 0.292902 0.540798 0.306256 0.537304 0.309180 0.542578 0.313086 0.548046 0.315040 0.550814 0.311264 0.581054 0.345898 0.588476 0.356836 0.595898 0.360938 0.600796 0.372294 0.604200 0.360804 0.596966 0.351868 0.589734 0.346762 0.580372 0.337826 0.580798 0.326764 0.565904 0.307190 0.565478 0.298680 0.569734 0.288466 0.572286 0.274850 0.554154 0.277878 0.547476 0.270366
0 0.553318 0.427284 0.542468 0.436466 0.535790 0.448150 0.528278 0.452324 0.523270 0.468182 0.523270 0.485710 0.524940 0.501570 0.529948 0.516594 0.540798 0.528278 0.539964 0.514090 0.534956 0.502404 0.538294 0.485710 0.543302 0.474026 0.543302 0.489884 0.544972 0.504074 0.549146 0.490718 0.549146 0.473190 0.553318 0.462340 0.563334 0.453994 0.574186 0.451490 0.585036 0.452324 0.599226 0.456498 0.615084 0.462340 0.615084 0.459002 0.605902 0.452324 0.595886 0.444812 0.602564 0.436466 0.585036 0.438134 0.571682 0.436466
0 0.500734 0.582532 0.514090 0.585036 0.533286 0.582532 0.547476 0.579194 0.538294 0.590878 0.524106 0.602564 0.517428 0.619258 0.527444 0.612580 0.534122 0.602564 0.545806 0.593382 0.554154 0.586706 0.549980 0.599226 0.546642 0.614250 0.556658 0.614250 0.559162 0.601730 0.562500 0.595052 0.570846 0.595886 0.577524 0.603398 0.589210 0.610910 0.595052 0.612580 0.592548 0.600060 0.585036 0.590044 0.570846 0.580862 0.562500 0.566674 0.549980 0.564170 0.534956 0.569178 0.523270 0.574186
0 0.552484 0.674346 0.545806 0.686030 0.543302 0.696048 0.531618 0.697716 0.537460 0.708568 0.530782 0.715244 0.519932 0.726096 0.533286 0.721922 0.537460 0.721088 0.539130 0.732772 0.539130 0.745292 0.539964 0.756144 0.546642 0.741120 0.549146 0.726096 0.553318 0.713576 0.563334 0.711072 0.568342 0.699386 0.562500 0.675180
0 0.858702 0.036080 0.861588 0.043776 0.865436 0.063982 0.872172 0.075528 0.885642 0.083224 0.894300 0.101504 0.901998 0.113050 0.914506 0.116898 0.920278 0.124596 0.924126 0.139990 0.926050 0.147688 0.913542 0.141914 0.896224 0.136142 0.882754 0.133256 0.877944 0.113050 0.861588 0.097656 0.849080 0.080338 0.843308 0.086110 0.827914 0.081300 0.815406 0.073602 0.815406 0.063982 0.845232 0.067830 0.853890 0.065906 0.851966 0.046664
0 0.785580 0.211188 0.805784 0.210226 0.833686 0.207340 0.840422 0.199642 0.860626 0.203490 0.878906 0.208302 0.891414 0.217922 0.906808 0.228506 0.899110 0.233316 0.873134 0.233316 0.856778 0.231392 0.838496 0.234278 0.826952 0.239090 0.814444 0.231392 0.799050 0.225620
0 0.774996 0.308362 0.780768 0.299704 0.789428 0.295856 0.800012 0.304514 0.813482 0.316060 0.823102 0.323756 0.826952 0.330492 0.821178 0.341076 0.812520 0.349734 0.818292 0.361280 0.823102 0.349734 0.830800 0.342038 0.836572 0.341076 0.843308 0.346848 0.845232 0.359356 0.849080 0.367052 0.866398 0.373788 0.894300 0.377636 0.888528 0.367052 0.870248 0.353582 0.864474 0.330492 0.862550 0.317022 0.867360 0.305476 0.876020 0.296818 0.878906 0.287196 0.866398 0.293930 0.858702 0.301628 0.851004 0.315098 0.848118 0.320870 0.838496 0.315098 0.826952 0.307400 0.819254 0.293930 0.808670 0.285272 0.797126 0.283348 0.786542 0.287196 0.774996 0.293930
0 0.797126 0.405538 0.808670 0.398804 0.820216 0.402652 0.835610 0.410348 0.831762 0.416122 0.834648 0.424780 0.844270 0.434402 0.863512 0.441136 0.872172 0.444986 0.891414 0.439212 0.911618 0.444024 0.894300 0.453644 0.885642 0.468076 0.875058 0.469038 0.859664 0.464228 0.836572 0.452682 0.830800 0.442098 0.834648 0.441136 0.822140 0.426704 0.815406 0.415160 0.807708 0.411310
0 0.899110 0.565252 0.887566 0.576798 0.876982 0.583532 0.869284 0.590268 0.853890 0.588342 0.834648 0.582570 0.816368 0.576798 0.800012 0.569100 0.809632 0.589304 0.820216 0.596040 0.813482 0.605662 0.812520 0.614320 0.813482 0.630676 0.824064 0.628752 0.842346 0.625866 0.851004 0.632600 0.860626 0.635488 0.855816 0.620094 0.869284 0.610472 0.879868 0.602774 0.898148 0.597002 0.909694 0.593154 0.920278 0.588342 0.921240 0.598926 0.926050 0.585456 0.930862 0.571986 0.935672 0.563328 0.945294 0.557554 0.970308 0.556592 0.971270 0.547934 0.949142 0.552744 0.934710 0.555630 0.922202 0.569100 0.912580 0.578722 0.888528 0.592192 0.898148 0.576798
0 0.885642 0.670124 0.869284 0.681670 0.858702 0.690328 0.853890 0.707648 0.852928 0.718230 0.843308 0.726890 0.836572 0.732662 0.833686 0.747094 0.838496 0.761526 0.845232 0.774996 0.854852 0.787504 0.851966 0.768262 0.862550 0.751906 0.863512 0.737474 0.868322 0.724004 0.875058 0.708610 0.883716 0.700912 0.890452 0.684556
0 0.781732 0.925088 0.819254 0.908732 0.837534 0.903922 0.851966 0.897186 0.857740 0.909694 0.862550 0.892376 0.877944 0.898148 0.887566 0.899110 0.900074 0.908732 0.915468 0.919316 0.928938 0.927974 0.945294 0.930862 0.936634 0.912580 0.921240 0.898148 0.894300 0.885642 0.886604 0.880830 0.882754 0.862550 0.876020 0.840422 0.876020 0.863512 0.874096 0.877944 0.860626 0.873134 0.855816 0.862550 0.855816 0.845232 0.853890 0.830800 0.845232 0.833686 0.843308 0.849080 0.847156 0.869284 0.849080 0.881792 0.836572 0.887566 0.819254 0.893338 0.802898 0.901036 0.786542 0.913542
1 0.049086 0.000258 0.050522 0.013184 0.039034 0.008158
1 0.008158 0.138126 0.007440 0.147460 0.001694 0.155360 0.008876 0.161104 0.011748 0.171876 0.018210 0.166848 0.028980 0.164694 0.026108 0.156796 0.017492 0.156796 0.015338 0.138844
1 0.027026 0.489608 0.050388 0.500822 0.045716 0.516710 0.042912 0.532596 0.057864 0.512970 0.064406 0.507364 0.073752 0.507364 0.074686 0.498954 0.065340 0.496150 0.043848 0.486804 0.030764 0.478394
1 0.127582 0.464632 0.130112 0.476866 0.138550 0.478976 0.139394 0.486990 0.140658 0.496692 0.143612 0.505552 0.146564 0.499646 0.146564 0.485304 0.144456 0.477710 0.147830 0.468852 0.148252 0.460414 0.141502 0.462524 0.139816 0.465898 0.135174 0.465898
1 0.133066 0.575156 0.137706 0.584014 0.137706 0.592028 0.130956 0.600466 0.142346 0.602574 0.148674 0.603418 0.151626 0.611434 0.160486 0.615230 0.168922 0.612700 0.168500 0.604684 0.171032 0.601310 0.164282 0.592872 0.156688 0.593716 0.151204 0.593716 0.149096 0.584014 0.144456 0.577264 0.137284 0.564188
1 0.300114 0.729550 0.297162 0.739674 0.290834 0.739674 0.290412 0.745158 0.281976 0.746422 0.279022 0.754438 0.270164 0.755282 0.263414 0.758234 0.272696 0.759922 0.284084 0.758656 0.289568 0.754016 0.297162 0.751484 0.303068 0.754438 0.313614 0.759500 0.322894 0.761188 0.311504 0.752328 0.303490 0.746422 0.306864 0.739252 0.306864 0.733768
1 0.232198 0.781436 0.238948 0.788606 0.248228 0.790716 0.252024 0.791138 0.251602 0.797888 0.256244 0.799574 0.269742 0.802950 0.276070 0.805480 0.260040 0.809698 0.244432 0.806324 0.241056 0.811386 0.232620 0.817292 0.227558 0.821088 0.217434 0.822354 0.219544 0.814762 0.230510 0.807168 0.234730 0.799574 0.241900 0.798310 0.237260 0.795778 0.229668 0.789028 0.228402 0.784388
1 0.062196 0.909254 0.068524 0.921066 0.072742 0.934986 0.074430 0.945954 0.077382 0.954390 0.081180 0.967468 0.074008 0.961562 0.069790 0.955234 0.064728 0.957766 0.057134 0.958188 0.059244 0.953968 0.064728 0.944266 0.064728 0.936252 0.060930 0.921486 0.057978 0.916424
1 0.345252 0.704660 0.349470 0.715206 0.344830 0.725752 0.346518 0.732502 0.349470 0.728284 0.351580 0.721956 0.356220 0.728706 0.363390 0.731658 0.358750 0.722800 0.355376 0.711832 0.349470 0.702130
1 0.733984 0.309318 0.732706 0.317828 0.731430 0.327614 0.725474 0.334422 0.722920 0.339954 0.736536 0.334422 0.741642 0.339954 0.751004 0.338678 0.746324 0.333998 0.745046 0.330168 0.746750 0.322508 0.740366 0.323784 0.739090 0.317828
1 0.625902 0.408038 0.633562 0.414420 0.638668 0.418250 0.639944 0.432718 0.640796 0.442930 0.636966 0.447610 0.634838 0.442078 0.634838 0.433142 0.630582 0.436972 0.627604 0.441228 0.624200 0.435696 0.624200 0.424632 0.626754 0.421654 0.624200 0.414420
1 0.479524 0.416974 0.489736 0.407186 0.496120 0.404208 0.507608 0.402930 0.513566 0.417398 0.519098 0.423356 0.529736 0.423356 0.522502 0.412292 0.516970 0.402080 0.514842 0.396548 0.508460 0.390590 0.501652 0.395272 0.495694 0.397824 0.485482 0.402506 0.481652 0.406760 0.476546 0.412718
1 0.673578 0.331668 0.650358 0.346236 0.652180 0.372186 0.664928 0.388120 0.682228 0.392674 0.710000 0.393584 0.721382 0.391764 0.715462 0.382202 0.720926 0.374008 0.715462 0.369910 0.704082 0.369910 0.704992 0.361716 0.704082 0.348512 0.694976 0.346236 0.682228 0.347602 0.673578 0.344414 0.679496 0.340772
1 0.461420 0.617580 0.465062 0.622588 0.467794 0.627596 0.463242 0.631238 0.459144 0.638522 0.457778 0.645350 0.460054 0.648538 0.470526 0.637612 0.473258 0.643984 0.475534 0.649448 0.479632 0.656278 0.484562 0.666388 0.487352 0.673364 0.489676 0.679176 0.489908 0.686616 0.494326 0.690802 0.496186 0.682664 0.493396 0.675456 0.489676 0.666620 0.487118 0.657552 0.483864 0.649646 0.478284 0.638950 0.475726 0.634766 0.473632 0.629418 0.474562 0.625698 0.481306 0.625466 0.485956 0.628720 0.490374 0.634300 0.494792 0.639880 0.496884 0.644764 0.504324 0.649182 0.504790 0.643834 0.502000 0.635230 0.503860 0.628256 0.497350 0.624070 0.494326 0.622908 0.492002 0.625698 0.485724 0.621744 0.478050 0.616630 0.474562 0.609654 0.471076 0.611746 0.465262 0.612676
1 0.576766 0.645720 0.584240 0.654892 0.582202 0.665082 0.586956 0.667460 0.590354 0.657948 0.587636 0.647078 0.581862 0.635190 0.579144 0.640286
1 0.565558 0.659986 0.568274 0.667120 0.567596 0.675272 0.567596 0.684104 0.574388 0.676970 0.575748 0.667120 0.573030 0.658968 0.571332 0.660666
1 0.693400 0.617042 0.693400 0.630548 0.695478 0.642496 0.700674 0.636262 0.702750 0.640936 0.708984 0.642496 0.712620 0.637300 0.708984 0.628990 0.704310 0.618600
1 0.668468 0.700674 0.673142 0.714698 0.678856 0.719892 0.681974 0.730282 0.687168 0.738592 0.689246 0.731320 0.686128 0.720932 0.683532 0.712620 0.678856 0.704828 0.675220 0.697038
1 0.959932 0.108318 0.975710 0.121110 0.977842 0.128360 0.977842 0.140728 0.975710 0.154800 0.982960 0.144566 0.986370 0.139448 0.986370 0.126228 0.985518 0.122390 0.988504 0.115140 0.990636 0.104480 0.984238 0.109596 0.979548 0.115994 0.968886 0.108318
1 0.808116 0.260558 0.808542 0.272926 0.817072 0.284866 0.822616 0.290410 0.831144 0.296380 0.837114 0.295100 0.837968 0.302350 0.845644 0.300218 0.846922 0.291262 0.847350 0.280602 0.842658 0.280602 0.838820 0.286998 0.834556 0.286146 0.826026 0.281454 0.816218 0.277616 0.815366 0.270368 0.814940 0.260132
1 0.906626 0.271220 0.901508 0.277616 0.897670 0.286146 0.907052 0.283586 0.916434 0.286146 0.918992 0.286146 0.912596 0.281454 0.912170 0.273778
1 0.926242 0.289130 0.930506 0.295954 0.930932 0.305336 0.928800 0.311732 0.922830 0.314718 0.915580 0.317276 0.908758 0.323246 0.921550 0.322820 0.930080 0.318982 0.936476 0.316424 0.937756 0.324100 0.949696 0.329216 0.953108 0.325378 0.945006 0.315996 0.938608 0.308748 0.936902 0.295100 0.933918 0.287852 0.927948 0.283160
1 0.927094 0.347554 0.926668 0.358642 0.923256 0.363758 0.917286 0.369730 0.915580 0.377832 0.925816 0.373568 0.939888 0.373568 0.946284 0.379538 0.956946 0.380816 0.948844 0.371008 0.936476 0.361200 0.933064 0.347980
1 0.854598 0.391478 0.869950 0.397874 0.879332 0.400860 0.884024 0.408962 0.885302 0.420902 0.891700 0.425594 0.892552 0.417064 0.890420 0.407256 0.897244 0.399580 0.903640 0.390624 0.902360 0.381670 0.895964 0.386786 0.884024 0.393184 0.877200 0.392758 0.865260 0.390198 0.856732 0.388920
1 0.927094 0.440092 0.927094 0.450328 0.930506 0.455444 0.921978 0.462268 0.917286 0.468664 0.914302 0.481032 0.916434 0.485296 0.925388 0.478900 0.930932 0.471224 0.936476 0.459282 0.939462 0.465680 0.948418 0.470796 0.951402 0.467386 0.942446 0.457150 0.936476 0.446064
1 0.956094 0.498090 0.949270 0.505340 0.940314 0.510882 0.935198 0.511310 0.934770 0.521544 0.934770 0.526234 0.927948 0.520692 0.923684 0.510882 0.931786 0.501928 0.921124 0.498516 0.916008 0.494678 0.924110 0.490414 0.936050 0.493398 0.948844 0.495104
1 0.942020 0.566748 0.950122 0.571864 0.958652 0.577408 0.970592 0.580820 0.982532 0.586364 0.986798 0.588496 0.973578 0.591482 0.962916 0.591908 0.959504 0.586790 0.952256 0.587216 0.942874 0.592760 0.930932 0.591908 0.930932 0.587216 0.939888 0.584658 0.947990 0.580820 0.940740 0.575276 0.937756 0.569306
1 0.904920 0.688712 0.917286 0.689990 0.930506 0.692976 0.933918 0.688712 0.924536 0.683168 0.913874 0.682740 0.903214 0.681036