0 0.005294 0.083444 0.012354 0.082854 0.030592 0.082854 0.038238 0.086384 0.050004 0.091680 0.048178 0.083334 0.035298 0.079326 0.031902 0.072916 0.020182 0.074870 0.004118 0.075796
0 0.009412 0.831748 0.021178 0.823512 0.033972 0.812026 0.037062 0.808218 0.029238 0.807884 0.010890 0.820312 0.006156 0.811434
0 0.000000 0.952348 0.002942 0.937052 0.005882 0.929406
0 0.435960 0.132730 0.420830 0.136168 0.400198 0.138920 0.387132 0.145108 0.372690 0.160926 0.363062 0.171242 0.351370 0.187060 0.344492 0.206316 0.344492 0.221446 0.347656 0.241970 0.357560 0.220758 0.367876 0.191874 0.374064 0.178808 0.386444 0.173306 0.399510 0.157488 0.418078 0.146484 0.427706 0.140294 0.438022 0.140982
0 0.394696 0.207692 0.391258 0.213194 0.382378 0.213216 0.382318 0.225572 0.385634 0.233290 0.383464 0.243598 0.378192 0.255832 0.370986 0.265842 0.367188 0.275088 0.353434 0.277152 0.343118 0.278526 0.334864 0.273712 0.322486 0.273712 0.314920 0.277838 0.319048 0.281966 0.333490 0.279214 0.341742 0.280590 0.341742 0.289530 0.341882 0.301728 0.352058 0.296408 0.360310 0.290906 0.369250 0.287466 0.384380 0.281966 0.389882 0.273712 0.397448 0.258582 0.402948 0.257208 0.418078 0.257896 0.422206 0.252394 0.409138 0.251018 0.402226 0.243330 0.392824 0.250464 0.396072 0.236576 0.393320 0.220070
0 0.377504 0.350050 0.373676 0.364670 0.363944 0.384136 0.365812 0.394752 0.358248 0.409882 0.349306 0.403692 0.338990 0.403692 0.323174 0.407130 0.306668 0.416758 0.300478 0.428450 0.303230 0.429826 0.316296 0.422260 0.327988 0.411944 0.341742 0.410568 0.348620 0.413320 0.349306 0.418134 0.338304 0.418134 0.330202 0.425664 0.328676 0.431200 0.336240 0.431888 0.349306 0.429826 0.358248 0.425698 0.367188 0.423636 0.377504 0.424324 0.387820 0.425012 0.391946 0.427074 0.393320 0.431888 0.389882 0.434640 0.380254 0.438078 0.386444 0.442204 0.402948 0.435326 0.401574 0.426386 0.390570 0.421572 0.374064 0.418822 0.361686 0.419510 0.369250 0.403004 0.374064 0.393376 0.378192 0.373432 0.380254 0.359678
0 0.421518 0.506850 0.394008 0.521980 0.371314 0.530232 0.362374 0.532984 0.348620 0.523354 0.334176 0.516478 0.335552 0.526106 0.352058 0.539172 0.369938 0.538484 0.363748 0.547426 0.351370 0.550864 0.343828 0.552196 0.337616 0.558428 0.333446 0.574258 0.338990 0.578372 0.337988 0.592426 0.336690 0.602808 0.332148 0.608648 0.342530 0.615138 0.352912 0.603458 0.351614 0.595670 0.360310 0.582498 0.375868 0.564236 0.384708 0.559334 0.398134 0.543298 0.412578 0.530232 0.420830 0.515790
0 0.330738 0.651270 0.355496 0.647832 0.369938 0.651270 0.379006 0.672490 0.382112 0.676132 0.378192 0.689784 0.369250 0.701474 0.357560 0.709040 0.352746 0.715228 0.343118 0.721418 0.333446 0.726744 0.323712 0.720256 0.328676 0.707664 0.310086 0.707278 0.306842 0.680674 0.319820 0.676132 0.323862 0.684282 0.343178 0.675482 0.341054 0.696660 0.337616 0.705600 0.341054 0.711102 0.351370 0.706976 0.363748 0.691158 0.363062 0.673278 0.356872 0.667776 0.350682 0.656772 0.345868 0.653334
0 0.296164 0.935132 0.311482 0.948366 0.323862 0.953180 0.344492 0.971060 0.343118 0.977938 0.338304 0.991692 0.342430 0.997194 0.342430 0.986878 0.349994 0.984128 0.358934 0.991004 0.373376 0.999258 0.380254 0.997194 0.372690 0.990316 0.362374 0.985502 0.369938 0.980688 0.379566 0.976562 0.391258 0.973812 0.399510 0.968998 0.416016 0.960744 0.430458 0.951804 0.436434 0.936316 0.428148 0.943418 0.416904 0.950520 0.413352 0.951704 0.395384 0.957306 0.396072 0.942176 0.389882 0.940802 0.374064 0.950430 0.374064 0.938050 0.365812 0.933924 0.367876 0.946302 0.367188 0.961432 0.360998 0.968998 0.353434 0.959370 0.346556 0.949054 0.341146 0.936908 0.327300 0.935300 0.314234 0.930486 0.305634 0.923296
0 0.700896 0.062734 0.708522 0.084436 0.706762 0.104378 0.702656 0.120800 0.688580 0.130772 0.687992 0.117868 0.689166 0.096166 0.682714 0.107310 0.678060 0.124240 0.685646 0.125492 0.686820 0.141328 0.690338 0.152472 0.700896 0.158924 0.704644 0.160048 0.699762 0.146484 0.697964 0.141328 0.713214 0.140742 0.727290 0.138982 0.737260 0.143088 0.746646 0.145434 0.749578 0.131358 0.740780 0.131944 0.723184 0.133704 0.702070 0.136050 0.705002 0.124906 0.713800 0.116108 0.718492 0.102618 0.714972 0.090888 0.710868 0.074466 0.707348 0.068600
0 0.652214 0.224616 0.649868 0.248662 0.655734 0.258048 0.673916 0.263912 0.684474 0.267432 0.690926 0.268604 0.702070 0.258634 0.704416 0.249836 0.695618 0.243970 0.693858 0.233414 0.698550 0.214644 0.699136 0.207606 0.701482 0.233414 0.705002 0.241038 0.709694 0.239278 0.711454 0.228720 0.719078 0.235172 0.719078 0.249836 0.720252 0.254528 0.723770 0.258634 0.712040 0.267432 0.704416 0.270950 0.696790 0.278576 0.706762 0.280336 0.722012 0.279748 0.729636 0.280922 0.726704 0.288546 0.719078 0.288546 0.716732 0.294998 0.705002 0.296758 0.703242 0.302622 0.703828 0.307316 0.699136 0.313766 0.685060 0.312008 0.668638 0.310834 0.669224 0.302036 0.678608 0.295584 0.678022 0.292652 0.660426 0.291478 0.659730 0.290030 0.676848 0.282682 0.679194 0.277402 0.659254 0.270950 0.644590 0.263326 0.642830 0.251008 0.643416 0.236346 0.645176 0.223442
0 0.689246 0.377952 0.696154 0.372300 0.703242 0.409956 0.713214 0.416408 0.730222 0.426380 0.730222 0.432832 0.710868 0.442802 0.708522 0.448080 0.716878 0.478434 0.708522 0.472128 0.695618 0.456878 0.683888 0.455120 0.653450 0.464618 0.631686 0.468022 0.620542 0.473302 0.621716 0.468022 0.638724 0.460398 0.660986 0.450802 0.672744 0.453946 0.682128 0.448080 0.683888 0.434004 0.691130 0.410608 0.692098 0.416408 0.693272 0.434004 0.690338 0.443976 0.704416 0.436936 0.717906 0.432832 0.705588 0.422860 0.699136 0.414650 0.691758 0.390512
0 0.644360 0.620462 0.663358 0.643394 0.670984 0.649258 0.673916 0.659230 0.674502 0.669200 0.670396 0.680930 0.669224 0.695594 0.671570 0.704392 0.652214 0.713776 0.644004 0.733132 0.662186 0.720814 0.679194 0.710844 0.722012 0.696180 0.748992 0.693834 0.770106 0.689728 0.785942 0.680344 0.808816 0.662162 0.784662 0.666092 0.761208 0.670784 0.744576 0.675474 0.730502 0.684856 0.717906 0.683864 0.721424 0.672720 0.720838 0.641048 0.716146 0.658644 0.710886 0.671210 0.703828 0.683864 0.689166 0.689728 0.692684 0.676238 0.703828 0.660402 0.714386 0.638114 0.718492 0.625798 0.701482 0.645152 0.693858 0.655124 0.687992 0.658644 0.682128 0.642220 0.668638 0.631076 0.656906 0.624624
0 0.597082 0.851022 0.611158 0.835186 0.619956 0.825216 0.628754 0.818764 0.645176 0.815832 0.652036 0.828142 0.658080 0.828734 0.656320 0.839292 0.658080 0.851610 0.663358 0.856302 0.680368 0.855128 0.700896 0.854542 0.716732 0.855128 0.723770 0.856888 0.730808 0.859820 0.745472 0.862166 0.763068 0.862166 0.771866 0.860408 0.763068 0.853368 0.746058 0.851022 0.733156 0.846918 0.712626 0.848676 0.710280 0.847504 0.708522 0.829908 0.713214 0.819938 0.714386 0.809380 0.703828 0.820524 0.699724 0.833428 0.693858 0.839878 0.678608 0.838706 0.667464 0.825216 0.662186 0.808794 0.653974 0.786506 0.653388 0.814072 0.637552 0.811140 0.621128 0.814072 0.613504 0.820524 0.608812 0.825802 0.600014 0.834600 0.593562 0.845158 0.584658 0.860552
0 0.623038 0.916842 0.600864 0.932196 0.604274 0.939872 0.636378 0.942520 0.631100 0.951318 0.632860 0.957770 0.644590 0.966568 0.656320 0.972434 0.678608 0.972434 0.703242 0.965982 0.723770 0.961290 0.740194 0.951906 0.751924 0.939588 0.756030 0.923166 0.748404 0.920232 0.736674 0.926684 0.731396 0.936068 0.710280 0.946626 0.697378 0.941934 0.683888 0.939588 0.678022 0.943694 0.690926 0.949558 0.692684 0.955424 0.677436 0.956598 0.670396 0.947800 0.654560 0.938414 0.640484 0.924924 0.626408 0.910848 0.623476 0.912608 0.636378 0.931964 0.616216 0.933474
1 0.021902 0.945116 0.004380 0.946662 0.009018 0.938418 0.018294 0.934294 0.024478 0.930172 0.026024 0.924504 0.029116 0.931718 0.034786 0.936872 0.040970 0.937386 0.053504 0.944602 0.057646 0.951704 0.055280 0.959398 0.043030 0.947694 0.032208 0.944602
1 0.094828 0.468872 0.092654 0.481486 0.088304 0.484532 0.086998 0.476702 0.082214 0.481922 0.081344 0.489316 0.087868 0.488446 0.097438 0.484096 0.102224 0.486272 0.107878 0.486272 0.102224 0.494972 0.097438 0.498886 0.084824 0.503236 0.090044 0.507586 0.098744 0.511936 0.108748 0.513676 0.114838 0.509762 0.116578 0.505846 0.108748 0.504542 0.105268 0.503236 0.109184 0.489752 0.117884 0.491056 0.120494 0.484966 0.117448 0.479746 0.112664 0.477136 0.107008 0.469742 0.103094 0.467132
1 0.044922 0.000000 0.049154 0.017782 0.060030 0.023438 0.069600 0.021698 0.081344 0.019088 0.080038 0.002122 0.073080 0.000818
1 0.443656 0.963898 0.433428 0.978024 0.416380 0.985330 0.399820 0.990688 0.391540 0.998480 0.432942 0.986790 0.440734 0.976562
1 0.393488 0.783198 0.361342 0.796836 0.348680 0.803168 0.341374 0.804630 0.336990 0.811448 0.336990 0.818754 0.347704 0.820216 0.353550 0.818266 0.345756 0.816806 0.350140 0.812422 0.358908 0.813884 0.365726 0.816318 0.368648 0.823624 0.378390 0.819728 0.376928 0.811936 0.380338 0.808038 0.367674 0.812422 0.356472 0.806090 0.369622 0.801220 0.377902 0.796348 0.388132 0.793914 0.390566 0.793426 0.393976 0.790992 0.394464 0.784660
1 0.347704 0.452970 0.354036 0.474400 0.349018 0.488606 0.355508 0.496392 0.365240 0.492498 0.360856 0.478784 0.372058 0.472452 0.361830 0.468556 0.356472 0.458326 0.351602 0.446150
1 0.496746 0.416926 0.488954 0.436896 0.480674 0.442254 0.484082 0.451996 0.495286 0.460762 0.508924 0.466120 0.507462 0.459300 0.494798 0.448098 0.497720 0.434948 0.499182 0.420336
1 0.195254 0.220640 0.180156 0.233304 0.180642 0.244018 0.185512 0.251812 0.187462 0.243532 0.191844 0.236712 0.194766 0.230868
1 0.280490 0.200670 0.284874 0.214308 0.288770 0.225998 0.287310 0.232816 0.288284 0.236712 0.294128 0.224536 0.308252 0.219666 0.314584 0.212846 0.307278 0.212360 0.294616 0.217230 0.290232 0.211872 0.287310 0.205054
1 0.288284 0.079878 0.278054 0.091080 0.270748 0.098874 0.275046 0.114202 0.280004 0.114460 0.282834 0.118744 0.296076 0.104232 0.302896 0.097412 0.318482 0.090106 0.319942 0.085724 0.308740 0.085724 0.296076 0.092056 0.294128 0.087672 0.296564 0.079392
1 0.389592 0.001948 0.379364 0.017048 0.384722 0.019482 0.405666 0.016074 0.419304 0.014612 0.411024 0.008768 0.408100 0.004384 0.399334 0.007306 0.397386 0.003896
1 0.355010 0.107154 0.352088 0.118844 0.351114 0.128098 0.357934 0.135890 0.365726 0.127124 0.368648 0.110564 0.366700 0.103744
1 0.709332 0.002240 0.711604 0.017382 0.707062 0.025708 0.703276 0.037820 0.705548 0.043120 0.719930 0.037064 0.738100 0.034792 0.754754 0.025708 0.756268 0.002998 0.752484 0.006782 0.744912 0.022680 0.732800 0.022680 0.738100 0.000726
1 0.696154 0.183268 0.681710 0.180128 0.671700 0.188448 0.661716 0.189072 0.664754 0.182012 0.649860 0.204048 0.649860 0.215280 0.659220 0.217776 0.661716 0.232752 0.668580 0.219024 0.671076 0.207792 0.675444 0.201552 0.688548 0.195312 0.699156 0.194064
1 0.669204 0.498578 0.675430 0.517998 0.683556 0.526658 0.684020 0.532188 0.687432 0.541996 0.684180 0.551618 0.664404 0.566304 0.674820 0.566594 0.682308 0.570338 0.682932 0.579698 0.695412 0.575330 0.705396 0.573458 0.719124 0.570962 0.724116 0.568466 0.717122 0.562608 0.717876 0.554114 0.725364 0.550370 0.712884 0.542258 0.707474 0.537732 0.703524 0.543506 0.697908 0.549746 0.696660 0.557234 0.690420 0.567842 0.681684 0.564098 0.690420 0.554114 0.694682 0.544556 0.688548 0.527906 0.679812 0.511682