0 0.475418 0.121606 0.506094 0.132854 0.517342 0.137966 0.536772 0.137966 0.535750 0.153304 0.532682 0.168644 0.527568 0.153304 0.523478 0.163530 0.527568 0.177846 0.543930 0.189096 0.549042 0.194208 0.544952 0.201366 0.524500 0.185004 0.511208 0.168644 0.506094 0.156372 0.498936 0.174780 0.486666 0.183982 0.483598 0.176824 0.498936 0.155350 0.497914 0.144102 0.491778 0.138988 0.485642 0.140012
0 0.511208 0.331234 0.540862 0.351686 0.550066 0.355776 0.559268 0.366002 0.569494 0.366002 0.594036 0.363956 0.611420 0.361910 0.591992 0.378272 0.579720 0.376228 0.582788 0.386452 0.569494 0.371114 0.548020 0.371114 0.539840 0.377250 0.533704 0.369070 0.521434 0.351686 0.515298 0.357820 0.523478 0.368046 0.510184 0.367024 0.506094 0.353730 0.498936 0.353730 0.498936 0.361910 0.488710 0.373160 0.482576 0.372136 0.472350 0.366002 0.486666 0.354752
1 0.469282 0.376228 0.458034 0.383386 0.468260 0.389520 0.473372 0.395656 0.481552 0.378272
0 0.083142 0.420080 0.077588 0.440444 0.072960 0.446924 0.054446 0.451552 0.054446 0.467288 0.047968 0.471916 0.038710 0.452478 0.027602 0.455254 0.037786 0.478396 0.044264 0.490428 0.048892 0.491354 0.054446 0.485800 0.066480 0.488578 0.076662 0.487652 0.072034 0.505240 0.087770 0.527454 0.079440 0.516348 0.079440 0.491354 0.084994 0.477470 0.095176 0.481172 0.084068 0.500610 0.094250 0.513570 0.104432 0.523752 0.108134 0.516348 0.097952 0.498760 0.098878 0.476544 0.105358 0.467288 0.093324 0.464510 0.080366 0.455254 0.084068 0.445998 0.084068 0.433038
0 0.071108 0.565406 0.083142 0.578366 0.067406 0.580216 0.056298 0.585770 0.055372 0.602432 0.046116 0.611690 0.035008 0.607060 0.029454 0.598730 0.022050 0.619094 0.003536 0.630202 0.003536 0.645938 0.034082 0.622796 0.048892 0.623722 0.057224 0.618168 0.054446 0.630202 0.054446 0.646864 0.072034 0.622796 0.066480 0.612614 0.068332 0.593176 0.076662 0.590400 0.099804 0.582994 0.094250 0.576514 0.080366 0.566332
0 0.097026 0.219212 0.082216 0.227544 0.052596 0.225692 0.059076 0.239578 0.062778 0.246056 0.043340 0.262718 0.047968 0.274752 0.083142 0.244206 0.091472 0.244206 0.098878 0.233098 0.097026 0.228470
0 0.092398 0.247908 0.093324 0.259016 0.080366 0.270124 0.092398 0.272900 0.098878 0.274752 0.097026 0.296042 0.098878 0.303448 0.106284 0.296042 0.102580 0.270124 0.107208 0.263644 0.117392 0.272900 0.122020 0.267346 0.110912 0.255314 0.106284 0.244206 0.108134 0.234024 0.105358 0.236800
0 0.097026 0.307150 0.092398 0.322886 0.064628 0.322886 0.068332 0.328440 0.084068 0.329366 0.080366 0.341398 0.077588 0.359912 0.086844 0.378424 0.091472 0.375648 0.089622 0.355284 0.096102 0.333068 0.105358 0.335844 0.113688 0.328440 0.106284 0.319184 0.106284 0.306224
1 0.187740 0.562630 0.201626 0.568184 0.201626 0.590400 0.211808 0.577440 0.223842 0.575588 0.227544 0.570034 0.211808 0.565406 0.200700 0.559852
1 0.669080 0.555224 0.642236 0.551522 0.627426 0.552448 0.644086 0.559852 0.658898 0.559852 0.667228 0.572812 0.675560 0.580216 0.682038 0.583920 0.673708 0.565406
0 0.814406 0.417302 0.794042 0.429336 0.778306 0.436740 0.763496 0.430262 0.754240 0.420080 0.769976 0.423782 0.774604 0.426558 0.799596 0.417302 0.807002 0.410822 0.786638 0.401566 0.786638 0.392310 0.801448 0.400640 0.818110 0.407120 0.829218 0.405268 0.843102 0.396938 0.839400 0.406194 0.832920 0.409898 0.822738 0.410822
0 0.812556 0.470990 0.802374 0.485800 0.810704 0.500610 0.808852 0.508942 0.789414 0.507090 0.782934 0.510794 0.788488 0.530232 0.792192 0.518198 0.801448 0.516348 0.797746 0.523752 0.793116 0.539488 0.794968 0.549670 0.803300 0.557076 0.819036 0.563556 0.820886 0.548744 0.819036 0.550596 0.810704 0.549670 0.806076 0.530232 0.816258 0.516348 0.827366 0.504314 0.813482 0.507090 0.812556 0.499686 0.826440 0.497834 0.826440 0.486726 0.825514 0.473768 0.820886 0.475618 0.817184 0.488578 0.813482 0.491354 0.808852 0.483950
1 0.640384 0.277528 0.624648 0.285860 0.631128 0.297894 0.660748 0.303448 0.657972 0.292340 0.650566 0.284008
0 0.854210 0.380276 0.866244 0.398790 0.866244 0.408972 0.849582 0.408046 0.856062 0.419154 0.856986 0.426558 0.848656 0.438592 0.846804 0.453402 0.873648 0.432112 0.878276 0.435816 0.881980 0.426558 0.894938 0.421930 0.901418 0.418228 0.920856 0.406194 0.905120 0.409898 0.890310 0.417302 0.876426 0.419154 0.869946 0.412674 0.879202 0.410822 0.897716 0.399714 0.888458 0.392310 0.879202 0.397864 0.871798 0.391384 0.861616 0.385830
0 0.788488 0.221990 0.774604 0.234024 0.780158 0.250684 0.774604 0.267346 0.787562 0.269198 0.798670 0.269198 0.807928 0.275678 0.818110 0.284008 0.819036 0.288636 0.821812 0.298818 0.833846 0.303448 0.843102 0.295116 0.849582 0.295116 0.856986 0.290488 0.847730 0.281232 0.839400 0.266422 0.843102 0.284934 0.838474 0.290488 0.830142 0.291414 0.828292 0.284008 0.831068 0.274752 0.815332 0.265496 0.805150 0.271050 0.800522 0.266422 0.795894 0.254388 0.791266 0.248834 0.783860 0.234024
1 0.867168 0.255314 0.883830 0.266422 0.890310 0.264570 0.885682 0.271050 0.875500 0.268272
1 0.897716 0.274752 0.889384 0.285860 0.898642 0.297894 0.903270 0.304372 0.905120 0.294190 0.913452 0.284934 0.899566 0.264570
0 0.798670 0.114614 0.791266 0.137756 0.784786 0.143310 0.771826 0.136830 0.766272 0.137756 0.772752 0.149788 0.753314 0.158120 0.749612 0.183112 0.756090 0.202552 0.757016 0.166450 0.774604 0.150714 0.797746 0.145160 0.808852 0.152566 0.803300 0.169228 0.811630 0.186816 0.817184 0.193294 0.829218 0.185890 0.837548 0.165526 0.831068 0.153492 0.815332 0.147938 0.805150 0.132202 0.811630 0.122946 0.809778 0.106284
1 0.855136 0.126648 0.879202 0.131276 0.875500 0.147938 0.879202 0.163674 0.882906 0.172004 0.869020 0.170154 0.864392 0.151640 0.866244 0.138682
0 0.811630 0.038710 0.773678 0.029454 0.759794 0.016496 0.769976 0.035008 0.782934 0.043340 0.776456 0.057224 0.781084 0.058150 0.793116 0.054446 0.784786 0.072034 0.784786 0.081290 0.793116 0.062778 0.807002 0.061852 0.809778 0.053522
0 0.067406 0.681114 0.060000 0.706106 0.043340 0.712586 0.042414 0.718140 0.065554 0.705180 0.078514 0.706106 0.076662 0.722768 0.045190 0.724618 0.063704 0.730172 0.082216 0.721842 0.091472 0.740354 0.101656 0.738504 0.089622 0.715362 0.106284 0.719990 0.095176 0.735726 0.114614 0.728322 0.119242 0.713510 0.097026 0.713510 0.092398 0.698700 0.085918 0.694072 0.073886 0.689444
0 0.063704 0.765348 0.062778 0.795894 0.062778 0.803300 0.036860 0.829218 0.047042 0.827366 0.069258 0.807002 0.080366 0.803300 0.089622 0.810704 0.091472 0.819036 0.097026 0.829218 0.111838 0.819960 0.110912 0.807002 0.101656 0.820886 0.104432 0.800522 0.103506 0.800522 0.084994 0.799596 0.072034 0.795894 0.072034 0.788488 0.070182 0.783860 0.067406 0.774604
0 0.060000 0.840326 0.071108 0.863466 0.047968 0.866244 0.071108 0.872722 0.082216 0.876426 0.090548 0.880128 0.098878 0.891236 0.108134 0.885682 0.120168 0.901418 0.126648 0.913452 0.126648 0.902344 0.109986 0.889384 0.097952 0.875500 0.084994 0.868094 0.086844 0.852358 0.098878 0.842176 0.099804 0.837548 0.093324 0.835696 0.089622 0.830142 0.080366 0.841250 0.073886 0.842176
0 0.083142 0.931964 0.069258 0.925486 0.066480 0.933816 0.072034 0.943998 0.063704 0.956032 0.047968 0.957882 0.015570 0.955106 0.023900 0.967140 0.062778 0.965288 0.051670 0.978248 0.076662 0.962512 0.080366 0.976396 0.079440 0.987504 0.085918 0.994908 0.092398 0.993058 0.097026 0.997686 0.107208 0.996760 0.099804 0.983802 0.085918 0.975470 0.097026 0.957882 0.099804 0.950478 0.102580 0.943072 0.095176 0.942146
1 0.843102 0.913452 0.821812 0.925486 0.820886 0.943072 0.825514 0.953254 0.829218 0.969916 0.842176 0.977322 0.862540 0.971768 0.869020 0.958808 0.882906 0.944924 0.884756 0.931038 0.871798 0.922708 0.862540 0.918080
1 0.126648 0.197922 0.144236 0.203476 0.131276 0.215510 0.147938 0.214584 0.159972 0.203476 0.165526 0.198848 0.153492 0.196072 0.148864 0.199774 0.135904 0.191444
0 0.057224 0.086844 0.082216 0.097952 0.064628 0.116466 0.060926 0.125722 0.080366 0.115540 0.090548 0.110912 0.103506 0.101656 0.082216 0.085918 0.069258 0.081290
1 0.216436 0.314554 0.210882 0.322886 0.197922 0.324738 0.209956 0.328440 0.214584 0.333994 0.211808 0.345102 0.212734 0.337696 0.218288 0.334920
1 0.120168 0.281232 0.139606 0.276604 0.151640 0.289562 0.153492 0.296042 0.132202 0.288636 0.129424 0.300670 0.123870 0.303448 0.124796 0.291414 0.112762 0.292340 0.110912 0.282158
0 0.082216 0.595028 0.088696 0.615392 0.104432 0.627426 0.103506 0.644086 0.083142 0.656120 0.078514 0.668154 0.109060 0.650566 0.114614 0.632980 0.115540 0.622796 0.105358 0.613540 0.096102 0.605210
1 0.141458 0.635756 0.143310 0.635756 0.156268 0.621872 0.159046 0.632980 0.161822 0.647790 0.159972 0.653344 0.155342 0.664452 0.148864 0.673708 0.147012 0.647790 0.130350 0.647790
1 0.000760 0.859764 0.015570 0.856986 0.022974 0.863466 0.044264 0.863466 0.037786 0.869946 0.034082 0.888458 0.025752 0.893088 0.024826 0.892162 0.022974 0.870872 0.010016 0.869946
1 0.724618 0.002610 0.723692 0.016496 0.730172 0.025752 0.740354 0.015570 0.738504 0.009090
0 0.519124 0.439518 0.515422 0.451552 0.504314 0.471916 0.501536 0.483024 0.520976 0.476544 0.521900 0.495058 0.515422 0.492280 0.501536 0.486726 0.507090 0.499686 0.521900 0.501536 0.538562 0.483024 0.539488 0.471916 0.527454 0.467288 0.521900 0.462660 0.525604 0.454328 0.545968 0.461734 0.542266 0.448774 0.536712 0.445998 0.528380 0.434890
0 0.464510 0.567258 0.470990 0.586696 0.480246 0.595028 0.500610 0.596878 0.514496 0.595028 0.518198 0.580216 0.546894 0.577440 0.548744 0.578366 0.525604 0.590400 0.526530 0.608912 0.501536 0.615392 0.483950 0.620020 0.460808 0.620946 0.468214 0.633904 0.466362 0.637608 0.462660 0.613540 0.463584 0.602432 0.464510 0.590400 0.451552 0.599656 0.433964 0.597804 0.447848 0.593176 0.458030 0.586696 0.469138 0.581142
0 0.787562 0.840326 0.806076 0.847730 0.805150 0.853284 0.789414 0.853284 0.782010 0.855136 0.762570 0.849582 0.752388 0.852358 0.762570 0.856986 0.770902 0.859764 0.783860 0.860690 0.790340 0.863466 0.785712 0.885682 0.790340 0.886608 0.797746 0.865318 0.806076 0.857912 0.819960 0.872722 0.827366 0.881054 0.830142 0.890310 0.831994 0.898642 0.841250 0.900492 0.839400 0.888458 0.836622 0.873648 0.819960 0.858838 0.814406 0.851432 0.807002 0.837548 0.795894 0.831068
0 0.480246 0.952328 0.479320 0.984726 0.485800 0.997686 0.495058 0.983802 0.508016 0.989356 0.514496 0.969916 0.529306 0.977322 0.537636 0.968990 0.541340 0.953254 0.533008 0.946776 0.519124 0.949552 0.496908 0.947700
0 0.460808 0.301596 0.481172 0.262718 0.481172 0.297894 0.479320 0.310852 0.476544 0.322886 0.491354 0.314554 0.497834 0.317332 0.485800 0.331216 0.487652 0.348804 0.477470 0.343250 0.467288 0.331216 0.457106 0.341398 0.447848 0.358060 0.432112 0.358060 0.458030 0.338622 0.465436 0.318258 0.447848 0.334920 0.442294 0.320108 0.437666 0.316406 0.429336 0.326588 0.415450 0.326588 0.423782 0.306224 0.446924 0.310852 0.457106 0.318258
0 0.440444 0.104432 0.445072 0.125722 0.446924 0.141458 0.451552 0.127574 0.466362 0.142384 0.473768 0.136830 0.463584 0.125722 0.453402 0.106284 0.462660 0.072960 0.457106 0.063704 0.446924 0.057224 0.451552 0.073886 0.449700 0.092398
0 0.823968 0.612728 0.812232 0.599316 0.799658 0.599316 0.796304 0.604346 0.807202 0.611890 0.812232 0.619434 0.800496 0.625302 0.799658 0.610214 0.794628 0.613566 0.792952 0.626978 0.773672 0.630332 0.753554 0.629494 0.777026 0.641228 0.778702 0.651288 0.782054 0.666376 0.788760 0.678950 0.793790 0.674758 0.801334 0.683142 0.803010 0.689008 0.817262 0.690686 0.808878 0.669730 0.798820 0.671406 0.798820 0.654640 0.802172 0.642066 0.814746 0.632008 0.815584 0.627816 0.819776 0.624464 0.832350 0.621948 0.845762 0.621948 0.848276 0.610214 0.838218 0.607698 0.834026 0.609376
1 0.914498 0.585066 0.906116 0.597640 0.901924 0.607698 0.892704 0.616082 0.905278 0.614404 0.905278 0.620272 0.906954 0.638714 0.911146 0.641228 0.917014 0.623626 0.916174 0.617758 0.911146 0.611052 0.917014 0.600154
1 0.947190 0.648772 0.953896 0.637038 0.959764 0.636200 0.955572 0.649612 0.954734 0.663024 0.954734 0.671406 0.947190 0.658832 0.940484 0.653802 0.925396 0.657994 0.920366 0.656318 0.921204 0.652126 0.927072 0.651288 0.934616 0.648772
0 0.803850 0.714994 0.782892 0.727568 0.777026 0.721700 0.761936 0.720862 0.749362 0.729244 0.771158 0.730084 0.774510 0.748524 0.797144 0.730922 0.821452 0.718348 0.830674 0.709966 0.838218 0.704936 0.829836 0.699068 0.829836 0.684818 0.824806 0.692362 0.817262 0.705774
0 0.526388 0.813070 0.496212 0.817262 0.475254 0.827320 0.501240 0.830674 0.515490 0.829836 0.522196 0.828158 0.528064 0.827320 0.520520 0.844086 0.535608 0.843248 0.544830 0.834026 0.546506 0.823130 0.534770 0.816424
1 0.558242 0.693200 0.543154 0.695714 0.536448 0.709126 0.556566 0.703260 0.561594 0.706612 0.568300 0.704098 0.574168 0.694876 0.574168 0.671406 0.570816 0.675596 0.567462 0.689008 0.566624 0.689008
1 0.624464 0.696554 0.601830 0.700744 0.600154 0.706612 0.619434 0.705774 0.625302 0.709966 0.631170 0.715832 0.634522 0.705774 0.634522 0.699068 0.637876 0.692362
0 0.857498 0.731760 0.830674 0.715832 0.816424 0.725892 0.843248 0.735950 0.861688 0.750202 0.853306 0.759422 0.838218 0.760260 0.844086 0.769480 0.875938 0.764452 0.890190 0.766128 0.885160 0.758584 0.879292 0.746848 0.877616 0.730922
1 0.961440 0.706612 0.943838 0.709966 0.959764 0.715832 0.952220 0.725054 0.952220 0.730084 0.967308 0.722538 0.968146 0.713318
1 0.984912 0.745172 0.985750 0.762774 0.987426 0.776186 0.985750 0.792114 0.991618 0.788760 0.993294 0.770320 0.994970 0.757746 0.992456 0.752716
1 0.226294 0.740980 0.225456 0.762774 0.233000 0.775348 0.238868 0.784570 0.253118 0.786246 0.241382 0.774510 0.233838 0.760260
1 0.847438 0.021760 0.849954 0.034334 0.858336 0.037688 0.863366 0.027628 0.865880 0.020922 0.859174 0.016732
1 0.958926 0.114806 0.960602 0.120674 0.950544 0.127380 0.956410 0.134924 0.965632 0.134086 0.968146 0.122352
1 0.970662 0.227132 0.981558 0.238868 0.989940 0.238868 0.996646 0.243060 0.991618 0.227132 0.988264 0.231324 0.979882 0.223780
1 0.647496 0.627792 0.646638 0.642356 0.644926 0.652636 0.659488 0.632076 0.669768 0.629506 0.675764 0.620082 0.664628 0.620082
1 0.418774 0.594384 0.423058 0.598668 0.416204 0.609804 0.423914 0.617514 0.435906 0.607234 0.435050 0.596954 0.426484 0.589244
1 0.299702 0.834242 0.315978 0.840238 0.315978 0.849660 0.323688 0.841094 0.339108 0.850518 0.345104 0.846234 0.332254 0.835098 0.323688 0.832528 0.315978 0.828244 0.311694 0.833384 0.292848 0.823962
1 0.232884 0.963594 0.232028 0.978156 0.221748 0.977300 0.229458 0.985866 0.232884 0.990148 0.238880 0.997002 0.241450 0.983296 0.231172 0.976442
1 0.940464 0.968732 0.954170 0.975586 0.949030 0.993576 0.957596 0.986722 0.960166 0.973016 0.960166 0.967020
1 0.966162 0.932754 0.979012 0.937894 0.991862 0.932754 0.991006 0.942178 0.996146 0.956740 0.985866 0.950744 0.982440 0.943034 0.977300 0.943034
0 0.785414 0.956740 0.758858 0.966162 0.729732 0.967876 0.721166 0.974730 0.748578 0.980726 0.769138 0.975586 0.777704 0.973016 0.769138 0.989292 0.786270 0.978156 0.793980 0.969590 0.797406 0.961024 0.797406 0.955026
1 0.528424 0.870220 0.536132 0.888210 0.524996 0.895062 0.526710 0.906198 0.537846 0.904486 0.543842 0.899346 0.556692 0.910482 0.558406 0.897632 0.546412 0.893350 0.544700 0.878786
1 0.589244 0.777704 0.581534 0.791410 0.584104 0.800832 0.594384 0.795692 0.601236 0.802546 0.607234 0.796550 0.602094 0.789696 0.596098 0.782844
2 0.427340 0.969590 0.439334 0.978156 0.448756 0.962736 0.449612 0.984152 0.441904 0.997002 0.439334 0.992718 0.432480 0.989292 0.428196 0.982440
1 0.910960 0.004480 0.916704 0.019416 0.920152 0.026310 0.929342 0.013672 0.923598 0.007928