0 0.399410 0.033776 0.382970 0.009444 0.371346 0.006706 0.342844 0.005868 0.356256 0.007544 0.370506 0.012574 0.382242 0.022632
0 0.389546 0.103482 0.393492 0.089672 0.367188 0.071918 0.355256 0.072304 0.340858 0.069800 0.327086 0.073556 0.311436 0.083572 0.313940 0.092962 0.318948 0.111116 0.326460 0.126140 0.344614 0.133026 0.357760 0.139912 0.364646 0.137408 0.358386 0.109864 0.346492 0.103604 0.339606 0.090458 0.340858 0.086702 0.348996 0.086076 0.358386 0.086076 0.382970 0.094934
0 0.344614 0.161196 0.334598 0.176846 0.317070 0.184358 0.315192 0.191870 0.304550 0.201260 0.291404 0.215658 0.278884 0.230682 0.281388 0.249462 0.293908 0.256974 0.293282 0.275128 0.304550 0.271998 0.330216 0.271372 0.308306 0.263234 0.299542 0.257600 0.292656 0.230056 0.313940 0.208146 0.333346 0.196878 0.347118 0.193122 0.353378 0.195626 0.365214 0.216594 0.367776 0.208146 0.358638 0.190288 0.357324 0.188974 0.369654 0.186862 0.375914 0.203138 0.385600 0.233034 0.387182 0.218788 0.380922 0.194374 0.365898 0.180602 0.342736 0.181228 0.350248 0.171212 0.352062 0.154120
0 0.368502 0.944576 0.378368 0.922216 0.371134 0.902488 0.348116 0.892624 0.354036 0.864346 0.344170 0.871580 0.338252 0.876184 0.329046 0.865004 0.326416 0.872238 0.334306 0.883418 0.338910 0.895912 0.334964 0.906434 0.338910 0.912352 0.336280 0.917614 0.329704 0.930108 0.340226 0.937342 0.349432 0.939972 0.341540 0.928136 0.341540 0.919586 0.350090 0.923532 0.357980 0.935370
0 0.340924 0.552514 0.342088 0.575764 0.342088 0.587390 0.339762 0.594366 0.338018 0.600180 0.342668 0.603666 0.342668 0.615292 0.318254 0.626918 0.306048 0.630406 0.306048 0.635056 0.318836 0.630988 0.338600 0.627500 0.356620 0.614712 0.359526 0.603086 0.352550 0.593784 0.356038 0.592042 0.367082 0.586810 0.357782 0.582740 0.366502 0.567626 0.376384 0.558908 0.374058 0.553676 0.355396 0.569164 0.353132 0.579252 0.351388 0.587390 0.347900 0.586228 0.347320 0.567626 0.347900 0.546120
0 0.673510 0.006610 0.673510 0.029982 0.670172 0.047510 0.656818 0.061698 0.650140 0.075888 0.630942 0.073384 0.628438 0.050848 0.620926 0.010784 0.610910 0.020800 0.614250 0.046674 0.622596 0.063368 0.621762 0.076722 0.606738 0.079226 0.605902 0.088408 0.627604 0.089242 0.635116 0.085904 0.645132 0.085904 0.652644 0.090078 0.664330 0.118456 0.665998 0.131810 0.677584 0.140310 0.681022 0.126802 0.675180 0.094250 0.679354 0.082566 0.655148 0.085904 0.665164 0.067542 0.680188 0.050014 0.683526 0.021634 0.685196 0.014122
0 0.650140 0.144330 0.645966 0.163528 0.623430 0.160190 0.602564 0.145166 0.600060 0.152678 0.607572 0.160190 0.620926 0.169370 0.620926 0.176048 0.618422 0.186064 0.602564 0.194412 0.587540 0.197750 0.558326 0.196916 0.565838 0.208600 0.612580 0.196080 0.644298 0.181892 0.672676 0.184396 0.658486 0.175214 0.665998 0.153512 0.664330 0.140992 0.653478 0.164362
0 0.709806 0.473064 0.708984 0.464844 0.651664 0.460598 0.629374 0.438306 0.617698 0.412832 0.617698 0.437246 0.626188 0.457414 0.628312 0.463782 0.595406 0.475458 0.585852 0.464844 0.578422 0.462720 0.574176 0.473336 0.576300 0.505180 0.586914 0.490320 0.607082 0.478644 0.630434 0.469090 0.637866 0.480766 0.654848 0.479704 0.639988 0.503058 0.639988 0.525348 0.641050 0.531718 0.659094 0.498812 0.671832 0.487134 0.678202 0.478644 0.693062 0.474398
0 0.693152 0.496290 0.681268 0.500424 0.663340 0.526410 0.650602 0.543394 0.643172 0.560378 0.629374 0.554008 0.614512 0.562500 0.592222 0.554008 0.591160 0.560378 0.608144 0.568868 0.609206 0.585852 0.620882 0.591160 0.629374 0.577360 0.644234 0.578422 0.652726 0.578422 0.668648 0.590098 0.666526 0.578422 0.694124 0.577360 0.658034 0.563562 0.670772 0.537024 0.686952 0.524708
0 0.662280 0.662280 0.652726 0.673956 0.648480 0.694124 0.652726 0.719600 0.665464 0.723846 0.696246 0.723846 0.693062 0.733398 0.666526 0.738706 0.656972 0.749320 0.651664 0.766304 0.626188 0.773734 0.614512 0.771612 0.633620 0.750382 0.634680 0.733398 0.636804 0.712168 0.636804 0.699432 0.592222 0.687754 0.592222 0.678202 0.631496 0.688816 0.641050 0.678202 0.639988 0.653788 0.646356 0.650602 0.648480 0.661218
0 0.628256 0.819950 0.623914 0.853226 0.624638 0.872758 0.639830 0.869864 0.644170 0.887948 0.639106 0.916884 0.643446 0.911820 0.644170 0.922670 0.634766 0.937138 0.649956 0.932798 0.655744 0.895182 0.657914 0.875652 0.670212 0.884332 0.655020 0.853226 0.644170 0.823568
1 0.000206 0.440172 0.016652 0.445826 0.007402 0.437602 0.009458 0.429894 0.002262 0.432976
1 0.465100 0.285680 0.448696 0.288242 0.439468 0.286192 0.438444 0.300032 0.439982 0.306698 0.447158 0.295932 0.458948 0.294394 0.471764 0.289780
1 0.257484 0.287218 0.250308 0.293368 0.242618 0.299520 0.226726 0.291830 0.228264 0.288754 0.241592 0.293368 0.245694 0.292344 0.249794 0.287218
1 0.253896 0.380004 0.235442 0.379490 0.225702 0.383592 0.226214 0.390256 0.236466 0.388718 0.244668 0.388206 0.249282 0.385642 0.261586 0.378978
1 0.266200 0.402560 0.244668 0.403072 0.238518 0.396408 0.233034 0.390204 0.223170 0.380998 0.220574 0.404096 0.234416 0.405122 0.239030 0.411786 0.245182 0.408710 0.256460 0.406660
1 0.393844 0.385642 0.378978 0.392820 0.373852 0.393844 0.366162 0.381028 0.363600 0.391282 0.367700 0.396920 0.367188 0.406148 0.380004 0.409736 0.383592 0.408710 0.377952 0.401022 0.391282 0.394356
1 0.437930 0.495346 0.427678 0.491756 0.409736 0.494320 0.404096 0.487144 0.389230 0.478428 0.391282 0.489706 0.403072 0.493294 0.407172 0.502010 0.408198 0.505086 0.421014 0.502010 0.427678 0.499446
1 0.376928 0.513800 0.350270 0.516364 0.338480 0.511236 0.331304 0.506624 0.329766 0.512262 0.341556 0.518414 0.348732 0.525590 0.355396 0.528154 0.355396 0.524566 0.367188 0.520464
1 0.241592 0.552760 0.231340 0.534818 0.232878 0.522002 0.224164 0.529178 0.220574 0.532254 0.206734 0.529178 0.211348 0.538406 0.215962 0.537382 0.222626 0.537894 0.226726 0.546608 0.231852 0.552248
1 0.477148 0.675006 0.460606 0.666098 0.450428 0.663554 0.445338 0.653374 0.435158 0.648284 0.432614 0.650194 0.437068 0.659736 0.438340 0.668006 0.451064 0.675006 0.457426 0.677550 0.468242 0.676278
0 0.325616 0.363088 0.329590 0.369902 0.318234 0.380690 0.312556 0.377850 0.297794 0.369902 0.295524 0.373876 0.305744 0.381256 0.307446 0.389774 0.302336 0.396018 0.281898 0.399994 0.279626 0.405104 0.294956 0.403400 0.312556 0.397154 0.314828 0.392612 0.319938 0.402832 0.321074 0.392612 0.335836 0.374444 0.334700 0.363088
0 0.335268 0.342080 0.348326 0.355140 0.354572 0.365928 0.346622 0.371604 0.323344 0.371036 0.306312 0.364224 0.286440 0.355708 0.283032 0.344920 0.300066 0.347190 0.305744 0.347758 0.315396 0.352868 0.315964 0.356842 0.318234 0.360818 0.322776 0.364792 0.324480 0.356274 0.331294 0.357410 0.338674 0.365360 0.342648 0.356274 0.336404 0.355140 0.327886 0.349462
0 0.359538 0.426108 0.354514 0.443692 0.355142 0.449972 0.346350 0.472580 0.345094 0.447460 0.337558 0.464416 0.329394 0.480118 0.328138 0.466300 0.324370 0.458764 0.330650 0.449344 0.339442 0.444320 0.346350 0.442436 0.350118 0.424852
1 0.265554 0.726438 0.265112 0.738812 0.279252 0.745440 0.273066 0.749858 0.262020 0.742788 0.253624 0.735276 0.253624 0.732184 0.258484 0.733068
0 0.351280 0.738812 0.334930 0.741904 0.327860 0.739254 0.323442 0.730416 0.315930 0.745882 0.317254 0.754720 0.318138 0.758696 0.325650 0.756928 0.333162 0.760464 0.341116 0.755162 0.360560 0.760464 0.368072 0.753836 0.381328 0.759580 0.391050 0.755162 0.398120 0.749858 0.378676 0.732184 0.368514 0.722020 0.371606 0.735276 0.378676 0.739696 0.372048 0.744114 0.365420 0.747650 0.359234 0.751184 0.358792 0.732184 0.356140 0.748092 0.353930 0.748532
0 0.629416 0.997268 0.638388 0.975182 0.653572 0.974492 0.668066 0.976562 0.663234 0.995886 0.658204 0.998046 0.646670 0.997268 0.650122 0.982084 0.645980 0.989676 0.639080 0.997958
1 0.804024 0.729488 0.795054 0.747432 0.804716 0.750194 0.788152 0.750194 0.784010 0.745362 0.791602 0.733630
1 0.587640 0.944230 0.584932 0.947710 0.586092 0.955832 0.587252 0.955832 0.592668 0.958540 0.586478 0.961246 0.586092 0.970916 0.581064 0.972850 0.578358 0.979812 0.567528 0.970142 0.560566 0.965502 0.557086 0.972076 0.554764 0.959314 0.554764 0.952352 0.565980 0.951964 0.571782 0.950418 0.577196 0.957766 0.581452 0.954286 0.578744 0.940748
1 0.563660 0.780632 0.565980 0.791460 0.561726 0.801516 0.562114 0.807704 0.555538 0.800356 0.557086 0.790300
1 0.591006 0.620566 0.594172 0.634642 0.595228 0.645904 0.595228 0.657868 0.590302 0.652238 0.587134 0.638162 0.582560 0.629716 0.587838 0.633586 0.587838 0.624086 0.587486 0.618454
1 0.759872 0.456346 0.758816 0.464790 0.772540 0.465846 0.780458 0.469542 0.755648 0.471126 0.754064 0.477460 0.747730 0.472182 0.749842 0.464264 0.748786 0.458456 0.748786 0.453706
1 0.992662 0.453706 0.986856 0.466374 0.988968 0.482210 0.981050 0.481154 0.977354 0.451594 0.981578 0.456346 0.985800 0.448426 0.992662 0.447900
1 0.541332 0.266840 0.526552 0.277396 0.519690 0.285314 0.528136 0.297984 0.537110 0.302206 0.534998 0.292176 0.530248 0.286370 0.536054 0.278980 0.543444 0.272118
0 0.650074 0.316986 0.664854 0.312236 0.676468 0.310124 0.675412 0.318042 0.684914 0.319098 0.704444 0.314876 0.712890 0.305374 0.689664 0.302206 0.674356 0.302206 0.663116 0.298796 0.650602 0.306430 0.646378 0.306430 0.646906 0.281620 0.639516 0.298512 0.636878 0.301678 0.614178 0.303790 0.605204 0.306958 0.605204 0.312764 0.631070 0.313820 0.637404 0.314348 0.639442 0.327730 0.642156 0.327544 0.643740 0.317514 0.643740 0.315404
1 0.966422 0.194316 0.966422 0.206782 0.961436 0.219248 0.970578 0.217586 0.988032 0.224236 0.973072 0.210106
1 0.722424 0.136952 0.711728 0.150438 0.709402 0.158808 0.722888 0.162528 0.717774 0.155088 0.720098 0.146716
1 0.590820 0.143462 0.592680 0.153228 0.594540 0.163922 0.604306 0.168108 0.611282 0.178804 0.595006 0.170898 0.586636 0.165318 0.586636 0.175084 0.580590 0.173688 0.574080 0.163922 0.575474 0.159272 0.581520 0.159272 0.584774 0.150902 0.585240 0.142532
1 0.387746 0.585432 0.388538 0.598874 0.396444 0.614688 0.378258 0.604410 0.370350 0.590176 0.373514 0.586222