0 0.208416 0.095746 0.204672 0.105106 0.205296 0.115090 0.205296 0.120706 0.195936 0.123202 0.189696 0.124450 0.189072 0.131938 0.196560 0.132562 0.200928 0.139426 0.208416 0.150034 0.219648 0.156274 0.231504 0.155650 0.224640 0.150034 0.214032 0.140050 0.215904 0.128194 0.223392 0.124450 0.222768 0.116962 0.219648 0.106354 0.220896 0.098242
0 0.234000 0.167506 0.227136 0.171250 0.219024 0.173748 0.214656 0.176868 0.207792 0.182484 0.202176 0.185604 0.192192 0.185604 0.184080 0.189348 0.180336 0.196212 0.190944 0.198084 0.198432 0.196212 0.199056 0.201204 0.195936 0.209316 0.209664 0.209316 0.219648 0.206820 0.225264 0.199956 0.224640 0.191844 0.220896 0.185604 0.224016 0.179364 0.232752 0.175620
0 0.220896 0.252372 0.219024 0.262356 0.216528 0.268596 0.213408 0.272340 0.208416 0.268596 0.202800 0.262980 0.192192 0.262356 0.182832 0.266724 0.176592 0.272964 0.167856 0.279204 0.167232 0.284196 0.174720 0.283572 0.180960 0.283572 0.185952 0.282324 0.186576 0.287940 0.184080 0.296676 0.187200 0.306660 0.193440 0.311652 0.192192 0.303540 0.190944 0.294180 0.193440 0.284820 0.200304 0.282324 0.205920 0.282324 0.211536 0.284196 0.215280 0.287940 0.219024 0.282948 0.224016 0.267348 0.225888 0.258612
0 0.192816 0.339108 0.186576 0.343476 0.178464 0.343476 0.167232 0.342852 0.158496 0.345348 0.168480 0.349716 0.180960 0.352836 0.184704 0.355332 0.182832 0.365316 0.178464 0.371556 0.175968 0.376548 0.174096 0.380916 0.183456 0.377172 0.189696 0.371556 0.192816 0.362196 0.194064 0.352836 0.197808 0.350340 0.207168 0.354084 0.214656 0.355332 0.220272 0.362196 0.225264 0.372180 0.233376 0.374052 0.232128 0.367188 0.225888 0.357828 0.219648 0.350964 0.215280 0.349716 0.203424 0.346596 0.199680 0.339732
0 0.230880 0.491364 0.221520 0.491988 0.216528 0.497604 0.214032 0.503844 0.212160 0.509460 0.209040 0.511956 0.203424 0.512580 0.196560 0.513828 0.187200 0.515076 0.182208 0.521940 0.181584 0.525060 0.189072 0.523812 0.196560 0.521940 0.202176 0.521940 0.201552 0.525684 0.198432 0.530052 0.193440 0.531924 0.185952 0.532548 0.180336 0.533172 0.177216 0.536916 0.188448 0.540660 0.199680 0.540036 0.206544 0.535668 0.210288 0.530676 0.214656 0.531924 0.220272 0.535668 0.225888 0.536916 0.221520 0.529428 0.215280 0.521940 0.214656 0.516948 0.220272 0.511956 0.221520 0.503220 0.225264 0.500100 0.230256 0.500100 0.237120 0.500100
0 0.187150 0.578394 0.189188 0.588588 0.191634 0.593480 0.200198 0.597150 0.204682 0.599190 0.209984 0.607752 0.212430 0.615908 0.220992 0.622024 0.232410 0.628140 0.240156 0.628548 0.232818 0.621616 0.220992 0.612238 0.218138 0.607344 0.221808 0.592666 0.221400 0.582064 0.213654 0.574724 0.205090 0.575540 0.192042 0.576356
0 0.220992 0.636294 0.216508 0.640780 0.212838 0.646080 0.207944 0.649750 0.198566 0.656682 0.189596 0.658314 0.180626 0.660352 0.172878 0.662390 0.167170 0.664022 0.178178 0.670138 0.185110 0.670954 0.184296 0.676254 0.184702 0.681148 0.194082 0.676254 0.199382 0.672176 0.205090 0.674216 0.210798 0.679516 0.215284 0.681554 0.214060 0.687264 0.210392 0.692972 0.206722 0.698272 0.203052 0.702350 0.198158 0.708466 0.205906 0.707652 0.216100 0.699088 0.223846 0.688894 0.223846 0.676254 0.220584 0.667284 0.214876 0.666876 0.218954 0.657498 0.223846 0.653828 0.227924 0.644858 0.225886 0.635072
0 0.213246 0.724776 0.202644 0.726816 0.195712 0.726000 0.191634 0.723146 0.188780 0.719884 0.185518 0.721514 0.187150 0.728854 0.187964 0.732524 0.178586 0.733748 0.172878 0.735378 0.173694 0.742310 0.176140 0.748018 0.178994 0.741494 0.185518 0.741086 0.189188 0.742718 0.190004 0.750464 0.193266 0.758620 0.198974 0.763920 0.202236 0.753320 0.202236 0.744348 0.205498 0.736602 0.208352 0.737824 0.214468 0.741902 0.217322 0.746796 0.220992 0.747610 0.218138 0.754950 0.215284 0.760250 0.207536 0.761066 0.203868 0.762290 0.206722 0.764736 0.214876 0.765552 0.223440 0.762698 0.226702 0.752504 0.227924 0.743126 0.226294 0.738640 0.223440 0.730486 0.221808 0.726816 0.219770 0.733748 0.216916 0.737010 0.214060 0.730486
0 0.228332 0.797356 0.234040 0.799394 0.225886 0.804696 0.223440 0.806734 0.221808 0.812036 0.220178 0.816112 0.213246 0.816520 0.212430 0.821006 0.211206 0.828346 0.212430 0.836908 0.212430 0.844656 0.215692 0.847918 0.223846 0.851180 0.232818 0.854034 0.243826 0.855256 0.253204 0.856072 0.258098 0.856480 0.251574 0.859334 0.240972 0.858926 0.234448 0.858518 0.231594 0.858518 0.228332 0.863412 0.224662 0.865450 0.222624 0.863412 0.222216 0.857704 0.214468 0.854848 0.207130 0.849956 0.203460 0.845878 0.202644 0.833238 0.206314 0.822636 0.206314 0.816520 0.201420 0.821414 0.196936 0.824676 0.188780 0.825084 0.183072 0.825084 0.177364 0.822228 0.171654 0.818560 0.172878 0.810404 0.176956 0.814482 0.183888 0.816928 0.191226 0.817744 0.199790 0.816520 0.205498 0.812442 0.213246 0.812036 0.206314 0.809996 0.205906 0.807142 0.217322 0.807142 0.219362 0.802250 0.222624 0.799802
0 0.218138 0.860558 0.209984 0.859742 0.206722 0.863004 0.203868 0.868712 0.196528 0.869120 0.186742 0.869528 0.185926 0.871158 0.182032 0.871094 0.183790 0.862110 0.185546 0.852930 0.189062 0.848242 0.187304 0.846680 0.183594 0.849414 0.181054 0.854102 0.179882 0.858984 0.178710 0.863476 0.178516 0.867578 0.177734 0.872070 0.181446 0.876172 0.186132 0.875586 0.186328 0.877734 0.182618 0.879102 0.178906 0.879296 0.180274 0.882812 0.185156 0.885742 0.189454 0.891312 0.193676 0.922984 0.199482 0.923512 0.195788 0.898702 0.197736 0.891332 0.201128 0.887214 0.205490 0.882124 0.206944 0.876794 0.211306 0.874612 0.217606 0.874128 0.221726 0.868796 0.223180 0.866130
0 0.175342 0.940344 0.176140 0.947932 0.183730 0.951128 0.187724 0.951528 0.189720 0.960314 0.193316 0.968702 0.200106 0.962312 0.206096 0.955122 0.218878 0.953924 0.221274 0.954324 0.216482 0.963510 0.216482 0.968302 0.217280 0.975092 0.227664 0.968702 0.232058 0.959916 0.230460 0.951128 0.223272 0.943540 0.216082 0.941942 0.207294 0.942740 0.198508 0.944738 0.189720 0.946334 0.187324 0.942340 0.182532 0.939544
0 0.349794 0.005186 0.351900 0.013184 0.354424 0.017392 0.352320 0.019918 0.349374 0.016972 0.345164 0.008974 0.344322 0.000556
0 0.382628 0.039282 0.378838 0.043490 0.372946 0.046438 0.366632 0.052330 0.360318 0.058224 0.359056 0.063696 0.359056 0.070852 0.359476 0.078428 0.363264 0.080954 0.362422 0.072114 0.365370 0.063274 0.369578 0.058644 0.378418 0.054434 0.387258 0.052330 0.386416 0.058644 0.396518 0.059066 0.403674 0.060328 0.403674 0.065800 0.403674 0.075902 0.407042 0.080532 0.408726 0.074640 0.408726 0.061590 0.416722 0.059066 0.422616 0.054856 0.422194 0.051910 0.412514 0.054014 0.407042 0.052330 0.406620 0.047280 0.402832 0.043912 0.392730 0.040966
0 0.363264 0.115050 0.367052 0.123888 0.376314 0.128098 0.382628 0.131044 0.390204 0.131044 0.395676 0.130202 0.401570 0.128098 0.410408 0.131044 0.414618 0.136516 0.419670 0.141988 0.421354 0.147882 0.416722 0.161772 0.412092 0.165562 0.405778 0.167666 0.402832 0.166402 0.407042 0.162194 0.413356 0.155880 0.412514 0.148724 0.401148 0.147460 0.399044 0.151250 0.397780 0.156722 0.394834 0.151670 0.393150 0.141146 0.379680 0.142410 0.371684 0.142410 0.368316 0.148724 0.371262 0.155880 0.375472 0.160930 0.373366 0.166402 0.364948 0.161772 0.360318 0.154196 0.361580 0.143252 0.363686 0.136516 0.365790 0.131886 0.362422 0.126414 0.359896 0.120522
0 0.349794 0.227858 0.359056 0.224912 0.369158 0.221124 0.384732 0.222386 0.391888 0.218178 0.396938 0.213548 0.393150 0.222386 0.388942 0.227438 0.388520 0.235436 0.390624 0.245960 0.394834 0.253956 0.399886 0.259850 0.398202 0.262376 0.394834 0.260692 0.391466 0.256482 0.390204 0.262376 0.387678 0.263218 0.383048 0.251432 0.379260 0.244276 0.381364 0.229964 0.370842 0.230384 0.359476 0.230806 0.352320 0.229122
0 0.370420 0.263218 0.368736 0.269952 0.379680 0.273740 0.390204 0.275424 0.393572 0.275424 0.395256 0.281318 0.398622 0.284684 0.401570 0.289736 0.400728 0.294366 0.393992 0.298154 0.388100 0.299418 0.385152 0.301944 0.383890 0.304890 0.394834 0.303626 0.406200 0.297312 0.407884 0.289316 0.403252 0.279212 0.406620 0.272478 0.405778 0.269110 0.394834 0.269532 0.383470 0.267426 0.377156 0.264900
0 0.362422 0.347404 0.373366 0.347404 0.382628 0.344878 0.394834 0.344878 0.399886 0.344878 0.402832 0.343194 0.404936 0.347824 0.412934 0.349930 0.414198 0.355822 0.412934 0.361716 0.409146 0.365504 0.404094 0.367188 0.394834 0.366766 0.391046 0.365504 0.396518 0.363400 0.402832 0.362136 0.406200 0.358768 0.407042 0.353718 0.395676 0.353296 0.385574 0.353296 0.375892 0.353296 0.368316 0.353296 0.363264 0.353296
0 0.399044 0.419384 0.390624 0.423592 0.387258 0.428644 0.386416 0.438326 0.386416 0.447586 0.386836 0.457266 0.393572 0.468212 0.398622 0.474104 0.403674 0.470316 0.402412 0.457688 0.404936 0.446322 0.405778 0.437484 0.408304 0.431590 0.417564 0.432012 0.421354 0.426960 0.416302 0.423172 0.408726 0.424434 0.404094 0.421908
0 0.393150 0.477050 0.389362 0.482102 0.386416 0.488416 0.386416 0.492204 0.382628 0.494730 0.387678 0.500202 0.395676 0.501044 0.390204 0.510304 0.386836 0.519564 0.385152 0.527984 0.383890 0.535982 0.385152 0.543558 0.384312 0.549452 0.391466 0.544820 0.391046 0.533456 0.393992 0.517040 0.397780 0.512410 0.402412 0.506516 0.400306 0.519986 0.407884 0.517882 0.411672 0.505674 0.413356 0.493468 0.405778 0.487996 0.401570 0.480418 0.398202 0.478314
0 0.409566 0.648370 0.407042 0.660156 0.402832 0.665208 0.402412 0.672784 0.402832 0.681202 0.402832 0.686674 0.397360 0.684992 0.389784 0.688780 0.385574 0.687938 0.381364 0.686674 0.391888 0.683728 0.395676 0.676152 0.396518 0.661840 0.396518 0.658472 0.390204 0.657630 0.385574 0.657630 0.377156 0.653842 0.362844 0.651316 0.351058 0.651316 0.343902 0.648792 0.347690 0.645002 0.365790 0.646686 0.375472 0.644582 0.385574 0.648370 0.394414 0.652158 0.402412 0.650474 0.405358 0.647950
0 0.370000 0.721612 0.366210 0.727926 0.364106 0.735082 0.361580 0.740554 0.357372 0.741818 0.357792 0.747290 0.362844 0.748132 0.370420 0.735082 0.373366 0.730872 0.380944 0.730872 0.383890 0.735504 0.388942 0.740554 0.393572 0.742238 0.403674 0.750656 0.421354 0.759496 0.433140 0.763284 0.437770 0.761600 0.435244 0.757392 0.424300 0.755286 0.412092 0.748972 0.407884 0.741818 0.407462 0.735082 0.409566 0.727084 0.405358 0.718666 0.396518 0.717824 0.384312 0.719508 0.375472 0.721192
0 0.378838 0.857994 0.382628 0.862624 0.389362 0.864730 0.397780 0.867254 0.409146 0.870202 0.412934 0.871886 0.413356 0.877358 0.411250 0.879462 0.405358 0.876094 0.403674 0.879882 0.406620 0.886196 0.411250 0.892510 0.412514 0.894616 0.413356 0.903876 0.412514 0.907664 0.407042 0.903456 0.403252 0.905138 0.404094 0.896300 0.399464 0.889564 0.399044 0.879882 0.397360 0.873148 0.389362 0.873568 0.390204 0.882830 0.388942 0.889144 0.384732 0.891668 0.378418 0.892932 0.365790 0.892932 0.360318 0.887880 0.364948 0.884514 0.377576 0.884934 0.383890 0.879462 0.380944 0.876516 0.373788 0.874832 0.377156 0.869780 0.375472 0.863046
0 0.400200 0.794194 0.398284 0.806066 0.401732 0.811428 0.400966 0.814874 0.395986 0.817938 0.386796 0.819088 0.379902 0.820236 0.376456 0.822534 0.382200 0.826746 0.394454 0.824832 0.401732 0.823300 0.403262 0.828662 0.405178 0.833640 0.407092 0.837852 0.407858 0.844746 0.407476 0.850108 0.408624 0.855852 0.412838 0.845512 0.412838 0.833640 0.412838 0.829810 0.408242 0.826364 0.408624 0.820236 0.415134 0.823300 0.416284 0.829044 0.422412 0.829044 0.423944 0.821002 0.418582 0.817172 0.412838 0.814108 0.408242 0.812194 0.405178 0.804152 0.404794 0.796874
0 0.377222 0.949296 0.382200 0.956572 0.389476 0.957338 0.403262 0.960018 0.411688 0.961934 0.417050 0.964996 0.415134 0.972274 0.414368 0.976486 0.411306 0.971890 0.411306 0.966912 0.405178 0.966912 0.402496 0.971890 0.397518 0.973040 0.397902 0.967678 0.391390 0.966528 0.387178 0.970742 0.383732 0.974188 0.384498 0.966146 0.381434 0.962316 0.376072 0.958104
0 0.608836 0.039314 0.614580 0.044700 0.618890 0.048648 0.626788 0.049008 0.623916 0.052238 0.615658 0.049726 0.613144 0.048648 0.615658 0.054394 0.613144 0.058702 0.607400 0.060856 0.604888 0.061932 0.601296 0.068036 0.604888 0.072344 0.600220 0.075576 0.596630 0.080602 0.594834 0.085270 0.593758 0.092092 0.600578 0.093528 0.603450 0.091374 0.605964 0.082398 0.612426 0.073422 0.620326 0.067318 0.626788 0.059060 0.629660 0.061574 0.635764 0.064804 0.636122 0.058342 0.640790 0.054394 0.646894 0.054394 0.652638 0.053316 0.656588 0.054752 0.660896 0.057984 0.669872 0.067678 0.672744 0.071626 0.676694 0.076652 0.678848 0.078808 0.679566 0.071268 0.674180 0.065164 0.668436 0.058702 0.660178 0.047212 0.653716 0.044340 0.646176 0.043622 0.639354 0.045776 0.633250 0.046854 0.626070 0.043622 0.620684 0.041468 0.614580 0.038596 0.612426 0.037160
0 0.649406 0.094964 0.639354 0.097476 0.633968 0.100348 0.627866 0.108248 0.630738 0.113992 0.624634 0.111838 0.620684 0.112556 0.610990 0.119378 0.605246 0.125482 0.600220 0.129430 0.595912 0.132302 0.605246 0.133380 0.616736 0.130508 0.623198 0.128354 0.629302 0.125482 0.625352 0.130148 0.627866 0.134816 0.627148 0.140202 0.624634 0.145228 0.622838 0.151690 0.629660 0.146664 0.635404 0.141278 0.635404 0.133738 0.638996 0.129072 0.639354 0.135892 0.647252 0.139842 0.654074 0.140202 0.654074 0.129790 0.653356 0.123326 0.650484 0.127276 0.648688 0.122250 0.655870 0.117942 0.663050 0.114710 0.659100 0.106812 0.656946 0.099630
0 0.631674 0.257212 0.631290 0.263364 0.632828 0.268746 0.631290 0.272592 0.625908 0.271054 0.624754 0.264518 0.623984 0.261442 0.619372 0.266824 0.618218 0.275282 0.623984 0.279128 0.632058 0.282204 0.633596 0.292200 0.636672 0.299120 0.649360 0.311040 0.660894 0.316038 0.668584 0.317960 0.675504 0.317576 0.670506 0.312962 0.658972 0.306810 0.650514 0.301812 0.655896 0.293738 0.654358 0.284510 0.652436 0.276820 0.650514 0.267210 0.645516 0.267210 0.640518 0.259136 0.635904 0.256444
0 0.602070 0.341796 0.611298 0.344104 0.620910 0.343720 0.631290 0.341028 0.637058 0.340644 0.643978 0.345258 0.652436 0.347948 0.657818 0.351408 0.655512 0.360636 0.653974 0.369478 0.653974 0.374478 0.650514 0.379090 0.649744 0.372940 0.651668 0.361790 0.653590 0.356022 0.647822 0.358330 0.644746 0.364480 0.641670 0.366018 0.640902 0.360636 0.645132 0.354100 0.635904 0.351408 0.630906 0.350640 0.626292 0.353716 0.622448 0.355638 0.617448 0.352562 0.603224 0.349102
0 0.637058 0.403698 0.643978 0.405620 0.646668 0.411002 0.653974 0.414462 0.655512 0.419076 0.652820 0.427534 0.651282 0.433686 0.652052 0.440606 0.653204 0.447528 0.654742 0.453294 0.659356 0.458676 0.663586 0.464444 0.664354 0.467136 0.654742 0.466750 0.650898 0.461752 0.645132 0.456754 0.639364 0.447912 0.637058 0.440222 0.635904 0.434840 0.630136 0.434840 0.627060 0.437530 0.625138 0.443298 0.620524 0.446374 0.619372 0.439454 0.620140 0.435992 0.613988 0.434070 0.610144 0.431380 0.607838 0.430226 0.615526 0.427918 0.626292 0.425996 0.628598 0.416770 0.628984 0.412540 0.635520 0.412540
0 0.633212 0.499430 0.630522 0.506352 0.626676 0.507890 0.620910 0.507504 0.612066 0.504814 0.613220 0.509428 0.613220 0.514040 0.610912 0.520192 0.607068 0.525190 0.605914 0.528650 0.602838 0.534418 0.609760 0.531342 0.616296 0.526344 0.620140 0.523652 0.625522 0.525960 0.623984 0.530188 0.618986 0.533264 0.617448 0.539416 0.622448 0.538648 0.632828 0.533264 0.639748 0.529420 0.645516 0.522114 0.645900 0.512504 0.644362 0.503660
0 0.666662 0.640918 0.661664 0.644378 0.657434 0.647454 0.653590 0.653990 0.649744 0.658988 0.643594 0.658988 0.632058 0.660140 0.623216 0.665524 0.615142 0.674366 0.613604 0.680518 0.615912 0.689746 0.615912 0.696282 0.620140 0.685516 0.624370 0.677058 0.632828 0.672060 0.637058 0.670138 0.643594 0.670138 0.648206 0.668214 0.651668 0.670522 0.656666 0.672444 0.660894 0.671290 0.665124 0.673982 0.663586 0.678212 0.659742 0.679750 0.657818 0.685900 0.657818 0.691668 0.653590 0.696666 0.650514 0.700510 0.660510 0.696282 0.668200 0.688592 0.670122 0.674366 0.668584 0.668214 0.660894 0.663216 0.659742 0.660140 0.663586 0.653990 0.670122 0.648222
0 0.642832 0.714448 0.647342 0.722080 0.653238 0.725896 0.656362 0.734916 0.663300 0.741160 0.671278 0.744630 0.682732 0.748046 0.694796 0.746610 0.698530 0.749196 0.692498 0.757526 0.680148 0.761260 0.677562 0.754654 0.669196 0.752608 0.658442 0.747752 0.651852 0.746712 0.645954 0.743936 0.639016 0.738732 0.636586 0.736304 0.627568 0.733876 0.627220 0.728672 0.632078 0.722774 0.633812 0.718958 0.639710 0.720692
0 0.643570 0.952484 0.625640 0.954406 0.616676 0.957608 0.616034 0.965292 0.611552 0.971056 0.608350 0.978740 0.619236 0.974258 0.628842 0.978100 0.635886 0.985144 0.650614 0.984504 0.644852 0.979380 0.634606 0.973616 0.631404 0.967214 0.638448 0.964012 0.647412 0.962090 0.649334 0.958248
0 0.815130 0.029376 0.814134 0.036850 0.814134 0.039840 0.805664 0.040836 0.797194 0.041334 0.793208 0.041334 0.792212 0.033362 0.789720 0.037348 0.790218 0.044822 0.801180 0.048808 0.811144 0.048310 0.811144 0.056780 0.815130 0.065250 0.826092 0.070232 0.838548 0.078702 0.853496 0.081194 0.868444 0.083686 0.868942 0.081194 0.859972 0.078204 0.849510 0.074716 0.837552 0.070732 0.825096 0.062760 0.819116 0.055784 0.819614 0.051300 0.827586 0.054288 0.839544 0.058274 0.850506 0.061264 0.859474 0.062260 0.852000 0.057776 0.840542 0.054288 0.829580 0.050802 0.823600 0.047812 0.829082 0.046316 0.836556 0.046316 0.845026 0.046316 0.844528 0.040836 0.835060 0.040836 0.826590 0.040836 0.821110 0.038844
0 0.806660 0.103616 0.806162 0.113580 0.807658 0.119560 0.803672 0.124542 0.800682 0.133012 0.800682 0.137496 0.796198 0.136998 0.792710 0.136998 0.794204 0.141482 0.801180 0.142976 0.802176 0.149952 0.805166 0.156928 0.807158 0.162408 0.810148 0.166892 0.813138 0.158422 0.810148 0.148956 0.810646 0.138492 0.819614 0.135504 0.823600 0.130520 0.824100 0.123546 0.821110 0.118064 0.823102 0.115574 0.830576 0.117566 0.831572 0.115574 0.824598 0.111588 0.820114 0.108100 0.817622 0.110590 0.816626 0.117068 0.814134 0.113082
0 0.829082 0.188816 0.826092 0.199776 0.820612 0.202766 0.812640 0.202766 0.804170 0.200774 0.803172 0.203264 0.801180 0.209742 0.799186 0.216718 0.796696 0.210240 0.795700 0.200774 0.784240 0.198780 0.771784 0.196788 0.761818 0.197286 0.756836 0.192802 0.756338 0.188816 0.762316 0.187320 0.771784 0.190310 0.783742 0.190808 0.793208 0.187818 0.801678 0.187818 0.796696 0.173868 0.798190 0.165398 0.799686 0.159918 0.802176 0.156928 0.802674 0.162906 0.802674 0.172374 0.805166 0.180346 0.808654 0.182836 0.817124 0.187818
0 0.822604 0.251096 0.820612 0.260562 0.815130 0.263054 0.808156 0.261560 0.802674 0.261560 0.798688 0.257574 0.798190 0.253588 0.795200 0.259068 0.795700 0.264050 0.798190 0.266044 0.796696 0.271524 0.797194 0.276506 0.804668 0.273518 0.811644 0.273518 0.813138 0.277004 0.812640 0.295938 0.817124 0.303412 0.821608 0.308892 0.828584 0.313376 0.832072 0.314374 0.828584 0.306900 0.826590 0.298430 0.826590 0.290458 0.825096 0.284478 0.825594 0.281988 0.836058 0.281988 0.845524 0.281988 0.849012 0.278002 0.840542 0.278002 0.832072 0.275510 0.825594 0.273518 0.825594 0.264050
0 0.813138 0.344268 0.813138 0.352240 0.813138 0.358220 0.817124 0.362704 0.821608 0.364198 0.822604 0.370676 0.821608 0.375160 0.818120 0.377650 0.815628 0.383630 0.824100 0.382634 0.828584 0.377152 0.830576 0.373166 0.840542 0.373166 0.843032 0.366690 0.832072 0.363700 0.824100 0.360710 0.818618 0.354234 0.817622 0.348752
0 0.816598 0.401936 0.816598 0.410924 0.819594 0.416914 0.814202 0.417514 0.803418 0.418712 0.798026 0.420510 0.798026 0.425302 0.803418 0.429496 0.802818 0.439680 0.802220 0.449266 0.802220 0.455856 0.805814 0.460050 0.807612 0.447470 0.808210 0.431294 0.811806 0.436086 0.813004 0.447470 0.817796 0.448068 0.817796 0.451064 0.817198 0.455258 0.829180 0.458254 0.838766 0.458254 0.835770 0.451664 0.830378 0.445072 0.832774 0.436686 0.834572 0.427698 0.830378 0.422906 0.826184 0.415716 0.824986 0.406130 0.822590 0.398342 0.819594 0.391752 0.816598 0.386360 0.815998 0.391152
0 0.810008 0.478024 0.805814 0.484016 0.801020 0.487610 0.795628 0.488808 0.793832 0.494200 0.803418 0.492404 0.807612 0.491204 0.807012 0.497796 0.805814 0.508580 0.805814 0.517566 0.807012 0.522360 0.811806 0.511574 0.815400 0.505584 0.824986 0.502588 0.825584 0.493602 0.825584 0.477426 0.821990 0.475028
0 0.801620 0.603240 0.807612 0.596050 0.815400 0.597848 0.827382 0.600244 0.836368 0.594852 0.845356 0.594254 0.841162 0.599046 0.832774 0.603840 0.839364 0.605038 0.839364 0.608632 0.827382 0.607434 0.824386 0.614024 0.827982 0.621812 0.832176 0.630800 0.832774 0.633796 0.826782 0.626006 0.821990 0.623610 0.821390 0.612226 0.817796 0.616420 0.813602 0.620614 0.810008 0.624808 0.807612 0.621812 0.810008 0.615822 0.817198 0.608032 0.815998 0.604438 0.810008 0.605038
0 0.832774 0.639188 0.821990 0.640984 0.815400 0.640984 0.814202 0.646976 0.812404 0.654166 0.807012 0.655962 0.798026 0.654764 0.793232 0.657160 0.784844 0.661354 0.779452 0.664350 0.767470 0.666746 0.765074 0.675734 0.763276 0.682324 0.763276 0.685918 0.768668 0.677530 0.773462 0.672738 0.789038 0.670342 0.807012 0.670342 0.817198 0.667346 0.821990 0.662552 0.827382 0.668544 0.829778 0.673936 0.837568 0.680526 0.850148 0.685320 0.854942 0.683522 0.841760 0.674536 0.837568 0.669144 0.844756 0.662552 0.850748 0.654764 0.842360 0.658958 0.839364 0.655364 0.833374 0.652966 0.830378 0.659558 0.829778 0.664350 0.826782 0.655364 0.819594 0.658358 0.816598 0.652966 0.821390 0.648774 0.832774 0.648174
0 0.859734 0.699098 0.848352 0.703292 0.841162 0.706888 0.834572 0.711680 0.827982 0.712878 0.819594 0.710482 0.809408 0.709884 0.803418 0.711680 0.795030 0.717672 0.793232 0.728456 0.790836 0.745830 0.796228 0.754816 0.801020 0.760808 0.802220 0.747028 0.799224 0.739240 0.801020 0.730254 0.805814 0.726060 0.821390 0.724262 0.829180 0.728456 0.835170 0.735646 0.838166 0.741636 0.835770 0.747028 0.832176 0.753618 0.844158 0.750024 0.845954 0.740438 0.840562 0.724862 0.843558 0.717672 0.851346 0.708684 0.856738 0.705090
0 0.830976 0.784174 0.829778 0.788966 0.819594 0.791364 0.806412 0.791364 0.792634 0.791364 0.783048 0.798552 0.777656 0.808138 0.779452 0.814728 0.783048 0.812332 0.790236 0.804544 0.799822 0.803944 0.812404 0.803944 0.815400 0.803944 0.809408 0.809336 0.807612 0.817724 0.817198 0.815328 0.821990 0.806940 0.826184 0.803944 0.831576 0.805142 0.829778 0.808738 0.823788 0.814728 0.823788 0.820120 0.830378 0.824314 0.836368 0.824314 0.830378 0.819522 0.836368 0.814130 0.838766 0.806342 0.834572 0.796156 0.837568 0.790164 0.838166 0.785972
0 0.836968 0.856666 0.831576 0.862658 0.822590 0.862658 0.817796 0.870446 0.815998 0.874640 0.807612 0.875240 0.802220 0.874640 0.795030 0.885424 0.786042 0.892014 0.777656 0.899204 0.775258 0.906394 0.784844 0.903398 0.787242 0.908790 0.792634 0.908790 0.791436 0.899204 0.800422 0.892014 0.810008 0.889020 0.814202 0.896208 0.813004 0.900402 0.811806 0.905794 0.815998 0.912984 0.819594 0.923170 0.826782 0.926764 0.830378 0.930958 0.830378 0.936948 0.835770 0.941142 0.841162 0.935750 0.836368 0.929160 0.824386 0.915980 0.824386 0.907592 0.833374 0.901002 0.835170 0.889618 0.837568 0.884226 0.847152 0.881230 0.836368 0.877636 0.838766 0.868650 0.842360 0.859662
1 0.222710 0.029296 0.214790 0.031936 0.206346 0.032992 0.201594 0.038270 0.194204 0.041438 0.193148 0.049884 0.198954 0.047772 0.202650 0.045660 0.202122 0.050940 0.201594 0.055690 0.206872 0.054106 0.211096 0.045134 0.214790 0.039854 0.222710 0.036688
1 0.169394 0.023490 0.172034 0.030880 0.176784 0.033520 0.181008 0.039854 0.173616 0.040910 0.167282 0.036688 0.160420 0.038270 0.151446 0.037214 0.147224 0.034576 0.153558 0.032464 0.161476 0.031408
1 0.250158 0.200328 0.259132 0.201910 0.262828 0.198216 0.268106 0.204550 0.270746 0.208774 0.262300 0.209828 0.255438 0.207718
1 0.141944 0.245724 0.155670 0.255754 0.168338 0.257866 0.175728 0.255754 0.172562 0.264728 0.174144 0.270006 0.181008 0.261560 0.179952 0.246780 0.176256 0.244140 0.164116 0.244668 0.154086 0.243084 0.147224 0.239918
1 0.260716 0.271062 0.261772 0.280036 0.261772 0.284786 0.257020 0.288482 0.255964 0.292704 0.263884 0.293232 0.269162 0.293760 0.274440 0.295872 0.272328 0.290594 0.268634 0.283204 0.267050 0.273174
1 0.221126 0.286370 0.229572 0.291122 0.227460 0.301150 0.221126 0.306958 0.223236 0.314348 0.224292 0.320154 0.224292 0.326488 0.219542 0.324904 0.214790 0.328600 0.208984 0.326488 0.215846 0.319626 0.215318 0.314348 0.207400 0.311708 0.207400 0.306958 0.211624 0.302734 0.222182 0.302206 0.222182 0.296928 0.221654 0.292176
1 0.222182 0.347604 0.236434 0.347076 0.248046 0.344964 0.254910 0.347076 0.254910 0.353938 0.250686 0.365024 0.250686 0.369246 0.241184 0.366078 0.233794 0.359216 0.227988 0.357106
1 0.264410 0.346548 0.267578 0.356050 0.267578 0.362384 0.274968 0.360272 0.284470 0.360800 0.290276 0.358688 0.282886 0.356050 0.273384 0.353410
1 0.175728 0.473764 0.182590 0.479572 0.186286 0.484850 0.186814 0.491712 0.182062 0.496464 0.178368 0.495936 0.171506 0.496464 0.172562 0.491184 0.173616 0.485378 0.168866 0.476932
1 0.280248 0.424144 0.296612 0.425200 0.309808 0.426784 0.316142 0.432062 0.317726 0.440508 0.306112 0.444204 0.297666 0.441036 0.284998 0.437342
1 0.307696 0.456872 0.297138 0.461624 0.284998 0.465318 0.280774 0.471654 0.279192 0.477988 0.289220 0.472710 0.298194 0.470070 0.307696 0.471126 0.315086 0.470598 0.315086 0.466374 0.309808 0.463208
1 0.287638 0.659048 0.285526 0.671188 0.284998 0.680162 0.282886 0.686498 0.275496 0.682802 0.265466 0.681746 0.261244 0.684386 0.253326 0.687024 0.258076 0.680162 0.262300 0.675940 0.268634 0.670660 0.274968 0.671716 0.279720 0.666438 0.280774 0.661160
1 0.286054 0.746674 0.279192 0.753536 0.279192 0.763566 0.286054 0.759344 0.286054 0.769900 0.290804 0.770428 0.292916 0.761982 0.293444 0.751426
1 0.266522 0.722392 0.267578 0.730838 0.264938 0.737172 0.257548 0.736116 0.253326 0.735590 0.262828 0.730838
1 0.226932 0.895006 0.227460 0.899758 0.234850 0.905036 0.230100 0.915066 0.227460 0.923512 0.221654 0.924040 0.222710 0.913482 0.222710 0.907676 0.221126 0.902924
1 0.434960 0.009714 0.435758 0.019700 0.434560 0.032480 0.436558 0.042066 0.428570 0.037672 0.425774 0.027688 0.414990 0.025690 0.404206 0.019700 0.408598 0.016904 0.421780 0.018500 0.422178 0.014108 0.427770 0.011710
1 0.440468 0.122804 0.445078 0.125318 0.444240 0.134540 0.443820 0.139150 0.447592 0.136634 0.453460 0.126156 0.453042 0.118194 0.447174 0.120708
2 0.444658 0.148790 0.448430 0.154238 0.444240 0.160944 0.450526 0.161364 0.456814 0.157172 0.459328 0.163040 0.469806 0.165974 0.474416 0.161782 0.469388 0.156334 0.468548 0.148790 0.464358 0.148790 0.456814 0.146274
1 0.405092 0.194718 0.402808 0.205760 0.402808 0.215658 0.400524 0.222892 0.396336 0.223654 0.397478 0.212612 0.393290 0.215278 0.390624 0.209186 0.389864 0.200810 0.393670 0.204998 0.395956 0.208044 0.397858 0.199288 0.399762 0.195860
1 0.338846 0.215658 0.341512 0.223274 0.341892 0.232792 0.341130 0.239264 0.347602 0.246116 0.349506 0.253350 0.343796 0.251446 0.338846 0.243070 0.334658 0.233552 0.336182 0.228984 0.336942 0.220988
1 0.301916 0.312362 0.302678 0.318836 0.306866 0.322262 0.304962 0.327592 0.303438 0.335588 0.312196 0.328354 0.316764 0.334826 0.319048 0.328354 0.316384 0.317694 0.316384 0.314266 0.309530 0.315790
1 0.429460 0.344724 0.426414 0.351198 0.422606 0.358050 0.421084 0.363380 0.427556 0.359192 0.430982 0.360334 0.433266 0.357670
1 0.450018 0.353862 0.453064 0.361476 0.450018 0.371756 0.449256 0.382036 0.449638 0.386224 0.458014 0.382416 0.455348 0.377468 0.458774 0.370234 0.461820 0.364904 0.469816 0.365664 0.478572 0.364522 0.470578 0.361476 0.458394 0.359192
1 0.318288 0.412494 0.328948 0.413636 0.336182 0.414016 0.338466 0.410972 0.341130 0.404118 0.339608 0.398408 0.337324 0.401072 0.334278 0.409448 0.326282 0.407926 0.318288 0.407164
1 0.522356 0.272006 0.524640 0.283428 0.532256 0.292566 0.539488 0.300560 0.550910 0.300180 0.552052 0.289520 0.544820 0.266676 0.541774 0.259062 0.535682 0.271244 0.527686 0.271244
1 0.436378 0.541346 0.457042 0.546756 0.462452 0.550200 0.470816 0.551184 0.483116 0.551676 0.489020 0.547248 0.478196 0.540854 0.453598 0.538394 0.440806 0.535442
1 0.403416 0.566928 0.402924 0.577752 0.404400 0.586114 0.408828 0.587590 0.410304 0.576768 0.424080 0.577752 0.430966 0.575784 0.422112 0.570372 0.410304 0.568896
1 0.357662 0.619568 0.365042 0.619568 0.374882 0.619568 0.385214 0.619568 0.379310 0.624980 0.374390 0.629900 0.367994 0.640232 0.364058 0.636296 0.367502 0.628424 0.362582 0.624980
1 0.364550 0.758796 0.366026 0.766176 0.361598 0.773064 0.367010 0.774540 0.375374 0.774048 0.377834 0.770604 0.371930 0.764700 0.370454 0.759780
1 0.315846 0.779952 0.318798 0.785854 0.310926 0.790774 0.308958 0.798646 0.320274 0.795694 0.327652 0.793726 0.331588 0.796186 0.339460 0.792250 0.337492 0.787822 0.326668 0.787330 0.322732 0.781920
1 0.359138 0.797170 0.366518 0.807502 0.361106 0.812914 0.362582 0.820784 0.364550 0.829640 0.367502 0.826688 0.367010 0.815374 0.369962 0.814882 0.370454 0.823244 0.371438 0.827180 0.376358 0.816850 0.376850 0.810946 0.366518 0.796678
1 0.309942 0.888676 0.309450 0.901960 0.307974 0.912784 0.307974 0.916720 0.314862 0.909340 0.317814 0.895072 0.326176 0.895072 0.331588 0.888676 0.324208 0.889660
1 0.553468 0.822752 0.571178 0.819308 0.578558 0.817832 0.589874 0.815866 0.601680 0.816358 0.609060 0.821276 0.596760 0.834068 0.578558 0.835544 0.563798 0.833576
1 0.446218 0.869490 0.455074 0.876378 0.452122 0.884250 0.462944 0.880806 0.468848 0.880314 0.481640 0.874410 0.475736 0.870966 0.463436 0.870966 0.453598 0.868998 0.451138 0.866046
1 0.453106 0.969360 0.478688 0.965916 0.493938 0.971820 0.498858 0.980676 0.491972 0.987562 0.477212 0.994942 0.466796 0.998046 0.439454 0.998046 0.442774 0.985104 0.448678 0.977724
1 0.466388 0.933938 0.478688 0.935906 0.481640 0.939842 0.485084 0.935414 0.490004 0.929510 0.492954 0.924590 0.489020 0.922622 0.484592 0.928526 0.480656 0.930986 0.472292 0.930002 0.467864 0.929018
1 0.533788 0.955584 0.537724 0.965916 0.542152 0.973788 0.558388 0.972312 0.573146 0.969852 0.584462 0.969360 0.593318 0.966408 0.594792 0.946730 0.589874 0.943286 0.572162 0.943778 0.559864 0.952142 0.547564 0.954600
1 0.552484 0.996910 0.567734 0.988546 0.578558 0.981168 0.594302 0.981168 0.606108 0.982152 0.606108 0.994942 0.605468 0.998046 0.552734 0.998046
2 0.573730 0.154616 0.584674 0.154196 0.591410 0.155038 0.592672 0.157564 0.599828 0.155880 0.594356 0.148724 0.588464 0.140306 0.582570 0.140726 0.577518 0.142830
1 0.578360 0.192080 0.583412 0.199236 0.584674 0.207654 0.586358 0.212284 0.593936 0.203866 0.598986 0.195868 0.598986 0.192080 0.591410 0.193342 0.585516 0.193764
0 0.600250 0.175664 0.611194 0.184502 0.621716 0.194606 0.629714 0.200920 0.634344 0.200498 0.633924 0.203444 0.627188 0.206392 0.620034 0.208918 0.624242 0.210600 0.628452 0.210600 0.628452 0.216914 0.625084 0.221124 0.628452 0.222386 0.626346 0.229964 0.622558 0.237540 0.616244 0.245118 0.622558 0.244276 0.630556 0.236278 0.633924 0.228700 0.634766 0.220704 0.638974 0.216072 0.643184 0.211442 0.645710 0.210600 0.647394 0.217756 0.647814 0.223650 0.648236 0.231648 0.651182 0.235436 0.655392 0.228700 0.652444 0.213126 0.648236 0.203024 0.649078 0.195026 0.654550 0.187870 0.664652 0.182398 0.666336 0.174822 0.655392 0.178188 0.649078 0.183662 0.640238 0.178610 0.628452 0.175242 0.626768 0.178610 0.631398 0.184082 0.628030 0.189134 0.622980 0.180714 0.610772 0.178188
1 0.626768 0.467370 0.623822 0.476208 0.619192 0.482522 0.613720 0.492626 0.622980 0.486732 0.629714 0.482102
1 0.612878 0.548188 0.621296 0.554924 0.619612 0.561658 0.619612 0.567552 0.625506 0.566288 0.628872 0.556606 0.630136 0.550714 0.623822 0.551134 0.617508 0.544820
2 0.639816 0.573444 0.634344 0.585230 0.631820 0.595332 0.632240 0.604172 0.632660 0.619326 0.638554 0.605856 0.641500 0.605856 0.648236 0.617222 0.654550 0.622272 0.660022 0.623956 0.652444 0.614274 0.650340 0.602910 0.658338 0.597858 0.663810 0.595332 0.666336 0.590702 0.655392 0.590702 0.644868 0.590282 0.644026 0.580600
1 0.709692 0.661420 0.716426 0.663102 0.716848 0.669838 0.717690 0.675310 0.721056 0.672784 0.722740 0.663944 0.728634 0.662682 0.732422 0.658894 0.730738 0.655946 0.720214 0.655526 0.712218 0.654264
1 0.623822 0.698882 0.622558 0.708984 0.620034 0.714456 0.619612 0.718666 0.626768 0.714878 0.631820 0.714878 0.638554 0.718666 0.638554 0.714456 0.636450 0.711510 0.645710 0.707300 0.645710 0.703092 0.639816 0.705196 0.628872 0.703934
1 0.716426 0.709826 0.713058 0.714456 0.708428 0.720770 0.702114 0.721612 0.694118 0.725822 0.693696 0.729190 0.705904 0.727084 0.710112 0.730030 0.719794 0.731294 0.720636 0.728348 0.716848 0.725822 0.718110 0.720350 0.718110 0.715720
1 0.838212 0.112232 0.845290 0.113482 0.851954 0.112648 0.859866 0.107650 0.861948 0.112232 0.855286 0.118062 0.851538 0.123892 0.845708 0.121810 0.842376 0.125142 0.838212 0.127640 0.837378 0.123060 0.839044 0.118478
2 0.863614 0.130556 0.875274 0.135136 0.886518 0.140966 0.898180 0.145964 0.898596 0.153460 0.887352 0.153460 0.872776 0.156374 0.867362 0.152210 0.864030 0.147630 0.866114 0.142216
1 0.866114 0.170118 0.874026 0.166370 0.878606 0.163870 0.884436 0.168868 0.882770 0.178862 0.883188 0.183860 0.878190 0.175948 0.878190 0.172616
1 0.849456 0.308794 0.865280 0.310460 0.869444 0.313790 0.860282 0.317122 0.852370 0.315874
1 0.875274 0.358350 0.884854 0.363764 0.892766 0.363764 0.901094 0.360850 0.900262 0.357934 0.888602 0.357934 0.881938 0.356268
1 0.873610 0.570320 0.864030 0.574486 0.856952 0.582814 0.864030 0.582814 0.872776 0.579066 0.874858 0.575318
1 0.856534 0.611548 0.867362 0.611548 0.873610 0.611548 0.876108 0.617796 0.876940 0.623626 0.873192 0.622376 0.867362 0.619044 0.863198 0.624042 0.857784 0.625708 0.858618 0.621128 0.861116 0.617796
1 0.848206 0.732734 0.853620 0.732734 0.855702 0.728570 0.860282 0.733150 0.861532 0.739398 0.859866 0.748560 0.859034 0.753556 0.856118 0.749392 0.854452 0.740230 0.847374 0.737732
0 0.811558 0.939290 0.821970 0.945954 0.831132 0.948036 0.831548 0.953450 0.823636 0.957614 0.824468 0.964694 0.825302 0.969274 0.816556 0.968858 0.811142 0.973022 0.802398 0.980102 0.794902 0.985932 0.789904 0.989264 0.791154 0.984266 0.795734 0.974272 0.802398 0.960112 0.803230 0.955532 0.795318 0.950118 0.790320 0.939290 0.789070 0.925964 0.792402 0.915136 0.799898 0.904726 0.799482 0.910140 0.796984 0.925548 0.794484 0.931378 0.796566 0.941372 0.804480 0.946786
1 0.993966 0.520730 0.986232 0.518022 0.977722 0.515316 0.975788 0.509900 0.978110 0.500618 0.985072 0.499846 0.993194 0.495978