0 0.226982 0.056084 0.241176 0.056652 0.255938 0.068576 0.278082 0.079362 0.290004 0.085040 0.304766 0.087880 0.318394 0.094124 0.327478 0.102074 0.325206 0.105480 0.308174 0.102074 0.321232 0.111726 0.339400 0.123648 0.356434 0.129894 0.367790 0.135004 0.371764 0.137276 0.360976 0.139546 0.347918 0.138410 0.328614 0.128758 0.309310 0.119106 0.282624 0.107752 0.279786 0.095260 0.266726 0.090150 0.246286 0.085040 0.228686 0.077660 0.225280 0.071414 0.223008 0.060626
0 0.267862 0.251964 0.293980 0.291708 0.311012 0.289438 0.308174 0.298522 0.310444 0.311012 0.319528 0.313284 0.335994 0.316690 0.349620 0.326342 0.359272 0.329182 0.368924 0.338834 0.360408 0.342240 0.339968 0.338266 0.316690 0.331452 0.297954 0.325774 0.283192 0.316690 0.274108 0.314420 0.254236 0.314420 0.251964 0.311012 0.261616 0.303632 0.274676 0.303632 0.276946 0.295114 0.271836 0.285462 0.266158 0.275810 0.262184 0.263320
0 0.300792 0.394474 0.289438 0.403558 0.283760 0.422862 0.282056 0.440464 0.280352 0.469420 0.280352 0.475666 0.275810 0.475666 0.270700 0.480776 0.267862 0.493266 0.272404 0.507460 0.275244 0.523926 0.284896 0.533578 0.291708 0.539256 0.293412 0.517680 0.304766 0.498944 0.305902 0.477368 0.299658 0.462038 0.299090 0.428540 0.307606 0.411508 0.316690 0.404694 0.326342 0.422862 0.332020 0.427972 0.337698 0.421728 0.341104 0.400720 0.337130 0.390500 0.325774 0.381984 0.308174 0.386526
0 0.267862 0.562534 0.255938 0.577296 0.257642 0.609658 0.260482 0.628964 0.267862 0.651106 0.276946 0.662462 0.286030 0.670410 0.299658 0.670410 0.313284 0.671546 0.318394 0.670410 0.309310 0.665300 0.291708 0.657352 0.281488 0.639750 0.275244 0.619878 0.270134 0.592058 0.271836 0.582406 0.278650 0.584678 0.283192 0.580134 0.279786 0.570482 0.278082 0.563102
0 0.238906 0.819734 0.268430 0.828250 0.274108 0.838470 0.289438 0.844716 0.300224 0.844148 0.307606 0.857774 0.332020 0.862316 0.355866 0.861180 0.376306 0.859478 0.379712 0.856638 0.372332 0.850392 0.361544 0.844716 0.338266 0.842444 0.319528 0.840740 0.309310 0.830520 0.297386 0.825412 0.279218 0.818030 0.271268 0.809514 0.261616 0.806674 0.247990 0.808946 0.236066 0.810082
0 0.301928 0.971896 0.287734 0.984954 0.312148 0.999148 0.308742 0.995174 0.311580 0.986090 0.313852 0.976438 0.314420 0.971896 0.297386 0.987792
0 0.620138 0.128268 0.644052 0.174506 0.656808 0.181680 0.670360 0.197624 0.682318 0.209582 0.699060 0.219148 0.713408 0.233498 0.726164 0.239876 0.732542 0.231106 0.720584 0.224728 0.707032 0.211176 0.691088 0.195232 0.676738 0.184072 0.671954 0.172114 0.669564 0.156968 0.661592 0.140226 0.654416 0.125080 0.649634 0.114716 0.634486 0.117904
0 0.617746 0.373008 0.629704 0.376196 0.646444 0.329958 0.656010 0.347496 0.671158 0.342714 0.666374 0.323580 0.665578 0.305246 0.671954 0.287708 0.674346 0.265386 0.691088 0.264588 0.714206 0.270966 0.734136 0.273358 0.754066 0.280532 0.755660 0.274154 0.742108 0.259806 0.721380 0.252630 0.701450 0.251036 0.677536 0.254226 0.661592 0.259806 0.651228 0.274154 0.645648 0.285316 0.640066 0.298070 0.640864 0.319596 0.628110 0.331552 0.622528 0.345106
0 0.565130 0.518894 0.585060 0.501356 0.605788 0.503746 0.627312 0.502152 0.639270 0.499760 0.650430 0.505342 0.665578 0.499760 0.694276 0.537228 0.700654 0.543606 0.710220 0.541214 0.695870 0.514110 0.678332 0.499760 0.668766 0.490992 0.653620 0.479034 0.643256 0.475846 0.621732 0.479830 0.619340 0.489398 0.602598 0.488600 0.589844 0.490194 0.581872 0.492586 0.567522 0.502950 0.560348 0.511718
2 0.673550 0.534040 0.695074 0.562740 0.725366 0.559550 0.735730 0.557158 0.719786 0.542012 0.709422 0.538026
0 0.610570 0.565130 0.606584 0.596222 0.608976 0.620934 0.597816 0.616152 0.604194 0.630500 0.589844 0.642458 0.593830 0.646444 0.612166 0.641662 0.624124 0.679926 0.629704 0.701450 0.675144 0.766820 0.691088 0.765226 0.670360 0.749282 0.654416 0.730948 0.648836 0.706234 0.648836 0.697464 0.672752 0.704640 0.667172 0.691884 0.645648 0.677536 0.645648 0.653620 0.646444 0.638472 0.640066 0.638472 0.635284 0.628110 0.633690 0.617746 0.638472 0.603396 0.638472 0.593032 0.636878 0.588250 0.627312 0.610570 0.624920 0.594626 0.624124 0.577088 0.624124 0.566726
0 0.687102 0.766820 0.671954 0.772402 0.660794 0.785156 0.651228 0.808274 0.644850 0.837772 0.641662 0.857700 0.618168 0.874574 0.610764 0.899566 0.617244 0.926410 0.629276 0.937518 0.645938 0.930114 0.646864 0.914378 0.648716 0.900492 0.633904 0.913452 0.622796 0.912526 0.632980 0.894012 0.637608 0.885682 0.645938 0.881054 0.668154 0.900492 0.679262 0.897716 0.667228 0.877352 0.662600 0.858838 0.661674 0.846804 0.660748 0.825514 0.665376 0.811630 0.671856 0.798670 0.681114 0.788488
1 0.436740 0.033156 0.437666 0.048892 0.454090 0.044728 0.451252 0.036212 0.446710 0.031102
1 0.479072 0.124784 0.495538 0.137842 0.503486 0.144656 0.500648 0.154876 0.509732 0.158282 0.519952 0.150902 0.532442 0.146360 0.547204 0.141818 0.543798 0.136708 0.533578 0.136140 0.519952 0.137842 0.511434 0.137276 0.498376 0.129894 0.487020 0.124216
1 0.472258 0.250828 0.466014 0.259346 0.472826 0.269566 0.485318 0.272404 0.489860 0.261048 0.487020 0.253668
1 0.529604 0.224144 0.523926 0.237770 0.515978 0.244016 0.512570 0.250828 0.522222 0.253668 0.535282 0.245152 0.545500 0.237202 0.554586 0.230958 0.556288 0.225280 0.550044 0.223008 0.538120 0.226982 0.535282 0.224144
2 0.438760 0.327478 0.434218 0.342240 0.435354 0.351892 0.436490 0.359840 0.446710 0.358138 0.454658 0.353028 0.459200 0.344510 0.450684 0.342240 0.449548 0.332588
1 0.421160 0.756712 0.419456 0.779990 0.403558 0.783964 0.391636 0.781692 0.400152 0.797590 0.391636 0.807810 0.380848 0.814056 0.386526 0.819166 0.410940 0.807810 0.414914 0.802700 0.410372 0.797590 0.412076 0.789642 0.419456 0.786236 0.434218 0.785100 0.426838 0.769202 0.425702 0.761254 0.425134 0.761254
1 0.463742 0.971896 0.448412 0.983818 0.438192 0.994606 0.469420 0.986090 0.477936 0.985522 0.496672 0.993470 0.504054 0.991768 0.501782 0.984954 0.490996 0.978708 0.483614 0.977574 0.482478 0.966218 0.479072 0.957134 0.477936 0.951456 0.473394 0.949752 0.468852 0.965082
1 0.766364 0.157714 0.753304 0.153740 0.744220 0.159418 0.748194 0.174180 0.757278 0.184400 0.768634 0.182128 0.779422 0.178154 0.787370 0.172476 0.791344 0.166232 0.783964 0.164528 0.783964 0.159418 0.778286 0.154308 0.770338 0.153172
1 0.809514 0.623286 0.786802 0.611930 0.782260 0.614202 0.806674 0.632938 0.811216 0.642590 0.828250 0.630666 0.840174 0.617608 0.844716 0.611930 0.835064 0.612498 0.825978 0.611930 0.819734 0.616472 0.815758 0.621582
1 0.784532 0.828818 0.773176 0.857206 0.771474 0.873104 0.783396 0.862884 0.793048 0.849826 0.800998 0.840174 0.816894 0.838470 0.826546 0.834496 0.828250 0.829386 0.820302 0.822572 0.814056 0.817462 0.808946 0.817462 0.802700 0.825978 0.791912 0.825978
1 0.747626 0.920796 0.754440 0.933288 0.748762 0.942940 0.746492 0.954862 0.764092 0.950320 0.766930 0.941236 0.782828 0.934990 0.798158 0.933288 0.806106 0.931584 0.811216 0.926474 0.798158 0.927042 0.786802 0.925338 0.776016 0.924202 0.772040 0.906034 0.765228 0.904330 0.765228 0.924770 0.755008 0.918526
1 0.791912 0.939532 0.787938 0.950320 0.787370 0.961676 0.793616 0.965650 0.803836 0.960540 0.810082 0.950320 0.812920 0.940100 0.802132 0.941236 0.799862 0.946346 0.799294 0.936694