0 0.131308 0.018378 0.122510 0.048292 0.122950 0.066328 0.132188 0.071166 0.138346 0.063688 0.136146 0.049612 0.139226 0.038614 0.147144 0.035094 0.159902 0.030256 0.152862 0.021898 0.146704 0.018378
0 0.121190 0.088322 0.132628 0.081724 0.143186 0.083482 0.148464 0.086122 0.154182 0.084802 0.159022 0.088762 0.155062 0.094040 0.155502 0.105918 0.141426 0.103278 0.139666 0.094480 0.133948 0.091840 0.123390 0.096240 0.120310 0.099758 0.115912 0.101958 0.111952 0.099320
0 0.151984 0.157824 0.137466 0.176300 0.137906 0.193896 0.134828 0.204454 0.133508 0.215450 0.132628 0.231286 0.135706 0.237006 0.129548 0.241404 0.125590 0.244924 0.124710 0.251082 0.123830 0.260760 0.124270 0.265598 0.131308 0.252842 0.141866 0.251522 0.156822 0.248442 0.160342 0.248442 0.160780 0.244924 0.150224 0.244484 0.145824 0.232606 0.147144 0.229528 0.140546 0.224688 0.143626 0.210612 0.148464 0.196096 0.151544 0.182898 0.152862 0.176740 0.161220 0.173660 0.169578 0.171022 0.164740 0.167942 0.160780 0.162224 0.161220 0.157824
0 0.140106 0.312228 0.138786 0.324104 0.142746 0.332462 0.149784 0.337742 0.158582 0.339500 0.165180 0.344340 0.171338 0.347858 0.172218 0.344340 0.167820 0.337742 0.163860 0.331582 0.170018 0.328064 0.170458 0.321466 0.166060 0.322784 0.159022 0.327624 0.153302 0.323664 0.150224 0.329822 0.145824 0.322784 0.148024 0.314866
0 0.140546 0.388328 0.140106 0.394928 0.134828 0.405044 0.134828 0.411204 0.130868 0.419562 0.129548 0.424840 0.130428 0.433638 0.139666 0.420440 0.144064 0.416042 0.150224 0.408564 0.156382 0.401086 0.159462 0.396246 0.161660 0.391848 0.156382 0.390088 0.146704 0.389208
0 0.139666 0.455632 0.129548 0.467950 0.135268 0.470148 0.137906 0.470148 0.137026 0.476748 0.132628 0.484666 0.128668 0.493464 0.129548 0.498742 0.136146 0.492144 0.141866 0.482906 0.150664 0.471028 0.154182 0.461790 0.154622 0.456512
0 0.144944 0.514138 0.152422 0.529974 0.152862 0.543172 0.151544 0.554168 0.149344 0.559008 0.140986 0.557248 0.142306 0.543172 0.142306 0.528214 0.139666 0.524256 0.130868 0.527334 0.125590 0.527334 0.125150 0.519416 0.134388 0.517658 0.139226 0.515898
0 0.185414 0.602116 0.167820 0.602116 0.157702 0.604316 0.146704 0.616194 0.136146 0.627630 0.131308 0.634228 0.126030 0.642148 0.126030 0.649186 0.135706 0.646546 0.139226 0.639508 0.148024 0.628070 0.155942 0.620152 0.161660 0.617074 0.172218 0.612674 0.183216 0.612234 0.191574 0.609594
0 0.159902 0.656224 0.150224 0.664142 0.142746 0.671620 0.137026 0.676458 0.127350 0.684816 0.122950 0.692294 0.123830 0.698454 0.127788 0.700212 0.136586 0.690976 0.149784 0.682178 0.155502 0.680418 0.165180 0.680418 0.170458 0.678658 0.171338 0.665022 0.167820 0.661942 0.158142 0.666782
0 0.159902 0.727046 0.152862 0.733204 0.149344 0.743322 0.149344 0.753880 0.146704 0.760918 0.137466 0.763558 0.129988 0.767516 0.125590 0.763558 0.123390 0.755640 0.120750 0.754320 0.116792 0.759158 0.114592 0.770596 0.109314 0.780274 0.116792 0.776314 0.122950 0.774114 0.133508 0.776314 0.145384 0.772356 0.155062 0.763558 0.156382 0.755640 0.158582 0.743322 0.163860 0.734084
1 0.148904 0.800948 0.146264 0.807986 0.136146 0.819424 0.130868 0.823822 0.129988 0.832620 0.144504 0.822064 0.149784 0.817664 0.153302 0.824702 0.155062 0.816344 0.159462 0.811066 0.172218 0.808426 0.178816 0.807546 0.177056 0.804028 0.165620 0.802268 0.156822 0.804908
0 0.160780 0.871772 0.148024 0.881888 0.134828 0.887608 0.124710 0.890686 0.112832 0.894206 0.108874 0.901684 0.120750 0.898604 0.120310 0.912242 0.122510 0.920160 0.132628 0.899044 0.137466 0.895526 0.136146 0.903444 0.138346 0.907842 0.151544 0.893326 0.168260 0.890686 0.185854 0.889366 0.192454 0.899924 0.198612 0.895966 0.194212 0.887608 0.187614 0.878370 0.176618 0.878370 0.162100 0.880130
0 0.122510 0.949632 0.134828 0.935556 0.148024 0.938634 0.161220 0.939074 0.172218 0.940394 0.188054 0.945674 0.184976 0.956670 0.172218 0.958430 0.171778 0.952272 0.166500 0.951392 0.157262 0.950072 0.151104 0.952272 0.142746 0.957110 0.136586 0.961510 0.132628 0.964148 0.127788 0.961950 0.127788 0.957550 0.124710 0.956670 0.120750 0.970308 0.119430 0.975146 0.114152 0.972066 0.119430 0.961950 0.118992 0.954472 0.114592 0.949192
0 0.296498 0.072854 0.305322 0.095208 0.312382 0.099326 0.337678 0.109916 0.335326 0.101680 0.319442 0.086384 0.312970 0.083444 0.311794 0.085796 0.311206 0.076972 0.304146 0.069912
0 0.292380 0.144626 0.305322 0.155802 0.308264 0.166392 0.308264 0.176982 0.314148 0.185218 0.328854 0.201690 0.330620 0.193454 0.328266 0.176394 0.327090 0.164628 0.321206 0.164628 0.325914 0.155214 0.335914 0.149332 0.347680 0.143448 0.355916 0.138742 0.342974 0.140508 0.332384 0.145214 0.321206 0.149332 0.318854 0.152274 0.308264 0.141096 0.300028 0.140508
0 0.323560 0.221692 0.314148 0.227574 0.302382 0.244046 0.301794 0.263460 0.301794 0.277580 0.310618 0.256400 0.311206 0.242282 0.318854 0.236398 0.324736 0.230516 0.318854 0.251694 0.325914 0.246988 0.334150 0.239340 0.337090 0.227574 0.328266 0.216986
0 0.331208 0.290522 0.320618 0.312876 0.314736 0.309346 0.305912 0.306406 0.304146 0.316994 0.305322 0.335232 0.306500 0.344056 0.311794 0.332878 0.318266 0.330526 0.331796 0.346998 0.342974 0.355234 0.345914 0.348174 0.338268 0.334054 0.329442 0.326408 0.327678 0.316406 0.332384 0.301110
0 0.312970 0.350528 0.311794 0.367588 0.303558 0.379354 0.305322 0.391708 0.310030 0.401120 0.321206 0.421710 0.325324 0.421710 0.334150 0.404650 0.332384 0.394060 0.330620 0.381118 0.324148 0.371118 0.320030 0.360528
0 0.318266 0.517602 0.304146 0.521720 0.299440 0.521132 0.302382 0.532898 0.302382 0.539956 0.295322 0.557606 0.294734 0.567018 0.297676 0.570548 0.304146 0.552900 0.307676 0.545252 0.321206 0.532898 0.327678 0.525250
0 0.310030 0.565254 0.327090 0.566430 0.329442 0.572312 0.331796 0.584078 0.334150 0.588196 0.337678 0.597610 0.335914 0.601138 0.317676 0.593492 0.311206 0.588196 0.311206 0.579372 0.300028 0.578784 0.282968 0.592314 0.277674 0.595256 0.271790 0.591138 0.274144 0.581138 0.288850 0.571724 0.299440 0.568782 0.304146 0.566430
0 0.321206 0.657026 0.313558 0.673498 0.318854 0.689970 0.321206 0.703502 0.327090 0.709384 0.333560 0.710560 0.335326 0.707032 0.337090 0.702914 0.330032 0.701736 0.327090 0.693500 0.329442 0.678794 0.334150 0.671734 0.332384 0.664674 0.322384 0.673498
0 0.328266 0.723504 0.318854 0.737622 0.320030 0.757624 0.322972 0.768802 0.318266 0.782332 0.317676 0.794098 0.325914 0.779980 0.329442 0.768214 0.334738 0.753506 0.335914 0.747036 0.334150 0.735270 0.336502 0.724092
0 0.306500 0.877048 0.328854 0.874694 0.333560 0.875870 0.341208 0.880576 0.348268 0.889990 0.355328 0.895872 0.358270 0.898814 0.339444 0.895872 0.332972 0.895284 0.338268 0.905286 0.339444 0.915874 0.325914 0.904108 0.325914 0.914698 0.313558 0.906462 0.319442 0.898814 0.323560 0.891754 0.318266 0.887636 0.307088 0.889990 0.298852 0.903520 0.298264 0.890578
0 0.287086 0.972938 0.304146 0.967644 0.314148 0.963526 0.318266 0.964114 0.327090 0.964114 0.340620 0.972938 0.348268 0.991176 0.340032 0.988234 0.329442 0.976468 0.321206 0.972938 0.305912 0.973526 0.295322 0.975292
0 0.572916 0.054440 0.551216 0.071180 0.541914 0.088542 0.543774 0.104662 0.551836 0.101562 0.556796 0.094742 0.553076 0.088542 0.559276 0.079242 0.565476 0.078000 0.581598 0.074280 0.582838 0.069320
0 0.571676 0.122024 0.554936 0.136284 0.548116 0.125744 0.540054 0.124504 0.540054 0.136904 0.533234 0.150546 0.539434 0.154886 0.552456 0.148066 0.567336 0.142486 0.575396 0.136284 0.579118 0.126364
0 0.548736 0.181548 0.554936 0.190848 0.563616 0.182788 0.567956 0.175348 0.574156 0.179068 0.567336 0.191468 0.573536 0.200768 0.577876 0.206350 0.579118 0.213790 0.574776 0.215030 0.564236 0.201388 0.559276 0.200148 0.554316 0.203250 0.553696 0.219370 0.547496 0.211310 0.546254 0.196428
0 0.546254 0.257812 0.554316 0.266494 0.568576 0.260292 0.575396 0.255332 0.579738 0.252852 0.566096 0.270834 0.556176 0.274554 0.545634 0.286334 0.536954 0.292534 0.518974 0.298736 0.518974 0.293154 0.528274 0.289434 0.544394 0.280134 0.545014 0.275794 0.539434 0.269594 0.536954 0.260912
0 0.551216 0.326016 0.562996 0.337178 0.570436 0.339038 0.580358 0.339038 0.585318 0.341518 0.590898 0.341518 0.599578 0.334078 0.605158 0.337178 0.591518 0.350818 0.578498 0.352058 0.571676 0.353298 0.570436 0.363840 0.570436 0.369420 0.560516 0.370040 0.551216 0.350198 0.545634 0.342758 0.545014 0.332218
0 0.548736 0.417162 0.563616 0.410342 0.574156 0.409102 0.589658 0.410962 0.598958 0.417162 0.589038 0.423984 0.570436 0.420262 0.558036 0.420882 0.549976 0.428324 0.541914 0.436384 0.533234 0.439484 0.532614 0.429564 0.542534 0.420262
0 0.535094 0.446924 0.539434 0.457466 0.548116 0.471726 0.552456 0.476066 0.556796 0.472966 0.563616 0.467386 0.566716 0.457466 0.569196 0.450024 0.571056 0.468006 0.566716 0.483506 0.559276 0.496528 0.553696 0.509548 0.550596 0.517610 0.549356 0.524430 0.541914 0.513268 0.538814 0.503348 0.539434 0.490328 0.541914 0.481026 0.535714 0.479166 0.527034 0.477926 0.521454 0.477306 0.521454 0.469246 0.523314 0.461806 0.527034 0.451264
0 0.551216 0.562252 0.556176 0.575892 0.566096 0.572792 0.571676 0.572792 0.578498 0.573412 0.582218 0.576512 0.573536 0.585194 0.563616 0.588294 0.556796 0.589534 0.553076 0.596354 0.549356 0.588294 0.548736 0.582714 0.543774 0.572172
0 0.565476 0.676960 0.561756 0.691220 0.557416 0.696180 0.549356 0.694320 0.540674 0.694940 0.536954 0.701760 0.536954 0.708582 0.540674 0.717262 0.543154 0.727182 0.545634 0.732762 0.549976 0.725322 0.555556 0.717882 0.561136 0.712922 0.568576 0.702380 0.572296 0.696180 0.573536 0.683780 0.572916 0.676960
0 0.607638 0.732762 0.581598 0.745784 0.568576 0.754464 0.559896 0.762524 0.551836 0.771206 0.550596 0.778646 0.551836 0.789186 0.558036 0.792906 0.565476 0.794146 0.574156 0.786706 0.576636 0.781126 0.578498 0.772446 0.578498 0.768106 0.583458 0.762524 0.590278 0.756324 0.602058 0.750124 0.610740 0.744544 0.615080 0.737104
0 0.567336 0.827628 0.553076 0.833830 0.548116 0.837550 0.537574 0.843130 0.528894 0.850570 0.528894 0.854290 0.533234 0.858010 0.545634 0.849330 0.550596 0.846230 0.556176 0.846230 0.554936 0.855530 0.554936 0.874752 0.554936 0.879712 0.555556 0.883432 0.559896 0.881572 0.566716 0.863592 0.570436 0.869172 0.575396 0.871652 0.584698 0.863592 0.590278 0.852430 0.590898 0.841890 0.589658 0.836930 0.583458 0.832590
0 0.565476 0.951636 0.559896 0.964658 0.559276 0.981398 0.554936 0.993180 0.566716 0.987600 0.567956 0.974578 0.576636 0.979538 0.581598 0.980158 0.577876 0.974578 0.571056 0.970238 0.581598 0.954118 0.580358 0.949156
0 0.712426 0.002976 0.700644 0.019718 0.701264 0.025918 0.712426 0.021578 0.721106 0.019098 0.717386 0.033978 0.727926 0.032738 0.734748 0.014756 0.736608 0.006076 0.729166 0.002356
0 0.716766 0.064980 0.732266 0.066840 0.737228 0.066220 0.741568 0.069320 0.737848 0.082962 0.737228 0.092262 0.727306 0.098462 0.717386 0.108382 0.706846 0.107762 0.707466 0.103422 0.721106 0.092882 0.727306 0.086062 0.722346 0.077380
0 0.697544 0.179688 0.723586 0.184028 0.732266 0.187128 0.746528 0.187128 0.756448 0.197048 0.761408 0.213790 0.751488 0.205730 0.739708 0.200148 0.726686 0.206970 0.722346 0.217510 0.715526 0.228670 0.716766 0.220610 0.719246 0.205110 0.719866 0.195808 0.714906 0.195808 0.701884 0.197048 0.697544 0.197048 0.685144 0.198908 0.680184 0.202008 0.685764 0.188368
0 0.711186 0.263392 0.713046 0.280134 0.714286 0.288194 0.709946 0.299356 0.704366 0.311756 0.704366 0.317336 0.711186 0.314236 0.716146 0.316096 0.712426 0.324156 0.711806 0.330978 0.716766 0.330978 0.724826 0.319196 0.727926 0.306796 0.724826 0.294394 0.727306 0.291914 0.735988 0.290054 0.730406 0.278274 0.724206 0.265252 0.724206 0.255332
0 0.719246 0.337178 0.726066 0.341518 0.739708 0.337178 0.747768 0.334698 0.760168 0.333458 0.768230 0.338418 0.766990 0.344618 0.742808 0.351438 0.737848 0.356398 0.734126 0.368800 0.731026 0.376240 0.720486 0.366940 0.719866 0.356398 0.711806 0.356398 0.705606 0.355158 0.709946 0.343998
0 0.716766 0.417162 0.731026 0.427084 0.735368 0.426464 0.743428 0.431424 0.732886 0.437624 0.714906 0.445684 0.707466 0.456226 0.701884 0.450024 0.688864 0.456226 0.684524 0.453746 0.693824 0.441344 0.702504 0.437004 0.703124 0.433904 0.691344 0.435764 0.691344 0.431424 0.698784 0.426464 0.708706 0.425844
0 0.724206 0.476686 0.737228 0.477926 0.742808 0.471106 0.753968 0.458706 0.747768 0.480406 0.749008 0.491568 0.753968 0.506448 0.753968 0.521330 0.753968 0.525050 0.750868 0.528770 0.744048 0.528150 0.740948 0.511408 0.739708 0.505828 0.731646 0.506448 0.729166 0.506448 0.726686 0.494668 0.721726 0.485368
0 0.718006 0.618676 0.739088 0.616816 0.750248 0.614956 0.758928 0.614336 0.744668 0.629216 0.743428 0.636036 0.744048 0.642858 0.732886 0.635416 0.722966 0.636036 0.712426 0.641618 0.706226 0.639756 0.713046 0.629216
0 0.723586 0.670758 0.725446 0.687500 0.713046 0.702380 0.706846 0.709822 0.704986 0.714162 0.722346 0.706102 0.727306 0.701140 0.734748 0.698040 0.744048 0.699900 0.760788 0.706102 0.765128 0.695560 0.747768 0.689360 0.742808 0.685640 0.733506 0.680680
0 0.724826 0.766866 0.724206 0.780506 0.711806 0.791666 0.709326 0.800968 0.707466 0.807788 0.719866 0.799728 0.730406 0.791666 0.734126 0.795386 0.748388 0.791046 0.738468 0.776166 0.736608 0.768106
0 0.712426 0.822048 0.733506 0.833210 0.750868 0.844990 0.752728 0.851810 0.742188 0.850570 0.731026 0.854910 0.729166 0.844370 0.719246 0.833830 0.707466 0.835070 0.701884 0.835070 0.706226 0.827008
0 0.710566 0.893974 0.730406 0.900174 0.739708 0.900794 0.747768 0.904514 0.745908 0.917534 0.734126 0.929316 0.724826 0.933036 0.727306 0.924356 0.732266 0.919394 0.724206 0.909474 0.713046 0.903274
0 0.728546 0.977678 0.749008 0.984500 0.766370 0.991320 0.776910 0.999380 0.794890 0.998760 0.752108 0.993800 0.733506 0.989460 0.719866 0.988220
0 0.943080 0.072420 0.946800 0.103422 0.944940 0.111484 0.930060 0.114584 0.922620 0.127604 0.920138 0.139384 0.929440 0.134424 0.936880 0.128224 0.941840 0.122644 0.938120 0.139384 0.948040 0.132564 0.957342 0.120784 0.964162 0.117064 0.964782 0.095362 0.960442 0.076140 0.949280 0.068080
0 0.956722 0.256572 0.967882 0.273934 0.974702 0.284474 0.969122 0.287574 0.958582 0.283234 0.948660 0.282614 0.938740 0.280134 0.931300 0.275794 0.933780 0.264632 0.936880 0.259052 0.941840 0.255332
0 0.961682 0.467386 0.954862 0.476686 0.939980 0.482266 0.930060 0.484126 0.923240 0.485368 0.918898 0.498388 0.934400 0.491568 0.958582 0.490328 0.967262 0.486608 0.962302 0.512028 0.969742 0.503968 0.977802 0.494668 0.979042 0.481646 0.974082 0.474206
0 0.957342 0.530630 0.945560 0.552332 0.942460 0.564112 0.933780 0.570932 0.926340 0.577132 0.918898 0.582094 0.917658 0.590154 0.928200 0.585194 0.943700 0.578374 0.948660 0.570932 0.951760 0.561012 0.960442 0.552332 0.976562 0.547372 0.977182 0.543650 0.966022 0.543650 0.965402 0.534970
0 0.926960 0.794766 0.941840 0.786086 0.956722 0.784846 0.967262 0.786706 0.982142 0.794766 0.995164 0.802208 0.994544 0.809648 0.970362 0.800968 0.958582 0.796006 0.946800 0.798488 0.945560 0.810268 0.959202 0.831350 0.970982 0.841890 0.972222 0.850570 0.951760 0.846230 0.946180 0.833830 0.942460 0.820808 0.935020 0.810888 0.930060 0.803448
0 0.929440 0.868552 0.944940 0.858010 0.936880 0.843750 0.956722 0.848090 0.967262 0.852430 0.975942 0.858010 0.955482 0.866072 0.941840 0.873512 0.920758 0.883432 0.908978 0.886532 0.886656 0.887772 0.874876 0.883432 0.858754 0.874132 0.854414 0.857390 0.856274 0.851810 0.866196 0.853050 0.877356 0.866692 0.892858 0.872892 0.912078 0.875372 0.905258 0.868552 0.908978 0.863592 0.920758 0.861112
1 0.100806 0.649754 0.108826 0.662642 0.115126 0.649754 0.116844 0.644028 0.124290 0.647464 0.128012 0.654336 0.130304 0.663788 0.121140 0.673238 0.105102 0.677248 0.097084 0.675242 0.099660 0.667224 0.097942 0.658060
1 0.259350 0.037312 0.257748 0.051720 0.262018 0.049052 0.273224 0.043716 0.284964 0.044250 0.284964 0.036778 0.278026 0.033044 0.271090 0.033044 0.264686 0.033576
1 0.258282 0.244898 0.259884 0.235826 0.266820 0.232624 0.275892 0.232624 0.268954 0.245966 0.284430 0.242230 0.278560 0.252370 0.271624 0.257172 0.262552 0.265176 0.255080 0.269980 0.252946 0.256104
1 0.197448 0.583760 0.205986 0.602972 0.212390 0.602972 0.208120 0.593366 0.210254 0.587496 0.211322 0.581626 0.202250 0.578424 0.195312 0.577890
1 0.302040 0.683018 0.300440 0.693156 0.296704 0.702228 0.296704 0.706498 0.301508 0.704896 0.310046 0.707564 0.307378 0.696892 0.307910 0.689422 0.310578 0.681416 0.310578 0.678748
1 0.262018 0.725176 0.260416 0.739584 0.257214 0.745988 0.264686 0.751858 0.269488 0.752390 0.268422 0.738516 0.268422 0.730512
1 0.196380 0.770000 0.204918 0.773202 0.213456 0.771068 0.218792 0.770534 0.213456 0.779606 0.217192 0.784942 0.207586 0.781208 0.201182 0.780140 0.194246 0.778540
1 0.265754 0.844710 0.266286 0.852716 0.259884 0.859652 0.259884 0.866056 0.265220 0.861254 0.267888 0.859118 0.278560 0.862320 0.283364 0.862854 0.281762 0.857518 0.275358 0.853782 0.273758 0.847912
1 0.217192 0.877262 0.216658 0.888470 0.209720 0.892204 0.211322 0.900742 0.218260 0.891670 0.225196 0.886334 0.223062 0.877262
1 0.216658 0.957308 0.221994 0.960510 0.230000 0.957842 0.239072 0.956776 0.242806 0.960510 0.232668 0.967448 0.224130 0.970650 0.217192 0.967982 0.210788 0.960510
1 0.323928 0.255706 0.333778 0.259132 0.342774 0.259132 0.348770 0.253136 0.351340 0.257846 0.354766 0.265128 0.355194 0.267270 0.338062 0.266842 0.330780 0.268126 0.326498 0.265556
1 0.448140 0.377776 0.466986 0.374778 0.478122 0.377776 0.483690 0.378632 0.483690 0.394908 0.485402 0.401332 0.473410 0.394480 0.460988 0.391482 0.445570 0.391054 0.445998 0.383344
1 0.494398 0.513552 0.487972 0.525116 0.487972 0.536682 0.493112 0.540536 0.506818 0.540536 0.514528 0.537110 0.514528 0.528544 0.504678 0.517836
1 0.487116 0.609066 0.492684 0.608210 0.516670 0.608210 0.522666 0.606926 0.529520 0.613350 0.526094 0.625342 0.510246 0.634338 0.504248 0.633480 0.490972 0.629626 0.486260 0.619774
0 0.562072 0.624058 0.556504 0.645474 0.545368 0.654896 0.537658 0.661322 0.529092 0.667746 0.529948 0.673314 0.546224 0.672030 0.563784 0.662606 0.569354 0.655324 0.560786 0.639048 0.566784 0.640334 0.568496 0.630482 0.569782 0.626628
1 0.567212 0.596646 0.571066 0.592790 0.575350 0.589364 0.580918 0.587650 0.579632 0.600072 0.583060 0.606496 0.585630 0.612064 0.578348 0.615920 0.571922 0.606068 0.566354 0.603926 0.559930 0.602642 0.559502 0.598788 0.562072 0.595360
2 0.358622 0.657038 0.383036 0.651470 0.396314 0.651470 0.395456 0.664748 0.398882 0.673742 0.391602 0.682738 0.385606 0.687448 0.385176 0.696014 0.377468 0.705866 0.369758 0.708864 0.367188 0.708436 0.351340 0.704152 0.350054 0.699870 0.347056 0.701584 0.348342 0.688734 0.351340 0.682308 0.351340 0.675884 0.359478 0.671172 0.360762 0.664748
1 0.496968 0.874624 0.511530 0.878478 0.522666 0.879334 0.522666 0.891756 0.520096 0.897752 0.510674 0.902464 0.492256 0.903748 0.487116 0.897752 0.488402 0.888758 0.492684 0.881904
0 0.559930 0.896468 0.565070 0.901608 0.559502 0.908888 0.556932 0.924736 0.551792 0.935872 0.568924 0.926878 0.574064 0.920452 0.575350 0.915314 0.581774 0.923022 0.585200 0.914028 0.581774 0.907604 0.579204 0.901608 0.574922 0.895610 0.568068 0.894326 0.562500 0.890042 0.555646 0.894326
1 0.351340 0.969710 0.365902 0.969282 0.375754 0.971422 0.368472 0.994552 0.348342 0.994980 0.346200 0.987270 0.344916 0.976990 0.344916 0.970138
1 0.586914 0.029126 0.585630 0.050970 0.588200 0.053968 0.593338 0.047114 0.596338 0.045402 0.601048 0.044974 0.607474 0.037692 0.605332 0.034694 0.598906 0.030838 0.594624 0.029126
1 0.676432 0.032552 0.672150 0.048400 0.670864 0.068102 0.672150 0.075384 0.681572 0.062962 0.688854 0.055682 0.693564 0.047544 0.693564 0.037692 0.691424 0.030410
1 0.675148 0.099798 0.661870 0.124212 0.660156 0.137918 0.663154 0.139632 0.677288 0.122498 0.682858 0.110078 0.684570 0.101940
0 0.699990 0.129352 0.723118 0.133206 0.734256 0.134920 0.745392 0.138346 0.748818 0.145628 0.725260 0.143914 0.722690 0.148626 0.722690 0.162760 0.711554 0.169186 0.707272 0.163188 0.708984 0.155050 0.706414 0.149054 0.702988 0.143058 0.695278 0.146484 0.692280 0.145200 0.693136 0.133634 0.695706 0.127638
1 0.673434 0.388912 0.681144 0.384200 0.687996 0.383772 0.686712 0.389768 0.686712 0.392338 0.691424 0.398764 0.692708 0.408186 0.682000 0.401332 0.679430 0.397906 0.675148 0.403474 0.669580 0.410756 0.667010 0.410328 0.664868 0.396622 0.668294 0.388484 0.670008 0.385056
1 0.658442 0.660892 0.669580 0.661322 0.679858 0.663462 0.685856 0.669888 0.690566 0.686164 0.690996 0.692160 0.689282 0.694302 0.679430 0.701584 0.670864 0.704152 0.657158 0.697300 0.652446 0.692160 0.643452 0.688306 0.638312 0.686592 0.639598 0.675028 0.646878 0.670316 0.657586 0.665176 0.664868 0.660036
1 0.710270 0.552958 0.714124 0.563236 0.719264 0.569662 0.722690 0.576514 0.726118 0.584224 0.731256 0.585510 0.734256 0.581654 0.732114 0.577372 0.730828 0.568804 0.733398 0.563236 0.739824 0.557668 0.741964 0.551672 0.741536 0.548246 0.737682 0.548246 0.729972 0.554242 0.722262 0.550388 0.717550 0.546532
1 0.862322 0.040690 0.870888 0.062962 0.877742 0.071100 0.882024 0.068530 0.888020 0.055252 0.892304 0.046258 0.895730 0.037692 0.895302 0.031268 0.886308 0.035550 0.881596 0.043688 0.879454 0.046686 0.873886 0.038548 0.868318 0.035550
1 0.741108 0.204736 0.752672 0.208162 0.760382 0.211160 0.768948 0.207306 0.774946 0.206878 0.780514 0.211588 0.780942 0.216300 0.778372 0.224010 0.766378 0.234290 0.763808 0.248852 0.762524 0.252706 0.753102 0.259988 0.743678 0.250138 0.739824 0.240286 0.735968 0.228722 0.734256 0.222724 0.732114 0.213302 0.731256 0.206878
1 0.803642 0.188032 0.807068 0.178180 0.811780 0.175182 0.822060 0.184604 0.825914 0.195312 0.817348 0.205164 0.813922 0.211160 0.810924 0.212874 0.802786 0.206448 0.799360 0.200452 0.799360 0.195312 0.801500 0.191886
1 0.923572 0.276264 0.915862 0.291256 0.917146 0.298108 0.925712 0.301536 0.935992 0.298536 0.941988 0.294254 0.945844 0.289114 0.939418 0.280120 0.929996 0.277978
1 0.833624 0.253136 0.828056 0.267698 0.822916 0.285260 0.821204 0.294682 0.832768 0.305818 0.840478 0.302392 0.846902 0.295538 0.848188 0.285688 0.848188 0.271982 0.847330 0.259132 0.846474 0.252706 0.845190 0.250566
1 0.744106 0.300678 0.744106 0.316098 0.745392 0.325950 0.759098 0.328948 0.770234 0.320810 0.773232 0.315670 0.771946 0.309244 0.765522 0.308388 0.759098 0.304962 0.757812 0.298966 0.747962 0.295538
1 0.907296 0.458300 0.924428 0.459156 0.926570 0.468578 0.922714 0.475860 0.908580 0.478430 0.903868 0.479714 0.900870 0.470720 0.900442 0.462154
0 0.956124 0.695158 0.950984 0.709722 0.944558 0.714860 0.930852 0.718288 0.925712 0.720000 0.929140 0.727282 0.938134 0.721714 0.948414 0.721714 0.960834 0.719572 0.970258 0.718288 0.968972 0.710150 0.965974 0.701584 0.962548 0.696014
1 0.766808 0.665604 0.771090 0.660464 0.777086 0.655754 0.777516 0.667318 0.774088 0.676312 0.777944 0.684022 0.774946 0.684450 0.768520 0.675456 0.767236 0.672030 0.762096 0.671600 0.758240 0.668174 0.761240 0.666032
1 0.786938 0.833932 0.793362 0.825366 0.802786 0.818942 0.810924 0.823226 0.816064 0.834362 0.813066 0.842070 0.808782 0.845070 0.804070 0.845498 0.795504 0.844212 0.783084 0.844212
1 0.750960 0.932874 0.760382 0.925592 0.765950 0.923022 0.772804 0.924308 0.778800 0.928592 0.766378 0.939728 0.759954 0.936730 0.753530 0.942298 0.751816 0.952148 0.753958 0.959002 0.747532 0.961144 0.741964 0.960286 0.738538 0.958144 0.740680 0.947866 0.743678 0.937158 0.746248 0.931590
0 0.952696 0.911886 0.966402 0.917884 0.974970 0.923452 0.984820 0.932018 0.987390 0.939298 0.984392 0.948722 0.967688 0.945724 0.959978 0.937586 0.948842 0.938014 0.944558 0.940156 0.933850 0.938014 0.932138 0.929876 0.936420 0.926450 0.945416 0.924308 0.949270 0.915314
0 0.948414 0.971852 0.957836 0.980846 0.968116 0.982558 0.971542 0.990696 0.971542 0.996694 0.956552 0.999264 0.955694 0.997122 0.951840 0.988984 0.950984 0.985558 0.947128 0.983416 0.944558 0.982988 0.943702 0.976990
1 0.911578 0.943582 0.918004 0.948294 0.920144 0.946580 0.923572 0.946152 0.929140 0.947008 0.924856 0.958574 0.920144 0.960286 0.919288 0.971852 0.915004 0.975278 0.913292 0.967140 0.913720 0.959002 0.905582 0.959858 0.902156 0.960714 0.897872 0.956432 0.900442 0.950436 0.906438 0.949578
1 0.965118 0.974850 0.971970 0.970566 0.980108 0.967568 0.992530 0.974420 0.991674 0.982988 0.977540 0.986842 0.968116 0.983416 0.965546 0.980846
0 0.939848 0.400048 0.949698 0.399192 0.963404 0.397478 0.968972 0.410328 0.973256 0.410756 0.977540 0.409900 0.974540 0.421036 0.966402 0.424890 0.959978 0.434742 0.959122 0.436884 0.959978 0.418894 0.961692 0.414610 0.959550 0.413326 0.950126 0.410328 0.938990 0.412470 0.932138 0.409470 0.930424 0.400048
1 0.641214 0.514380 0.637426 0.524482 0.634480 0.541318 0.639530 0.546370 0.645844 0.541740 0.652580 0.535004 0.656788 0.527848 0.660578 0.519430 0.662260 0.513538 0.654264 0.513116
1 0.947380 0.331412 0.955776 0.329646 0.961520 0.333180 0.957102 0.349088 0.943846 0.350414 0.939868 0.344670 0.938542 0.337598
0 0.318008 0.424392 0.317070 0.429400 0.314252 0.434408 0.306428 0.447554 0.302984 0.453188 0.297664 0.465394 0.301420 0.475724 0.308932 0.466960 0.313314 0.457570 0.323642 0.446614 0.326460 0.437538 0.326772 0.426270 0.325834 0.423140