0 0.111456 0.043688 0.089612 0.051398 0.089612 0.071958 0.091680 0.080502 0.087562 0.098150 0.088738 0.106386 0.090502 0.105798 0.102268 0.079914 0.106974 0.071678 0.115210 0.064030 0.118740 0.059912 0.124624 0.073442 0.131682 0.071678 0.131094 0.061676 0.125800 0.053440 0.124036 0.046970
0 0.077560 0.169922 0.098738 0.188158 0.098150 0.201102 0.089914 0.212868 0.092268 0.219926 0.102856 0.207572 0.109916 0.200512 0.105798 0.215220 0.104622 0.225222 0.108152 0.230516 0.119328 0.203454 0.119328 0.192276 0.102856 0.178158 0.088150 0.169922
0 0.095798 0.256988 0.100504 0.269932 0.113446 0.290522 0.114034 0.308758 0.109916 0.322290 0.100504 0.332878 0.092856 0.335820 0.099916 0.339938 0.105798 0.338762 0.099916 0.361116 0.113446 0.353468 0.125800 0.347586 0.132860 0.339938 0.138154 0.332290 0.139330 0.326408 0.122858 0.329936 0.124036 0.312288 0.125800 0.305228 0.126976 0.295816 0.125212 0.286404 0.120506 0.273462 0.112858 0.261106 0.106974 0.255812 0.100504 0.251694
0 0.093444 0.428770 0.091680 0.411122 0.098738 0.411122 0.106386 0.423476 0.108740 0.428770 0.097562 0.434064 0.099916 0.441124 0.113446 0.431712 0.123446 0.429946 0.131682 0.429358 0.132272 0.425240 0.121094 0.419946 0.120506 0.415240 0.114034 0.411710 0.103446 0.399356 0.094620 0.394648 0.088738 0.404062 0.084620 0.411710 0.084032 0.422298 0.087562 0.430534
0 0.101092 0.465832 0.089914 0.476422 0.084032 0.492306 0.086384 0.501718 0.095798 0.505836 0.112858 0.494658 0.118740 0.488188 0.120506 0.476422 0.124036 0.472892 0.138742 0.477598 0.144626 0.471714 0.137566 0.468774 0.137566 0.461714 0.139920 0.452890 0.131094 0.453478 0.126388 0.463478 0.115800 0.463478
0 0.094032 0.574078 0.111682 0.563488 0.116388 0.569960 0.131094 0.558782 0.141096 0.562900 0.135802 0.574078 0.128154 0.581138 0.121682 0.584078 0.116976 0.587608 0.114034 0.598786 0.114034 0.608786 0.105210 0.612904 0.098150 0.602904 0.101092 0.589962 0.104622 0.581726
0 0.107564 0.628200 0.099326 0.658204 0.108152 0.672910 0.110504 0.644672 0.128742 0.682912 0.134036 0.676440 0.127564 0.648790 0.125212 0.636436 0.134036 0.637612 0.137566 0.632906 0.141096 0.622318 0.137566 0.618200
0 0.081598 0.722222 0.109376 0.703994 0.114584 0.697916 0.115452 0.706598 0.124132 0.697916 0.126736 0.717014 0.147570 0.716146 0.148438 0.724826 0.128472 0.730902 0.130208 0.747396 0.125000 0.756076 0.118056 0.747396 0.115452 0.730902 0.116320 0.721354 0.111980 0.718750 0.095486 0.725694
0 0.085242 0.795230 0.099758 0.787752 0.108116 0.790830 0.118234 0.809746 0.125712 0.809306 0.119554 0.795670 0.124832 0.787312 0.129232 0.782034 0.129672 0.774554 0.120434 0.779394 0.117354 0.782034 0.101518 0.778954 0.090522 0.781154 0.081284 0.785992 0.078644 0.792150 0.079524 0.798310
0 0.076884 0.859014 0.094920 0.846258 0.095800 0.833060 0.094920 0.819864 0.098440 0.807986 0.107238 0.809746 0.111196 0.822064 0.110756 0.829102 0.117794 0.834380 0.123074 0.831740 0.127472 0.831302 0.132312 0.836140 0.119114 0.847138 0.110756 0.850656 0.105038 0.855936 0.102838 0.859454 0.096240 0.865612 0.088322 0.869572 0.079964 0.872212 0.076444 0.872212
0 0.093600 0.979544 0.105038 0.976466 0.110756 0.971188 0.112516 0.962830 0.112956 0.955790 0.113836 0.947872 0.117794 0.939074 0.121754 0.940834 0.129672 0.937756 0.132750 0.936876 0.133190 0.943474 0.129672 0.951832 0.135390 0.965028 0.139790 0.967668 0.133190 0.975586 0.128792 0.976906 0.131432 0.983504 0.125272 0.984384 0.116914 0.981304 0.107238 0.986144 0.097120 0.986584 0.087882 0.985704
0 0.291112 0.000344 0.283194 0.011780 0.281434 0.026736 0.281434 0.032896 0.291112 0.016620 0.299910 0.020578 0.301670 0.000344 0.294922 0.000000
0 0.299910 0.066766 0.279236 0.079524 0.275716 0.084362 0.275276 0.091400 0.288034 0.086122 0.298590 0.083044 0.305188 0.075124 0.315306 0.073806 0.319266 0.072486 0.328944 0.077324 0.327184 0.067646 0.323224 0.061048 0.314426 0.059728
0 0.307828 0.122194 0.306508 0.133630 0.298590 0.127472 0.287594 0.127912 0.283634 0.134510 0.287594 0.147708 0.294632 0.151226 0.305628 0.142428 0.310028 0.140230 0.326304 0.151226 0.332902 0.151666 0.335102 0.144188 0.319706 0.130552
0 0.301230 0.199174 0.302990 0.211932 0.287154 0.211052 0.278796 0.214572 0.273956 0.223368 0.278796 0.235686 0.285394 0.234366 0.281874 0.227768 0.284954 0.220290 0.289792 0.218530 0.284954 0.225128 0.289352 0.230848 0.295512 0.227768 0.302990 0.222928 0.310908 0.221610 0.321466 0.224688 0.331142 0.229528 0.329822 0.222050 0.326304 0.217210 0.319266 0.212812 0.311788 0.211492 0.310908 0.204894 0.312228 0.198734 0.306508 0.196536
0 0.292872 0.273076 0.309588 0.270878 0.316626 0.262520 0.320586 0.259880 0.315306 0.281434 0.310468 0.284954 0.318826 0.293312 0.319706 0.305188 0.319706 0.310468 0.328064 0.318826 0.323664 0.321904 0.312228 0.309148 0.306948 0.293312 0.304310 0.287154 0.296392 0.284514 0.290232 0.283194
0 0.306948 0.358856 0.302550 0.385250 0.296392 0.392288 0.289352 0.405044 0.299470 0.398886 0.306948 0.391408 0.313986 0.379970 0.314866 0.367654 0.314866 0.362376
0 0.299030 0.422640 0.308708 0.424400 0.315746 0.426160 0.321026 0.440676 0.329822 0.445074 0.327184 0.431878 0.321904 0.422200 0.327184 0.412522 0.328944 0.405924 0.324104 0.405484 0.317946 0.409444 0.315746 0.414722 0.308708 0.405044 0.302990 0.403726 0.302110 0.409444 0.306948 0.414722 0.295952 0.416042 0.293752 0.422200
0 0.313986 0.488184 0.301670 0.503580 0.291992 0.520296 0.291112 0.537452 0.297270 0.519856 0.302990 0.511498 0.306508 0.507100 0.312668 0.502262 0.317066 0.493904 0.329822 0.493024 0.328064 0.483346
0 0.286714 0.628510 0.299910 0.635108 0.302550 0.643026 0.300790 0.650504 0.303870 0.661942 0.309148 0.677778 0.316186 0.686136 0.314426 0.668100 0.313108 0.653144 0.314866 0.647866 0.312668 0.636868 0.308268 0.630710 0.302110 0.627190 0.288034 0.622352 0.278796 0.623232
0 0.300790 0.713410 0.306948 0.721328 0.315306 0.730566 0.316186 0.742002 0.319266 0.756960 0.324544 0.754760 0.323224 0.737164 0.321026 0.728366 0.317506 0.720448 0.315306 0.712970 0.303430 0.706372 0.296392 0.706372
0 0.304310 0.833940 0.307828 0.852416 0.312228 0.857254 0.315746 0.859454 0.316186 0.881888 0.318826 0.885848 0.327184 0.863854 0.324544 0.851096 0.320146 0.848896 0.315746 0.841418 0.313986 0.834380
0 0.306948 0.919720 0.316186 0.917960 0.321466 0.922358 0.342140 0.923238 0.344340 0.931156 0.332462 0.929838 0.320146 0.930716 0.314866 0.926758 0.311348 0.925878 0.306068 0.924118
1 0.314866 0.976906 0.320146 0.986584 0.325424 0.997140 0.327184 0.989222 0.326744 0.983064 0.328944 0.976466
0 0.458272 0.000784 0.455192 0.030696 0.470148 0.006062 0.472656 0.000000
0 0.456952 0.046092 0.452994 0.053130 0.463550 0.061048 0.459592 0.070726 0.463990 0.090962 0.466190 0.096240 0.470588 0.084362 0.470588 0.076004 0.469270 0.068526 0.470148 0.063248 0.477628 0.064128 0.486864 0.061928 0.493464 0.065448 0.500942 0.061928 0.493024 0.046532 0.487304 0.043452 0.479826 0.052250 0.474548 0.050052 0.463110 0.045212
0 0.459152 0.096240 0.463990 0.129672 0.462230 0.150786 0.464870 0.160024 0.469270 0.153426 0.471028 0.129672 0.478946 0.135390 0.482906 0.129672 0.476308 0.119114 0.476748 0.109876 0.476748 0.105918 0.484666 0.115596 0.488624 0.107678 0.484666 0.096680 0.482026 0.091840
0 0.460032 0.211052 0.448154 0.206652 0.441556 0.206214 0.434958 0.215010 0.434958 0.218970 0.452994 0.221170 0.461350 0.223368 0.467070 0.231726 0.470148 0.241404 0.477188 0.241404 0.480266 0.234366 0.475428 0.227768 0.485546 0.220290 0.482906 0.210612 0.472788 0.211492
0 0.477628 0.278796 0.458712 0.282314 0.449914 0.284514 0.447714 0.295072 0.452994 0.304750 0.460912 0.310028 0.472348 0.296392 0.475868 0.307388 0.480266 0.294632 0.490824 0.305628 0.493904 0.311788 0.496982 0.302110 0.493464 0.287154 0.487304 0.281434 0.482466 0.277916
0 0.479386 0.333782 0.469270 0.339940 0.459152 0.341260 0.463110 0.352698 0.471028 0.358856 0.481146 0.357096 0.487744 0.350498 0.490824 0.340380 0.486864 0.332022
0 0.459592 0.504020 0.461790 0.515458 0.463550 0.528654 0.470148 0.523816 0.478066 0.536132 0.467510 0.547570 0.457832 0.566046 0.447714 0.583202 0.450354 0.592440 0.464870 0.573084 0.469270 0.580562 0.476748 0.566486 0.495222 0.567806 0.503140 0.565606 0.497422 0.562086 0.492144 0.557248 0.494342 0.550650 0.495222 0.544050 0.488624 0.525576 0.484666 0.514138 0.473668 0.507980
0 0.450794 0.628510 0.469270 0.644786 0.485106 0.665902 0.495662 0.678658 0.496982 0.671180 0.494782 0.661502 0.494782 0.655344 0.491264 0.654024 0.493904 0.646986 0.492144 0.634668 0.489504 0.628950 0.485546 0.627190 0.485546 0.639508 0.481586 0.637748 0.482466 0.625870 0.482906 0.619272 0.479826 0.616634 0.474988 0.624992 0.474108 0.634668 0.469708 0.629390 0.462670 0.621472 0.457832 0.618392 0.451674 0.620152
0 0.466190 0.713850 0.477628 0.731886 0.486424 0.745082 0.491264 0.754320 0.496542 0.762238 0.503140 0.762238 0.501822 0.747722 0.500502 0.741122 0.514138 0.744642 0.512378 0.738044 0.500062 0.732764 0.493024 0.730126 0.490384 0.728366 0.493464 0.719568 0.499622 0.716928 0.502700 0.713410 0.495222 0.710330 0.486864 0.710770 0.479386 0.720008 0.475428 0.716488 0.471028 0.709450 0.465750 0.708130
0 0.482906 0.758278 0.472348 0.769716 0.467070 0.776314 0.463110 0.782472 0.459152 0.787312 0.463110 0.791270 0.474108 0.782034 0.475428 0.779394 0.478506 0.793470 0.483786 0.804908 0.487304 0.812386 0.489064 0.822064 0.492144 0.829542 0.496982 0.818984 0.496982 0.811066 0.493464 0.799188 0.489944 0.785112 0.511498 0.789952 0.515458 0.788632 0.515458 0.784232 0.498302 0.780714 0.489944 0.780714 0.485546 0.775874 0.484666 0.767956 0.489944 0.761798
0 0.471028 0.823382 0.475868 0.836140 0.470148 0.846698 0.468830 0.858574 0.474548 0.866932 0.475868 0.850656 0.475868 0.846698 0.487744 0.861214 0.500062 0.873530 0.507540 0.871332 0.496982 0.861214 0.489064 0.852416 0.487304 0.847138 0.494342 0.842298 0.508420 0.836580 0.509300 0.832180 0.500502 0.830422 0.490824 0.833940 0.485986 0.835700 0.479386 0.829542 0.479826 0.824262 0.477188 0.819864
0 0.476748 0.900364 0.474548 0.919720 0.474988 0.929838 0.485106 0.941274 0.489504 0.947432 0.494342 0.934676 0.495662 0.924998 0.497862 0.921480 0.510620 0.922358 0.516338 0.921480 0.515458 0.918400 0.497422 0.917080 0.489944 0.915760 0.489064 0.906082 0.487304 0.899484
0 0.483786 0.946552 0.478066 0.961510 0.471468 0.957550 0.467510 0.965908 0.470588 0.982184 0.472788 0.994062 0.487744 0.995382 0.487744 0.987024 0.489944 0.981744 0.495222 0.973826 0.500502 0.969428 0.501822 0.963708 0.497862 0.962830 0.486864 0.974266 0.483786 0.980424 0.483786 0.968988 0.486424 0.962390 0.487304 0.954032
0 0.738484 0.002542 0.733204 0.039494 0.734084 0.058848 0.743322 0.059288 0.746842 0.048732 0.748602 0.024098 0.753440 0.017498 0.755640 0.002982
0 0.728366 0.080404 0.734524 0.089202 0.733644 0.095360 0.719568 0.098880 0.723088 0.105478 0.734524 0.098880 0.740244 0.094920 0.749920 0.093160 0.760478 0.093160 0.768836 0.095800 0.765756 0.107238 0.759158 0.116034 0.758718 0.122194 0.762678 0.125272 0.767516 0.120874 0.775434 0.107238 0.776754 0.098000 0.773236 0.087882 0.765756 0.084362 0.756080 0.083482 0.741122 0.083922 0.734964 0.079964
0 0.745962 0.142868 0.743762 0.156506 0.739804 0.164424 0.740244 0.175860 0.750360 0.182458 0.760918 0.189058 0.767956 0.185978 0.760918 0.178940 0.755200 0.168822 0.758718 0.151666 0.753880 0.142428
0 0.752560 0.218090 0.741562 0.239644 0.743762 0.255042 0.754760 0.264718 0.762238 0.261200 0.753880 0.250202 0.756080 0.237446 0.758278 0.231286 0.764438 0.229528 0.769716 0.221170 0.764438 0.218970
0 0.751240 0.291552 0.748602 0.296392 0.738924 0.299030 0.739364 0.304750 0.742442 0.305628 0.744202 0.313986 0.742002 0.324104 0.745962 0.328064 0.754760 0.321026 0.760918 0.313108 0.763998 0.307388 0.764438 0.299470 0.761798 0.292432
0 0.763998 0.367214 0.756960 0.371172 0.748162 0.379530 0.745522 0.390968 0.752120 0.390968 0.757838 0.389648 0.767076 0.403726 0.771036 0.400206 0.763998 0.388768 0.763558 0.379530 0.765756 0.376452 0.774114 0.373372 0.774994 0.366334
0 0.746842 0.450794 0.764878 0.463550 0.766196 0.478506 0.770596 0.495222 0.771916 0.501822 0.765318 0.493904 0.766196 0.500502 0.761358 0.502700 0.760918 0.495662 0.760478 0.492144 0.755640 0.497862 0.749920 0.502262 0.745082 0.500942 0.745082 0.496102 0.753000 0.489504 0.756520 0.484226 0.754320 0.473228 0.749042 0.469708 0.742442 0.464430 0.738484 0.460472 0.734524 0.458712 0.728806 0.462670 0.723968 0.460472 0.725286 0.456952 0.733204 0.451234 0.742002 0.451234
0 0.756080 0.530414 0.737164 0.539652 0.735844 0.559448 0.735404 0.574404 0.747722 0.573084 0.754760 0.564726 0.760038 0.559448 0.764878 0.552848 0.765318 0.546250 0.760038 0.540532 0.763998 0.537892 0.766196 0.532614
0 0.752120 0.591560 0.750360 0.616634 0.757838 0.626750 0.764438 0.621912 0.763118 0.615314 0.760918 0.607836 0.764878 0.599918 0.766196 0.592880 0.759598 0.588480
0 0.747722 0.667660 0.747282 0.690096 0.746842 0.703292 0.744202 0.714730 0.743322 0.725286 0.751240 0.720448 0.754760 0.707252 0.757400 0.696694 0.756080 0.687896 0.756080 0.684816 0.772796 0.687456 0.782472 0.689216 0.784232 0.683936 0.774114 0.679978 0.758278 0.678218 0.757838 0.672500 0.757400 0.665902
0 0.749920 0.723968 0.763118 0.724846 0.774554 0.723968 0.778954 0.723528 0.783352 0.723968 0.775874 0.731446 0.772796 0.734964 0.766196 0.737164 0.763118 0.742882 0.764438 0.749042 0.755200 0.750360 0.747282 0.747282 0.748162 0.733644
0 0.763558 0.808426 0.752560 0.819864 0.747282 0.830862 0.754760 0.842298 0.764438 0.848016 0.769716 0.849336 0.763558 0.840098 0.757838 0.834820 0.758718 0.826902 0.765756 0.820744 0.769716 0.815904 0.782472 0.820744 0.789072 0.821184 0.784232 0.811946
0 0.762678 0.944794 0.756080 0.953592 0.756080 0.968988 0.753440 0.977346 0.759598 0.980864 0.766636 0.987464 0.769276 0.982184 0.764438 0.973386 0.763998 0.965028 0.768396 0.959310 0.771476 0.956670 0.774994 0.951392 0.777634 0.946552 0.773676 0.941274 0.765756 0.940394
0 0.925878 0.070726 0.919720 0.087882 0.910482 0.098880 0.906962 0.116034 0.901244 0.129672 0.902564 0.137590 0.912682 0.126592 0.920600 0.114276 0.927198 0.102838 0.930716 0.090522 0.934236 0.083044 0.935116 0.076884 0.940394 0.069846 0.943474 0.067646 0.935116 0.067646
0 0.910482 0.143748 0.921480 0.163984 0.917520 0.171462 0.919280 0.178060 0.917520 0.186858 0.912682 0.196976 0.912242 0.205774 0.910922 0.215450 0.917960 0.209292 0.922798 0.191696 0.929398 0.182458 0.927198 0.172782 0.930716 0.163984 0.937316 0.157824 0.934236 0.152106 0.926758 0.138910
0 0.923238 0.234366 0.910482 0.240084 0.903004 0.254162 0.899924 0.267358 0.900364 0.280116 0.906082 0.272636 0.908722 0.260320 0.913562 0.252842 0.924998 0.245364 0.940394 0.240964 0.952712 0.237886 0.953152 0.233926 0.943034 0.230408 0.932916 0.230408
0 0.888488 0.392288 0.896846 0.384810 0.913122 0.390968 0.921040 0.395806 0.908722 0.406364 0.932476 0.401966 0.936876 0.395806 0.937316 0.391848 0.932036 0.387448 0.935116 0.383050 0.939514 0.379530 0.936436 0.377772 0.928958 0.381730 0.924998 0.383490 0.917520 0.374692 0.910922 0.368534 0.906962 0.379092 0.899044 0.379092 0.887168 0.381730 0.885848 0.385250
0 0.908722 0.448154 0.912242 0.455192 0.906082 0.462670 0.907842 0.465750 0.919720 0.462230 0.922798 0.470148 0.918840 0.479826 0.912682 0.483786 0.904764 0.489504 0.900364 0.497422 0.902124 0.504900 0.903444 0.507100 0.916200 0.493464 0.918400 0.489944 0.926318 0.485106 0.935116 0.478506 0.935556 0.473668 0.943914 0.474108 0.952712 0.473228 0.959750 0.471468 0.964588 0.467950 0.961950 0.464870 0.948752 0.460912 0.943914 0.458712 0.934236 0.455192 0.921480 0.452554
0 0.912242 0.518976 0.919280 0.523816 0.912242 0.529974 0.905642 0.537892 0.899044 0.548010 0.894646 0.560766 0.909602 0.544050 0.914000 0.534814 0.918400 0.530854 0.925438 0.530854 0.928518 0.533934 0.921040 0.543172 0.917960 0.548010 0.914880 0.550210 0.918840 0.551090 0.932916 0.537892 0.940834 0.540972 0.949632 0.539212 0.953152 0.535254 0.954910 0.531734 0.953592 0.526016 0.952712 0.520736 0.950952 0.516778 0.948312 0.516778 0.938634 0.521616 0.934676 0.523816 0.925878 0.522496 0.922358 0.519856
0 0.893766 0.623672 0.900804 0.619272 0.908722 0.614434 0.917520 0.612234 0.925878 0.612674 0.935996 0.614434 0.937316 0.610474 0.942594 0.609594 0.951392 0.610474 0.955350 0.599478 0.960190 0.599038 0.948752 0.617074 0.946992 0.621032 0.937316 0.632030 0.932476 0.635548 0.915760 0.645226 0.914000 0.643466 0.919280 0.635548 0.928518 0.630710 0.932036 0.627190 0.934236 0.624552 0.929838 0.622352 0.924558 0.622352 0.917960 0.630270 0.911362 0.637748 0.906962 0.639948 0.907842 0.632470 0.913122 0.626310 0.910482 0.625432 0.898164 0.630270 0.890246 0.629830 0.890246 0.626750
0 0.917520 0.676458 0.919720 0.682618 0.914000 0.689216 0.910482 0.694494 0.910042 0.709450 0.911802 0.712090 0.916640 0.701532 0.918840 0.695814 0.922358 0.693174 0.926758 0.695814 0.935116 0.698014 0.945674 0.704612 0.954910 0.712530 0.958870 0.721328 0.967228 0.726606 0.972506 0.725286 0.967668 0.716488 0.960190 0.706812 0.956230 0.696254 0.948752 0.690976 0.944794 0.685256 0.950952 0.680418 0.956230 0.676018 0.953152 0.665462 0.945674 0.674260 0.941274 0.676458 0.935996 0.681738 0.933356 0.685256 0.928078 0.686136 0.928078 0.681738 0.926318 0.674260
0 0.917080 0.740244 0.920160 0.757400 0.924118 0.762238 0.933796 0.769716 0.939514 0.774554 0.941714 0.780714 0.942154 0.789072 0.943034 0.803588 0.945234 0.808426 0.952712 0.797430 0.950952 0.782034 0.948312 0.769276 0.954032 0.768396 0.960190 0.768836 0.961070 0.763118 0.951392 0.763558 0.944794 0.761798 0.938634 0.755640 0.936876 0.749480 0.933796 0.741122 0.928518 0.741122 0.925438 0.736724
0 0.881448 0.815024 0.903884 0.821184 0.920600 0.829102 0.926758 0.835700 0.929398 0.843618 0.926758 0.855496 0.927198 0.865612 0.930276 0.871332 0.920160 0.875730 0.909162 0.883648 0.904324 0.888928 0.898604 0.894206 0.895526 0.906962 0.898164 0.911802 0.903444 0.908722 0.910042 0.899484 0.917960 0.888928 0.930716 0.882328 0.940394 0.880570 0.943034 0.879250 0.942594 0.873970 0.936436 0.868692 0.934676 0.862974 0.936436 0.850656 0.940394 0.842298 0.942594 0.834820 0.936876 0.830422 0.931596 0.822504 0.924998 0.815904 0.917960 0.810626 0.905642 0.805348 0.895526 0.809746
0 0.913122 0.966348 0.925878 0.956670 0.932916 0.954032 0.942154 0.945234 0.953152 0.935116 0.961950 0.928958 0.965908 0.921918 0.965908 0.913562 0.968988 0.922798 0.969428 0.929398 0.966348 0.938196 0.960190 0.947872 0.955350 0.953152 0.949192 0.961070 0.944354 0.961510 0.936876 0.961510 0.924558 0.964148 0.917520 0.969428 0.913122 0.975146 0.907842 0.971626
0 0.888488 0.999780 0.909602 0.997580 0.898164 0.994502 0.892006 0.994502
1 0.018570 0.095606 0.038042 0.097896 0.042052 0.105630 0.042626 0.114506 0.040048 0.121094 0.035466 0.125104 0.024296 0.125104 0.008546 0.125390 0.011982 0.115938 0.011982 0.108780
1 0.053222 0.113076 0.048926 0.129972 0.050930 0.145150 0.054940 0.149446 0.062100 0.145150 0.068686 0.136844 0.070118 0.124530 0.066968 0.117370 0.056086 0.112502
1 0.042052 0.145150 0.042626 0.157178 0.035466 0.154600 0.031742 0.154314 0.030310 0.158896 0.035752 0.162332 0.039474 0.164052 0.044916 0.170352 0.050644 0.176652 0.052648 0.174074 0.050358 0.162906 0.049784 0.149732 0.047780 0.144578
1 0.020860 0.170638 0.031742 0.179230 0.039474 0.182952 0.042338 0.186102 0.034034 0.189540 0.026874 0.187248 0.027160 0.197558 0.023152 0.200708 0.021720 0.199848 0.021720 0.188394 0.017424 0.178942 0.014846 0.170352
1 0.057516 0.327288 0.068686 0.330152 0.079854 0.332158 0.085868 0.339030 0.088160 0.347622 0.087300 0.355926 0.080142 0.357932 0.069544 0.358790 0.061812 0.355068 0.056658 0.352776 0.053794 0.344186 0.054940 0.333590
1 0.005396 0.404326 0.015132 0.408334 0.015992 0.417500 0.010550 0.426376 0.007686 0.429528 0.002532 0.425232 0.000814 0.417212 0.001100 0.408334 0.001958 0.404898
1 0.151450 0.652906 0.151164 0.664646 0.144004 0.669228 0.139136 0.672952 0.136844 0.681544 0.139708 0.681830 0.146296 0.676102 0.148300 0.674384 0.155460 0.676102 0.164338 0.676102 0.169492 0.676388 0.165482 0.672092 0.160328 0.670088 0.159756 0.660064 0.157750 0.650042 0.156318 0.647464
1 0.022006 0.787504 0.039188 0.786646 0.053222 0.784928 0.054940 0.806120 0.046062 0.811848 0.040906 0.817288 0.028592 0.823588 0.018570 0.820152 0.011982 0.809842 0.015706 0.798960 0.017424 0.787790 0.021146 0.783782
1 0.260276 0.391438 0.274594 0.392584 0.282326 0.398598 0.283472 0.410626 0.276600 0.410626 0.262852 0.407762 0.259130 0.404326 0.258558 0.397738 0.260562 0.394302 0.261420 0.396020
1 0.431532 0.074414 0.451006 0.078710 0.453870 0.075846 0.457306 0.085582 0.457306 0.089592 0.454156 0.101334 0.452724 0.108206 0.443274 0.114506 0.434968 0.113648 0.428954 0.103052 0.427808 0.093602 0.426664 0.079568
2 0.226768 0.474490 0.230492 0.478212 0.231924 0.487376 0.228774 0.492244 0.227056 0.500550 0.221042 0.502268 0.221042 0.495394 0.222186 0.489668 0.224192 0.484798 0.220182 0.477352 0.220754 0.473344
1 0.756288 0.424372 0.750274 0.430100 0.755144 0.435828 0.756576 0.445850 0.757720 0.448142 0.762876 0.438404 0.768604 0.448714 0.772612 0.439264 0.774618 0.434110 0.768316 0.432390 0.763162 0.428382
1 0.758580 0.767172 0.753998 0.778340 0.757148 0.787504 0.766886 0.796096 0.769462 0.787504 0.770608 0.783496 0.766598 0.778054 0.765454 0.770894 0.767458 0.765740 0.761444 0.765740
0 0.911794 0.300368 0.920100 0.315260 0.911508 0.324998 0.899194 0.335308 0.897762 0.344186 0.911508 0.333016 0.918094 0.326430 0.922390 0.322420 0.928118 0.320130 0.937282 0.317838 0.936424 0.314688 0.928118 0.316692 0.922390 0.311538 0.921244 0.304664 0.918382 0.300656
1 0.821584 0.729082 0.826166 0.733664 0.829890 0.727650 0.831034 0.723356 0.831322 0.736242 0.837048 0.733952 0.840486 0.734810 0.835904 0.743402 0.832466 0.746266 0.828458 0.742542 0.823876 0.738534 0.819580 0.734810
1 0.956184 0.955038 0.950456 0.963056 0.949884 0.972220 0.955324 0.971934 0.960480 0.980240 0.963056 0.981386 0.967066 0.978234 0.970216 0.967926 0.968784 0.955038 0.968498 0.947020 0.959620 0.952460
0 0.753458 0.889536 0.749722 0.908214 0.748656 0.916218 0.743852 0.926358 0.753992 0.916752 0.756660 0.906612 0.756126 0.898608 0.763598 0.898608 0.768400 0.908748 0.773736 0.917820 0.774804 0.913016 0.775338 0.901276 0.774270 0.897540 0.769468 0.895940 0.764130 0.892738 0.758260 0.886868
1 0.704124 0.720014 0.713426 0.724276 0.717688 0.719238 0.722338 0.720400 0.720400 0.726988 0.717688 0.734740 0.711876 0.737452 0.705288 0.733190
1 0.286674 0.413820 0.291026 0.426390 0.293442 0.428808 0.299728 0.429292 0.302144 0.438476 0.294892 0.449596 0.289092 0.447662 0.284740 0.437026 0.283290 0.425424 0.282806 0.417688
1 0.300210 0.572392 0.308912 0.574808 0.312780 0.578192 0.311330 0.583994 0.311330 0.594146 0.305046 0.584960 0.304078 0.581576
1 0.355324 0.338886 0.353874 0.347106 0.347588 0.349038 0.348556 0.357258 0.356774 0.353390 0.363058 0.353390 0.364992 0.350972 0.361608 0.344688
1 0.662286 0.878906 0.674716 0.878314 0.678858 0.882458 0.675900 0.891928 0.672348 0.893702 0.664654 0.894294 0.658736 0.886600
1 0.881116 0.832066 0.889070 0.840020 0.893930 0.838694 0.895698 0.847090 0.883766 0.852836 0.878022 0.850626 0.873162 0.843998 0.875372 0.836486
1 0.873604 0.958888 0.879348 0.965958 0.883766 0.964632 0.894372 0.964190 0.888186 0.971702 0.879790 0.974354 0.875814 0.977446 0.873162 0.977888 0.869626 0.974794 0.871836 0.972144 0.870068 0.967282 0.867860 0.962422