0 0.060010 0.001446 0.063738 0.007410 0.066720 0.016356 0.075664 0.021574 0.068956 0.026792 0.061502 0.033502 0.061502 0.037228 0.074174 0.032756 0.083120 0.028284 0.086846 0.023064 0.092810 0.027538 0.095048 0.034992 0.080884 0.037228 0.081628 0.041702 0.106230 0.042446 0.109210 0.035738 0.103248 0.016356 0.091320 0.013374 0.084610 0.005174 0.079392 0.002192
0 0.071938 0.078974 0.078646 0.085684 0.085356 0.096120 0.091320 0.099102 0.102502 0.103576 0.110702 0.108048 0.107720 0.111776 0.100266 0.111776 0.111448 0.117740 0.111448 0.127430 0.115174 0.132648 0.121884 0.135630 0.111448 0.139358 0.104738 0.132648 0.095048 0.117740 0.090574 0.111030 0.077902 0.108048 0.071192 0.103576 0.060010 0.102084 0.056282 0.102084 0.053300 0.106558 0.050320 0.112520 0.045846 0.106558 0.047338 0.096866 0.060010 0.091648 0.065974 0.086430
0 0.131576 0.183340 0.131576 0.195268 0.126356 0.202722 0.133066 0.203468 0.131576 0.207940 0.114430 0.201976 0.093556 0.196014 0.079392 0.190794 0.067464 0.173650 0.065228 0.161722 0.065974 0.151286 0.071192 0.160230 0.074174 0.169176 0.082374 0.172904 0.090574 0.175140 0.095792 0.178868 0.099520 0.183340 0.110702 0.184832 0.114430 0.189304 0.122630 0.188558
0 0.097284 0.248942 0.101756 0.262360 0.104738 0.278014 0.103992 0.291434 0.096538 0.291434 0.093556 0.277270 0.089828 0.285470 0.089828 0.296652 0.084610 0.289942 0.071192 0.282488 0.062992 0.277270 0.068956 0.269814 0.069702 0.260124 0.065228 0.251178 0.072684 0.242232 0.085356 0.244468
0 0.065228 0.369708 0.071938 0.380890 0.083866 0.387598 0.093556 0.392072 0.102502 0.394308 0.112192 0.397290 0.121138 0.403254 0.104738 0.403998 0.105484 0.412198 0.103248 0.423380 0.091320 0.429344 0.079392 0.430836 0.069702 0.429344 0.077902 0.424872 0.092810 0.421144 0.095792 0.410708 0.091320 0.402508 0.075664 0.397290 0.065228 0.398780 0.050320 0.398780 0.047338 0.403998 0.037646 0.409962 0.033174 0.412944 0.031682 0.406236 0.040628 0.396544 0.039882 0.386852 0.038392 0.381634 0.052556 0.378652
0 0.048082 0.483018 0.054046 0.472582 0.069702 0.470346 0.078646 0.471836 0.092810 0.479290 0.098028 0.489728 0.103992 0.493454 0.107720 0.506128 0.106230 0.521782 0.101756 0.530728 0.100266 0.514328 0.095048 0.511346 0.091320 0.517310 0.092066 0.528492 0.086846 0.518800 0.080138 0.506128 0.075664 0.491218 0.077156 0.482272 0.065228 0.480036 0.057028 0.480036
0 0.087592 0.535200 0.081628 0.541164 0.074920 0.551602 0.065228 0.557566 0.061502 0.562784 0.074174 0.565020 0.082374 0.566510 0.083866 0.575456 0.083866 0.582166 0.083866 0.591112 0.086102 0.596330 0.095792 0.586638 0.101756 0.584402 0.103992 0.572474 0.106230 0.556074 0.103248 0.544146
0 0.071704 0.630028 0.065904 0.632348 0.076410 0.644784 0.085356 0.655966 0.092066 0.668640 0.099520 0.679076 0.112192 0.685786 0.124120 0.687276 0.114430 0.677586 0.104738 0.664166 0.101756 0.649258 0.090574 0.638820 0.075960 0.632736
0 0.068956 0.711132 0.070446 0.717096 0.064482 0.717840 0.058520 0.721568 0.067464 0.727532 0.068210 0.734986 0.077902 0.729022 0.089828 0.726786 0.096538 0.729768 0.106230 0.737968 0.110702 0.747660 0.118156 0.755114 0.125612 0.757350 0.121138 0.739460 0.114430 0.722314 0.100266 0.714114 0.086846 0.711132 0.076410 0.710386
0 0.071938 0.776732 0.080884 0.782696 0.088338 0.787914 0.094302 0.787170 0.101756 0.785678 0.115174 0.785678 0.114430 0.794624 0.108466 0.804314 0.106974 0.812514 0.118902 0.819224 0.095792 0.816242 0.083120 0.816242 0.087592 0.808788 0.080884 0.805060 0.077156 0.814752 0.071938 0.822206 0.071938 0.811024 0.074174 0.793878 0.065228 0.786424
0 0.120394 0.878116 0.115174 0.884080 0.109956 0.894516 0.105484 0.906444 0.105484 0.887808 0.088338 0.887062 0.079392 0.892280 0.066720 0.893026 0.056282 0.892280 0.046592 0.896752 0.045100 0.896752 0.048828 0.887808 0.062246 0.879606 0.067464 0.875880 0.086102 0.877370 0.105484 0.877370
0 0.089084 0.951172 0.073428 0.955644 0.065228 0.960118 0.062246 0.969808 0.068210 0.975026 0.075664 0.969808 0.087592 0.969064 0.094302 0.972790 0.095048 0.977264 0.083120 0.978754 0.080884 0.983972 0.096538 0.986954 0.103248 0.986954 0.119648 0.994408 0.131576 0.996646 0.137538 0.994408 0.118902 0.986954 0.109956 0.978008 0.111448 0.966082 0.106230 0.960862
0 0.258966 0.089012 0.262808 0.098616 0.252562 0.102460 0.244878 0.108222 0.240394 0.115906 0.256404 0.113986 0.265368 0.121030 0.271132 0.129354 0.280098 0.128714 0.289062 0.131916 0.289702 0.127434 0.276256 0.112704 0.273694 0.101818 0.276256 0.095414 0.289702 0.091572 0.287782 0.087730 0.279456 0.088370 0.269212 0.094134 0.265368 0.085170
0 0.244878 0.151768 0.250000 0.156890 0.254482 0.162654 0.261526 0.169058 0.268570 0.172900 0.274974 0.174180 0.282018 0.174180 0.292264 0.176742 0.292904 0.181864 0.287142 0.181864 0.278816 0.180584 0.279456 0.185066 0.289062 0.188908 0.298028 0.194672 0.307634 0.205558 0.309554 0.212602 0.301230 0.207480 0.294186 0.201716 0.280738 0.195312 0.272412 0.188908 0.267930 0.183146 0.265368 0.186988 0.260886 0.193392 0.257044 0.204918 0.256404 0.217726 0.251922 0.215164 0.250640 0.195952 0.255764 0.185706 0.261526 0.178662 0.255122 0.176102 0.244878 0.176102 0.237832 0.179944 0.233990 0.185066 0.225666 0.184426 0.216700 0.183146 0.216700 0.179304 0.224386 0.176742 0.234632 0.169698 0.242316 0.167776 0.248720 0.166496 0.244236 0.160732
0 0.241034 0.215164 0.241034 0.227330 0.242956 0.238218 0.245518 0.243980 0.239114 0.244620 0.225666 0.245262 0.219262 0.245262 0.209016 0.245902 0.203894 0.248464 0.209016 0.252306 0.203254 0.252946 0.200052 0.256788 0.214780 0.258068 0.236552 0.258068 0.241676 0.259990 0.243596 0.254866 0.250640 0.255508 0.263448 0.256788 0.277536 0.256788 0.294826 0.253586 0.307634 0.249104 0.316598 0.242700 0.312756 0.239498 0.305712 0.245262 0.290984 0.249104 0.285860 0.247182 0.294186 0.242060 0.290344 0.237576 0.283940 0.243340 0.275614 0.245902 0.268570 0.247822 0.261526 0.243980 0.253202 0.235656 0.249360 0.227330 0.246798 0.218366
0 0.253202 0.320824 0.250000 0.330430 0.244878 0.340676 0.236552 0.347720 0.237832 0.352844 0.252562 0.346440 0.263448 0.340676 0.257044 0.350922 0.265368 0.350922 0.268570 0.345800 0.274974 0.356046 0.284580 0.359246 0.278816 0.346440 0.274334 0.339396 0.278816 0.331070 0.287142 0.320824 0.282658 0.320184 0.274334 0.324026 0.270492 0.321466 0.264728 0.322746
0 0.256404 0.401512 0.245518 0.407914 0.234632 0.414318 0.223104 0.420082 0.216700 0.429048 0.216060 0.433530 0.226306 0.429048 0.239754 0.422004 0.257044 0.422004 0.267930 0.419442 0.276256 0.416880 0.290984 0.418802 0.306352 0.425846 0.313396 0.423924 0.312756 0.419442 0.297388 0.417520 0.286502 0.409196 0.276256 0.404072 0.271772 0.402152 0.267930 0.404714
0 0.262496 0.448036 0.268686 0.457606 0.277130 0.464360 0.280508 0.471676 0.285010 0.480120 0.284448 0.484060 0.275442 0.479556 0.269812 0.478994 0.261932 0.486312 0.259682 0.494192 0.262496 0.503760 0.265310 0.511078 0.270376 0.534718 0.271502 0.540346 0.277692 0.550478 0.277130 0.555544 0.266998 0.557232 0.252926 0.557232 0.252364 0.552728 0.257992 0.545974 0.247862 0.542034 0.237166 0.543160 0.230976 0.544848 0.224784 0.542034 0.238292 0.535280 0.249550 0.534154 0.255742 0.534718 0.256866 0.525712 0.252926 0.504886 0.251238 0.485186 0.259682 0.476180 0.269250 0.470552 0.263622 0.462672 0.252926 0.458732 0.255178 0.447474
0 0.225910 0.615770 0.241106 0.625900 0.257430 0.634344 0.258556 0.638284 0.252926 0.644474 0.250112 0.650104 0.248986 0.655732 0.247298 0.663612 0.255742 0.666990 0.257992 0.654606 0.263622 0.643350 0.265872 0.646726 0.269812 0.653480 0.272064 0.660236 0.274878 0.648414 0.285572 0.648414 0.289512 0.646726 0.281070 0.639410 0.278256 0.629840 0.280508 0.615206 0.278818 0.610140 0.274878 0.616894 0.272626 0.623650 0.269250 0.620834 0.261370 0.621960 0.245046 0.615770 0.238292 0.612954 0.233226 0.611266 0.229850 0.611266
0 0.243358 0.663612 0.241106 0.671492 0.245610 0.681624 0.252926 0.699072 0.255178 0.705826 0.249550 0.706390 0.247298 0.710892 0.248424 0.717084 0.260244 0.712582 0.268124 0.715958 0.265872 0.725526 0.272064 0.732282 0.291202 0.741286 0.305272 0.742976 0.311464 0.737910 0.301332 0.735658 0.279944 0.726652 0.276004 0.721024 0.279382 0.707516 0.283322 0.701324 0.290638 0.694570 0.299644 0.688940 0.299644 0.686126 0.291202 0.687252 0.283884 0.689504 0.278256 0.693444 0.274316 0.703012 0.272064 0.708642 0.267562 0.701886 0.261370 0.694570 0.255742 0.686126 0.254052 0.677120 0.248424 0.668116
0 0.225346 0.775058 0.241106 0.781250 0.255178 0.787442 0.265310 0.788568 0.277692 0.786316 0.286136 0.784064 0.301332 0.784628 0.311464 0.784628 0.318218 0.780124 0.313152 0.776184 0.290638 0.770556 0.281070 0.770556 0.278256 0.766616 0.285010 0.758736 0.291764 0.751418 0.296830 0.748042 0.288950 0.747478 0.279382 0.750292 0.274878 0.758172 0.272626 0.769992 0.269250 0.773370 0.261370 0.772244 0.248424 0.770556 0.236604 0.771682
0 0.234352 0.921966 0.246736 0.929846 0.255742 0.934348 0.260244 0.935474 0.255178 0.941666 0.248424 0.948420 0.242796 0.956300 0.238856 0.963616 0.237166 0.973186 0.239418 0.979376 0.243922 0.970934 0.250676 0.961928 0.260244 0.954610 0.263622 0.946730 0.274316 0.944480 0.281632 0.947294 0.297392 0.954048 0.306962 0.959676 0.314278 0.960802 0.310902 0.954610 0.297392 0.947856 0.285572 0.941666 0.281632 0.936600 0.283884 0.929846 0.291202 0.926468 0.303584 0.920840 0.297392 0.918026 0.283884 0.923654 0.277692 0.929282 0.271502 0.935474 0.264184 0.930408 0.262496 0.925342 0.251238 0.923090 0.243922 0.920276
0 0.489154 0.082728 0.496128 0.080984 0.498744 0.092320 0.497872 0.101040 0.496128 0.113246 0.500488 0.134172 0.509208 0.142892 0.519670 0.152484 0.530134 0.154228 0.519670 0.140276 0.513568 0.123710 0.513568 0.111502 0.510080 0.104528 0.510952 0.094936 0.504848 0.078370 0.500488 0.068778 0.490898 0.073138
0 0.498536 0.210592 0.496672 0.218050 0.497604 0.226908 0.502266 0.235764 0.506460 0.244620 0.512054 0.253478 0.515784 0.256274 0.513918 0.263732 0.518114 0.270258 0.518114 0.276784 0.506926 0.271190 0.495274 0.269792 0.493408 0.262334 0.498070 0.250214 0.491078 0.246020 0.485018 0.246952 0.489680 0.239028 0.490146 0.232502 0.482222 0.237162 0.478026 0.236696 0.483620 0.225510 0.491078 0.220382
0 0.490146 0.195676 0.495740 0.199872 0.501334 0.206864 0.502266 0.218050 0.509724 0.219450 0.512520 0.226908 0.528836 0.233900 0.537692 0.232034 0.526038 0.226442 0.520444 0.219916 0.518114 0.210592 0.518114 0.197540 0.518580 0.184954 0.515784 0.178428 0.512986 0.182624 0.511122 0.188218 0.505528 0.183556 0.500400 0.186354 0.501800 0.193812 0.494808 0.189150
0 0.477560 0.458578 0.485484 0.463240 0.495274 0.466970 0.502732 0.469300 0.506460 0.461376 0.516250 0.464172 0.522776 0.472096 0.524640 0.478156 0.522776 0.487946 0.520912 0.493540 0.518114 0.501464 0.509258 0.502396 0.514386 0.493540 0.509724 0.487014 0.505994 0.480488 0.500868 0.482818 0.498070 0.487946 0.498536 0.497734 0.498070 0.509854 0.501800 0.514982 0.504596 0.519644 0.504130 0.522440 0.495740 0.519644 0.489680 0.507058 0.489680 0.486082 0.487348 0.490276 0.485484 0.499132 0.484086 0.509388 0.480356 0.511252 0.470102 0.502862 0.463110 0.499132 0.457050 0.495870 0.465906 0.491674 0.473364 0.482818 0.475696 0.491674 0.477560 0.499132 0.479424 0.490276 0.481756 0.480488 0.490146 0.477224 0.490612 0.473030 0.482688 0.468368
0 0.497604 0.599820 0.498070 0.609142 0.500868 0.618464 0.501334 0.624058 0.496206 0.625456 0.485484 0.624990 0.478026 0.624990 0.471034 0.628720 0.467772 0.632448 0.479424 0.633848 0.492476 0.633848 0.501800 0.631050 0.501800 0.638042 0.506926 0.648298 0.519978 0.662282 0.526504 0.667410 0.531166 0.672536 0.532564 0.662748 0.523708 0.654358 0.514852 0.642704 0.514852 0.632916 0.518580 0.623592 0.515784 0.609608 0.513918 0.605878 0.504596 0.607278 0.502732 0.600752
0 0.521844 0.692114 0.518580 0.698174 0.523242 0.706566 0.524174 0.708896 0.518580 0.711226 0.509258 0.707032 0.498536 0.702370 0.490146 0.702370 0.482688 0.704234 0.475696 0.707032 0.472898 0.711226 0.483620 0.709362 0.489680 0.712624 0.498536 0.715888 0.507860 0.717752 0.516716 0.719150 0.515784 0.726610 0.515784 0.734534 0.514852 0.740594 0.507860 0.741526 0.498070 0.742924 0.492476 0.742924 0.485018 0.741526 0.482222 0.741526 0.485018 0.746654 0.499002 0.748052 0.509724 0.746186 0.518580 0.742924 0.521378 0.736864 0.523242 0.723346 0.526970 0.715422 0.529768 0.707498 0.528370 0.698640
0 0.479890 0.785342 0.483154 0.790004 0.479424 0.797462 0.476628 0.803988 0.474764 0.810048 0.473830 0.819370 0.475230 0.828228 0.478026 0.833822 0.481756 0.827296 0.488282 0.819370 0.496206 0.808650 0.501800 0.802124 0.506926 0.796996 0.511122 0.792334 0.510190 0.787208 0.505994 0.784876 0.498070 0.785342 0.489214 0.783944 0.482222 0.781614
0 0.523708 0.852000 0.529768 0.856196 0.534896 0.863188 0.540488 0.867384 0.543752 0.869714 0.535828 0.872044 0.529302 0.869714 0.526504 0.875774 0.525572 0.889292 0.525572 0.897682 0.527904 0.907006 0.528836 0.913532 0.523242 0.905140 0.518580 0.895818 0.515784 0.899080 0.514852 0.894420 0.518580 0.886496 0.514386 0.870646 0.505062 0.862256 0.503664 0.852932 0.507392 0.858992 0.512986 0.864120 0.516716 0.860858 0.517182 0.856196 0.519046 0.853866
0 0.480824 0.930778 0.488748 0.931244 0.493408 0.937770 0.497604 0.948026 0.500868 0.954086 0.498536 0.956416 0.492010 0.959678 0.483154 0.962010 0.475696 0.964340 0.472432 0.968536 0.483154 0.967138 0.493874 0.965272 0.502266 0.964340 0.505994 0.969002 0.503664 0.984384 0.501800 0.992308 0.509724 0.998834 0.512054 0.988114 0.516250 0.977392 0.516716 0.969934 0.520444 0.978324 0.528836 0.981588 0.540488 0.982054 0.533496 0.975994 0.523708 0.970866 0.522776 0.960612 0.516716 0.948492 0.508326 0.940568 0.499934 0.932176 0.495274 0.924252 0.486882 0.924252
0 0.687322 0.073082 0.679398 0.066090 0.675670 0.056766 0.673804 0.048842 0.675204 0.032062 0.673804 0.027866 0.662618 0.024136 0.655626 0.019942 0.650964 0.011084 0.662152 0.012950 0.668678 0.018544 0.677068 0.023670 0.682662 0.026934 0.681264 0.020408 0.681730 0.018076 0.689654 0.019942 0.691518 0.023204 0.700374 0.016212 0.700374 0.024136 0.695248 0.031594 0.686856 0.035324 0.682662 0.039520 0.681730 0.046512 0.683128 0.055368 0.684992 0.068420
0 0.648168 0.086600 0.647700 0.093126 0.656092 0.107576 0.667746 0.108974 0.673338 0.114102 0.676602 0.122958 0.681730 0.116432 0.688256 0.119696 0.691052 0.125756 0.687322 0.129018 0.677068 0.130882 0.673338 0.131348 0.682662 0.136476 0.694314 0.134612 0.697578 0.130416 0.706900 0.125290 0.712028 0.116432 0.718554 0.107576 0.722284 0.101982 0.718088 0.101050 0.713892 0.107110 0.709232 0.115500 0.702240 0.122026 0.697112 0.122958 0.697112 0.118296 0.704570 0.112704 0.704570 0.108974 0.696646 0.112238 0.690586 0.112238 0.679864 0.105712 0.678000 0.096854 0.665880 0.095456 0.654694 0.091726
0 0.653294 0.155122 0.664016 0.163978 0.671474 0.170038 0.673804 0.171902 0.667278 0.173768 0.660286 0.177496 0.660286 0.189616 0.667278 0.198940 0.671940 0.205466 0.676602 0.210126 0.680330 0.205466 0.690120 0.201736 0.694782 0.191480 0.696646 0.183090 0.695714 0.171436 0.692916 0.166310 0.683128 0.170038 0.672406 0.164444 0.661220 0.157918
0 0.663084 0.250214 0.672872 0.250214 0.682662 0.252546 0.686856 0.253012 0.686856 0.260470 0.686390 0.270258 0.692450 0.278648 0.700374 0.281912 0.705502 0.281446 0.705036 0.272590 0.698976 0.274454 0.693382 0.266530 0.694782 0.256740 0.699908 0.250680 0.706900 0.247884 0.714826 0.245554 0.725080 0.245554 0.728344 0.239028 0.728810 0.225042 0.725546 0.229238 0.722284 0.237162 0.715292 0.240892 0.706434 0.240892 0.705968 0.233434 0.704104 0.231102 0.700374 0.235764 0.696180 0.239494 0.689188 0.244154 0.682662 0.243222 0.675204 0.243222 0.671474 0.239960 0.667278 0.236230 0.665880 0.241358
0 0.686856 0.306618 0.697112 0.314542 0.703172 0.321534 0.707834 0.330390 0.700840 0.335984 0.689188 0.341112 0.680796 0.343908 0.669144 0.344840 0.661220 0.349036 0.657490 0.349968 0.657024 0.345306 0.660752 0.342510 0.655626 0.337848 0.654226 0.333188 0.660286 0.335052 0.668212 0.337848 0.675670 0.334120 0.679398 0.324330 0.681264 0.318736 0.682196 0.310812
0 0.680330 0.476758 0.676136 0.481420 0.675670 0.484682 0.670542 0.485148 0.662618 0.486082 0.657024 0.488878 0.650964 0.492608 0.649100 0.497734 0.657956 0.496802 0.666346 0.492608 0.674738 0.493540 0.670542 0.498200 0.667278 0.505192 0.665414 0.514516 0.664948 0.524304 0.668678 0.529432 0.670076 0.516846 0.674270 0.503794 0.680796 0.500066 0.689654 0.498666 0.694314 0.498666 0.695248 0.504260 0.699908 0.513584 0.710630 0.519176 0.720884 0.522440 0.728810 0.521042 0.732538 0.517312 0.722750 0.517312 0.712028 0.513118 0.704570 0.508456 0.699442 0.499132 0.699442 0.493540 0.688722 0.490276 0.683128 0.485148
0 0.695514 0.543002 0.697198 0.549316 0.700986 0.553946 0.704776 0.556052 0.703512 0.565312 0.703092 0.574152 0.703092 0.581728 0.699302 0.587200 0.692148 0.588042 0.685412 0.583412 0.682466 0.590146 0.676572 0.593514 0.676994 0.607406 0.674888 0.609930 0.669416 0.597724 0.673626 0.588042 0.679940 0.577098 0.678678 0.566996 0.676572 0.561524 0.670258 0.558156 0.665208 0.556894 0.670680 0.552262 0.678678 0.553946 0.685412 0.556052 0.686254 0.553526 0.689200 0.554368 0.689200 0.548474 0.687938 0.545108
0 0.706196 0.589332 0.702784 0.596582 0.699372 0.603404 0.699798 0.613214 0.702784 0.623874 0.706196 0.627286 0.714298 0.622594 0.721548 0.622594 0.721548 0.628138 0.712166 0.631976 0.706196 0.634536 0.710034 0.639652 0.721122 0.649888 0.725812 0.652020 0.733914 0.657990 0.730930 0.661828 0.722400 0.657990 0.711740 0.653298 0.703636 0.645622 0.701504 0.641358 0.700652 0.633682 0.688284 0.633256 0.682314 0.634108 0.680182 0.629418 0.672932 0.623022 0.665256 0.616198 0.660140 0.604258 0.658434 0.595302 0.658434 0.591890 0.661844 0.594450 0.665682 0.603404 0.668668 0.611934 0.680182 0.620462 0.692976 0.626006 0.696814 0.623874 0.693828 0.611080 0.694254 0.600846 0.700226 0.591890
0 0.699372 0.690826 0.697666 0.701060 0.698946 0.707032 0.691270 0.705326 0.681888 0.705326 0.674212 0.706178 0.669948 0.707458 0.668242 0.712148 0.661418 0.716414 0.656728 0.719824 0.652890 0.724516 0.649904 0.730486 0.659286 0.729206 0.667816 0.724942 0.676344 0.715134 0.679756 0.719824 0.681462 0.721956 0.687006 0.717266 0.691696 0.719398 0.693402 0.726648 0.698946 0.738588 0.704490 0.749676 0.710460 0.757778 0.714298 0.762896 0.716856 0.756926 0.712592 0.745838 0.704916 0.730060 0.699372 0.723236 0.701078 0.716840 0.710886 0.716840 0.721974 0.718118 0.730076 0.721956 0.735194 0.722810 0.734340 0.715560 0.719842 0.712148 0.711312 0.710016 0.703210 0.710016 0.705768 0.703620 0.704916 0.696370 0.703636 0.691252
0 0.695102 0.768726 0.698938 0.776398 0.702454 0.782152 0.706290 0.784708 0.706928 0.791422 0.711404 0.795578 0.721952 0.800372 0.730584 0.802290 0.728986 0.805486 0.719716 0.804528 0.711724 0.800052 0.703732 0.796536 0.700216 0.790782 0.692864 0.792060 0.679758 0.793660 0.674644 0.797496 0.673364 0.805806 0.676242 0.811880 0.679438 0.813158 0.680078 0.820510 0.680078 0.828182 0.678480 0.829462 0.674962 0.822108 0.670808 0.816674 0.666972 0.808684 0.666972 0.798774 0.667610 0.791422 0.661218 0.786946 0.657382 0.782152 0.659938 0.778954 0.667292 0.780234 0.674004 0.778954 0.680398 0.779274 0.686790 0.779594 0.692864 0.781832 0.692224 0.777036 0.691266 0.771282 0.691266 0.767128
0 0.695342 0.968426 0.693140 0.976136 0.693506 0.990088 0.694974 0.998164 0.685430 0.998898 0.678086 0.995228 0.675150 0.989720 0.666338 0.988986 0.658628 0.990088 0.655324 0.991924 0.663034 0.995594 0.670744 0.999632 0.703052 0.986416 0.703052 0.977238 0.702318 0.969162
1 0.063052 0.112478 0.067518 0.119380 0.066706 0.129938 0.068330 0.137246 0.059398 0.136028 0.060210 0.128720 0.055338 0.127096 0.043156 0.122628 0.043156 0.116944 0.052088 0.117350 0.058992 0.118568
1 0.011890 0.344740 0.017980 0.352456 0.021228 0.356516 0.020416 0.360170 0.017168 0.365856 0.024478 0.365044 0.028538 0.357328 0.023664 0.346772 0.016356 0.341086
1 0.019492 0.684948 0.029162 0.684948 0.033802 0.682240 0.035736 0.688042 0.038444 0.696164 0.035350 0.698098 0.032256 0.691522 0.021426 0.691522 0.018332 0.690362
1 0.082920 0.733292 0.086014 0.738706 0.086014 0.743734 0.084468 0.750696 0.089108 0.749536 0.092202 0.745668 0.093364 0.740640 0.087176 0.733292
1 0.002476 0.908494 0.003248 0.940980 0.012918 0.944074 0.021426 0.942914 0.028388 0.945622 0.038056 0.946396 0.041150 0.949876 0.044246 0.951810 0.047340 0.943688 0.045792 0.932472 0.044246 0.915454 0.036896 0.909266 0.028774 0.909654 0.017172 0.906946
1 0.323912 0.167366 0.335268 0.168502 0.342080 0.169070 0.342080 0.179858 0.347758 0.192916 0.353436 0.195188 0.350598 0.181562 0.346622 0.168502 0.344352 0.162256 0.338106 0.162256 0.329022 0.162824
1 0.143362 0.282056 0.143362 0.293980 0.146200 0.304766 0.150742 0.312148 0.153014 0.318962 0.158124 0.314420 0.156420 0.306470 0.149608 0.297386 0.151310 0.284896
1 0.313692 0.406966 0.325048 0.413778 0.331860 0.417186 0.341512 0.421160 0.343784 0.413778 0.339242 0.404694 0.336970 0.393906 0.334700 0.399584 0.331294 0.405830 0.324480 0.405262
1 0.329590 0.434218 0.325616 0.445574 0.332428 0.462606 0.340946 0.469420 0.341512 0.460904 0.337538 0.449548 0.335836 0.442168
1 0.228526 0.763524 0.218874 0.764092 0.214332 0.761820 0.206384 0.763524 0.200138 0.769202 0.209790 0.770338 0.215468 0.778286 0.221714 0.773744
1 0.304040 0.806674 0.313692 0.810082 0.325048 0.811784 0.326750 0.804972 0.325616 0.794184 0.322208 0.793616 0.321642 0.803268 0.313124 0.802700 0.307446 0.801564
1 0.446964 0.025446 0.447650 0.035762 0.452464 0.042638 0.446964 0.044702 0.451090 0.049516 0.461406 0.049516 0.457966 0.037824 0.454528 0.030260
1 0.510234 0.021320 0.515048 0.026822 0.512296 0.039200 0.519862 0.037136 0.526050 0.030260 0.528114 0.023382 0.521236 0.022008 0.517110 0.019256
1 0.531552 0.050204 0.531552 0.056394 0.530864 0.063270 0.536366 0.063958 0.547370 0.063958 0.552872 0.061208 0.547370 0.055706 0.540492 0.055706
1 0.552184 0.200814 0.550122 0.208380 0.544620 0.213880 0.539806 0.218008 0.549434 0.217320 0.555622 0.213880
1 0.564728 0.304286 0.561466 0.313610 0.554940 0.317804 0.547480 0.331788 0.543752 0.335984 0.531632 0.335052 0.527436 0.328060 0.527436 0.313144 0.530700 0.307084 0.540488 0.310346 0.544218 0.306618 0.550744 0.307550 0.557270 0.309414 0.558202 0.302888
1 0.454254 0.366750 0.456584 0.369546 0.457516 0.376072 0.464508 0.372344 0.467772 0.379336 0.471034 0.383996 0.468704 0.387260 0.471034 0.390988 0.472898 0.399380 0.479890 0.395184 0.481756 0.388192 0.485950 0.384462 0.485484 0.374208 0.486416 0.366284 0.478958 0.370478 0.476162 0.377004 0.472432 0.371410 0.466372 0.366284 0.459380 0.362088 0.455652 0.357892
1 0.449592 0.544348 0.456584 0.549010 0.464042 0.545280 0.468704 0.544814 0.467772 0.549942 0.462178 0.555070 0.462178 0.562994 0.463110 0.573716 0.460780 0.577444 0.458448 0.570452 0.453320 0.558332 0.448660 0.549942
1 0.542354 0.535958 0.541888 0.545746 0.545150 0.552272 0.545616 0.560198 0.544684 0.567656 0.551676 0.567190 0.558202 0.565790 0.563330 0.562528 0.559600 0.558798 0.557270 0.546680 0.555406 0.543416 0.553540 0.549010 0.553074 0.558798 0.550744 0.551806 0.547480 0.543416
1 0.547480 0.634314 0.552142 0.638974 0.556338 0.645500 0.558202 0.652026 0.557270 0.662282 0.555872 0.670672 0.553074 0.677198 0.549812 0.682792 0.549346 0.686054 0.557270 0.682792 0.563796 0.674868 0.571720 0.674402 0.576848 0.669274 0.569856 0.665544 0.561932 0.661350 0.562864 0.650628 0.561000 0.641772 0.555872 0.634780 0.549812 0.625456
1 0.512054 0.758306 0.505994 0.773224 0.504130 0.782546 0.514386 0.786742 0.511122 0.800260 0.508792 0.806786 0.528370 0.800260 0.536294 0.791402 0.540022 0.778816 0.535828 0.764832 0.524640 0.759706 0.519046 0.755044 0.515784 0.753646
1 0.551676 0.904208 0.541888 0.908404 0.541422 0.913998 0.548414 0.919124 0.556804 0.920058 0.562864 0.918192 0.563796 0.911200 0.556804 0.907938
1 0.558202 0.957814 0.567992 0.960612 0.571720 0.955950 0.576382 0.956416 0.574518 0.964340 0.567524 0.972264 0.561466 0.972730 0.561932 0.968070
1 0.656698 0.141030 0.663084 0.144222 0.660954 0.152206 0.665744 0.155930 0.668938 0.147416 0.671066 0.143690 0.675324 0.139432 0.667872 0.140498 0.662018 0.136772
1 0.699272 0.163914 0.713642 0.169768 0.724816 0.180944 0.731204 0.195312 0.734396 0.199570 0.726946 0.207552 0.715770 0.208618 0.709384 0.197974 0.700336 0.189990 0.697144 0.182008 0.698208 0.174026
1 0.661486 0.199570 0.662552 0.212874 0.656164 0.216600 0.657762 0.223518 0.670002 0.227244 0.679582 0.226712 0.675324 0.217132 0.669470 0.211810 0.667340 0.203296
1 0.703530 0.286848 0.710448 0.294300 0.715770 0.285252 0.725882 0.282058 0.728010 0.271948 0.726946 0.258642 0.715770 0.254918 0.707786 0.249596 0.700336 0.253320 0.697144 0.259708 0.696078 0.265562 0.704062 0.273544 0.708320 0.281526
1 0.696078 0.343260 0.696078 0.355500 0.696612 0.366144 0.701932 0.360822 0.701400 0.350712 0.706722 0.349646 0.707786 0.344856
1 0.570482 0.397544 0.581126 0.408188 0.583788 0.415106 0.590706 0.414574 0.596560 0.410316 0.591770 0.405526 0.584852 0.402866 0.579530 0.397544
1 0.598688 0.396480 0.604010 0.403398 0.607204 0.410848 0.616784 0.407122 0.613590 0.399672 0.611994 0.393286 0.604542 0.395946
1 0.622104 0.414574 0.621572 0.424152 0.625298 0.432668 0.630088 0.437990 0.634878 0.440118 0.639668 0.440650 0.635942 0.432136 0.645522 0.428942 0.644988 0.423620 0.633280 0.424152 0.630620 0.417766
1 0.734928 0.578486 0.733864 0.587534 0.737058 0.593920 0.730670 0.597114 0.728010 0.604564 0.734928 0.602968 0.742912 0.596582 0.740782 0.586470 0.740782 0.582212
1 0.634878 0.670022 0.632748 0.672152 0.630088 0.676942 0.626894 0.681732 0.624234 0.675878 0.619444 0.677474 0.623702 0.681732 0.629024 0.685988 0.634878 0.682264 0.636474 0.677474
1 0.644456 0.769542 0.644456 0.777524 0.647118 0.782314 0.644988 0.789232 0.643924 0.796684 0.650842 0.790298 0.653504 0.783910 0.656164 0.779654 0.651376 0.777524
2 0.705658 0.833936 0.702466 0.842452 0.699272 0.850434 0.699272 0.856288 0.692886 0.861610 0.688628 0.872254 0.685436 0.878640 0.693950 0.873318 0.699272 0.864804 0.697144 0.875980 0.703530 0.876512 0.706190 0.871190 0.707786 0.863738 0.710980 0.857352 0.710448 0.854160 0.707254 0.852030 0.706722 0.849902 0.709916 0.840854
2 0.687032 0.954742 0.696078 0.961130 0.704594 0.964322 0.711512 0.960596 0.718430 0.957936 0.730138 0.958468 0.720028 0.964322 0.712576 0.970176 0.718962 0.976030 0.727478 0.988270 0.723752 0.991996 0.714706 0.986674 0.713108 0.980288 0.707254 0.975498 0.704062 0.969644 0.698740 0.965386 0.691290 0.964854 0.690224 0.972306 0.691290 0.973902 0.688096 0.976562 0.687032 0.970176 0.688096 0.966450 0.685436 0.960064
1 0.935704 0.063718 0.938022 0.072990 0.943818 0.085740 0.955408 0.088058 0.962364 0.092696 0.964102 0.103128 0.956568 0.106026 0.959466 0.112400 0.962364 0.121674 0.954250 0.122832 0.943238 0.119356 0.940340 0.108344 0.936282 0.093854 0.935124 0.081104 0.932806 0.070092
1 0.936282 0.395806 0.942078 0.403920 0.939180 0.410874 0.938602 0.419568 0.954250 0.420728 0.958306 0.422466 0.961784 0.429420 0.964682 0.434636 0.976852 0.435216 0.984386 0.431160 0.981488 0.426524 0.970478 0.425364 0.965840 0.415512 0.962364 0.412614 0.949612 0.413772 0.946716 0.413772 0.951352 0.406818 0.950192 0.398704 0.941498 0.394068
1 0.938022 0.490854 0.942658 0.490854 0.947294 0.497810 0.951352 0.504764 0.955408 0.508820 0.957148 0.512298 0.967580 0.514036 0.969318 0.503604 0.972796 0.494332 0.963522 0.499548 0.957726 0.493752 0.953090 0.487378 0.949612 0.485058 0.942658 0.485638
1 0.969318 0.754556 0.969318 0.764408 0.959466 0.766146 0.951932 0.774260 0.948454 0.782954 0.962364 0.784114 0.971056 0.785852 0.979170 0.780636 0.979750 0.771362 0.975694 0.760930
1 0.927010 0.831638 0.921214 0.842070 0.920056 0.855978 0.922374 0.862354 0.928170 0.865252 0.938602 0.856558 0.940920 0.849604 0.936862 0.839172
1 0.950192 0.851342 0.947294 0.860616 0.954828 0.871048 0.971636 0.876844 0.977432 0.876844 0.972796 0.861194 0.975114 0.854240 0.966420 0.858298 0.960624 0.855978
1 0.922952 0.929004 0.924112 0.940016 0.924692 0.951026 0.932226 0.953346 0.943818 0.948130 0.944976 0.936538 0.939760 0.929004 0.933386 0.926106 0.925850 0.923788
1 0.920634 0.963198 0.918896 0.974790 0.921214 0.979426 0.931066 0.978266 0.936862 0.973630 0.935124 0.966096 0.932226 0.962618