0 0.178188 0.471916 0.182816 0.499686 0.192998 0.517272 0.194850 0.526530 0.173560 0.525604 0.168932 0.531158 0.184668 0.534860 0.167080 0.554298 0.183742 0.546894 0.194850 0.538562 0.200404 0.549670 0.205032 0.562630 0.202254 0.533934 0.213362 0.543190 0.225396 0.550596 0.237430 0.552448 0.247612 0.551522 0.216140 0.531158 0.206884 0.529306 0.227248 0.518198 0.221694 0.513570 0.209660 0.519124 0.199478 0.521900 0.194850 0.504314 0.187444 0.483950
0 0.141162 0.391384 0.164304 0.393236 0.184668 0.387682 0.202254 0.384904 0.220768 0.364540 0.226322 0.367318 0.223544 0.378424 0.206884 0.389532 0.188370 0.402492 0.179114 0.409898 0.164304 0.421930 0.155972 0.434890 0.144864 0.429336 0.154122 0.414526 0.160600 0.410822 0.171708 0.399714 0.153196 0.398790
0 0.194474 0.142470 0.187768 0.130734 0.194474 0.124028 0.207886 0.145822 0.198666 0.156720 0.217946 0.166778 0.238902 0.170132 0.248960 0.169294 0.259020 0.169294 0.254828 0.179352 0.241416 0.180190 0.212916 0.178514 0.191960 0.173484 0.192798 0.155042 0.184416 0.163426 0.177710 0.166778 0.171004 0.170132 0.161782 0.163426 0.152562 0.142470 0.165136 0.154204 0.189444 0.156720 0.187768 0.150852 0.175194 0.147498 0.163458 0.143308 0.152562 0.132410 0.162620 0.135764 0.167650 0.135764 0.152562 0.118998 0.145018 0.113968 0.142502 0.107262 0.165136 0.120674 0.177710 0.134086 0.182738 0.140792
0 0.190282 0.625302 0.190282 0.606022 0.198666 0.590934 0.196150 0.612728 0.208724 0.596802 0.222136 0.590934 0.230520 0.584228 0.239740 0.585066 0.232196 0.594286 0.222974 0.597640 0.205372 0.616082 0.201180 0.625302 0.209562 0.638714 0.211240 0.646258 0.203696 0.642066 0.198666 0.650450 0.191960 0.650450 0.186930 0.654640 0.186930 0.642066 0.187768 0.637876 0.171842 0.647096 0.167650 0.649612 0.165974 0.640390 0.171004 0.632008 0.180224 0.629494
2 0.207048 0.669730 0.210402 0.678950 0.191960 0.681464 0.189444 0.686494 0.212078 0.682302 0.215430 0.693200 0.219622 0.703260 0.222136 0.691524 0.221298 0.681464 0.217946 0.676436
0 0.186930 0.742656 0.171842 0.735950 0.159268 0.738466 0.163458 0.755230 0.173518 0.762774 0.180224 0.764452 0.190282 0.779540 0.190282 0.794628 0.203696 0.792114 0.202856 0.777026 0.206210 0.771158 0.215430 0.767804 0.220460 0.764452 0.225490 0.765290 0.217108 0.757746 0.200342 0.763614 0.197828 0.754392 0.197828 0.749362
0 0.196990 0.840732 0.182738 0.861688 0.182738 0.876778 0.199504 0.854144 0.207886 0.841570 0.216268 0.833188 0.220460 0.813908 0.207886 0.829836
0 0.187768 0.968984 0.167650 0.976528 0.155076 0.981558 0.155076 0.994132 0.181900 0.992456 0.190282 0.985750 0.200342 0.973176 0.202018 0.964794 0.212916 0.963116 0.220460 0.966470 0.238064 0.956410 0.243932 0.941322 0.246446 0.930426 0.244770 0.922042 0.235548 0.937970 0.223814 0.949704 0.221298 0.955572 0.196150 0.957250 0.185254 0.942998 0.181900 0.935454 0.168488 0.942160 0.177710 0.955572
0 0.196150 0.011702 0.190282 0.025952 0.196150 0.042718 0.200342 0.051100 0.196150 0.063674 0.176032 0.061158 0.165136 0.042718 0.170164 0.031820 0.149208 0.040202 0.141664 0.040202 0.155914 0.056968 0.138312 0.056130 0.129090 0.066188 0.130768 0.040202 0.119870 0.031820 0.134120 0.019246 0.160106 0.015894 0.171004 0.004158 0.182738 0.001642
0 0.441758 0.231324 0.437568 0.244736 0.431700 0.254794 0.418288 0.263178 0.403198 0.271560 0.386434 0.266530 0.370506 0.265692 0.366316 0.275752 0.388110 0.278266 0.403198 0.284972 0.428346 0.277428 0.441758 0.278266 0.451818 0.277428 0.439244 0.292516 0.450140 0.287486 0.458524 0.277428 0.458524 0.300898 0.459362 0.312634 0.459362 0.323532 0.450980 0.331914 0.446788 0.339458 0.461876 0.323532 0.473612 0.314310 0.476964 0.303414 0.481994 0.284972 0.489538 0.279104 0.502950 0.273236 0.515524 0.263178 0.515524 0.256472 0.502112 0.264016 0.483670 0.266530 0.471098 0.261500 0.467744 0.254794 0.462714 0.238868 0.454332 0.230486
0 0.436728 0.139954 0.426670 0.132410 0.405714 0.119836 0.417450 0.133248 0.418288 0.141630 0.404876 0.151690 0.393140 0.160910 0.393140 0.165102 0.424156 0.153366 0.424156 0.161748 0.406552 0.165102 0.398170 0.166778 0.394816 0.177676 0.419964 0.170132 0.436728 0.161748 0.446788 0.155882 0.468582 0.155042 0.476964 0.156720 0.471098 0.174322 0.476126 0.186896 0.474450 0.196956 0.481994 0.184382 0.481156 0.171808 0.481994 0.149176 0.464392 0.140792 0.452656 0.136602 0.447626 0.127380 0.437568 0.115646 0.428346 0.110616 0.419126 0.108940 0.418288 0.118160 0.433376 0.129896
1 0.415772 0.405680 0.416610 0.430828 0.409904 0.445078 0.422478 0.439210 0.431700 0.443402 0.434214 0.431666 0.424156 0.431666 0.421640 0.414900
0 0.445950 0.384724 0.445112 0.411548 0.441758 0.424122 0.439244 0.433342 0.465230 0.414900 0.472774 0.393944 0.463552 0.397298 0.456008 0.407356 0.457686 0.389754
0 0.434214 0.483638 0.448464 0.497050 0.456846 0.507108 0.478642 0.517168 0.487862 0.516330 0.492054 0.508784 0.507142 0.504594 0.513010 0.504594 0.504628 0.513814 0.497082 0.518844 0.496244 0.523874 0.506304 0.538962 0.505466 0.549020 0.502112 0.559918 0.491216 0.562432 0.482832 0.567462 0.474450 0.572492 0.491216 0.554050 0.497082 0.543154 0.492054 0.533094 0.485348 0.524712 0.474450 0.530580 0.466068 0.542314 0.464392 0.553212 0.464392 0.567462 0.461876 0.580036 0.454332 0.562432 0.449302 0.548182 0.455170 0.542314 0.443434 0.542314 0.428346 0.546506 0.420802 0.546506 0.408228 0.555726 0.393978 0.559080 0.388110 0.566624 0.397332 0.549860 0.407390 0.537286 0.428346 0.531418 0.430022 0.527226 0.435890 0.528902 0.449302 0.523036 0.462714 0.519682 0.462714 0.514652 0.453494 0.513814 0.444274 0.509624 0.438406 0.502078 0.435052 0.494534
0 0.470258 0.642066 0.440082 0.664700 0.424994 0.678950 0.438406 0.699068 0.447626 0.689008 0.457686 0.677274 0.473612 0.668890 0.482832 0.657994 0.485348 0.670568 0.497082 0.671406 0.493730 0.655478 0.498760 0.646258 0.502112 0.625302 0.491216 0.628654 0.487862 0.641228 0.481156 0.633684
0 0.468582 0.750202 0.449302 0.738466 0.455170 0.756068 0.461038 0.764452 0.444274 0.770320 0.434214 0.781216 0.443434 0.783732 0.459362 0.780378 0.466906 0.770320 0.475288 0.770320 0.479480 0.771996 0.483670 0.763614 0.485348 0.753554 0.496244 0.754392 0.510494 0.751878 0.510494 0.738466 0.497922 0.739304 0.497082 0.734274 0.505466 0.723378 0.506304 0.718348 0.502950 0.707450 0.497082 0.709126 0.488700 0.717510 0.479480 0.734274 0.474450 0.742656 0.471098 0.741818
0 0.460200 0.862526 0.430022 0.873424 0.424156 0.878454 0.433376 0.885998 0.449302 0.873424 0.452656 0.874262 0.452656 0.880968 0.464392 0.887674 0.458524 0.896896 0.458524 0.909468 0.469420 0.909468 0.471936 0.893542 0.482832 0.904440 0.492892 0.905278 0.489538 0.915336 0.519716 0.911984 0.525584 0.901924 0.522230 0.892704 0.512172 0.896056 0.486186 0.887674 0.484510 0.873424 0.472774 0.875938 0.470258 0.867556
1 0.407390 0.896056 0.406552 0.913660 0.412420 0.910308 0.417450 0.912822 0.428346 0.932102 0.425832 0.919528 0.424994 0.909468 0.420802 0.902762
0 0.466906 0.958926 0.468582 0.987426 0.456846 0.983234 0.446788 0.989940 0.461038 0.995808 0.466906 0.995808 0.494568 0.993294 0.496244 0.979882 0.487024 0.985750 0.475288 0.997486 0.476126 0.983234 0.475288 0.968146
1 0.124900 0.284134 0.139988 0.305090 0.126576 0.325208 0.125738 0.332752 0.142502 0.322694 0.144180 0.299222 0.135796 0.285810 0.143340 0.279104 0.149208 0.272398 0.139988 0.272398 0.131606 0.278266
1 0.285006 0.046908 0.303446 0.054452 0.302608 0.071218 0.302608 0.082116 0.303446 0.087982 0.315182 0.085468 0.308476 0.070380 0.308476 0.054452 0.314344 0.045232 0.303446 0.051100
1 0.403198 0.066188 0.408228 0.075410 0.401522 0.088822 0.400684 0.099718 0.413258 0.078762 0.428346 0.068704 0.425832 0.061998 0.417450 0.061158 0.411582 0.065350
0 0.446788 0.006672 0.443434 0.026790 0.443434 0.039364 0.452656 0.052776 0.460200 0.061998 0.471098 0.060320 0.457686 0.082116 0.477804 0.071218 0.485348 0.077086 0.481994 0.064512 0.488700 0.057806 0.486186 0.046070 0.478642 0.036012 0.470258 0.036850 0.467744 0.026790 0.475288 0.020922 0.469420 0.020922 0.464392 0.016732 0.457686 0.010864
1 0.542348 0.154204 0.555760 0.156720 0.564982 0.162588 0.575878 0.165940 0.591806 0.165940 0.565820 0.170970 0.558276 0.181866 0.561628 0.165102 0.557436 0.165940 0.549054 0.161748
1 0.508818 0.077086 0.518040 0.086306 0.510494 0.101394 0.511334 0.101394 0.521392 0.089660 0.532290 0.095528 0.539834 0.105586 0.544864 0.108100 0.544024 0.094688 0.533128 0.084630 0.527260 0.078762 0.522230 0.082116 0.517200 0.077924
0 0.951414 0.098880 0.945548 0.095528 0.935488 0.090498 0.924590 0.099718 0.924590 0.105586 0.937164 0.103072 0.922076 0.122352 0.926268 0.143308 0.931296 0.117322 0.939680 0.124028 0.952254 0.144984 0.957282 0.152528 0.972372 0.138278 0.974048 0.125704 0.974048 0.110616 0.969856 0.103910 0.958960 0.105586
0 0.943032 0.209530 0.936326 0.222942 0.929620 0.229648 0.920400 0.238868 0.907826 0.252280 0.909502 0.260662 0.922914 0.245574 0.935488 0.245574 0.947224 0.242222 0.953092 0.237192 0.960636 0.234676 0.960636 0.228810 0.966504 0.222942 0.964826 0.215396 0.954768 0.215396
0 0.865914 0.214558 0.865076 0.233838 0.870942 0.243060 0.885194 0.250604 0.889384 0.248928 0.875134 0.234676 0.872620 0.221264
0 0.924590 0.323532 0.925430 0.327722 0.947224 0.338620 0.935488 0.345326 0.922076 0.352032 0.920400 0.358738 0.912018 0.372150 0.906988 0.384724 0.924590 0.372988 0.929620 0.362930 0.923752 0.388076 0.916208 0.405680 0.916208 0.411548 0.917884 0.415740 0.938002 0.371312 0.945548 0.361252 0.954768 0.351194 0.960636 0.345326 0.953092 0.336106 0.953092 0.331076 0.948900 0.331076 0.938002 0.326884
0 0.949646 0.485838 0.928252 0.489980 0.919280 0.508614 0.917900 0.516204 0.927562 0.513444 0.921350 0.527248 0.921350 0.537600 0.928252 0.545192 0.926872 0.523796 0.935844 0.527938 0.935844 0.538980 0.949646 0.541050 0.939294 0.548642 0.947576 0.562444 0.956548 0.565896 0.955858 0.567966 0.951026 0.582460 0.943436 0.590740 0.931702 0.593502 0.923420 0.598332 0.942054 0.601094 0.951718 0.599712 0.945506 0.610756 0.954478 0.622488 0.954478 0.630770 0.960690 0.642502 0.957238 0.621108 0.971732 0.638362 0.975182 0.643882 0.970352 0.631460 0.964830 0.610066 0.966900 0.593502 0.971732 0.581768 0.964140 0.578318 0.972422 0.570036 0.973112 0.563826 0.966210 0.552782 0.966900 0.543120 0.978632 0.533458 0.987604 0.524486 0.987604 0.518966 0.973802 0.521726 0.967590 0.518966 0.966210 0.509994 0.968280 0.503782 0.966210 0.494120 0.968280 0.487218 0.989676 0.484458 0.992436 0.475486 0.970352 0.481698 0.964140 0.476866 0.968280 0.465134 0.972422 0.456162 0.984154 0.451330 0.974492 0.449260 0.964140 0.458922 0.957238 0.469274 0.956548 0.478936 0.961380 0.484458
0 0.941364 0.689432 0.931702 0.699094 0.928942 0.706686 0.928252 0.717038 0.919280 0.739814 0.923420 0.747406 0.932392 0.720490 0.946886 0.730842 0.957928 0.735672 0.971042 0.738434 0.972422 0.731532 0.972422 0.752926 0.971732 0.761208 0.974492 0.766730 0.980014 0.730152 0.979324 0.722560 0.988986 0.728080 0.994506 0.719800 0.985534 0.714278 0.991746 0.705996 0.995886 0.707376 0.997958 0.699094 0.984844 0.705996 0.980014 0.710828 0.977942 0.702546 0.980704 0.689432 0.981394 0.685292 0.988296 0.680460 0.993816 0.674940 0.984844 0.681150 0.980704 0.679080 0.974492 0.682530 0.961380 0.687362 0.957238 0.694954 0.959998 0.699094 0.966900 0.699094 0.964830 0.705996 0.963450 0.712208 0.963450 0.717728 0.956548 0.721870 0.950336 0.721180 0.954478 0.714278 0.955858 0.697024 0.954478 0.690122 0.948266 0.698404
0 0.933084 0.810208 0.951718 0.808828 0.964830 0.812970 0.970352 0.814350 0.965520 0.821252 0.966210 0.837124 0.962760 0.841956 0.959308 0.848858 0.973112 0.844026 0.994506 0.841266 0.997958 0.844026 0.988296 0.848858 0.979324 0.851618 0.980704 0.867492 0.997268 0.869562 0.996576 0.876464 0.981394 0.873012 0.975872 0.861970 0.971732 0.854378 0.971042 0.850928 0.957928 0.852998 0.948956 0.856448 0.943436 0.852998 0.942054 0.848858 0.937224 0.841266 0.942746 0.835744 0.950336 0.830224 0.937224 0.827462 0.944126 0.819870 0.955168 0.824702 0.955858 0.817800 0.942054 0.817800
0 0.935154 0.929604 0.936534 0.934436 0.928942 0.944098 0.938604 0.942028 0.946886 0.943408 0.940674 0.956520 0.940674 0.959972 0.936534 0.969634 0.921350 0.969634 0.919280 0.979986 0.935154 0.971704 0.949646 0.968944 0.955168 0.953760 0.959998 0.971014 0.966900 0.979296 0.964140 0.986888 0.971042 0.985506 0.980704 0.977226 0.979324 0.968254 0.977252 0.953760 0.970352 0.948238 0.971042 0.956520 0.971732 0.962732 0.962760 0.956520 0.959998 0.943408 0.955858 0.948928 0.948956 0.958590 0.950336 0.952380 0.951026 0.946168 0.948956 0.930984 0.946196 0.930984
0 0.860618 0.915112 0.871660 0.926154 0.873040 0.933056 0.869590 0.944098 0.870280 0.959972 0.878562 0.968944 0.881322 0.942028 0.885462 0.942718 0.882702 0.934436 0.890984 0.917182 0.882702 0.924774 0.875800 0.912350 0.867518 0.908210
1 0.921350 0.846096 0.926182 0.868182 0.928942 0.862660 0.932392 0.871632 0.944816 0.869562 0.951026 0.869562 0.947576 0.862660 0.938604 0.861280 0.933084 0.858520 0.931012 0.849548 0.928252 0.844716
1 0.859236 0.771560 0.864068 0.781912 0.861308 0.790194 0.869590 0.786744 0.874420 0.779152 0.879252 0.772250 0.870280 0.775012 0.866138 0.772250
1 0.490004 0.179114 0.498046 0.183708 0.506090 0.184858 0.495750 0.192900 0.490004 0.194048 0.478516 0.211282 0.478516 0.197496