0 0.035008 0.003686 0.053434 0.022110 0.081074 0.023954 0.093972 0.035008 0.097656 0.051592 0.086600 0.066332 0.092128 0.088444 0.097656 0.105026 0.110554 0.105026 0.117924 0.082916 0.116082 0.064490 0.121610 0.084758 0.130822 0.088444 0.130822 0.062648 0.127138 0.031324 0.112396 0.000000 0.093972 0.000000 0.071860 0.001842
0 0.059564 0.149882 0.073112 0.134076 0.088918 0.128432 0.096820 0.117142 0.119400 0.122788 0.144238 0.123916 0.154398 0.134076 0.175848 0.138592 0.190526 0.141980 0.198428 0.151012 0.205202 0.166818 0.190526 0.153270 0.175848 0.147624 0.155528 0.144238 0.139722 0.146496 0.113756 0.156656 0.103594 0.162302 0.100208 0.173592 0.103594 0.190526 0.104724 0.207460 0.096820 0.201816 0.092304 0.178106 0.090046 0.165688 0.079886 0.155528
0 0.069726 0.254878 0.069726 0.272940 0.077628 0.285360 0.083274 0.293262 0.078758 0.302294 0.070854 0.306810 0.066338 0.315842 0.067468 0.330518 0.074242 0.344066 0.079886 0.353098 0.090046 0.364388 0.093434 0.372290 0.096820 0.366646 0.086660 0.346324 0.075370 0.331648 0.075370 0.320358 0.081016 0.315842 0.101336 0.313584 0.119400 0.312454 0.141980 0.306810 0.157786 0.296650 0.162302 0.288746 0.155528 0.287618 0.143108 0.287618 0.136334 0.293262 0.121658 0.298908 0.108110 0.296650 0.114884 0.287618 0.117142 0.270682 0.117142 0.258264 0.112626 0.239072 0.108110 0.234556 0.111498 0.252620 0.109240 0.272940 0.103594 0.285360 0.097950 0.295520 0.091176 0.280844 0.081016 0.268424
0 0.077628 0.386968 0.081016 0.392612 0.070854 0.395998 0.064080 0.410676 0.064080 0.419708 0.078758 0.412934 0.094562 0.414062 0.110368 0.425352 0.127304 0.441158 0.131820 0.455834 0.139722 0.450190 0.139722 0.463738 0.146496 0.451318 0.157786 0.442286 0.170204 0.435514 0.192784 0.429868 0.209718 0.427610 0.228910 0.420836 0.254878 0.423094 0.263908 0.416320 0.249232 0.414062 0.227782 0.412934 0.198428 0.421966 0.189396 0.421966 0.204074 0.411804 0.190526 0.410676 0.176978 0.420836 0.155528 0.426482 0.138592 0.430998 0.132948 0.416320 0.125046 0.405030 0.112626 0.399386 0.092304 0.385838
0 0.050532 0.559700 0.066338 0.555184 0.090046 0.549540 0.108110 0.551798 0.114884 0.552926 0.119400 0.563088 0.123916 0.576634 0.126174 0.590182 0.131820 0.583408 0.137464 0.591312 0.141980 0.581150 0.138592 0.559700 0.129562 0.542766 0.116014 0.533734 0.088918 0.534862 0.076500 0.535992 0.057306 0.538250 0.043760 0.543894
0 0.058436 0.729046 0.060694 0.712112 0.062952 0.694048 0.057306 0.675984 0.042630 0.659050 0.036986 0.647760 0.051662 0.655662 0.061822 0.662436 0.069726 0.655662 0.076500 0.655662 0.095692 0.662436 0.105852 0.669210 0.109240 0.680500 0.111498 0.691790 0.120530 0.699692 0.128432 0.707596 0.134076 0.722272 0.140850 0.736950 0.141980 0.747110 0.128432 0.742594 0.120530 0.730176 0.111498 0.705338 0.100208 0.701950 0.092304 0.691790 0.088918 0.685016 0.079886 0.683888 0.074242 0.686146 0.076500 0.704208 0.074242 0.710982
0 0.023438 0.773076 0.035856 0.776464 0.039244 0.786624 0.041502 0.803558 0.051662 0.803558 0.055048 0.812590 0.070854 0.809204 0.065210 0.796784 0.076500 0.786624 0.084402 0.791140 0.087790 0.800172 0.076500 0.810332 0.078758 0.821622 0.094562 0.805816 0.099078 0.793398 0.096820 0.779850 0.105852 0.776464 0.114884 0.779850 0.121658 0.792268 0.122788 0.811462 0.119400 0.822752 0.117142 0.837428 0.112626 0.846460 0.125046 0.838556 0.134076 0.823880 0.135206 0.805816 0.132948 0.785494 0.126174 0.770818 0.122788 0.759528 0.127304 0.744852 0.128432 0.740336 0.111498 0.750496 0.103594 0.740336 0.094562 0.727918 0.092304 0.741464 0.091176 0.752754 0.086660 0.757270 0.065210 0.760658 0.060694 0.771948 0.052790 0.785494 0.048274 0.784366 0.042630 0.768560 0.033598 0.765174
0 0.033496 0.891866 0.044394 0.908630 0.061158 0.918690 0.082954 0.912822 0.088822 0.911146 0.090498 0.923720 0.098042 0.932940 0.115646 0.941322 0.115646 0.954734 0.118998 0.962278 0.129058 0.951382 0.138278 0.948028 0.147498 0.940484 0.134924 0.936292 0.125704 0.922042 0.124028 0.911146 0.117322 0.904440 0.117322 0.890190 0.093012 0.886836 0.080438 0.885998 0.086306 0.896056 0.085468 0.903602 0.075410 0.902762 0.063674 0.902762 0.047746 0.894380
0 0.122352 0.999162 0.121512 0.989102 0.117322 0.975690 0.110616 0.986588 0.098042 0.982396 0.084630 0.983234 0.077086 0.975690 0.070380 0.972338 0.074570 0.984912 0.076248 0.991618 0.067864 0.993294
0 0.441316 0.015868 0.457970 0.027980 0.475382 0.040850 0.496578 0.043878 0.507176 0.043878 0.520804 0.034792 0.529130 0.025708 0.533672 0.032522 0.535944 0.043878 0.539728 0.054476 0.530644 0.062802 0.527616 0.075672 0.528374 0.082486 0.535186 0.087784 0.541242 0.084756 0.546542 0.079458 0.551084 0.065074 0.555626 0.057504 0.559412 0.064316 0.556384 0.075672 0.554112 0.085514 0.544270 0.097626 0.558654 0.104440 0.560168 0.111252 0.540486 0.109738 0.523074 0.115794 0.507176 0.111252 0.494308 0.109738 0.503392 0.099898 0.503392 0.087784 0.504906 0.065830 0.502634 0.059018 0.495064 0.057504 0.471596 0.052204 0.458726 0.046906 0.448128 0.037064 0.442072 0.026466
0 0.542000 0.176356 0.549570 0.189984 0.556384 0.202096 0.566224 0.211936 0.554870 0.214964 0.545028 0.208908 0.548812 0.220264 0.555626 0.232376 0.548812 0.247516 0.539728 0.253574 0.528374 0.252816 0.520046 0.252060 0.530644 0.245246 0.542756 0.239946 0.543514 0.230106 0.534430 0.215722 0.529130 0.217236 0.535186 0.224806 0.536700 0.232376 0.525346 0.227834 0.513990 0.226320 0.501878 0.221778 0.501120 0.208152 0.499606 0.200582 0.492036 0.195282 0.482194 0.192254 0.466298 0.187712 0.458726 0.181656 0.452670 0.170300 0.470082 0.173328 0.498092 0.191498 0.510962 0.197554 0.514746 0.211936 0.523074 0.208152 0.520046 0.196796 0.508690 0.186954 0.502634 0.174842 0.497336 0.161974 0.503392 0.156674 0.517018 0.153646 0.528374 0.159702 0.531402 0.169544 0.528374 0.177114 0.529888 0.184684
0 0.556182 0.300598 0.556182 0.317382 0.556182 0.331878 0.546264 0.333404 0.545502 0.345612 0.546264 0.354004 0.543212 0.356292 0.536346 0.344848 0.538636 0.331116 0.527192 0.331878 0.520324 0.334168 0.519562 0.346374 0.519562 0.353240 0.520324 0.364686 0.512696 0.366210 0.508880 0.357818 0.511170 0.337982 0.514222 0.325776 0.521850 0.315094 0.529480 0.312806 0.540924 0.317382 0.541688 0.309754 0.540924 0.300598
0 0.534058 0.353240 0.522614 0.364686 0.519562 0.376892 0.512696 0.381470 0.504302 0.379944 0.498200 0.392150 0.495148 0.404358 0.485992 0.413514 0.481414 0.421142 0.475312 0.431824 0.477600 0.438690 0.496674 0.424194 0.507354 0.416564 0.518798 0.411988 0.532532 0.416564 0.540924 0.426484 0.543212 0.435638 0.555420 0.435638 0.564576 0.434112 0.554656 0.428772 0.561524 0.415802 0.553894 0.408936 0.547028 0.397492 0.540924 0.390624 0.536346 0.380706 0.534820 0.369262
0 0.616456 0.591278 0.595092 0.587464 0.580596 0.579834 0.560760 0.572204 0.554656 0.575256 0.544738 0.582122 0.530242 0.585174 0.522614 0.588226 0.511932 0.595856 0.501252 0.602722 0.492096 0.602722 0.488282 0.602722 0.492858 0.598144 0.508118 0.592042 0.505828 0.585938 0.496674 0.583648 0.491334 0.572968 0.497436 0.569916 0.512696 0.577546 0.515748 0.571442 0.501252 0.565338 0.484466 0.565338 0.480652 0.557708 0.498962 0.558472 0.515748 0.558472 0.532532 0.562286 0.533294 0.549316 0.531768 0.541688 0.542450 0.542450 0.547028 0.551606 0.551606 0.559234 0.563050 0.563812 0.576020 0.563812 0.589752 0.568390 0.600434 0.576020
0 0.503540 0.672912 0.516510 0.686646 0.525666 0.688934 0.521088 0.696564 0.519562 0.705718 0.539398 0.697326 0.553894 0.693512 0.569152 0.688934 0.581360 0.693512 0.589752 0.702668 0.594330 0.713348 0.596618 0.730896 0.598908 0.740814 0.599670 0.746154 0.604248 0.737762 0.607300 0.724030 0.607300 0.708770 0.607300 0.701142 0.611878 0.689698 0.598908 0.692750 0.586700 0.685120 0.571442 0.679780 0.561524 0.673676 0.549316 0.673676 0.534820 0.675202 0.523376 0.672912 0.513458 0.671386
0 0.516510 0.753784 0.514222 0.765228 0.514222 0.780488 0.515748 0.790406 0.526428 0.782776 0.534058 0.788116 0.539398 0.789642 0.547028 0.802612 0.552368 0.811768 0.553132 0.822448 0.551606 0.833892 0.548554 0.838470 0.560760 0.831604 0.562286 0.809478 0.572204 0.807952 0.582886 0.808716 0.578308 0.799560 0.558472 0.794220 0.555420 0.784302 0.562286 0.777436 0.552368 0.774384 0.555420 0.765992 0.550842 0.751496 0.545502 0.747680 0.538636 0.754548
0 0.540924 0.976562 0.555420 0.982666 0.556182 0.994874 0.535584 0.994874 0.534820 0.989532
0 0.783812 0.035220 0.778048 0.044186 0.770364 0.046106 0.758838 0.051870 0.758196 0.058914 0.768442 0.062116 0.767162 0.073002 0.765882 0.076844 0.751794 0.071722 0.740266 0.069160 0.745390 0.080046 0.761398 0.085170 0.766522 0.094134 0.770364 0.105020 0.775486 0.094774 0.782530 0.076844 0.787014 0.084528 0.800462 0.083888 0.805584 0.084528 0.809426 0.094774 0.813908 0.085170 0.820952 0.086450 0.823514 0.094134 0.832480 0.093494 0.842726 0.092214 0.833120 0.080046 0.827356 0.068520 0.815190 0.056992 0.808786 0.049308 0.806864 0.030738 0.790216 0.030098 0.788934 0.019212 0.781890 0.007684 0.774206 0.000640 0.747950 0.000640 0.744748 0.007684 0.756276 0.009606 0.765882 0.016650 0.776768 0.028176
0 0.748592 0.194032 0.763960 0.202996 0.774846 0.212602 0.788294 0.215804 0.779970 0.226690 0.783812 0.236936 0.806864 0.233734 0.823514 0.233094 0.832480 0.228612 0.825436 0.220928 0.825436 0.206840 0.833120 0.201716 0.843366 0.202996 0.855532 0.209400 0.866420 0.217726 0.877306 0.222848 0.882428 0.221568 0.879866 0.215804 0.887552 0.214524 0.892674 0.211322 0.884990 0.203638 0.872182 0.196594 0.863218 0.188268 0.856814 0.183146 0.860016 0.176742 0.851690 0.163294 0.843366 0.157530 0.844006 0.169058 0.847848 0.183146 0.839524 0.185706 0.830558 0.184426 0.817110 0.192752 0.811988 0.204278 0.804944 0.203638 0.797260 0.198514 0.796618 0.190830 0.789574 0.193392 0.778688 0.192110 0.765240 0.185066 0.759478 0.178022 0.748592 0.177382 0.735784 0.170978 0.735784 0.177382
0 0.782530 0.300332 0.778048 0.308018 0.774206 0.316342 0.765240 0.321466 0.759478 0.332352 0.759478 0.338114 0.776768 0.338114 0.796618 0.341956 0.809426 0.347080 0.814550 0.347720 0.824796 0.358606 0.840164 0.364370 0.851050 0.360528 0.859374 0.363090 0.872822 0.370134 0.880508 0.377178 0.892674 0.379738 0.898438 0.369492 0.891394 0.357326 0.883710 0.337474 0.873464 0.329150 0.872822 0.340036 0.857454 0.337474 0.836962 0.336834 0.824796 0.339396 0.815830 0.334272 0.801102 0.325948 0.790856 0.311220
0 0.872182 0.457864 0.854252 0.465548 0.837602 0.470030 0.829278 0.471312 0.824796 0.482198 0.814550 0.484118 0.804304 0.480276 0.785732 0.484118 0.781250 0.489882 0.775486 0.489242 0.759478 0.493724 0.744108 0.495646 0.748592 0.487962 0.756276 0.479636 0.754354 0.468110 0.752434 0.457864 0.751152 0.450180 0.763320 0.459144 0.768442 0.470672 0.781250 0.468110 0.795978 0.464268 0.801102 0.453382 0.806864 0.461706 0.813908 0.461066 0.817752 0.452740 0.828638 0.448258 0.842086 0.442494 0.846568 0.438652 0.848488 0.445056 0.860656 0.441214 0.865778 0.445056 0.866420 0.450180
0 0.799820 0.517418 0.797260 0.530866 0.799180 0.548796 0.804304 0.563524 0.792776 0.561604 0.787014 0.564164 0.790216 0.571210 0.782530 0.575692 0.777408 0.582096 0.769724 0.584656 0.786372 0.589140 0.793418 0.588498 0.801742 0.596824 0.810706 0.590420 0.813908 0.599386 0.803662 0.600666 0.808146 0.607070 0.821594 0.610912 0.826076 0.623078 0.835040 0.630764 0.838242 0.639088 0.842726 0.648694 0.848488 0.646772 0.842086 0.626922 0.840164 0.612192 0.836322 0.594902 0.844646 0.597464 0.843366 0.591060 0.830558 0.584016 0.823514 0.575052 0.816470 0.558402 0.808146 0.539830 0.806224 0.527664
0 0.842086 0.668546 0.826076 0.669826 0.817110 0.669826 0.811988 0.683274 0.808146 0.691598 0.799180 0.690958 0.792776 0.693520 0.779970 0.693520 0.786372 0.702484 0.792136 0.703766 0.792776 0.712730 0.787014 0.714012 0.776768 0.714012 0.768442 0.714652 0.780610 0.719774 0.799180 0.722976 0.803662 0.727460 0.810066 0.735784 0.815830 0.740266 0.827356 0.731302 0.830558 0.724258 0.831198 0.727460 0.838242 0.723616 0.853612 0.717854 0.861296 0.708248 0.859374 0.697362 0.853612 0.703124 0.844646 0.703766 0.835040 0.703766 0.835040 0.696080 0.840804 0.694800 0.844006 0.688396
0 0.761398 0.860656 0.776128 0.858734 0.790216 0.858094 0.809426 0.858094 0.822874 0.856814 0.827356 0.851690 0.827996 0.841444 0.826716 0.831840 0.816470 0.817752 0.813268 0.806224 0.810066 0.793418 0.792776 0.785732 0.790856 0.795338 0.797260 0.805584 0.788294 0.804944 0.776128 0.801102 0.776768 0.810706 0.781250 0.815830 0.771644 0.818392 0.758196 0.819032 0.743468 0.820952 0.725538 0.822874 0.717854 0.820952 0.715292 0.826076 0.736424 0.829918 0.762680 0.829918 0.774846 0.832480 0.776768 0.838242 0.783812 0.828638 0.790216 0.824154 0.795338 0.835040 0.797900 0.844006 0.794698 0.848488 0.778688 0.851690 0.767162 0.856174
0 0.815190 0.914446 0.828638 0.917648 0.831840 0.927254 0.831840 0.938140 0.827996 0.944544 0.829918 0.950948 0.835682 0.955430 0.842726 0.949668 0.851050 0.955430 0.853612 0.959912 0.844006 0.960554 0.841444 0.970158 0.839524 0.980404 0.835040 0.991932 0.819672 0.997694 0.824154 0.989370 0.826716 0.978484 0.828638 0.967598 0.826716 0.961194 0.817752 0.954790 0.806224 0.957352 0.794698 0.954790 0.788934 0.961194 0.779970 0.966956 0.771004 0.970800 0.768442 0.966316 0.781250 0.959912 0.784452 0.954790 0.774206 0.954790 0.763320 0.950948 0.760758 0.956712 0.762038 0.963114 0.755636 0.960554 0.750512 0.964396 0.747310 0.959272 0.744748 0.949668 0.742188 0.943264 0.746670 0.933658 0.758196 0.932378 0.779328 0.931096 0.790856 0.935578 0.796618 0.934938 0.804304 0.935578 0.815830 0.928534 0.819672 0.925974
1 0.297488 0.063318 0.307714 0.086838 0.311804 0.096040 0.306692 0.108312 0.321008 0.106266 0.327144 0.096040 0.332256 0.089906 0.321008 0.084792 0.313850 0.070476 0.308736 0.062296
2 0.025482 0.091950 0.033664 0.102176 0.033664 0.112402 0.044912 0.115470 0.058206 0.114446 0.065364 0.114446 0.064340 0.105244 0.057182 0.101154 0.067408 0.091950 0.065364 0.084792 0.053092 0.091950 0.041844 0.087860
1 0.196254 0.361910 0.153304 0.383386 0.128764 0.379294 0.100130 0.371114 0.095018 0.345550 0.082748 0.337370 0.079680 0.323054 0.084792 0.317940 0.114446 0.317940 0.129786 0.319986 0.148192 0.313850 0.163530 0.324076 0.170688 0.343504 0.172734 0.351686
1 0.186058 0.630332 0.199470 0.642906 0.217912 0.644582 0.224618 0.638714 0.215396 0.635360 0.201984 0.631170 0.194440 0.624464
1 0.155042 0.674758 0.170970 0.683142 0.186896 0.692362 0.192764 0.694038 0.195278 0.683980 0.201984 0.691524 0.210368 0.687332 0.213720 0.675596 0.224618 0.671406 0.224618 0.664700 0.210368 0.663024 0.196118 0.666376 0.181866 0.668052 0.168454 0.670568
1 0.240544 0.733436 0.249766 0.752716 0.253118 0.762774 0.255634 0.769480 0.242222 0.777864 0.241382 0.786246 0.258148 0.777864 0.269884 0.774510 0.277428 0.769480 0.264016 0.759422 0.258148 0.745172 0.253956 0.732598
1 0.388076 0.671406 0.382208 0.685656 0.391430 0.698230 0.408194 0.704936 0.421606 0.706612 0.423284 0.692362 0.417416 0.683980 0.405680 0.673082
1 0.004070 0.779216 0.007120 0.797526 0.004070 0.810750 0.004070 0.820922 0.013224 0.823974 0.024414 0.821940 0.027466 0.808716 0.018310 0.789388
1 0.003052 0.727336 0.011190 0.740560 0.012208 0.750732 0.023396 0.758870 0.039672 0.762940 0.045776 0.755818 0.036622 0.751750 0.027466 0.737508 0.022380 0.729370
1 0.187174 0.818888 0.179036 0.829060 0.171916 0.839234 0.155640 0.834148 0.144450 0.824992 0.138346 0.820922 0.141398 0.815836 0.153606 0.816854 0.166830 0.820922
1 0.461832 0.971476 0.454712 0.979614 0.448608 0.980632 0.456746 0.985718 0.450642 0.992838 0.438436 0.999960 0.461832 0.996908 0.464884 0.987752 0.474040 0.986736 0.474040 0.980632
1 0.421894 0.098522 0.439398 0.104972 0.441240 0.120634 0.453218 0.119712 0.457824 0.108656 0.467958 0.098522 0.467958 0.077332 0.464272 0.061670 0.458744 0.062592 0.459666 0.075490 0.456902 0.092074 0.448610 0.084702 0.443082 0.092074 0.435712 0.091152
2 0.429264 0.144586 0.433870 0.150114 0.431106 0.156564 0.429264 0.166698 0.445846 0.163934 0.455980 0.163012 0.466116 0.166698 0.463352 0.154720 0.470722 0.150114 0.465194 0.134452 0.451374 0.141822 0.444926 0.143666 0.437556 0.136294
2 0.493540 0.216652 0.489148 0.221974 0.471630 0.232968 0.466970 0.234832 0.458744 0.245006 0.450188 0.244154 0.449722 0.233900 0.449256 0.229238 0.443082 0.224738 0.444926 0.211840 0.462308 0.214788 0.479556 0.207796 0.480954 0.216652
1 0.567684 0.022816 0.573160 0.049284 0.581374 0.056586 0.593238 0.059324 0.606016 0.059324 0.600540 0.051110 0.589588 0.048372 0.583200 0.031944
1 0.712800 0.135988 0.721014 0.147854 0.737442 0.151504 0.742918 0.156980 0.733790 0.165194 0.717362 0.162456 0.710062 0.167932 0.709148 0.180710 0.705498 0.193488 0.698196 0.194400 0.695458 0.181622 0.688158 0.171582 0.684506 0.158806 0.683594 0.146940 0.695458 0.146940 0.695458 0.155154 0.708236 0.152416
1 0.501058 0.277454 0.506534 0.290230 0.508360 0.298444 0.501972 0.310310 0.494670 0.305746 0.482806 0.300270 0.479154 0.292968 0.483718 0.289318 0.491932 0.292968 0.491932 0.283842
1 0.493758 0.330388 0.489194 0.335864 0.483718 0.348642 0.478242 0.353206 0.485544 0.364158 0.494670 0.365070 0.495582 0.348642
1 0.653476 0.346816 0.654388 0.356856 0.659864 0.370546 0.652562 0.375110 0.653476 0.386062 0.667166 0.383324 0.681768 0.389712 0.689070 0.383324 0.674466 0.371458 0.667166 0.359594 0.663514 0.346816
1 0.845138 0.367808 0.832360 0.377848 0.820496 0.387886 0.806804 0.397014 0.792202 0.404316 0.794028 0.391538 0.785814 0.384236 0.774862 0.376022 0.788552 0.375110 0.802242 0.380586 0.804980 0.369634 0.810456 0.364158 0.815018 0.369634 0.819582 0.372372 0.832360 0.365982
1 0.706410 0.386062 0.719188 0.392450 0.728314 0.391538 0.735616 0.379672 0.727402 0.379672 0.721926 0.382410 0.711886 0.376022
1 0.604192 0.450862 0.610580 0.462726 0.616968 0.473678 0.619706 0.481892 0.609668 0.479154 0.604192 0.469116 0.594152 0.471854 0.583200 0.470940 0.585938 0.466378 0.597802 0.460900
1 0.465464 0.512010 0.481892 0.519312 0.500146 0.510186 0.505622 0.519312 0.496496 0.527526 0.484630 0.533002 0.480980 0.542130 0.473678 0.548518 0.465464 0.545780 0.469116 0.533002 0.459076 0.519312
1 0.553994 0.468202 0.540304 0.468202 0.521138 0.464552 0.513836 0.453600 0.525700 0.447210 0.522050 0.433520 0.533002 0.435346 0.537566 0.443560 0.545780 0.441734 0.553082 0.440822 0.551256 0.450862 0.557644 0.459076
1 0.584112 0.505622 0.584112 0.517486 0.568596 0.519312 0.567684 0.529352 0.564034 0.540304 0.561296 0.547606 0.574072 0.548518 0.590500 0.558558 0.606930 0.563120 0.619706 0.559470 0.627008 0.553082 0.625182 0.546692 0.601452 0.540304 0.595976 0.532090 0.606016 0.527526 0.612406 0.521138 0.603278 0.514748 0.596890 0.518400 0.595976 0.508360
1 0.708236 0.559470 0.722838 0.565858 0.732878 0.566772 0.734704 0.574072 0.744742 0.587762 0.751132 0.587762 0.747482 0.578636 0.742004 0.564946 0.737442 0.552168 0.731052 0.556732 0.720100 0.555820
1 0.603278 0.601452 0.594152 0.606016 0.583200 0.613318 0.580462 0.620620 0.577724 0.625182 0.595064 0.625182 0.606930 0.619706 0.610580 0.612406
1 0.650738 0.622444 0.658038 0.636134 0.653476 0.644348 0.642524 0.644348 0.641610 0.653476 0.657126 0.656214 0.669904 0.658038 0.670816 0.649824 0.676292 0.643436 0.671728 0.632484 0.663514 0.622444
1 0.779424 0.612406 0.790376 0.618794 0.784900 0.625182 0.779424 0.641610 0.791290 0.633396 0.801328 0.625182 0.810456 0.624270 0.818670 0.620620 0.815932 0.613318 0.804980 0.610580 0.798590 0.611492 0.789464 0.610580
1 0.639786 0.685420 0.652562 0.698196 0.660776 0.707324 0.669904 0.717362 0.671728 0.703672 0.666252 0.689070 0.654388 0.687244
1 0.730140 0.288406 0.746568 0.288406 0.760258 0.289318 0.773948 0.274716 0.757520 0.275628 0.743830 0.274716 0.736528 0.278366
1 0.582286 0.770298 0.596890 0.779424 0.600540 0.785814 0.612406 0.794940 0.609668 0.804066 0.605104 0.813194 0.603278 0.822320 0.612406 0.817758 0.621532 0.802242 0.623358 0.792202 0.632484 0.787638 0.616968 0.775774 0.605104 0.772124 0.614230 0.764822 0.598714 0.764822
1 0.707324 0.915414 0.710974 0.924540 0.703672 0.930016 0.697284 0.937318 0.697284 0.946444 0.709148 0.939142 0.722838 0.939142 0.731052 0.943706 0.738354 0.951008 0.736528 0.937318 0.736528 0.924540 0.734704 0.909938 0.727402 0.912676 0.721014 0.911762 0.721014 0.924540
1 0.935492 0.017340 0.938230 0.025554 0.938230 0.031030 0.935492 0.044722 0.940056 0.052936 0.945532 0.040158 0.952832 0.037420 0.958308 0.030118 0.968348 0.033768 0.976562 0.035594 0.981126 0.041070 0.984776 0.053848 0.992078 0.054760 0.992078 0.036508 0.990252 0.027380 0.981126 0.021904 0.972000 0.018254 0.967436 0.015516 0.959222 0.018254 0.954658 0.020992
1 0.996642 0.166106 0.993904 0.156980 0.986602 0.152416 0.986602 0.143290 0.996642 0.142378
1 0.917238 0.260112 0.910850 0.277454 0.921802 0.290230 0.933666 0.301182 0.947356 0.299358 0.958308 0.293882 0.962872 0.282930 0.955570 0.269240 0.943706 0.281104 0.939142 0.271978 0.932754 0.266502
1 0.938230 0.394276 0.951920 0.397926 0.963786 0.400664 0.971086 0.402490 0.975650 0.405228 0.972000 0.412530 0.961960 0.420744 0.961048 0.428958 0.957396 0.442648 0.954658 0.435346 0.953746 0.423482 0.949182 0.412530 0.945532 0.407966
1 0.919064 0.654388 0.928190 0.668078 0.942794 0.673554 0.944618 0.684506 0.948270 0.692720 0.933666 0.689070 0.933666 0.696372 0.928190 0.701848 0.920890 0.698196 0.924540 0.688158 0.924540 0.680856 0.918152 0.672642 0.916326 0.666252
1 0.891684 0.856090 0.873430 0.859740 0.871604 0.877080 0.871604 0.889858 0.897160 0.888034 0.907200 0.882556 0.905374 0.867042
1 0.953746 0.902636 0.932754 0.908112 0.921802 0.917238 0.915414 0.930928 0.919976 0.946444 0.936404 0.949182 0.944618 0.959222 0.961048 0.967436 0.970174 0.953746 0.974738 0.940968 0.973824 0.919976 0.954658 0.916326
1 0.951008 0.975650 0.948270 0.984776 0.936404 0.989340 0.940968 0.997554 0.957396 0.992990
0 0.530646 0.993634 0.532992 0.983584 0.536342 0.966498 0.536342 0.957788 0.530982 0.953098 0.522942 0.946062 0.517582 0.939028 0.511552 0.934338 0.503176 0.932998 0.501836 0.927638 0.502170 0.921606 0.497480 0.921272 0.493460 0.926298 0.491786 0.935342 0.485420 0.937352 0.480396 0.940702 0.477044 0.946732 0.475034 0.950754 0.467330 0.952428 0.464984 0.956784 0.465990 0.962478 0.475034 0.961474 0.479390 0.960468 0.482070 0.966164 0.483076 0.971858 0.484416 0.979230 0.487096 0.983250 0.495470 0.980234 0.494130 0.974874 0.490446 0.965494 0.498150 0.967504 0.501500 0.965158 0.500160 0.959798 0.495470 0.958794 0.493126 0.956448 0.496810 0.954774 0.503176 0.957454 0.512892 0.958794 0.518922 0.961138 0.524282 0.964154 0.525622 0.966834 0.525286 0.978224 0.527632 0.990284
0 0.508202 0.919932 0.500496 0.919262 0.492790 0.923952 0.490780 0.931992 0.485420 0.932328 0.484750 0.921942 0.495136 0.912226 0.506862 0.905526 0.516576 0.897486 0.527296 0.889446 0.537348 0.884420 0.543378 0.886430 0.546392 0.894806 0.551082 0.904186 0.553092 0.910886 0.549408 0.913902 0.545052 0.910216 0.541032 0.916246 0.537012 0.915242 0.532658 0.909212 0.531652 0.918256 0.525622 0.920266 0.518922 0.922612 0.517582 0.927638 0.514902 0.931992 0.508202 0.934338 0.502840 0.931322 0.502840 0.925292
1 0.544382 0.917586 0.538352 0.917586 0.535672 0.923282 0.528972 0.925628 0.527296 0.929982 0.529642 0.936682 0.527296 0.944052 0.528302 0.950084 0.530982 0.956114 0.537012 0.955778 0.541368 0.951424 0.545052 0.941372 0.548402 0.936348 0.548402 0.927302 0.547398 0.921942