0 0.004604 0.844012 0.000242 0.842074 0.002666 0.822202
0 0.174716 0.032228 0.155330 0.029806 0.152906 0.027868 0.143698 0.023990 0.140306 0.022052 0.134974 0.017690 0.140790 0.030290 0.141274 0.037076 0.140306 0.039984 0.134974 0.035622 0.129642 0.025444 0.126736 0.013812 0.126736 0.005574 0.132550 0.001212 0.141760 0.003150 0.143698 0.007512 0.145636 0.011390 0.157752 0.008482 0.162598 0.017690 0.174716 0.025444
0 0.125282 0.062278 0.132066 0.073908 0.135944 0.077302 0.141274 0.076332 0.144182 0.068092 0.149028 0.066154 0.151936 0.076816 0.152906 0.097172 0.154844 0.102018 0.143698 0.094264 0.139820 0.090872 0.132066 0.088448 0.119950 0.089902 0.113650 0.092810 0.106864 0.095718 0.098626 0.104442 0.094264 0.113164 0.084570 0.115588 0.083116 0.105896 0.086510 0.096686 0.101048 0.085540 0.112680 0.075848 0.116072 0.067124 0.119466 0.061308
0 0.141760 0.134974 0.145152 0.144666 0.153390 0.147090 0.158238 0.149514 0.165506 0.149514 0.171322 0.147090 0.176654 0.145636 0.166476 0.157752 0.152422 0.158238 0.159690 0.164052 0.165022 0.178592 0.166476 0.197494 0.168414 0.202824 0.151936 0.189740 0.145152 0.171808 0.136428 0.161630 0.132550 0.154844 0.130612 0.145152 0.133036 0.134490
0 0.111710 0.241596 0.125766 0.231418 0.140306 0.233358 0.153876 0.241112 0.161144 0.247896 0.168900 0.258558 0.171808 0.262436 0.171808 0.269706 0.167930 0.277460 0.156298 0.264374 0.154360 0.256620 0.144666 0.251774 0.136912 0.251290 0.122374 0.255650
0 0.134004 0.378266 0.131582 0.388928 0.132550 0.401530 0.133520 0.418008 0.134490 0.435940 0.140790 0.440786 0.140790 0.432062 0.146120 0.414614 0.147090 0.405892 0.160176 0.412676 0.165992 0.413162 0.158238 0.404922 0.152422 0.400560 0.146606 0.386990 0.145152 0.379720 0.144182 0.376328
1 0.172292 0.403468 0.181500 0.398622 0.181500 0.392806 0.185862 0.390382 0.196040 0.386506 0.193616 0.404438 0.181984 0.413646 0.169868 0.412192
0 0.119950 0.451932 0.130612 0.461142 0.122858 0.466956 0.113164 0.479072 0.115104 0.490220 0.124312 0.489736 0.138366 0.477134 0.145636 0.471318 0.164052 0.481496 0.155814 0.473258 0.148060 0.463564 0.144182 0.459688 0.134974 0.455326
0 0.147574 0.499912 0.158722 0.518330 0.159690 0.536262 0.159206 0.544016 0.164052 0.563402 0.166476 0.576002 0.167446 0.590542 0.165506 0.598296 0.162598 0.597812 0.159206 0.584242 0.156784 0.571640 0.149028 0.559524 0.145152 0.550316 0.147574 0.544016 0.149998 0.536262 0.147574 0.521722 0.145152 0.512514
0 0.138852 0.601204 0.150968 0.604112 0.158722 0.605566 0.174716 0.593934 0.181500 0.589088 0.187800 0.587150 0.184408 0.598780 0.167446 0.607988 0.165022 0.608958 0.188286 0.613804 0.190224 0.619620 0.169384 0.623982 0.159206 0.618166 0.154360 0.619136 0.148544 0.624466 0.142728 0.621560 0.136428 0.610896
0 0.151452 0.684564 0.152906 0.700072 0.160176 0.700072 0.163084 0.700072 0.165992 0.696680 0.160176 0.693772 0.163084 0.683110 0.166960 0.678262 0.169384 0.674870 0.170838 0.690378 0.175200 0.695710 0.183924 0.713158 0.175200 0.712188 0.167446 0.709764 0.159690 0.709764 0.148060 0.708796 0.133036 0.714612 0.127220 0.716550 0.116558 0.718488 0.115104 0.715580 0.126736 0.709764 0.140306 0.703948 0.144666 0.701042 0.145152 0.689410 0.145152 0.684564
0 0.152422 0.748052 0.147574 0.764530 0.142244 0.776162 0.139820 0.785854 0.138852 0.795062 0.144182 0.795548 0.146606 0.800878 0.151936 0.802332 0.151936 0.792640 0.148060 0.784884 0.155814 0.777130 0.162598 0.771800 0.160660 0.764530 0.156298 0.768406 0.153876 0.770346 0.159690 0.752898
0 0.139820 0.833350 0.150968 0.836742 0.156298 0.839650 0.167446 0.840620 0.177138 0.835772 0.193132 0.823656 0.197494 0.822688 0.184892 0.837712 0.174230 0.843528 0.177622 0.844496 0.192162 0.850796 0.195554 0.857582 0.192646 0.865336 0.175200 0.859520 0.165506 0.858552 0.162114 0.860974 0.157752 0.855644 0.156784 0.851282 0.151452 0.843528 0.144182 0.845950 0.137882 0.859520 0.130612 0.865820 0.127704 0.860006 0.139336 0.846920 0.138852 0.842074 0.134974 0.835772
0 0.152906 0.904108 0.161144 0.911378 0.164538 0.916224 0.181016 0.911862 0.186832 0.905562 0.194100 0.906046 0.188770 0.915254 0.172776 0.923494 0.181500 0.925916 0.197978 0.939488 0.202824 0.949180 0.202824 0.954026 0.174230 0.938518 0.165506 0.931732 0.155330 0.923494 0.148544 0.917678 0.149514 0.910892
0 0.140306 0.984560 0.158238 0.987468 0.168900 0.990860 0.175200 0.988436 0.181016 0.985528 0.177734 0.998046 0.152344 0.998046 0.151936 0.992314 0.141760 0.990860
0 0.434970 0.018174 0.429154 0.028352 0.420916 0.030290 0.408800 0.035622 0.406376 0.047254 0.399106 0.057430 0.397652 0.066638 0.415584 0.056462 0.422370 0.049192 0.432546 0.046284 0.438362 0.043860 0.446602 0.047738 0.450478 0.043860 0.449510 0.036590 0.445148 0.022536 0.444178 0.012844
0 0.436908 0.114134 0.439332 0.126250 0.445632 0.136912 0.449994 0.153876 0.447086 0.168414 0.442240 0.182470 0.442240 0.190224 0.434970 0.200886 0.432062 0.202824 0.431092 0.210094 0.426246 0.209610 0.424792 0.198948 0.425278 0.190224 0.431092 0.178108 0.434486 0.165992 0.434486 0.154360 0.434486 0.145636 0.434000 0.136912 0.431578 0.126250 0.431092 0.114134 0.431578 0.108804
0 0.441756 0.266314 0.456780 0.270676 0.474226 0.266798 0.471318 0.275036 0.466956 0.286184 0.453386 0.285214 0.436908 0.276976 0.429154 0.273098 0.416554 0.275522 0.410254 0.277460 0.405406 0.280852 0.406860 0.273098 0.417038 0.266314 0.431092 0.266798
0 0.390868 0.348704 0.402498 0.339494 0.418492 0.334648 0.434000 0.335618 0.450478 0.341918 0.460656 0.346764 0.468896 0.352096 0.464534 0.372450 0.460656 0.379720 0.453386 0.369058 0.449994 0.357426 0.442724 0.351610 0.433032 0.348704 0.417038 0.347734 0.402498 0.349672 0.397652 0.351126
0 0.454840 0.394260 0.442724 0.411708 0.435940 0.421400 0.435940 0.427216 0.451932 0.432062 0.460656 0.440786 0.462110 0.435454 0.454356 0.424308 0.451448 0.418976 0.456294 0.415100 0.467926 0.414614 0.470350 0.413646 0.454840 0.410254 0.459202 0.399106
0 0.448540 0.499912 0.439332 0.512028 0.423338 0.533838 0.418492 0.541592 0.418008 0.546438 0.437878 0.529476 0.447570 0.517360 0.452902 0.528992 0.457264 0.519784 0.458234 0.512028 0.456780 0.502336
0 0.419946 0.583756 0.425762 0.571640 0.434000 0.574064 0.440786 0.569702 0.439332 0.562916 0.437394 0.557586 0.440302 0.555648 0.446602 0.560978 0.453386 0.559524 0.462594 0.559524 0.466956 0.561462 0.454840 0.570672 0.446118 0.577456 0.439816 0.585696 0.433032 0.590056 0.430608 0.591026 0.422854 0.587634
0 0.416068 0.647246 0.419946 0.638522 0.434000 0.632222 0.442724 0.625920 0.450964 0.624952 0.454356 0.629314 0.459202 0.632222 0.462110 0.638036 0.442240 0.642884 0.433032 0.646276 0.425278 0.653546 0.412676 0.659846
0 0.451448 0.719458 0.449510 0.724788 0.440786 0.724788 0.443210 0.733028 0.440302 0.747082 0.448056 0.760168 0.451448 0.742720 0.452902 0.731090 0.455810 0.731090 0.463080 0.741266 0.465502 0.735936 0.460172 0.720912
0 0.449024 0.801362 0.456780 0.794578 0.466472 0.793124 0.479072 0.797002 0.486342 0.804756 0.479072 0.804270 0.469380 0.802816 0.462594 0.802816 0.457264 0.807178 0.458234 0.814448 0.458718 0.831410 0.455326 0.833834 0.451448 0.825596 0.449994 0.820264 0.446602 0.816872 0.440786 0.812510
0 0.435940 0.855158 0.445148 0.853704 0.456780 0.853704 0.460172 0.855644 0.460656 0.861944 0.463080 0.867274 0.481980 0.879876 0.497004 0.895868 0.502820 0.903138 0.493612 0.906046 0.481980 0.901200 0.469380 0.889084 0.459202 0.880360 0.443210 0.875998 0.436908 0.867760
0 0.462110 0.959842 0.463564 0.972444 0.462110 0.988436 0.468410 0.984560 0.470350 0.968082 0.478588 0.971958 0.482466 0.970504 0.476166 0.960326 0.469380 0.956934
0 0.609442 0.082632 0.623012 0.085540 0.640944 0.089902 0.644338 0.091356 0.644822 0.098140 0.636584 0.099110 0.618652 0.093780 0.607020 0.092810 0.601204 0.087964
0 0.594904 0.142244 0.605566 0.132550 0.616712 0.125766 0.620590 0.119950 0.632706 0.126736 0.635130 0.132550 0.627374 0.146120 0.620106 0.155814 0.612350 0.166476 0.608958 0.163568 0.615744 0.144182 0.619620 0.136428 0.607020 0.139820 0.601688 0.145636
0 0.609442 0.196524 0.611382 0.209124 0.618652 0.208640 0.628828 0.213486 0.635130 0.223180 0.639490 0.228510 0.639976 0.215426 0.632706 0.206218 0.632706 0.203794 0.632706 0.200886 0.652576 0.193616 0.649184 0.190708 0.635130 0.193132 0.617198 0.196524
0 0.622528 0.265828 0.615258 0.270676 0.598780 0.272128 0.598780 0.277944 0.611382 0.280852 0.612350 0.287152 0.609442 0.297330 0.607988 0.304600 0.611866 0.308478 0.616712 0.300724 0.623012 0.309446 0.625920 0.305570 0.626890 0.295876 0.625436 0.287152 0.628828 0.274068 0.627860 0.266314
0 0.609928 0.333680 0.624466 0.347250 0.634644 0.355004 0.641430 0.359366 0.641914 0.348218 0.645792 0.341918 0.646760 0.364696 0.651122 0.385536 0.650154 0.398138 0.642398 0.375358 0.637552 0.369058 0.628828 0.367120 0.626890 0.386990 0.619136 0.382144 0.619136 0.365666 0.616228 0.359850 0.604596 0.352096 0.602658 0.341918
0 0.613804 0.412192 0.611382 0.426732 0.612836 0.437878 0.617198 0.443694 0.614290 0.455810 0.618652 0.463080 0.622528 0.451932 0.631252 0.464534 0.636098 0.475680 0.642884 0.478588 0.639490 0.454356 0.634160 0.438848 0.633676 0.433032 0.640460 0.429154 0.649668 0.424308 0.646760 0.415584 0.644338 0.406860 0.636098 0.411708 0.629798 0.417038 0.630282 0.426732 0.623982 0.424792 0.625436 0.416554
0 0.621074 0.498458 0.621074 0.517360 0.631252 0.526084 0.634160 0.534322 0.630282 0.554194 0.638036 0.541108 0.646276 0.536262 0.650638 0.522692 0.640944 0.512514 0.635130 0.507182 0.628344 0.503306 0.629798 0.496036
0 0.593934 0.548862 0.614290 0.554678 0.632222 0.560008 0.641914 0.566310 0.663238 0.566794 0.652576 0.576486 0.649184 0.580848 0.634160 0.580848 0.624466 0.576972 0.611382 0.571156 0.595872 0.564370 0.588604 0.558070
0 0.596358 0.631252 0.616712 0.635614 0.613320 0.625920 0.620590 0.624466 0.628344 0.633676 0.644338 0.630282 0.655968 0.634644 0.670508 0.636098 0.662754 0.640460 0.636584 0.639976 0.620590 0.640460 0.617198 0.645792 0.611866 0.656454 0.606050 0.655000 0.612836 0.642884 0.601688 0.640944 0.592480 0.638522
0 0.623012 0.697648 0.622044 0.704918 0.619136 0.712672 0.611382 0.718972 0.604596 0.717034 0.605566 0.729636 0.608474 0.743206 0.614774 0.737874 0.623498 0.720426 0.627374 0.715580 0.656454 0.716550 0.654030 0.709280 0.642884 0.703464 0.644338 0.694256 0.635130 0.691348 0.626406 0.691832
0 0.632222 0.791670 0.632706 0.799424 0.642884 0.799424 0.656454 0.808632 0.652092 0.816386 0.644822 0.811056 0.634160 0.808148 0.625436 0.804756 0.620106 0.797486 0.623012 0.788278
0 0.646276 0.886660 0.633676 0.887630 0.623982 0.888114 0.619136 0.891508 0.604112 0.894414 0.594418 0.894900 0.597326 0.898776 0.630282 0.895868 0.641430 0.893446 0.658392 0.894414 0.671478 0.891992 0.674386 0.885206 0.669540 0.872606 0.661300 0.872122 0.645306 0.875514 0.644338 0.880844
0 0.620590 0.964204 0.631252 0.956934 0.636098 0.949180 0.644338 0.948696 0.656454 0.959358 0.667116 0.956450 0.676808 0.954026 0.681656 0.954026 0.677778 0.965174 0.683594 0.971958 0.683594 0.981166 0.679716 0.987468 0.679716 0.994252 0.668570 0.979228 0.662754 0.970990 0.651608 0.965658 0.641914 0.960326 0.634644 0.966142 0.626890 0.968566
0 0.845950 0.032714 0.839650 0.041438 0.830926 0.050160 0.819780 0.061308 0.813964 0.071970 0.813964 0.076332 0.825596 0.068578 0.838680 0.068092 0.845466 0.065670 0.835288 0.061792 0.837226 0.052100 0.841588 0.048222 0.851282 0.048222 0.856612 0.046768 0.854674 0.042892 0.846920 0.040952 0.850796 0.034652
0 0.796516 0.125282 0.810086 0.119466 0.826080 0.119950 0.834804 0.122858 0.845950 0.128188 0.851766 0.126736 0.857582 0.120920 0.863882 0.114134 0.866790 0.122374 0.856612 0.134974 0.850312 0.141274 0.829472 0.131096 0.817840 0.130612 0.805240 0.130128
0 0.820748 0.183438 0.838196 0.183924 0.854674 0.185378 0.863398 0.184892 0.871152 0.185862 0.887146 0.192162 0.894414 0.198948 0.874544 0.201856 0.867274 0.196524 0.862428 0.202824 0.857098 0.200402 0.855158 0.194100 0.843528 0.193132 0.830926 0.193132 0.820748 0.189740
0 0.812026 0.296362 0.824626 0.285700 0.836742 0.277460 0.850312 0.272614 0.860974 0.272128 0.865820 0.279398 0.860974 0.284246 0.849828 0.284246 0.840134 0.289576 0.832380 0.299754 0.825110 0.300724 0.818326 0.296362
0 0.820748 0.450964 0.833350 0.441270 0.846920 0.433032 0.854190 0.421884 0.860490 0.413646 0.866790 0.412676 0.875030 0.408314 0.878906 0.407830 0.882298 0.420430 0.878422 0.426732 0.872122 0.435454 0.867274 0.439816 0.859520 0.437394 0.844982 0.444178 0.839166 0.449510 0.828504 0.455326 0.820748 0.456294
0 0.825110 0.495550 0.840620 0.497974 0.854190 0.499912 0.865820 0.504274 0.873576 0.510090 0.875998 0.513968 0.864366 0.518814 0.878422 0.519784 0.889568 0.520752 0.879876 0.531414 0.856612 0.526084 0.852736 0.516390 0.841588 0.505728 0.831896 0.503306 0.822202 0.502820 0.821718 0.499428
0 0.859036 0.561948 0.850312 0.573580 0.848858 0.587150 0.857098 0.576002 0.872122 0.572610 0.888114 0.578426 0.900716 0.588604 0.911862 0.591996 0.920586 0.591996 0.903138 0.581818 0.893930 0.572610 0.890538 0.570672 0.891508 0.561462 0.884238 0.561462 0.866790 0.562432
0 0.860974 0.707826 0.866306 0.720426 0.867760 0.726728 0.883268 0.730120 0.890054 0.737874 0.888600 0.754836 0.877936 0.748052 0.870668 0.739328 0.861944 0.732058 0.856612 0.721880 0.855644 0.709764
0 0.847404 0.804756 0.856128 0.797486 0.867760 0.794578 0.881330 0.803302 0.883752 0.817356 0.872606 0.827050 0.873576 0.808148 0.868244 0.805724 0.860490 0.805240 0.849828 0.812026
0 0.853220 0.848374 0.862912 0.854674 0.880844 0.850312 0.890538 0.848374 0.891992 0.848374 0.879876 0.861944 0.884722 0.867760 0.891022 0.871636 0.875998 0.870668 0.867760 0.879390 0.861944 0.886176 0.853220 0.888114 0.843528 0.886176 0.839166 0.879390 0.848858 0.876484 0.861944 0.875998 0.870668 0.866790 0.868728 0.862912 0.861944 0.859520 0.850312 0.856128
1 0.067608 0.044346 0.087964 0.043860 0.094264 0.048706 0.094748 0.055976 0.079724 0.062762 0.065184 0.065184 0.061792 0.053068
1 0.012844 0.221242 0.027382 0.208156 0.043376 0.205248 0.053554 0.213486 0.059854 0.223664 0.055008 0.231418 0.031744 0.231904 0.026898 0.236266 0.026414 0.244504 0.021566 0.246928 0.014782 0.237720 0.013328 0.228026
1 0.035622 0.430608 0.048222 0.434970 0.057430 0.431092 0.057916 0.438362 0.049676 0.454356 0.039498 0.469864 0.039498 0.459688 0.041438 0.449024 0.040952 0.443210 0.024474 0.432062
1 0.078756 0.466956 0.075362 0.477134 0.076816 0.487796 0.086994 0.490704 0.094748 0.489736 0.094264 0.486342 0.078270 0.483434 0.083116 0.478588 0.089418 0.471804 0.092810 0.467442
1 0.032714 0.550316 0.042892 0.538200 0.056946 0.541108 0.059370 0.551770 0.043860 0.557102 0.034168 0.558070
1 0.006542 0.583272 0.021082 0.576002 0.028352 0.584242 0.018658 0.597812 0.007028 0.594904
1 0.088932 0.659362 0.085056 0.669054 0.085056 0.673416 0.076332 0.679232 0.078756 0.683110 0.085056 0.681170 0.091840 0.677778 0.102988 0.678748 0.104442 0.675840 0.094748 0.672446 0.091840 0.669054
1 0.154360 0.812026 0.163568 0.801362 0.169868 0.797002 0.170838 0.806694 0.189740 0.808632 0.193616 0.814448 0.173746 0.817356 0.180046 0.822202 0.167930 0.825110 0.155814 0.821234
1 0.170838 0.359366 0.186832 0.363242 0.188770 0.373904 0.184408 0.379720 0.168414 0.382144 0.165022 0.370028
1 0.170838 0.291030 0.187800 0.291030 0.199432 0.290546 0.193132 0.303630 0.178108 0.305084 0.167930 0.302662 0.167446 0.296846
1 0.197008 0.652092 0.211548 0.654030 0.221726 0.665662 0.221242 0.679232 0.217364 0.685048 0.212518 0.686016 0.204278 0.685532 0.197978 0.681170 0.195554 0.668570 0.193616 0.656454
1 0.066154 0.005088 0.067608 0.011390 0.057916 0.007996
1 0.371966 0.061308 0.382628 0.069546 0.389414 0.076332 0.392806 0.083116 0.384082 0.092326 0.377782 0.092810 0.373904 0.083116
1 0.384082 0.107834 0.398138 0.111710 0.408800 0.120920 0.415584 0.132066 0.409284 0.141274 0.397652 0.137398 0.388928 0.126736 0.381174 0.122374 0.380690 0.116558
1 0.478104 0.034652 0.482950 0.045314 0.493612 0.048706 0.490704 0.058884 0.474712 0.055976 0.462594 0.063246 0.468896 0.054038 0.472288 0.048706 0.470834 0.039498
0 0.444664 0.074878 0.449994 0.088932 0.451932 0.102502 0.451932 0.108804 0.442724 0.103472 0.432546 0.096202 0.430608 0.088448 0.439332 0.086510 0.436908 0.079240 0.432062 0.073908 0.432062 0.070516 0.438848 0.071970 0.444178 0.067608 0.449024 0.068578
0 0.409768 0.242080 0.411708 0.233842 0.424308 0.230934 0.425762 0.240142 0.422854 0.250804 0.410254 0.249350
0 0.541108 0.225118 0.546438 0.244504 0.555162 0.247412 0.552740 0.241596 0.560494 0.231418 0.552740 0.231418 0.551286 0.213002
0 0.526084 0.344342 0.532868 0.334164 0.538200 0.323016 0.541592 0.314778 0.550316 0.318656 0.549346 0.327378 0.551286 0.332226 0.560494 0.340948 0.545954 0.341434 0.524630 0.349672 0.520268 0.347250
1 0.702980 0.275036 0.718004 0.283276 0.710250 0.293938 0.703464 0.306538 0.687956 0.311386 0.680686 0.306054 0.686986 0.284730 0.688440 0.275036 0.689894 0.269222 0.699588 0.264374
1 0.549832 0.702010 0.560978 0.701526 0.570186 0.710250 0.575518 0.718488 0.577940 0.728182 0.567278 0.735936 0.555162 0.735450 0.546438 0.727212 0.541592 0.718004
1 0.491674 0.761622 0.499912 0.765984 0.506214 0.763560 0.515422 0.761622 0.512998 0.769376 0.507182 0.774708 0.507182 0.782462 0.503306 0.782946 0.500398 0.777616 0.497004 0.774222 0.492158 0.772284 0.489250 0.767922
1 0.498458 0.833350 0.501852 0.848374 0.507182 0.856612 0.507668 0.863398 0.502336 0.868244 0.493128 0.865336 0.489250 0.859520 0.489250 0.844012 0.490220 0.834804
1 0.582788 0.856612 0.574548 0.865820 0.577456 0.876484 0.582788 0.883268 0.587150 0.885206 0.587150 0.870182
1 0.595872 0.847888 0.597326 0.858552 0.605082 0.863882 0.611866 0.868244 0.611866 0.864366 0.604112 0.860490 0.602174 0.853704 0.602174 0.847888
1 0.528992 0.979228 0.543046 0.979712 0.551286 0.967112 0.557102 0.960812 0.553708 0.979712 0.550316 0.986982 0.551770 0.992798 0.553224 0.997160 0.548828 0.998046 0.544016 0.989890 0.537716 0.989890 0.528506 0.988920 0.524146 0.984560 0.524146 0.978258
2 0.872606 0.075362 0.875514 0.084086 0.874060 0.090386 0.879876 0.088932 0.885206 0.089418 0.891992 0.094748 0.897322 0.095718 0.893446 0.087964 0.895384 0.078756 0.895868 0.075848 0.887630 0.078270 0.880360 0.078270
1 0.918162 0.095718 0.917194 0.113650 0.922524 0.115588 0.927370 0.109772 0.932702 0.108318 0.929794 0.102018 0.924948 0.093780 0.924948 0.085540
1 0.876968 0.147090 0.860490 0.163568 0.864852 0.164052 0.873576 0.159206 0.884722 0.161144 0.891508 0.162598 0.889084 0.156784 0.883752 0.149028
1 0.787792 0.290546 0.792640 0.280368 0.806694 0.289092 0.803302 0.303146 0.790216 0.300238
1 0.766468 0.357912 0.782946 0.353550 0.795548 0.367604 0.802332 0.381660 0.797002 0.389414 0.779554 0.386020 0.773254 0.373904 0.771314 0.364212
1 0.785854 0.425278 0.808148 0.410254 0.838680 0.416068 0.839166 0.427700 0.828504 0.440786 0.805240 0.443210 0.793608 0.449510 0.792154 0.436424
1 0.782946 0.497490 0.793124 0.500398 0.802332 0.497974 0.797486 0.508636 0.793124 0.511544 0.790216 0.522692 0.786824 0.518330 0.784884 0.508636
1 0.955966 0.528506 0.965174 0.526568 0.967112 0.518330 0.977290 0.517844 0.990860 0.528022 0.994736 0.530446 0.991344 0.536746 0.975836 0.535776 0.975836 0.545470 0.965658 0.545954
1 0.955480 0.449510 0.958872 0.462110 0.952088 0.470834 0.955966 0.482950 0.966628 0.474712 0.968082 0.466472 0.963234 0.454840
1 0.960812 0.222696 0.954026 0.235780 0.945788 0.245474 0.954512 0.242566 0.965174 0.246442 0.974382 0.250320 0.979228 0.244988 0.971958 0.237234 0.967112 0.228996 0.966628 0.222210
1 0.883752 0.275522 0.898776 0.284730 0.908954 0.287638 0.905078 0.297330 0.890538 0.288606 0.885206 0.285700 0.879876 0.279884 0.878906 0.274552
1 0.977290 0.276006 0.978258 0.268252 0.987952 0.265828 0.997644 0.274552 0.998046 0.279296 0.995706 0.289092 0.984560 0.281338
1 0.929794 0.633190 0.935126 0.645792 0.937548 0.651122 0.937064 0.663724 0.942394 0.660330 0.948210 0.649668 0.953058 0.645306 0.960326 0.647730 0.968566 0.652092 0.963720 0.637068 0.960812 0.630282 0.956934 0.631736 0.947242 0.637552 0.936580 0.631736
1 0.779554 0.913316 0.801848 0.906532 0.813964 0.922040 0.814932 0.939002 0.796516 0.939488 0.783916 0.936094 0.778584 0.918162
1 0.777616 0.845950 0.788278 0.845466 0.802816 0.864366 0.796032 0.874544 0.788278 0.876968 0.779070 0.866790 0.777130 0.856612
1 0.847888 0.925432 0.848858 0.916224 0.875514 0.914770 0.887630 0.923494 0.887146 0.938518 0.874544 0.947726 0.858066 0.945788 0.850796 0.934640
1 0.931732 0.919132 0.939972 0.912832 0.950150 0.909438 0.962266 0.914286 0.967596 0.918648 0.950634 0.922524 0.946756 0.920586 0.954512 0.926886 0.959842 0.932702 0.946756 0.935126 0.938034 0.925916
1 0.887630 0.797970 0.898776 0.804756 0.908954 0.804756 0.909924 0.791670 0.908470 0.779554 0.905562 0.772768 0.898776 0.774222 0.898292 0.783916 0.894900 0.789246
1 0.951604 0.817840 0.954026 0.806694 0.961780 0.797486 0.970504 0.793608 0.975350 0.798940 0.967596 0.808148 0.965174 0.811056 0.962266 0.820264
1 0.878422 0.645306 0.869698 0.655484 0.859036 0.659846 0.868728 0.665178 0.876968 0.661300 0.887146 0.660330 0.901200 0.664208 0.904108 0.664692 0.895868 0.656938 0.887630 0.652092
1 0.797970 0.540138 0.807664 0.538200 0.811540 0.529476 0.816872 0.522206 0.820748 0.523660 0.815902 0.535292 0.818810 0.541592 0.820264 0.547408 0.810086 0.545954
1 0.541108 0.651608 0.537716 0.670024 0.539654 0.682624 0.552254 0.672932 0.562432 0.677778 0.554194 0.664208 0.548862 0.655000
1 0.836742 0.362274 0.847888 0.340948 0.849342 0.326894 0.855158 0.321078 0.859520 0.333680 0.851766 0.351126 0.852250 0.363728 0.852736 0.371966 0.846434 0.375358
1 0.940940 0.368574 0.945788 0.357426 0.956450 0.346764 0.962266 0.339494 0.967112 0.336102 0.971474 0.348704 0.966628 0.358396 0.969050 0.370028 0.965174 0.379236 0.952572 0.373904 0.946756 0.380690 0.944334 0.388444 0.937064 0.381660 0.935610 0.376812
1 0.886660 0.527052 0.887630 0.542562 0.886660 0.554678 0.887630 0.557586 0.903138 0.553224 0.908470 0.546924 0.903138 0.542078 0.895868 0.531900
1 0.064430 0.277410 0.064430 0.270726 0.076846 0.270726 0.078756 0.277410 0.072070 0.285052
1 0.136280 0.319304 0.144620 0.312280 0.156908 0.317986 0.159980 0.323692 0.153836 0.328520 0.144620 0.323254
1 0.370654 0.345198 0.375044 0.360122 0.375044 0.371094 0.375922 0.375044 0.380310 0.369338 0.382944 0.363632 0.393038 0.357488 0.395672 0.353098 0.383384 0.353976 0.382944 0.350466 0.382506 0.343882 0.375482 0.345198
1 0.461946 0.241178 0.464142 0.231522 0.473358 0.229328 0.478626 0.242056 0.480380 0.246884 0.479942 0.250834 0.472042 0.243812 0.466336 0.243812
1 0.838528 0.604590 0.845110 0.594936 0.851256 0.590984 0.853888 0.603274 0.853888 0.610736 0.847306 0.621708 0.843354 0.616880 0.835454 0.614686 0.835894 0.610736