0 0.125018 0.000222 0.137544 0.013676 0.144504 0.008110 0.142184 0.019244 0.138008 0.022492 0.129194 0.022028 0.125482 0.033626 0.134298 0.041048 0.143112 0.046152 0.136152 0.048006 0.124554 0.043368 0.118988 0.033626 0.120380 0.018316 0.118524 0.005790
0 0.144504 0.155638 0.129194 0.163524 0.122698 0.177906 0.125018 0.194144 0.134298 0.198782 0.137544 0.173730 0.151926 0.172802 0.161204 0.163988 0.155638 0.162132 0.147286 0.162596 0.156102 0.154710 0.157030 0.151462
0 0.140328 0.226618 0.133370 0.238680 0.124090 0.249814 0.116204 0.263268 0.118060 0.273010 0.117596 0.285536 0.118524 0.273474 0.124554 0.264196 0.131514 0.265124 0.138472 0.259092 0.145432 0.257238 0.145896 0.241000 0.149142 0.234968 0.152390 0.227546 0.147750 0.224298
0 0.126410 0.351878 0.147750 0.374146 0.146360 0.388064 0.150070 0.394560 0.164916 0.400126 0.154710 0.402910 0.140792 0.390384 0.136152 0.376466 0.128266 0.367652
0 0.125482 0.454870 0.131050 0.448374 0.132442 0.443272 0.130586 0.437704 0.141720 0.441416 0.150070 0.444664 0.156566 0.447446 0.146360 0.448838 0.138936 0.454406 0.138936 0.458116 0.138008 0.464148 0.125482 0.464148 0.121308 0.462756
0 0.124554 0.530026 0.133370 0.516572 0.144504 0.516108 0.149142 0.525850 0.150534 0.534664 0.149142 0.541624 0.145896 0.530490 0.142648 0.540696 0.142184 0.546726 0.139400 0.558788 0.133834 0.560180 0.135688 0.538376 0.138472 0.524458 0.129658 0.528634
0 0.139864 0.710956 0.138472 0.719306 0.126874 0.725338 0.120844 0.734152 0.122236 0.736936 0.133834 0.736008 0.127802 0.747606 0.125482 0.755956 0.126410 0.762452 0.137080 0.742966 0.144040 0.735080 0.155174 0.733224 0.155638 0.725802 0.151926 0.713740 0.151926 0.700286 0.144504 0.710028
0 0.153318 0.790752 0.147286 0.800030 0.138472 0.796782 0.138008 0.787040 0.133370 0.789824 0.135224 0.806060 0.140792 0.812556 0.141256 0.828330 0.158886 0.838072 0.171876 0.839464 0.181154 0.839928 0.180226 0.832968 0.165844 0.831576 0.147286 0.823226 0.150534 0.812556 0.161668 0.799566 0.161204 0.793534 0.161204 0.786112
0 0.132442 0.889104 0.139400 0.883072 0.147286 0.879824 0.153782 0.884000 0.165844 0.890960 0.167700 0.902094 0.157494 0.894670 0.150534 0.899310 0.144040 0.894206
0 0.133834 0.936424 0.147286 0.941990 0.158422 0.943382 0.169092 0.942918 0.157958 0.953588 0.146824 0.960084 0.140328 0.964260 0.137544 0.952198 0.136152 0.945238
0 0.273010 0.033626 0.284144 0.032234 0.289248 0.036872 0.301774 0.040584 0.309196 0.048006 0.297598 0.047080 0.315228 0.057286 0.318012 0.061924 0.299454 0.051254 0.296670 0.050326 0.296670 0.060070 0.297598 0.064708 0.311516 0.072132 0.309660 0.076306 0.280434 0.067956 0.270692 0.057750 0.269764 0.041976
0 0.276722 0.100894 0.279042 0.107390 0.275794 0.112492 0.261876 0.117596 0.277186 0.119452 0.288320 0.116668 0.302238 0.122236 0.308732 0.139400 0.321258 0.153318 0.316156 0.128730 0.309196 0.118060 0.294816 0.108782 0.297598 0.105534 0.289712 0.101822
0 0.297598 0.178370 0.279970 0.181618 0.273010 0.188112 0.273938 0.193216 0.284608 0.191360 0.279970 0.201566 0.296670 0.192288 0.300382 0.194144 0.302238 0.211772 0.306414 0.214556 0.306878 0.203886 0.311516 0.217804 0.311980 0.209452 0.305486 0.191360 0.308732 0.182546 0.311052 0.176050
0 0.286000 0.232650 0.299918 0.238680 0.301774 0.244712 0.305022 0.251670 0.311980 0.258166 0.307806 0.260484 0.295744 0.258166 0.289248 0.248886 0.285536 0.241000
0 0.283680 0.305486 0.282290 0.322650 0.281826 0.334712 0.270692 0.343992 0.269300 0.347238 0.281826 0.341208 0.287392 0.340744 0.290640 0.354198 0.295744 0.360228 0.295744 0.343064 0.304094 0.327290 0.306414 0.315692 0.303630 0.305486 0.297598 0.299918 0.286928 0.301774
0 0.314764 0.363012 0.302702 0.382498 0.296670 0.387136 0.296670 0.395024 0.294352 0.406622 0.296206 0.417292 0.301310 0.425178 0.305950 0.406622 0.307806 0.398734 0.311052 0.389920 0.313836 0.384352 0.320794 0.380178 0.320332 0.369972
0 0.295280 0.483632 0.275794 0.491984 0.274866 0.507292 0.277186 0.523066 0.281826 0.509612 0.284608 0.502190 0.297134 0.501262 0.301774 0.501726 0.311516 0.515180 0.317548 0.517500 0.317084 0.504974 0.310588 0.495230 0.308732 0.488736 0.311980 0.487344 0.310124 0.482240
0 0.292960 0.526314 0.302238 0.524458 0.312444 0.516572 0.320332 0.512860 0.324042 0.515644 0.317084 0.529098 0.314300 0.534664 0.306878 0.546262 0.298526 0.556468 0.291104 0.557396 0.283680 0.552758 0.287856 0.536520
0 0.287392 0.581984 0.301310 0.592656 0.314764 0.600078 0.332394 0.608892 0.318012 0.613532 0.309196 0.611212 0.299918 0.616780 0.290640 0.622810 0.283680 0.613532 0.282290 0.604718 0.285072 0.600078 0.296670 0.599150 0.287392 0.592192
0 0.298062 0.678018 0.293424 0.691936 0.287856 0.706316 0.296206 0.699358 0.299454 0.691936 0.305950 0.688224 0.309660 0.681264 0.315228 0.692862 0.313372 0.703998 0.319404 0.701678 0.317548 0.681728 0.321258 0.683120 0.324970 0.678946 0.316156 0.672914 0.308270 0.672914
0 0.294816 0.732296 0.304558 0.736936 0.313836 0.737864 0.323578 0.737864 0.333784 0.741112 0.346310 0.746214 0.334712 0.747606 0.326826 0.751782 0.317084 0.750854 0.314300 0.749926 0.314300 0.764308 0.317084 0.771730 0.318012 0.778690 0.306414 0.771266 0.303630 0.764308 0.308270 0.752246 0.302702 0.744822
0 0.300846 0.814412 0.292032 0.821834 0.286000 0.824618 0.278114 0.822298 0.272082 0.820906 0.280434 0.832040 0.290640 0.831112 0.288320 0.851990 0.288784 0.858484 0.292496 0.869154 0.292960 0.884000 0.299454 0.890960 0.303630 0.874722 0.307342 0.863124 0.316156 0.874722 0.314764 0.864516 0.312908 0.858948 0.316620 0.857556 0.308270 0.857092 0.296206 0.856628 0.300846 0.843174 0.309196 0.835288 0.322650 0.832504 0.326826 0.827402 0.321722 0.821370 0.306878 0.818586
0 0.129658 0.654358 0.140328 0.658532 0.151926 0.655286 0.157030 0.664564 0.162596 0.676162 0.154246 0.683120 0.147286 0.690544 0.151462 0.681264 0.153782 0.668738 0.146824 0.670130 0.138936 0.675698 0.133834 0.671522 0.130122 0.660852
1 0.150998 0.652966 0.164452 0.649254 0.173266 0.658532 0.176978 0.665956 0.170948 0.675698 0.164452 0.675698 0.157030 0.662708
0 0.303630 0.939208 0.297598 0.954980 0.297598 0.966578 0.299918 0.970754 0.297598 0.983744 0.298990 0.989776 0.304094 0.971218 0.305486 0.959620 0.321258 0.972146 0.328682 0.978640 0.320332 0.954980 0.314300 0.941062
0 0.510076 0.024346 0.503118 0.043832 0.493840 0.047080 0.487344 0.050326 0.480850 0.049862 0.486416 0.060070 0.495694 0.066564 0.499870 0.067956 0.512396 0.056822 0.516572 0.048470 0.514716 0.039656 0.518428 0.030842
0 0.504046 0.123626 0.507756 0.132906 0.499870 0.132906 0.502190 0.144504 0.497550 0.155174 0.491056 0.165844 0.491984 0.176050 0.511004 0.161204 0.513788 0.146824 0.518892 0.133370 0.510540 0.126410
0 0.491984 0.222906 0.488736 0.234040 0.491520 0.245176 0.497550 0.236360 0.504046 0.228474 0.511468 0.224298 0.518428 0.233578 0.524458 0.236824 0.527242 0.232186 0.520282 0.226618 0.529562 0.226154 0.527242 0.220124 0.514252 0.217340 0.509148 0.211772 0.501262 0.213164 0.504974 0.218268
0 0.501726 0.321722 0.522602 0.312908 0.531880 0.308732 0.529562 0.316620 0.523994 0.318940 0.531880 0.317548 0.519818 0.324506
0 0.504510 0.412188 0.493376 0.420538 0.486880 0.429818 0.485952 0.444664 0.490592 0.448374 0.495230 0.443272 0.497550 0.430746 0.505902 0.421466 0.513788 0.423322 0.512860 0.434920 0.517036 0.440024 0.522602 0.427498 0.527706 0.424714 0.543480 0.427034 0.553222 0.429354 0.538376 0.417292 0.523530 0.412652 0.517036 0.414508 0.510540 0.413580
0 0.520282 0.479922 0.514716 0.490128 0.513324 0.504974 0.519818 0.515644 0.520746 0.501262 0.523530 0.492448 0.530490 0.502190 0.530026 0.492912 0.528634 0.487344 0.541624 0.490128 0.537912 0.482704 0.525386 0.474354
0 0.492448 0.631160 0.499870 0.622810 0.506366 0.625130 0.511004 0.622346 0.527242 0.626522 0.531418 0.627450 0.538840 0.632552 0.531880 0.637656 0.527706 0.634408 0.511932 0.642760 0.506366 0.637656 0.507756 0.634872 0.515644 0.633480 0.506366 0.631160 0.501262 0.633016 0.498014 0.636264 0.494766 0.640440
0 0.512860 0.739256 0.517500 0.748070 0.521674 0.750854 0.522138 0.765700 0.527242 0.775442 0.526314 0.758740 0.529562 0.748534 0.540696 0.746214 0.536984 0.737864 0.530490 0.735544 0.522138 0.739720 0.514252 0.734152
0 0.498014 0.835288 0.493840 0.843638 0.497086 0.850134 0.502654 0.854772 0.502190 0.862660 0.512860 0.851062 0.516572 0.845494 0.521210 0.855236 0.528170 0.857556 0.528170 0.848278 0.535128 0.858020 0.533736 0.845030 0.529098 0.833896 0.518892 0.833432 0.508684 0.839000 0.503118 0.845494 0.502190 0.841320 0.506366 0.836216
0 0.525850 0.894206 0.523066 0.904876 0.515180 0.912764 0.510076 0.921114 0.507292 0.928074 0.507292 0.934568 0.513324 0.943382 0.514252 0.928536 0.518428 0.920650 0.526778 0.914156 0.531418 0.907196 0.538840 0.909980 0.536056 0.904876 0.530954 0.898382
0 0.518892 0.978176 0.530954 0.979104 0.539304 0.981424 0.548582 0.988384 0.541624 0.986992 0.534664 0.993486 0.531250 0.998046 0.517578 0.998046 0.513324 0.991630
0 0.668738 0.042440 0.677554 0.059142 0.687296 0.063316 0.696110 0.080018 0.699822 0.105998 0.689616 0.096720 0.678946 0.074914 0.671986 0.075842 0.667812 0.067028 0.658532 0.066564 0.649254 0.069348 0.649254 0.064708 0.661780 0.057750 0.661316 0.050326
0 0.649718 0.137544 0.663636 0.132442 0.675698 0.136152 0.688688 0.144504 0.697502 0.150998 0.697966 0.158886 0.684976 0.155174 0.678946 0.157030 0.670130 0.170948 0.676162 0.155638 0.670594 0.153782 0.663172 0.161204 0.665492 0.148214 0.667812 0.142184 0.658996 0.141720 0.649718 0.145432 0.644150 0.148214 0.634872 0.154246 0.639512 0.146824
0 0.665492 0.178834 0.672914 0.192288 0.681264 0.200174 0.685440 0.205742 0.681728 0.217340 0.670130 0.207598 0.657140 0.200174 0.657140 0.190896 0.661780 0.186256
0 0.650646 0.275794 0.666420 0.268372 0.673378 0.268836 0.678482 0.273474 0.684048 0.270228 0.701214 0.284608 0.711884 0.298062 0.710028 0.314300 0.702606 0.297598 0.689616 0.291104 0.672914 0.284608 0.651574 0.282754
0 0.677090 0.311516 0.678018 0.325434 0.675698 0.333320 0.665028 0.339352 0.656212 0.347702 0.669666 0.344456 0.680336 0.343992 0.694254 0.350950 0.707708 0.358836 0.719306 0.364868 0.717452 0.355126 0.690080 0.340744 0.688224 0.334248 0.686832 0.324970 0.682192 0.315692
0 0.664564 0.392240 0.659924 0.398734 0.665028 0.414972 0.660388 0.418684 0.664564 0.425642 0.671986 0.429354 0.672450 0.438632 0.681728 0.442344 0.686368 0.440024 0.683120 0.428426 0.679874 0.417756 0.668274 0.408940 0.668738 0.399662 0.669666 0.395950
0 0.684512 0.485488 0.695646 0.474354 0.705852 0.475282 0.703534 0.486416 0.703070 0.499870 0.701214 0.504510 0.694254 0.488736 0.691936 0.495694 0.688224 0.511468 0.684048 0.519818 0.680336 0.511468 0.684048 0.502654 0.681264 0.497550 0.675234 0.498942 0.672914 0.503582 0.667812 0.507756 0.670130 0.494766 0.673842 0.489664
0 0.686832 0.531418 0.678482 0.536520 0.673842 0.540232 0.679410 0.554150 0.673378 0.566676 0.662244 0.582912 0.665956 0.582912 0.669202 0.579202 0.673378 0.576882 0.673842 0.591264 0.672450 0.597758 0.681264 0.584768 0.686368 0.571314 0.690080 0.556006 0.696574 0.543480 0.697966 0.534200 0.681728 0.531418
0 0.631624 0.637192 0.644614 0.627914 0.661780 0.626522 0.673378 0.630234 0.683120 0.627450 0.690544 0.638584 0.696110 0.660852 0.691472 0.665492 0.681728 0.656212 0.676626 0.642760 0.660388 0.638120 0.648326 0.638584
0 0.694718 0.700750 0.670130 0.715596 0.670130 0.724874 0.669666 0.735544 0.670594 0.745286 0.674770 0.741112 0.684512 0.732760 0.693790 0.719770 0.696574 0.711420 0.702606 0.703070
0 0.658532 0.757812 0.676626 0.751782 0.684512 0.750390 0.690544 0.756420 0.699358 0.776834 0.707244 0.786112 0.709100 0.789824 0.701214 0.790288 0.690544 0.775442 0.686368 0.765236 0.675698 0.762916 0.663636 0.765236
0 0.693326 0.903948 0.679874 0.912300 0.672914 0.913228 0.676162 0.919258 0.681728 0.921578 0.693326 0.938744 0.704462 0.954052 0.700750 0.926682 0.699358 0.917402 0.708172 0.914620 0.721162 0.917402 0.729050 0.911372 0.718378 0.907196 0.699822 0.904412
0 0.667812 0.978640 0.681728 0.974930 0.678946 0.968434 0.681728 0.965650 0.691008 0.969362 0.694718 0.978640 0.700750 0.983744 0.708172 0.986528 0.695182 0.990240 0.699358 0.996270 0.693360 0.998046 0.681640 0.998046 0.681728 0.992558 0.673378 0.991166 0.663636 0.988384 0.678946 0.984208 0.684976 0.983280
0 0.951090 0.007420 0.960924 0.004368 0.972452 0.012166 0.957194 0.012166 0.953124 0.019288 0.946682 0.028782 0.938544 0.032850 0.933798 0.025730 0.931424 0.020982 0.932780 0.015218 0.939900 0.014540 0.942614 0.011828 0.936848 0.006062 0.935154 0.001316
0 0.927694 0.068794 0.946344 0.072184 0.951768 0.075914 0.957194 0.063708 0.963636 0.062012 0.966010 0.064386 0.956516 0.076932 0.954820 0.080662 0.957194 0.087104 0.963976 0.092868 0.975844 0.102024 0.976860 0.113892 0.969740 0.116604 0.962280 0.102362 0.953804 0.093546 0.948038 0.090834 0.945666 0.085748 0.944308 0.081340 0.931084 0.074558
0 0.948716 0.296998 0.955498 0.304118 0.952446 0.309204 0.948378 0.311238 0.938544 0.312256 0.934814 0.315308 0.930068 0.309544 0.924642 0.311916 0.926676 0.319716 0.935154 0.324802 0.951768 0.323784 0.962620 0.320394 0.967028 0.315308 0.967366 0.311238 0.960584 0.304456 0.958550 0.299370 0.955498 0.295980
0 0.950752 0.371256 0.960584 0.378378 0.965672 0.379394 0.969402 0.381430 0.959568 0.392280 0.952446 0.398384 0.944648 0.405164 0.941258 0.400418 0.944986 0.395670 0.957534 0.388550 0.953804 0.384820 0.952786 0.376342
0 0.950752 0.427544 0.946344 0.441108 0.955160 0.449924 0.958890 0.453314 0.952786 0.455350 0.953124 0.458740 0.962280 0.460774 0.966688 0.459418 0.975504 0.470270 0.975166 0.463148 0.973810 0.457384 0.981948 0.455350 0.980590 0.449584 0.977540 0.446534 0.971774 0.447212 0.965672 0.442804 0.963976 0.438396 0.961264 0.434326 0.958212 0.431274
0 0.935492 0.519776 0.949056 0.515028 0.958550 0.516384 0.960246 0.509602 0.957534 0.497734 0.961602 0.494344 0.965672 0.505872 0.966010 0.512316 0.973130 0.504856 0.980590 0.504856 0.976182 0.520454 0.977200 0.527574 0.971774 0.533000 0.963976 0.526558 0.957534 0.528592 0.956176 0.525878 0.946682 0.526558 0.943630 0.525540 0.938544 0.523166
0 0.942614 0.598782 0.948378 0.589626 0.955160 0.587592 0.953804 0.597426 0.964992 0.592340 0.967366 0.599122 0.960584 0.606920 0.959568 0.613702 0.953124 0.621162 0.950074 0.608954 0.949396 0.603868 0.947360 0.603530 0.942952 0.603190
0 0.975504 0.654392 0.963976 0.661512 0.958890 0.664904 0.951090 0.672024 0.950752 0.679824 0.953464 0.689656 0.962958 0.693726 0.969402 0.689656 0.972792 0.684570 0.968044 0.682536 0.972114 0.672702 0.973470 0.663886 0.976522 0.660834 0.978896 0.657104
0 0.958550 0.723226 0.952786 0.736790 0.954142 0.743570 0.960924 0.746622 0.964992 0.739162 0.966688 0.733738 0.978218 0.735772 0.980930 0.732720 0.984998 0.730346 0.985678 0.724244 0.976522 0.725260 0.967706 0.725600
0 0.955498 0.792060 0.950074 0.800876 0.953124 0.806302 0.962280 0.814778 0.975504 0.816814 0.983304 0.814778 0.982286 0.812066 0.975166 0.811388 0.971096 0.812744 0.960924 0.808336 0.959228 0.804946 0.962280 0.801216 0.967706 0.802910 0.973130 0.806980 0.978556 0.808336 0.977200 0.805962 0.983304 0.804268 0.986356 0.803588 0.984320 0.799520 0.973810 0.797486 0.966010 0.794434
0 0.963976 0.866658 0.957534 0.876832 0.971436 0.892768 0.978218 0.896838 0.979912 0.888700 0.974826 0.883952 0.972114 0.879544 0.972114 0.873780 0.975844 0.869710 0.970418 0.866998
0 0.960246 0.930746 0.956516 0.941936 0.956516 0.952786 0.957534 0.959906 0.959568 0.960246 0.969062 0.953124 0.976860 0.946344 0.978218 0.942952 0.977200 0.939562 0.966010 0.941596 0.964654 0.934476 0.964314 0.932102 0.963976 0.928710
1 0.293268 0.018608 0.297676 0.011488 0.311238 0.016914 0.315308 0.024712 0.310900 0.034546 0.302084 0.032172 0.297336 0.030138 0.293268 0.024712
0 0.491292 0.284790 0.500786 0.270888 0.508924 0.266140 0.514350 0.265462 0.521132 0.265462 0.526896 0.262072 0.531644 0.264784 0.524184 0.272922 0.515706 0.277670 0.507568 0.276652 0.500108 0.282078 0.494684 0.292588 0.488580 0.291910 0.487902 0.284112
1 0.443142 0.427544 0.453654 0.425850 0.463488 0.430596 0.465182 0.439074 0.456366 0.443142 0.443482 0.445176 0.439074 0.438056 0.438734 0.433308
1 0.448228 0.583184 0.458740 0.598782 0.459080 0.610650 0.457384 0.622856 0.449584 0.633368 0.440768 0.625570 0.446534 0.619466 0.448906 0.606242 0.446872 0.594712 0.448228 0.589626
0 0.510282 0.684570 0.509942 0.694404 0.516046 0.700168 0.516384 0.705254 0.516046 0.715766 0.513332 0.723564 0.511976 0.729668 0.518420 0.720174 0.520792 0.712036 0.521470 0.704238 0.522488 0.701524 0.525540 0.703220 0.528592 0.695422 0.529948 0.691012 0.525200 0.693048 0.521470 0.686266 0.516046 0.685248
1 0.597764 0.091512 0.604208 0.085408 0.607260 0.084392 0.607598 0.093208 0.603530 0.096598 0.600816 0.105754 0.596408 0.106092 0.595392 0.101006 0.592000 0.096598 0.590984 0.092190
1 0.605224 0.246134 0.601834 0.233588 0.596748 0.240370 0.597086 0.248508 0.596408 0.256646 0.591322 0.263088 0.591662 0.268174 0.597764 0.264444 0.598782 0.273940 0.604886 0.266480 0.609632 0.251560 0.612006 0.244778 0.608954 0.239352
1 0.566230 0.463488 0.565212 0.470608 0.557752 0.480780 0.559788 0.484850 0.569620 0.476372 0.571316 0.474000 0.582846 0.481798 0.583862 0.476034 0.575046 0.471286 0.570978 0.462132 0.567926 0.459758
1 0.575724 0.905314 0.572334 0.914130 0.568942 0.912434 0.562840 0.911756 0.557414 0.914808 0.564534 0.919216 0.576064 0.922608 0.576402 0.920572 0.581828 0.926338 0.583524 0.923964 0.579116 0.918200 0.579454 0.913452 0.583862 0.908026 0.581488 0.904976
1 0.163038 0.022518 0.170992 0.026054 0.179828 0.018984 0.181596 0.028704 0.177620 0.034892 0.174084 0.037984 0.167898 0.047706 0.162154 0.043286 0.164362 0.034450 0.157734 0.041962 0.155084 0.029588 0.155084 0.023402 0.155968 0.020308 0.158176 0.022076
1 0.146246 0.079964 0.156850 0.076870 0.175410 0.081730 0.178504 0.094104 0.167014 0.101616 0.154642 0.100290 0.146246 0.087034
1 0.081730 0.468820 0.096754 0.474566 0.097638 0.489148 0.083498 0.501520 0.069358 0.491356 0.068032 0.484286 0.070684 0.475008 0.074218 0.470146
1 0.121058 0.766650 0.136966 0.767092 0.143594 0.775046 0.136966 0.789186 0.123710 0.792280 0.112662 0.787860 0.113988 0.777256 0.117524 0.771510
1 0.182038 0.880656 0.188666 0.873586 0.195294 0.872702 0.202364 0.881540 0.199714 0.892146 0.192202 0.897006 0.184248 0.887284
1 0.148456 0.965498 0.151548 0.979196 0.143152 0.991568 0.136966 0.986266 0.133432 0.973010 0.131664 0.964614 0.138734 0.965056
1 0.176736 0.814816 0.191318 0.810396 0.208994 0.820560 0.204574 0.831608 0.184690 0.830282 0.180270 0.822770
1 0.178504 0.782116 0.201040 0.783442 0.205458 0.798024 0.189992 0.799792 0.178062 0.792280
1 0.159544 0.915640 0.170396 0.913668 0.176314 0.925012 0.165956 0.936356 0.161518 0.934876 0.157078 0.920080
1 0.355844 0.852016 0.361762 0.867800 0.362748 0.876676 0.356336 0.875198 0.352392 0.872238 0.350912 0.859414 0.350418 0.856948
1 0.935370 0.157078 0.950658 0.155598 0.959536 0.160038 0.965948 0.173848 0.955592 0.191110 0.935370 0.182726 0.933396 0.171382
1 0.918600 0.120088 0.922052 0.128472 0.917614 0.132912 0.918600 0.140802 0.923038 0.138830 0.925998 0.131924 0.927478 0.127486
1 0.898872 0.204920 0.913174 0.200482 0.918106 0.211332 0.914654 0.223662 0.904296 0.222182 0.896898 0.219224 0.892952 0.209852
1 0.878156 0.227608 0.880130 0.245858 0.892460 0.249802 0.902818 0.243884 0.898872 0.231554 0.893940 0.222182 0.888514 0.223170
1 0.909230 0.569898 0.928464 0.565952 0.936848 0.579270 0.940794 0.592092 0.915640 0.594066 0.911202 0.590120 0.902818 0.577296
1 0.871744 0.969402 0.889500 0.973840 0.893446 0.988636 0.883582 0.993568 0.872238 0.989622
1 0.932904 0.967428 0.946220 0.977292 0.942768 0.989130 0.934876 0.989130 0.932904 0.982224 0.927972 0.975812 0.927972 0.970880
1 0.593572 0.746962 0.599492 0.759292 0.599492 0.773596 0.591600 0.766690 0.591106 0.755840
1 0.653474 0.099918 0.657586 0.089638 0.666324 0.093236 0.665296 0.100432 0.651932 0.107628
1 0.511150 0.510692 0.523070 0.517568 0.520778 0.525364 0.512984 0.523988 0.510234 0.521696
1 0.126488 0.074404 0.141990 0.085566 0.123388 0.089906 0.114088 0.088046 0.110368 0.087426 0.120288 0.084946
1 0.150050 0.854414 0.159970 0.852554 0.166790 0.864336 0.158110 0.873016 0.151910 0.873016
1 0.203670 0.206396 0.206396 0.223202 0.199582 0.225926 0.205942 0.229560 0.207758 0.232286 0.215026 0.237282 0.215026 0.231378 0.215480 0.225926 0.210484 0.212754 0.209120 0.207304
1 0.353600 0.452106 0.371264 0.453464 0.376358 0.456522 0.369226 0.462636 0.363452 0.470448 0.359036 0.462976 0.352582 0.461616
1 0.833696 0.571108 0.855396 0.577618 0.857566 0.590640 0.836588 0.602936 0.828632 0.579788