0 0.389060 0.128292 0.375914 0.132674 0.372158 0.120780 0.368402 0.137056 0.339606 0.146446 0.335224 0.139560 0.328338 0.136430 0.319574 0.135804 0.310184 0.143942 0.295160 0.150828 0.295786 0.163348 0.297038 0.167730 0.309558 0.160844 0.330216 0.157714 0.348996 0.154584 0.362142 0.145820 0.369028 0.143942 0.380296 0.139560 0.379670 0.157714 0.380296 0.163348 0.387182 0.138934 0.395320 0.131422
0 0.379044 0.229706 0.352126 0.234088 0.344614 0.237218 0.333346 0.244730 0.323956 0.253494 0.308932 0.255372 0.287648 0.264136 0.292030 0.272274 0.278258 0.306078 0.297038 0.277908 0.302046 0.275404 0.330216 0.297314 0.318322 0.284168 0.318948 0.277282 0.350874 0.273526 0.348996 0.267892 0.321452 0.271022 0.322704 0.261632 0.350248 0.254120 0.372158 0.241600
0 0.320618 0.485246 0.324736 0.498776 0.330620 0.512896 0.334738 0.528190 0.325324 0.542310 0.328266 0.548782 0.328854 0.557018 0.329442 0.571724 0.338856 0.581138 0.358270 0.577608 0.355916 0.560546 0.338268 0.542898 0.346504 0.529956 0.360622 0.529956 0.369446 0.545252 0.384286 0.548454 0.380036 0.534662 0.371800 0.533486 0.360034 0.525250 0.353562 0.510542 0.341796 0.494070 0.333560 0.490540 0.334150 0.469362
0 0.324060 0.671158 0.304926 0.687102 0.292172 0.710220 0.286592 0.728556 0.290578 0.758052 0.292172 0.734934 0.320074 0.688696 0.330436 0.690290 0.336018 0.698262 0.318478 0.711814 0.308116 0.719786 0.314492 0.761240 0.318478 0.778778 0.328046 0.781170 0.315290 0.730150 0.328842 0.710220 0.339206 0.700654 0.348772 0.709422 0.343990 0.697464 0.342394 0.688696 0.356744 0.692682 0.342394 0.671954 0.334422 0.678332 0.338408 0.689492 0.328842 0.686304
0 0.356256 0.989940 0.352904 0.977368 0.349550 0.966470 0.353742 0.931264 0.344522 0.940484 0.341168 0.973176 0.331948 0.967308 0.325242 0.969822 0.320212 0.983234 0.331110 0.991618
0 0.630364 0.001642 0.643776 0.018408 0.642938 0.032658 0.641262 0.051100 0.628688 0.033496 0.620306 0.011702 0.611086 0.032658 0.601864 0.052776 0.586776 0.061998 0.610246 0.009188 0.609408 0.001642 0.585938 0.010864
0 0.630364 0.144146 0.671440 0.135764 0.641262 0.150014 0.631204 0.153366 0.627850 0.160910 0.624498 0.189412 0.618630 0.197794 0.611086 0.190250 0.608570 0.154204 0.595996 0.138278 0.576716 0.134086 0.571688 0.124028 0.601864 0.133248 0.608570 0.129058 0.588452 0.097204 0.601864 0.103072 0.619468 0.127380 0.616952 0.141630
0 0.607732 0.274912 0.592644 0.300898 0.597674 0.326046 0.602702 0.337782 0.602702 0.351194 0.595996 0.355384 0.606056 0.368796 0.617792 0.378856 0.617792 0.388076 0.616114 0.405680 0.621982 0.414062 0.616952 0.421606 0.605218 0.443402 0.602702 0.451784 0.627012 0.443402 0.652594 0.436658 0.633718 0.434180 0.642100 0.421606 0.649644 0.414900 0.637070 0.408194 0.642100 0.400650 0.650482 0.408194 0.675610 0.393256 0.676926 0.378130 0.664734 0.388076 0.650620 0.383392 0.646292 0.390592 0.634556 0.396460 0.627012 0.376342 0.612762 0.357900 0.606894 0.310958 0.613600 0.290840 0.632042 0.269046
0 0.565204 0.564312 0.576016 0.538630 0.595616 0.533900 0.603050 0.526466 0.598318 0.494026 0.607780 0.511598 0.609808 0.527142 0.617242 0.537954 0.628730 0.546740 0.634812 0.533900 0.642246 0.525114 0.653736 0.532548 0.667928 0.539306 0.663198 0.546064 0.638192 0.550794 0.635488 0.557552 0.643598 0.562960 0.659818 0.567690 0.672658 0.562284 0.688878 0.558228 0.684148 0.570394 0.671664 0.585938 0.674010 0.589316 0.671664 0.605008 0.667062 0.603036 0.663116 0.591856 0.657116 0.583234 0.651708 0.589316 0.646302 0.575800 0.637516 0.566338 0.625352 0.569718 0.629406 0.581206 0.624676 0.581206 0.619270 0.560932 0.609132 0.540658 0.592912 0.543360 0.582098 0.548768 0.576692 0.556878
0 0.654314 0.661058 0.643462 0.671908 0.634838 0.656960 0.621762 0.654380 0.615084 0.663562 0.615084 0.680256 0.620092 0.703626 0.618422 0.716980 0.623430 0.748698 0.628438 0.699452 0.632612 0.686932 0.646802 0.682760 0.662660 0.676082 0.654314 0.671074
0 0.629274 0.759548 0.623430 0.783754 0.622596 0.800448 0.625100 0.814636 0.632612 0.830496 0.634282 0.858040 0.634282 0.884748 0.636786 0.895600 0.649306 0.896434 0.656818 0.883080 0.649306 0.852196 0.649306 0.827156 0.645360 0.818076 0.635950 0.804620 0.633446 0.775408
1 0.015250 0.769394 0.015250 0.789362 0.008386 0.798098 0.015874 0.796850 0.017122 0.802466 0.015874 0.809954 0.025858 0.798098 0.029602 0.788738 0.038338 0.784370 0.029602 0.784994 0.022114 0.787490
0 0.291502 0.002322 0.283292 0.015226 0.264522 0.044552 0.263350 0.060976 0.277426 0.035168 0.294436 0.011120 0.310272 0.010534 0.310858 0.021678 0.322588 0.035168 0.348982 0.051004 0.349568 0.042792 0.319070 0.024610 0.314376 0.008774 0.316722 0.003496 0.329626 0.001736 0.340770 0.003496 0.348396 0.017572
1 0.137940 0.323510 0.139448 0.341608 0.134170 0.350658 0.114564 0.361970 0.122858 0.347642 0.131154 0.341608
1 0.428704 0.033834 0.442544 0.043574 0.436392 0.049212 0.425114 0.039986 0.422552 0.047162 0.418450 0.035372
1 0.486630 0.048700 0.480480 0.071256 0.482530 0.083046 0.471764 0.076894 0.463050 0.068180 0.470740 0.062542 0.478942 0.049726
1 0.508162 0.161992 0.504060 0.170706 0.504572 0.181472 0.498422 0.180958 0.495346 0.151738 0.500984 0.158404 0.500984 0.161992
0 0.333592 0.369556 0.328466 0.384362 0.320494 0.396320 0.318786 0.413972 0.335300 0.423082 0.338146 0.401444 0.345550 0.396888 0.352952 0.395180 0.370034 0.396888 0.352382 0.383792 0.346688 0.379236 0.346688 0.370696
1 0.301678 0.401130 0.297984 0.414326 0.299040 0.426996 0.292176 0.423300 0.291122 0.395324 0.295872 0.400602
1 0.245724 0.405352 0.246780 0.415382 0.248364 0.428578 0.254698 0.418550 0.256810 0.410104 0.253114 0.406936 0.248364 0.398490
1 0.252586 0.614390 0.259448 0.643422 0.268422 0.638672 0.287954 0.638672 0.287426 0.629170 0.272118 0.627586 0.264728 0.624420
1 0.334934 0.788588 0.328600 0.811814 0.316986 0.818148 0.318042 0.836624 0.329656 0.837152 0.333350 0.831346 0.328600 0.823954 0.339686 0.811286 0.346548 0.782252
1 0.593290 0.937960 0.588236 0.946232 0.585478 0.949908 0.577666 0.946232 0.582262 0.956802 0.597426 0.958640 0.602942 0.955422 0.590992 0.953584 0.597426 0.944394
1 0.697610 0.821232 0.698530 0.831342 0.710478 0.829044 0.705882 0.838236 0.706342 0.842830 0.710478 0.852022 0.699448 0.854780 0.686580 0.852942 0.682904 0.847886 0.675552 0.831802 0.670496 0.821692 0.681526 0.827206 0.687500 0.828124 0.684742 0.818934 0.682444 0.815716 0.687500 0.811122 0.688420 0.820772
1 0.761488 0.895680 0.764246 0.908548 0.767922 0.919578 0.780330 0.918658 0.782628 0.915900 0.772978 0.907170 0.769302 0.895220
1 0.745864 0.798254 0.759192 0.793198 0.760570 0.783088 0.764246 0.784008 0.766084 0.795496 0.780330 0.793658 0.786764 0.787224 0.778492 0.799172 0.776194 0.801012 0.769302 0.803308 0.753676 0.802850 0.747242 0.803308
1 0.761030 0.772058 0.739430 0.769302 0.733456 0.749080 0.729780 0.755056 0.731618 0.773438 0.727022 0.767464 0.723346 0.772518 0.726102 0.783548 0.735294 0.780330 0.750460 0.782170 0.758732 0.777574
1 0.718750 0.604320 0.720588 0.629136 0.733916 0.626838 0.741268 0.628676 0.754136 0.630056 0.752298 0.621784 0.739890 0.620864 0.734834 0.619944 0.732536 0.604320 0.732078 0.601102
1 0.506926 0.537356 0.512054 0.550874 0.510190 0.566724 0.516716 0.555070 0.530234 0.552740 0.521844 0.548544 0.519046 0.541086 0.511588 0.533162
1 0.733470 0.405906 0.729742 0.413364 0.716224 0.412898 0.714358 0.425016 0.706434 0.418490 0.707834 0.411498 0.714358 0.395650 0.721352 0.393786 0.714358 0.408236 0.720884 0.409168 0.727410 0.404040 0.731140 0.401244
1 0.654694 0.326196 0.654226 0.338780 0.637446 0.344840 0.637446 0.350434 0.659354 0.342976 0.664016 0.342044 0.700840 0.335052 0.691518 0.331322 0.668212 0.331788 0.660286 0.334120 0.659820 0.322466
1 0.656888 0.059312 0.652902 0.068478 0.648118 0.088010 0.652104 0.082430 0.675622 0.078444 0.678810 0.074856 0.662866 0.075256 0.661272 0.070870 0.663266 0.061304
1 0.718076 0.365370 0.715382 0.385574 0.725822 0.380522 0.730200 0.373450 0.721780 0.377492 0.721444 0.368064
1 0.737944 0.360318 0.737944 0.373114 0.735250 0.375472 0.732220 0.384564 0.726158 0.393992 0.735588 0.393992 0.735924 0.381870 0.740976 0.375134 0.742996 0.368064
1 0.974340 0.248518 0.983768 0.267040 0.989156 0.284550 0.986126 0.309470 0.986126 0.316878 0.986126 0.320246 0.994208 0.299704 0.998046 0.285156 0.991850 0.285560 0.991178 0.275122 0.998046 0.273438 0.998046 0.265624 0.990168 0.261652 0.985116 0.248518 0.978380 0.244814
1 0.988820 0.375472 0.972992 0.381196 0.972320 0.392646 0.979054 0.399718 0.986800 0.401738 0.980738 0.386248 0.985790 0.382880 0.994882 0.376818
1 0.770100 0.679350 0.752030 0.693190 0.745110 0.700880 0.738188 0.698188 0.733960 0.690498 0.732806 0.713182 0.731652 0.719718 0.736266 0.713568 0.743956 0.710876 0.743572 0.717796 0.753568 0.709722 0.764334 0.713182 0.767408 0.706646 0.754722 0.705878 0.752030 0.703956 0.760488 0.693574 0.765486 0.688192 0.771254 0.683578 0.774714 0.678964
1 0.270812 0.424972 0.271838 0.442914 0.279014 0.453678 0.299008 0.459318 0.283628 0.447014 0.283628 0.438300 0.291830 0.430098 0.285166 0.426510 0.279528 0.430610 0.278502 0.420358 0.281578 0.414718 0.271326 0.419844
1 0.781486 0.466908 0.755840 0.475458 0.756498 0.489268 0.772938 0.480718 0.778856 0.474800
1 0.214776 0.710788 0.218872 0.719666 0.235262 0.721030 0.233896 0.728542 0.210678 0.727178 0.203848 0.727178 0.207946 0.719666