1 0.035934 0.018050 0.005388 0.026382 0.023900 0.026382 0.026678 0.043042 0.034082 0.031010 0.044264 0.027306 0.050744 0.018976 0.053522 0.013422 0.047968 0.012496
0 0.048892 0.036564 0.044264 0.040266 0.060000 0.058778 0.066480 0.066184 0.057224 0.076366 0.045190 0.085622 0.030380 0.096730 0.036860 0.117094 0.053522 0.100434 0.054446 0.095804 0.064628 0.089326 0.085918 0.094880 0.071108 0.106912 0.097026 0.108764 0.105358 0.080994 0.096102 0.081920 0.089622 0.096730 0.082216 0.082846 0.087770 0.068962 0.089622 0.062482 0.084068 0.058778 0.074812 0.054150 0.061852 0.045820
0 0.072960 0.329070 0.059076 0.343880 0.069258 0.359616 0.070182 0.371650 0.074812 0.367946 0.075736 0.366096 0.088696 0.382756 0.093324 0.376278 0.081290 0.367020 0.085918 0.355914 0.107208 0.357764 0.117392 0.354062 0.097952 0.346656 0.096102 0.330920
0 0.049818 0.146716 0.040562 0.165228 0.047042 0.174486 0.040562 0.186518 0.051670 0.188370 0.051670 0.205032 0.077588 0.194850 0.067406 0.211512 0.081290 0.219842 0.090548 0.230024 0.097026 0.238356 0.104432 0.250388 0.104432 0.232802 0.096102 0.223544 0.090548 0.206884 0.089622 0.201330 0.109986 0.198552 0.109060 0.186518 0.099804 0.191148 0.088696 0.196700 0.080366 0.178188 0.092398 0.163378 0.073886 0.165228 0.062778 0.167080 0.069258 0.180964 0.068332 0.185594 0.061852 0.162452 0.061852 0.152270 0.059076 0.137460
1 0.159972 0.191148 0.179410 0.190222 0.190518 0.189296 0.179410 0.203180 0.173856 0.198552
1 0.141458 0.144864 0.137756 0.161526 0.140532 0.168006 0.147938 0.159674 0.151640 0.168932 0.157194 0.162452 0.147938 0.157824 0.157194 0.145790 0.150714 0.147642
0 0.101656 0.459586 0.086844 0.448478 0.076662 0.448478 0.072034 0.450330 0.075736 0.456810 0.059076 0.459586 0.064628 0.466992 0.060000 0.473470 0.095176 0.468842 0.086844 0.482728 0.064628 0.487356 0.047968 0.485504 0.051670 0.497538 0.067406 0.496612 0.088696 0.487356 0.084068 0.504018 0.093324 0.513274 0.102580 0.522530 0.106284 0.523456 0.105358 0.535490 0.119242 0.523456 0.104432 0.506794 0.097026 0.495686 0.098878 0.479024
0 0.081290 0.543820 0.076662 0.563260 0.049818 0.572516 0.032232 0.580846 0.032232 0.588252 0.061852 0.579920 0.072960 0.578996 0.056298 0.593806 0.055372 0.603988 0.078514 0.587326 0.088696 0.579920 0.105358 0.589178 0.122946 0.587326 0.133128 0.591028 0.148864 0.592880 0.151640 0.584550 0.128498 0.582698 0.110912 0.580846 0.119242 0.566036 0.113688 0.566036 0.105358 0.572516 0.098878 0.566962 0.092398 0.558630 0.092398 0.550300
0 0.068332 0.629906 0.088696 0.647494 0.109986 0.652122 0.110912 0.662304 0.102580 0.660452 0.095176 0.666932 0.099804 0.689148 0.093324 0.703032 0.087770 0.690074 0.086844 0.674338 0.088696 0.659526 0.075736 0.644716 0.065554 0.640088
1 0.219212 0.608616 0.234948 0.611392 0.235874 0.632682 0.234024 0.641014 0.224766 0.624352 0.217362 0.621576
0 0.050744 0.828922 0.033156 0.844658 0.012792 0.852988 0.010942 0.865948 0.051670 0.850212 0.057224 0.840954 0.062778 0.827070 0.082216 0.827070 0.087770 0.815962 0.069258 0.817814 0.055372 0.818738
0 0.003536 0.948330 0.029454 0.942776 0.043340 0.947404 0.071108 0.941850 0.072960 0.949256 0.062778 0.962214 0.054446 0.968694 0.048892 0.986282 0.042414 0.993688 0.038710 0.984430 0.045190 0.964066 0.044264 0.953884 0.027602 0.954810 0.015570 0.951108
0 0.097952 0.937222 0.080366 0.962214 0.072960 0.981654 0.086844 0.978876 0.100730 0.982580 0.097952 0.972398 0.099804 0.963140 0.106284 0.946478 0.109986 0.935372 0.110912 0.930742
1 0.267346 0.901122 0.256238 0.919634 0.266422 0.920560 0.250684 0.936296 0.253462 0.938148 0.267346 0.933520 0.275678 0.916858
1 0.169228 0.884460 0.131276 0.910378 0.139606 0.915932 0.159972 0.899270 0.171078 0.906676
0 0.493206 0.874278 0.497834 0.906676 0.496908 0.928892 0.484874 0.946478 0.494132 0.951108 0.509868 0.927966 0.520976 0.926114 0.507090 0.947404 0.519124 0.938148 0.530232 0.915932 0.515422 0.912230 0.530232 0.904824 0.522826 0.901122 0.511718 0.909452 0.512644 0.899270 0.505240 0.902974 0.505240 0.887238
0 0.496908 0.795598 0.514496 0.806706 0.504314 0.823368 0.515422 0.832624 0.515422 0.845582 0.519124 0.856690 0.533934 0.867798 0.524678 0.847434 0.524678 0.833550 0.553374 0.845582 0.552448 0.854840 0.543190 0.865022 0.568184 0.856690 0.568184 0.845582 0.546894 0.837252 0.519124 0.822442 0.519124 0.808556 0.518198 0.798374 0.510794 0.793746
0 0.501536 0.645642 0.504314 0.661378 0.492280 0.668784 0.500610 0.677114 0.494132 0.693776 0.504314 0.678966 0.512644 0.701182 0.525604 0.679892 0.514496 0.668784 0.525604 0.657676
0 0.482098 0.525308 0.474692 0.536416 0.482098 0.541970 0.470064 0.560482 0.487652 0.550300 0.500610 0.552152 0.508942 0.557706 0.490428 0.571590 0.485800 0.586400 0.507090 0.558630 0.521900 0.557706 0.525604 0.566036 0.533934 0.575292 0.535786 0.566962 0.533934 0.560482 0.537636 0.549374 0.520976 0.550300 0.520976 0.544746 0.528380 0.544746 0.519124 0.534564 0.512644 0.535490 0.493206 0.531786 0.513570 0.541970 0.507090 0.548448 0.491354 0.540118
0 0.494132 0.446626 0.486726 0.470694 0.505240 0.461438 0.525604 0.457734 0.534860 0.429966 0.549670 0.423486 0.557076 0.417932 0.545968 0.417932 0.548744 0.387386 0.540414 0.397568 0.537636 0.416080 0.523752 0.436444 0.508942 0.445702
0 0.505240 0.323516 0.491354 0.336474 0.501536 0.342028 0.510794 0.347582 0.510794 0.358690 0.516348 0.367020 0.520976 0.367020 0.520050 0.355914 0.518198 0.343880 0.532084 0.365170 0.535786 0.376278 0.534860 0.390162 0.539488 0.376278 0.545042 0.354062 0.551522 0.339252 0.545968 0.325366 0.541340 0.320738 0.532084 0.334624 0.527454 0.338326 0.518198 0.326292
0 0.476544 0.001388 0.463584 0.020828 0.461734 0.037488 0.472842 0.026382 0.495058 0.037488 0.483024 0.063408 0.493206 0.065258 0.504314 0.048596 0.513570 0.043042 0.508942 0.028232 0.492280 0.018976
0 0.527454 0.027306 0.520976 0.037488 0.523752 0.039340 0.517272 0.058778 0.508016 0.074514 0.483950 0.086548 0.473768 0.091176 0.498760 0.089326 0.519124 0.080994 0.523752 0.055076 0.532084 0.044894 0.550596 0.049522 0.551522 0.042118 0.545968 0.040266
0 0.757942 0.224470 0.776456 0.223544 0.784786 0.223544 0.775530 0.238356 0.769050 0.246686 0.757942 0.261496 0.760720 0.278158 0.746834 0.287414 0.751462 0.300374 0.737578 0.288340 0.726470 0.277232 0.707956 0.288340 0.709808 0.278158 0.737578 0.269828 0.744058 0.258720 0.757942 0.244834 0.757016 0.235578 0.748686 0.229098
0 0.757942 0.795598 0.759794 0.817814 0.770902 0.836326 0.756090 0.837252 0.764422 0.847434 0.748686 0.859468 0.733876 0.869650 0.727396 0.882608 0.718140 0.893716 0.721842 0.899270 0.750536 0.877980 0.767198 0.855764 0.770902 0.852988 0.789414 0.839104 0.804224 0.840028 0.791266 0.858542 0.794968 0.890940 0.802374 0.887238 0.800522 0.873352 0.802374 0.866872 0.808852 0.857616 0.817184 0.857616 0.826440 0.845582 0.830142 0.827996 0.808852 0.828922 0.794042 0.833550 0.771826 0.821516 0.768124 0.804854 0.768124 0.789118 0.764422 0.784490
0 0.790340 0.919634 0.783860 0.927040 0.778306 0.935372 0.771826 0.947404 0.762570 0.956660 0.752388 0.968694 0.756090 0.987208 0.757016 0.995538 0.781084 0.973322 0.794042 0.956660 0.776456 0.989984 0.785712 0.991836 0.794042 0.976100 0.803300 0.954810 0.803300 0.944628 0.807928 0.925188 0.802374 0.925188
1 0.628350 0.816888 0.634830 0.830772 0.644086 0.843732 0.645938 0.832624 0.658898 0.840028 0.661674 0.830772 0.649640 0.826144 0.640384 0.820590
1 0.705180 0.653048 0.707032 0.683594 0.722768 0.693776 0.733876 0.689148 0.732950 0.684520 0.729246 0.678966 0.716288 0.678966 0.712586 0.670634
0 0.782010 0.698404 0.760720 0.708586 0.760720 0.724322 0.769976 0.724322 0.772752 0.733578 0.780158 0.718768 0.788488 0.715066 0.801448 0.709512 0.803300 0.731728 0.788488 0.740984 0.803300 0.751166 0.792192 0.757646 0.785712 0.741910 0.783860 0.747464 0.789414 0.758572 0.781084 0.765976 0.766272 0.772456 0.768124 0.781712 0.771826 0.787266 0.779232 0.773382 0.792192 0.768754 0.786638 0.774308 0.791266 0.781712 0.801448 0.767828 0.813482 0.765052 0.812556 0.758572 0.821812 0.755794 0.828292 0.763200 0.835696 0.764126 0.842176 0.756720 0.828292 0.744686 0.813482 0.744686 0.821812 0.725248 0.819960 0.710438 0.807928 0.730802 0.811630 0.715992 0.807002 0.702106 0.801448 0.706736 0.786638 0.710438
0 0.809778 0.555854 0.793116 0.552152 0.782010 0.538266 0.776456 0.554002 0.790340 0.568812 0.772752 0.565110 0.780158 0.577144 0.779232 0.587326 0.782934 0.594732 0.787562 0.601210 0.805150 0.597508 0.814406 0.602136 0.828292 0.594732 0.834772 0.580846 0.825514 0.578996 0.830142 0.571590 0.819960 0.577144 0.812556 0.566962
0 0.804224 0.445702 0.770902 0.468842 0.773678 0.486430 0.779232 0.496612 0.755166 0.508646 0.750536 0.520680 0.760720 0.538266 0.767198 0.520680 0.788488 0.503092 0.792192 0.497538 0.801448 0.485504 0.787562 0.474396 0.794042 0.460512
0 0.807002 0.491058 0.789414 0.520680 0.782010 0.532712 0.800522 0.521604 0.812556 0.500314 0.836622 0.517902 0.833846 0.529936 0.842176 0.527158 0.842176 0.541044 0.845878 0.557706 0.853284 0.549374 0.850508 0.540118 0.851432 0.512348 0.838474 0.505868 0.818110 0.492910 0.840326 0.495686 0.845878 0.484578 0.830142 0.485504 0.817184 0.487356
1 0.873648 0.534564 0.866244 0.556780 0.858838 0.574366 0.876426 0.555854 0.886608 0.559556 0.889384 0.547522
0 0.939370 0.552152 0.931038 0.571590 0.917154 0.580846 0.902344 0.594732 0.915302 0.592880 0.918080 0.601210 0.933816 0.588252 0.938444 0.609542 0.943998 0.591028 0.943998 0.581772 0.949552 0.581772 0.968990 0.585474 0.972694 0.578070 0.968066 0.575292 0.944924 0.572516 0.947700 0.557706
1 0.954180 0.617872 0.957882 0.638236 0.965288 0.634534 0.966214 0.628054 0.982876 0.621576 0.981024 0.613244
1 0.903270 0.678966 0.920856 0.682668 0.927336 0.684520 0.919006 0.691924 0.924560 0.704884 0.915302 0.705810 0.913452 0.688222
0 0.785712 0.351284 0.796820 0.360542 0.791266 0.374426 0.791266 0.384608 0.782934 0.392940 0.766272 0.403122 0.774604 0.410526 0.781084 0.405898 0.792192 0.387386 0.804224 0.373500 0.810704 0.368872 0.800522 0.356838 0.792192 0.338326 0.792192 0.342954
0 0.810704 0.384608 0.803300 0.389236 0.809778 0.398494 0.813482 0.409600 0.799596 0.414230 0.785712 0.420708 0.815332 0.426262 0.827366 0.410526 0.820886 0.402196 0.818110 0.392014
0 0.583920 0.207808 0.588548 0.218916 0.578366 0.228174 0.567258 0.239280 0.555224 0.247612 0.557076 0.260570 0.575588 0.245760 0.594102 0.248538 0.595028 0.233728 0.605210 0.218916 0.600582 0.210586 0.598730 0.205958
1 0.455254 0.285564 0.458956 0.293894 0.447848 0.304076 0.443220 0.311482 0.459882 0.306854 0.467288 0.296672 0.473768 0.288340
0 0.520520 0.184416 0.523036 0.171004 0.535608 0.174356 0.538962 0.186930 0.555726 0.163458 0.561594 0.165136 0.554050 0.179386 0.546506 0.189444 0.536448 0.197828 0.533094 0.187768
1 0.578360 0.118194 0.578360 0.137474 0.566624 0.148370 0.567462 0.154238 0.583390 0.148370 0.587580 0.141664 0.591772 0.138312 0.589256 0.129928
0 0.503756 0.186930 0.502078 0.197828 0.483638 0.212916 0.483638 0.222136 0.509624 0.207886 0.517168 0.200342 0.518006 0.190282 0.512976 0.183576 0.519682 0.174356 0.532256 0.165136 0.528064 0.160106 0.514652 0.164298 0.507108 0.173518
1 0.979044 0.438406 0.963956 0.440082 0.974852 0.452656 0.983234 0.471098 0.985750 0.450980 0.997486 0.438406 0.990780 0.435052
1 0.989940 0.478642 0.974852 0.495406 0.971500 0.503788 0.980720 0.501274 0.985750 0.520554 0.987426 0.495406
1 0.962278 0.300094 0.963956 0.310152 0.956410 0.328594 0.976528 0.310152 0.983234 0.310152 0.994132 0.304286 0.978206 0.300094 0.991618 0.285844 0.982396 0.286682 0.973176 0.299256
1 0.232884 0.002998 0.220034 0.001284 0.221748 0.008994 0.227744 0.012422 0.238880 0.010708
1 0.435906 0.042404 0.444472 0.053540 0.436764 0.074098 0.449612 0.057822 0.458180 0.049256 0.463318 0.044974 0.450470 0.044974
0 0.788840 0.096372 0.790554 0.116930 0.778560 0.134064 0.792266 0.122070 0.799120 0.141772 0.820536 0.143486 0.806830 0.128066 0.805116 0.107508 0.820536 0.085236 0.817108 0.079238 0.810256 0.093802 0.805972 0.097228 0.799976 0.092944
1 0.965306 0.047544 0.959310 0.064676 0.972160 0.055252 0.985008 0.054396 0.979012 0.047544
1 0.942178 0.015848 0.956740 0.008994 0.952456 0.012422 0.973872 0.020130 0.966162 0.026128 0.960166 0.023558 0.950744 0.024414
1 0.785414 0.050114 0.804260 0.062106 0.813682 0.068960 0.812826 0.078382 0.805972 0.074098 0.798262 0.086092 0.795692 0.074098 0.795692 0.063820
1 0.701464 0.014992 0.694610 0.021844 0.685188 0.029554 0.692040 0.036406 0.705746 0.026128 0.715170 0.015848 0.710030 0.003854
1 0.728876 0.032980 0.711742 0.044116 0.711742 0.051826 0.728018 0.046686 0.735728 0.044116 0.738298 0.037264
1 0.743438 0.328520 0.750292 0.336228 0.765710 0.329376 0.763140 0.325950 0.754574 0.326806 0.748578 0.321666
1 0.267578 0.224610 0.267578 0.241842 0.267578 0.264820 0.275620 0.238396
1 0.009096 0.038024 0.003634 0.055780 0.002268 0.073536 0.006364 0.089926 0.013194 0.080364 0.021388 0.083096 0.022754 0.095388 0.036412 0.084462 0.029584 0.066706 0.015926 0.074902 0.020022 0.063976 0.006364 0.062610