0 0.012296 0.003046 0.007566 0.011086 0.009458 0.016288 0.019390 0.003046 0.022700 0.012030 0.016078 0.028110 0.016552 0.031894 0.028374 0.039460 0.011350 0.038986 0.008512 0.050336 0.006148 0.069254 0.002838 0.081076 0.000000 0.086278
0 0.001418 0.151540 0.020336 0.163362 0.018444 0.171402 0.020336 0.176132 0.033104 0.176604 0.032158 0.182280 0.023646 0.180388 0.015134 0.184170 0.006148 0.190318 0.003784 0.185116 0.009932 0.175186 0.012296 0.172820 0.001892 0.163362
0 0.001892 0.234772 0.008512 0.235718 0.011350 0.226732 0.016078 0.222004 0.025538 0.218694 0.032630 0.218694 0.036888 0.217274 0.015134 0.235718 0.027428 0.247068 0.031686 0.252270 0.025064 0.250852 0.016552 0.247540 0.007094 0.243284 0.000946 0.245650
2 0.020808 0.257000 0.026484 0.260782 0.034050 0.261728 0.036414 0.257000 0.042090 0.253216 0.047292 0.251798 0.052966 0.248014 0.048710 0.259836 0.041144 0.265984 0.041144 0.275916 0.041144 0.280644 0.035942 0.278280 0.032158 0.272606 0.029320 0.268822 0.022700 0.271186 0.019390 0.272132 0.024118 0.267404 0.017498 0.264566
0 0.003784 0.288684 0.013714 0.291522 0.020336 0.288684 0.024592 0.289630 0.018444 0.301926 0.012768 0.309020 0.010404 0.321788 0.009932 0.328408 0.013242 0.334556 0.007094 0.345434 0.000946 0.347798
0 0.000946 0.371916 0.005674 0.363878 0.012296 0.361986 0.008986 0.372390 0.007094 0.377118 0.015134 0.380430 0.018916 0.386576 0.020808 0.388942 0.028374 0.388942 0.030266 0.400764 0.029320 0.407858 0.019862 0.408330 0.016078 0.407384 0.013714 0.395562 0.009458 0.387522 0.004256 0.385158 0.000946 0.386104
0 0.001892 0.429612 0.008040 0.429138 0.015134 0.429138 0.015134 0.438124 0.023172 0.451838 0.030740 0.462242 0.030266 0.473120 0.024118 0.476902 0.022226 0.481160 0.017970 0.479268 0.019390 0.469810 0.013714 0.466498 0.004730 0.467444 0.000472 0.462716 0.013242 0.461770 0.013242 0.457986 0.010876 0.453258 0.008986 0.456094 0.008040 0.446636 0.006620 0.441434 0.002838 0.438124
0 0.010404 0.487308 0.012768 0.495346 0.017970 0.501968 0.021754 0.509060 0.026484 0.512844 0.023646 0.514736 0.016552 0.511426 0.013242 0.501494 0.007094 0.500076 0.000472 0.497712 0.000472 0.493928 0.003784 0.496292
0 0.002838 0.579998 0.006620 0.582836 0.010404 0.577634 0.017024 0.571486 0.018916 0.587092 0.019862 0.603644 0.021754 0.610264 0.023646 0.621142 0.019390 0.618304 0.014660 0.612156 0.011822 0.600332 0.010876 0.593240 0.002364 0.592294
0 0.000000 0.655190 0.008040 0.659920 0.011822 0.662758 0.011822 0.671270 0.018444 0.678836 0.010876 0.675998 0.004256 0.678364
0 0.001892 0.822128 0.010876 0.823548 0.011822 0.812670 0.016552 0.806996 0.022226 0.804630 0.021754 0.812670 0.018444 0.820710 0.018916 0.825438 0.021282 0.831586 0.028374 0.836316 0.036414 0.839154 0.034522 0.841990 0.020808 0.842464 0.013242 0.840100 0.010404 0.846246 0.000472 0.842464
0 0.021754 0.900632 0.015134 0.909144 0.013714 0.913400 0.004256 0.916710 0.000946 0.920494 0.000000 0.939410 0.004256 0.932316 0.007566 0.933262 0.007566 0.942248 0.011350 0.938938 0.012768 0.931844 0.014660 0.922858 0.018444 0.914820 0.023172 0.907252
0 0.012296 0.976770 0.021754 0.976298 0.023438 0.998046 0.013672 0.998046 0.008986 0.988120 0.008040 0.981026
0 0.180652 0.004464 0.175924 0.012030 0.168356 0.016760 0.165520 0.017706 0.156060 0.016288 0.158898 0.013922 0.170722 0.010140 0.177814 0.002572 0.169302 0.002100 0.162208 0.000680 0.153696 0.000680 0.148494 0.003992 0.144238 0.007774 0.136672 0.016288 0.131942 0.020070 0.124848 0.020544 0.124848 0.014396 0.132888 0.007302 0.141400 0.000208
0 0.174978 0.059322 0.192476 0.054592 0.191056 0.069726 0.190584 0.079658 0.189638 0.088642 0.186800 0.095264 0.183490 0.094318 0.185382 0.082022 0.185854 0.077292 0.180652 0.080130 0.175450 0.080130 0.167884 0.088642 0.164574 0.101412 0.161262 0.107086 0.157006 0.105194 0.156060 0.094790 0.161262 0.084860 0.166938 0.071144 0.171666 0.063106
0 0.130524 0.093372 0.139036 0.102830 0.144710 0.100466 0.150386 0.110870 0.158426 0.115598 0.165520 0.117964 0.175450 0.128840 0.179234 0.132150 0.170248 0.135934 0.171194 0.146338 0.164574 0.141608 0.160318 0.133096 0.157952 0.128368 0.149912 0.122692 0.141400 0.116072 0.132888 0.108978 0.126268 0.103302
0 0.138090 0.235718 0.160790 0.229570 0.171194 0.232880 0.174978 0.237610 0.162682 0.248486 0.152278 0.255580 0.148494 0.257944 0.152278 0.250852 0.158898 0.243758 0.157006 0.238556 0.143766 0.240448 0.142346 0.246122 0.147548 0.255108 0.147076 0.260310 0.140928 0.256054 0.135726 0.249432
0 0.160790 0.365768 0.175924 0.364350 0.183962 0.351108 0.189164 0.346852 0.198150 0.343542 0.195786 0.354418 0.209026 0.352054 0.200042 0.360094 0.192002 0.365768 0.184436 0.372390 0.165046 0.374282 0.159372 0.372390
0 0.147076 0.453258 0.154642 0.448056 0.166938 0.440962 0.179234 0.440488 0.185854 0.440016 0.183490 0.424882 0.189164 0.419680 0.193894 0.416844 0.195312 0.428666 0.192476 0.437178 0.200514 0.439542 0.206662 0.442380 0.203824 0.449474 0.194366 0.447110 0.185382 0.448528 0.174504 0.452784 0.163154 0.454676 0.153696 0.457986 0.147548 0.457986
0 0.172140 0.473592 0.174978 0.490144 0.176396 0.483996 0.180652 0.493454 0.183490 0.501494 0.178288 0.514736 0.174978 0.522302 0.174978 0.531288 0.171666 0.534126 0.167884 0.526086 0.173558 0.511426 0.170248 0.506224 0.165520 0.497238 0.161736 0.490144 0.162208 0.483524 0.166464 0.476902
0 0.173558 0.582836 0.182070 0.594186 0.166938 0.592294 0.161262 0.592766 0.154170 0.595604 0.151804 0.600806 0.153696 0.606480 0.152750 0.611682 0.163628 0.613102 0.161262 0.606008 0.161736 0.602224 0.170248 0.601278 0.179234 0.603170 0.183490 0.606480 0.189638 0.611682 0.200988 0.613102 0.207608 0.614994 0.212810 0.616884 0.216120 0.617358 0.211864 0.611210 0.204770 0.606480 0.199568 0.602224 0.194366 0.596550 0.183016 0.585200 0.179706 0.581416
0 0.177814 0.688768 0.164100 0.690660 0.159844 0.700118 0.156534 0.710522 0.160790 0.706266 0.165992 0.697752 0.170722 0.694442 0.176868 0.697752 0.179234 0.702954 0.169776 0.701064 0.170722 0.710522 0.169776 0.717142 0.167410 0.724236 0.168356 0.733222 0.172140 0.736058 0.174504 0.719980 0.180180 0.712886 0.183016 0.710522 0.190110 0.710994 0.191530 0.705320 0.189638 0.697752 0.188692 0.693496 0.183962 0.689240
0 0.146602 0.741734 0.164100 0.744570 0.174504 0.749300 0.176868 0.754976 0.186328 0.756866 0.194366 0.755920 0.200988 0.760650 0.202406 0.767744 0.198622 0.774364 0.189638 0.774364 0.184908 0.773892 0.183490 0.768216 0.180652 0.767270 0.174504 0.768216 0.169302 0.772472 0.166464 0.780512 0.165520 0.788552 0.165046 0.795172 0.163154 0.801794 0.159372 0.792808 0.159372 0.784296 0.163628 0.777674 0.175924 0.764434 0.169302 0.761122 0.162208 0.758286 0.154170 0.750246 0.150386 0.745990
0 0.183962 0.824494 0.200988 0.842464 0.193894 0.846246 0.182544 0.852394 0.174504 0.859962 0.171666 0.868474 0.172612 0.876514 0.167410 0.877460 0.163154 0.871312 0.159844 0.863272 0.161736 0.854760 0.169302 0.849558 0.174978 0.844356 0.186328 0.842936 0.180180 0.836316 0.179234 0.830168
1 0.195312 0.841990 0.188692 0.846720 0.183962 0.853814 0.183016 0.868000 0.191056 0.871312 0.205244 0.870366 0.215174 0.866582 0.218012 0.863272 0.215174 0.856652 0.205244 0.851922 0.201460 0.849558
0 0.177814 0.874622 0.178288 0.892592 0.178760 0.906306 0.169302 0.907252 0.162208 0.911036 0.156060 0.918130 0.155588 0.924750 0.154170 0.929952 0.167410 0.922386 0.175924 0.916710 0.179234 0.915764 0.185854 0.921440 0.192002 0.926170 0.197678 0.926170 0.192476 0.918130 0.191530 0.907252 0.192476 0.895430 0.195312 0.885026 0.195312 0.878404 0.193894 0.876040 0.189638 0.883134 0.185854 0.890228 0.185382 0.894012 0.184908 0.881716 0.184908 0.878878 0.182544 0.875094
0 0.384004 0.015814 0.375018 0.021490 0.362250 0.024326 0.356102 0.036150 0.352792 0.048446 0.354210 0.054592 0.366034 0.040406 0.372654 0.031420 0.384004 0.029528 0.392516 0.029528 0.402448 0.036150 0.396300 0.025272
0 0.374546 0.047026 0.376438 0.079184 0.366506 0.086278 0.373600 0.089588 0.381640 0.090062 0.390152 0.093844 0.388260 0.083440 0.387314 0.065942 0.384004 0.051756
0 0.361304 0.151540 0.380220 0.152486 0.387314 0.156742 0.393462 0.157688 0.405286 0.158634 0.409068 0.158160 0.413324 0.150122 0.418054 0.148702 0.415216 0.158634 0.401030 0.163362 0.395828 0.163836 0.389680 0.165254 0.387788 0.168092 0.383532 0.165728 0.378330 0.168092 0.368398 0.169984 0.357522 0.169510 0.356576 0.166672 0.373128 0.164782 0.360358 0.163362 0.357522 0.159106
0 0.377384 0.306654 0.383532 0.296724 0.392044 0.298142 0.395354 0.292468 0.401030 0.301926 0.411906 0.318004 0.413324 0.333138 0.410960 0.341178 0.399610 0.342124 0.389680 0.335502 0.383532 0.327936 0.380694 0.321788
0 0.383532 0.369552 0.400084 0.369080 0.410960 0.377118 0.407176 0.382794 0.399138 0.379484 0.393462 0.378538 0.384950 0.382320 0.376910 0.385158 0.375492 0.375226
0 0.377384 0.443800 0.390152 0.451838 0.394408 0.445690 0.396300 0.442380 0.403394 0.445690 0.410488 0.442380 0.413324 0.440962 0.406704 0.454676 0.396772 0.459878 0.388734 0.468390 0.384004 0.473120 0.385422 0.483050 0.392044 0.493928 0.382586 0.493928 0.375018 0.484470 0.376910 0.468864 0.382586 0.458460
0 0.400556 0.518520 0.405758 0.532706 0.410014 0.539800 0.425620 0.546422 0.432242 0.551624 0.418054 0.550678 0.415690 0.551150 0.435552 0.565338 0.442172 0.571012 0.429404 0.567230 0.413798 0.556826 0.401502 0.548786 0.396772 0.543584 0.385896 0.541692 0.375492 0.537908 0.375492 0.535544 0.396300 0.535072 0.391570 0.526086 0.390152 0.521830
0 0.380694 0.607900 0.373600 0.622560 0.380220 0.623978 0.383532 0.630600 0.389206 0.624452 0.394408 0.620196 0.401502 0.617830 0.409542 0.618776 0.413324 0.623978 0.421364 0.632490 0.433188 0.631072 0.429876 0.620196 0.428458 0.614994 0.433660 0.613102 0.444536 0.605534 0.438390 0.602224 0.427986 0.604590 0.410014 0.609318 0.403866 0.608846 0.398664 0.606008 0.395828 0.603644
0 0.345226 0.675526 0.357048 0.673162 0.366980 0.672216 0.383058 0.673634 0.390624 0.674580 0.395828 0.671742 0.405286 0.680254 0.412378 0.684984 0.423256 0.694442 0.410014 0.693496 0.400084 0.685458 0.392044 0.684512 0.390152 0.691132 0.390152 0.702482 0.389206 0.707684 0.384004 0.701064 0.382112 0.684512 0.375964 0.682620 0.361304 0.679782 0.354684 0.680728 0.346644 0.683092
0 0.354210 0.770108 0.378802 0.757812 0.392516 0.755448 0.402448 0.757812 0.405758 0.763014 0.409542 0.754976 0.421838 0.752610 0.419472 0.760178 0.415216 0.763960 0.413324 0.774364 0.406704 0.779566 0.394882 0.780040 0.392990 0.777674 0.401030 0.774364 0.393936 0.767744 0.382112 0.775310 0.371236 0.775784 0.359886 0.777202
0 0.352792 0.804158 0.364614 0.803212 0.375492 0.811724 0.386368 0.813144 0.393462 0.817400 0.399138 0.818346 0.399610 0.812198 0.407176 0.815980 0.409068 0.826858 0.412852 0.835842 0.416636 0.840100 0.411906 0.843410 0.404340 0.846246 0.402920 0.837262 0.402448 0.826384 0.395354 0.828750 0.392990 0.836316 0.392044 0.839154 0.388260 0.838680 0.387788 0.829696 0.389206 0.823548 0.379276 0.818818 0.370290 0.817872 0.363196 0.811252 0.358468 0.809832
0 0.380220 0.878878 0.391570 0.888810 0.400556 0.892120 0.405758 0.893538 0.415216 0.890228 0.423728 0.887390 0.430822 0.889282 0.419000 0.895430 0.416636 0.902996 0.408122 0.906780 0.405286 0.905834 0.407650 0.924278 0.410960 0.939884 0.403394 0.934682 0.400084 0.929006 0.398664 0.918602 0.402448 0.911508 0.399610 0.906306 0.394408 0.905360 0.383058 0.905834 0.377856 0.911508 0.375492 0.928060 0.374546 0.933736 0.369816 0.940356 0.367452 0.926170 0.373600 0.914346 0.377856 0.903942 0.384950 0.899214 0.402448 0.897794 0.398664 0.896376 0.384950 0.892120 0.376910 0.885972 0.375018 0.879350
0 0.566486 0.035412 0.541412 0.044210 0.538332 0.052568 0.553728 0.049048 0.569124 0.052568 0.576164 0.050808 0.587160 0.052568 0.615754 0.060486 0.610034 0.051688 0.592000 0.043330 0.581002 0.039810
0 0.553728 0.110194 0.576602 0.111512 0.585400 0.111952 0.594638 0.112392 0.611794 0.107554 0.595958 0.118112 0.584960 0.121630 0.579242 0.122070 0.597278 0.126910 0.606516 0.133508 0.608276 0.138346 0.595518 0.137906 0.574404 0.128228 0.564286 0.123390 0.555928 0.122070 0.551090 0.105794
0 0.573524 0.175738 0.592880 0.202570 0.603436 0.214448 0.611794 0.222806 0.621472 0.230284 0.602556 0.227204 0.589360 0.209610 0.583202 0.206090 0.569124 0.202570 0.560326 0.197292 0.559448 0.191574 0.561646 0.187174 0.569564 0.186294
0 0.569564 0.234682 0.591560 0.274714 0.597718 0.283512 0.593318 0.287030 0.574404 0.271194 0.564286 0.262396 0.557248 0.260196 0.549770 0.260636 0.535692 0.263716 0.530854 0.264156 0.527334 0.262396 0.529974 0.258878 0.551090 0.255358 0.566486 0.258438 0.570004 0.257118 0.565606 0.245240
0 0.524696 0.322222 0.540972 0.337178 0.558128 0.340258 0.565166 0.339378 0.566046 0.330140 0.570004 0.324860 0.575284 0.349934 0.561646 0.347296 0.543172 0.345536 0.526456 0.331900
0 0.538332 0.388646 0.570444 0.397444 0.584082 0.406682 0.596398 0.416358 0.601676 0.425596 0.595958 0.425596 0.592000 0.415918 0.585400 0.413720 0.570884 0.408440 0.564286 0.408000 0.560326 0.414160 0.555928 0.425156 0.555048 0.437034 0.547570 0.423398 0.547570 0.418558 0.540972 0.414160 0.531294 0.401842 0.532174 0.396124
0 0.555928 0.485862 0.555488 0.495980 0.551090 0.505658 0.544930 0.517534 0.537452 0.524572 0.548010 0.520614 0.560766 0.506536 0.570004 0.500378 0.581002 0.493340 0.581002 0.486302 0.571324 0.484542
0 0.588480 0.528972 0.578362 0.541288 0.580562 0.557124 0.569564 0.560644 0.558128 0.569442 0.556368 0.585278 0.555048 0.594956 0.560326 0.598914 0.569124 0.585278 0.581882 0.558884 0.591120 0.553166 0.586280 0.546568 0.592880 0.533810
0 0.552408 0.631906 0.568246 0.632786 0.576602 0.638504 0.580562 0.635866 0.587160 0.625748 0.591120 0.619590 0.592440 0.634106 0.584082 0.646422 0.580562 0.652582 0.578802 0.659620 0.581002 0.668418 0.577482 0.669298 0.573964 0.661820 0.572204 0.652582 0.575284 0.646862 0.564286 0.656980 0.555488 0.664458 0.551530 0.671496 0.544930 0.680734 0.540532 0.683374 0.537892 0.671496 0.543172 0.659620 0.562086 0.648622 0.564726 0.646422 0.564286 0.642904
0 0.587160 0.685134 0.579242 0.703608 0.566926 0.704488 0.561646 0.713726 0.562086 0.723844 0.575284 0.721644 0.583202 0.719446 0.598598 0.725164 0.613994 0.727364 0.624112 0.725164 0.613554 0.719006 0.599918 0.715926 0.589800 0.711966 0.585840 0.709328 0.589800 0.696130 0.591560 0.686892 0.592000 0.682054 0.591560 0.683374
0 0.553728 0.789388 0.562966 0.785868 0.573964 0.784550 0.582322 0.784550 0.585840 0.787188 0.581442 0.795986 0.576602 0.801706 0.561646 0.809624 0.550210 0.813142 0.542732 0.819740 0.533054 0.823260 0.529974 0.814902 0.534814 0.806544 0.545810 0.804344 0.558568 0.798186
0 0.551968 0.836456 0.561646 0.847894 0.572644 0.852292 0.583202 0.854492 0.594198 0.856692 0.603876 0.858012 0.601236 0.861970 0.586720 0.863290 0.575284 0.865490 0.564726 0.867688 0.548890 0.865930 0.544050 0.861530 0.545370 0.852732 0.558568 0.850974 0.551090 0.843494
0 0.537892 0.910358 0.552848 0.919156 0.563846 0.923556 0.576164 0.927954 0.584082 0.929714 0.589800 0.931034 0.593318 0.933672 0.594198 0.940272 0.576602 0.935432 0.567806 0.934112 0.555048 0.928834 0.539212 0.925754
0 0.837296 0.004076 0.857676 0.005096 0.871942 0.013586 0.871264 0.025136 0.873980 0.031250 0.876020 0.038384 0.858696 0.037364 0.853940 0.023778 0.849184 0.018682 0.839674 0.011548
0 0.856318 0.089674 0.863112 0.081522 0.870924 0.086278 0.879756 0.091372 0.864470 0.094770 0.867866 0.096468 0.887908 0.098166 0.895040 0.097486 0.886888 0.105978 0.864470 0.104620 0.858016 0.100204
0 0.863112 0.151834 0.852582 0.163722 0.857676 0.183424 0.865490 0.201086 0.876358 0.207880 0.866168 0.186820 0.863452 0.177990 0.867528 0.175952 0.872962 0.170856 0.873642 0.165082 0.872282 0.157270 0.867866 0.154212
0 0.860054 0.227242 0.883832 0.246942 0.894022 0.261548 0.898778 0.273438 0.890624 0.268002 0.882134 0.259172 0.871604 0.251358 0.862432 0.250680 0.856658 0.248302
0 0.860394 0.291100 0.851222 0.300612 0.846128 0.313520 0.846808 0.319294 0.865490 0.316236 0.872622 0.311820 0.879076 0.299252 0.879416 0.295856 0.877038 0.295176 0.869566 0.306726 0.869226 0.299252 0.865150 0.293478
0 0.871604 0.348846 0.868546 0.363790 0.861752 0.360734 0.851222 0.359714 0.845108 0.360394 0.847146 0.372622 0.856998 0.378396 0.860734 0.382134 0.856658 0.371264 0.851562 0.367866 0.851902 0.366168 0.861414 0.366168 0.873302 0.376020 0.882472 0.384850 0.888926 0.395380 0.895040 0.398438 0.893002 0.391984 0.880774 0.375340 0.877718 0.368546 0.875680 0.361752 0.878058 0.350544 0.877718 0.345108 0.868886 0.351222
0 0.860054 0.440896 0.872622 0.437500 0.879416 0.448370 0.880096 0.466712 0.878736 0.477922 0.871264 0.475884 0.860394 0.463994 0.857676 0.450748
0 0.856318 0.513248 0.868886 0.521740 0.873302 0.517324 0.879756 0.520380 0.886888 0.538722 0.895380 0.545856 0.909986 0.547554 0.906590 0.555366 0.892324 0.550952 0.880774 0.536684 0.876020 0.528192 0.861752 0.540082 0.857676 0.536006 0.860394 0.530570 0.861414 0.524116 0.854960 0.519702 0.851562 0.515624
0 0.859714 0.591372 0.870924 0.595788 0.877378 0.593070 0.886210 0.598846 0.888926 0.609714 0.882812 0.624320 0.872962 0.628058 0.879756 0.621942 0.886210 0.612092 0.884172 0.606998 0.873980 0.602582 0.867866 0.608016 0.867528 0.621942 0.868886 0.634850 0.865828 0.642324 0.858696 0.624320 0.854620 0.611074 0.855978 0.602922 0.861074 0.599184
0 0.862092 0.672894 0.878736 0.676970 0.894362 0.693614 0.903532 0.704484 0.905570 0.717730 0.900476 0.709918 0.888926 0.702106 0.881794 0.690558 0.877038 0.687160 0.870584 0.690558 0.864470 0.684104
0 0.871604 0.730638 0.872282 0.738790 0.867528 0.744226 0.869226 0.754416 0.885190 0.779892 0.889606 0.786346 0.889606 0.767664 0.886548 0.761210 0.907948 0.769362 0.919498 0.771400 0.922894 0.768682 0.903532 0.756454 0.894022 0.748642 0.887568 0.743206 0.880434 0.739810 0.878736 0.729960
0 0.845788 0.842730 0.854960 0.830842 0.869566 0.827106 0.880096 0.829824 0.886548 0.835258 0.881794 0.846808 0.869226 0.856318 0.854960 0.856658 0.850884 0.850884 0.846808 0.849184 0.840692 0.848166
0 0.870924 0.895040 0.871264 0.924252 0.877378 0.929688 0.889946 0.933084 0.888926 0.917460 0.890624 0.907948 0.888586 0.901834 0.884172 0.896400
0 0.887908 0.952106 0.877378 0.962636 0.875000 0.969090 0.876020 0.980638 0.887908 0.985054 0.901494 0.980978 0.913384 0.974524 0.915422 0.961956 0.914742 0.959240 0.902514 0.968750 0.895720 0.974184 0.884172 0.973506 0.889606 0.963994 0.896400 0.954144 0.890624 0.946332 0.880774 0.938180
1 0.208560 0.175612 0.213994 0.170176 0.228600 0.170176 0.238112 0.172214 0.231998 0.181726 0.219090 0.185122 0.210598 0.181726
2 0.183764 0.301630 0.189538 0.311820 0.193954 0.316236 0.202786 0.324728 0.198370 0.330502 0.189878 0.322350 0.183084 0.320312 0.175952 0.320992 0.173914 0.319972 0.179008 0.315558 0.176630 0.308424 0.177310 0.301290
1 0.114810 0.393682 0.131454 0.395380 0.128058 0.392324 0.131794 0.386888 0.143682 0.386210 0.153872 0.388926 0.154552 0.397758 0.148778 0.407270 0.129076 0.407948 0.116168 0.403872 0.113112 0.396740
1 0.193274 0.661006 0.204824 0.655230 0.218750 0.657948 0.227242 0.661346 0.225544 0.670176 0.217052 0.680028 0.202786 0.681726 0.198030 0.676630 0.195652 0.663722
1 0.189878 0.938858 0.196672 0.933764 0.200068 0.933424 0.202446 0.928328 0.207202 0.927310 0.209578 0.932066 0.206862 0.938520 0.199728 0.941576 0.190218 0.943614
1 0.358696 0.012908 0.398098 0.002718 0.401834 0.016984 0.397078 0.022758 0.390624 0.021400 0.385530 0.017664 0.382472 0.014606 0.374660 0.021400 0.362092 0.019362
1 0.335258 0.123980 0.356998 0.126358 0.363790 0.130774 0.364810 0.141984 0.355638 0.145040 0.336956 0.145040 0.331862 0.134510 0.330842 0.125340
1 0.408968 0.170516 0.416780 0.160326 0.432066 0.160666 0.437840 0.171196 0.430706 0.183084 0.424592 0.186820 0.415422 0.185122 0.408628 0.177990
1 0.360054 0.188180 0.378058 0.188858 0.386888 0.197010 0.383832 0.214674 0.362432 0.218410 0.355638 0.211616 0.353260 0.198370
1 0.354280 0.403872 0.369226 0.395720 0.390286 0.395720 0.399796 0.394022 0.402854 0.404552 0.397078 0.413722 0.375680 0.424592 0.364470 0.427650 0.352582 0.417460
1 0.404552 0.383832 0.411346 0.376358 0.435462 0.377718 0.446332 0.377378 0.457202 0.381454 0.459240 0.391644 0.452786 0.400136 0.446332 0.404212 0.418818 0.404892 0.409308 0.404212 0.405230 0.394362
1 0.367866 0.628058 0.380774 0.627718 0.386210 0.631454 0.389606 0.635870 0.385190 0.655910 0.373302 0.656590 0.362092 0.648438 0.361752 0.633832
1 0.326766 0.796536 0.329484 0.786684 0.336956 0.781590 0.348846 0.784308 0.353600 0.792120 0.351562 0.799592 0.345108 0.807066 0.337976 0.806386 0.328124 0.802650
1 0.357676 0.908628 0.365150 0.898098 0.383832 0.896060 0.380096 0.903872 0.372622 0.910326 0.362772 0.915422
1 0.441576 0.112432 0.444294 0.098506 0.463994 0.096468 0.467392 0.100884 0.465692 0.113452 0.449728 0.116168
1 0.429688 0.683084 0.444294 0.682744 0.449728 0.690218 0.447350 0.699728 0.437160 0.702106 0.426630 0.695992 0.425612 0.685122
1 0.607336 0.633492 0.629076 0.633152 0.649456 0.639946 0.653192 0.653872 0.650136 0.664402 0.642664 0.672894 0.627378 0.675272 0.613112 0.663722 0.610734 0.651494 0.605298 0.639946
1 0.892324 0.125000 0.906930 0.132812 0.905910 0.126020 0.913384 0.123980 0.914062 0.140286 0.912364 0.147758 0.905230 0.141644 0.898438 0.138926 0.893682 0.135870 0.890286 0.129076
1 0.984714 0.146740 0.990490 0.141644 0.998642 0.134172 0.996942 0.151494 0.996264 0.159986 0.992866 0.164742 0.989810 0.161684 0.989130 0.155910 0.981998 0.155910 0.981318 0.150136
1 0.981998 0.382134 0.992528 0.374660 0.983356 0.405570 0.981658 0.396400 0.980638 0.387568
1 0.995584 0.918818 0.999320 0.924252 0.993886 0.921876
1 0.482470 0.453232 0.495524 0.454198 0.506160 0.460000 0.518728 0.459032 0.523564 0.464834 0.512928 0.474986 0.502292 0.476920 0.488756 0.474504 0.481020 0.471118 0.476668 0.460000 0.483920 0.447914
1 0.133836 0.693616 0.147436 0.688718 0.156142 0.693616 0.157230 0.702320 0.150156 0.707216 0.142540 0.708848 0.137100 0.707216 0.132748 0.702864
0 0.388710 0.210024 0.394344 0.230056 0.401856 0.231308 0.411246 0.229430 0.398726 0.243202 0.393092 0.262608 0.391214 0.283266 0.384328 0.279510 0.384328 0.261356 0.386206 0.244454 0.384328 0.233812 0.379946 0.220666 0.381824 0.214406