0 0.020040 0.011548 0.037704 0.012568 0.045176 0.010530 0.058424 0.015964 0.064538 0.024796 0.064538 0.032948 0.059104 0.031250 0.052310 0.024456 0.045176 0.021740 0.027854 0.021740 0.025816 0.022758 0.019362 0.031930 0.015624 0.037704 0.014266 0.031590 0.017664 0.024456 0.021400 0.020040 0.017664 0.014266
0 0.040422 0.072010 0.031250 0.088654 0.025136 0.099864 0.020040 0.105978 0.007134 0.111074 0.014266 0.116508 0.024116 0.113452 0.033288 0.111414 0.044498 0.100204 0.048914 0.115490 0.052650 0.121264 0.054688 0.114470 0.050952 0.102582 0.050272 0.091032 0.054008 0.080502 0.057744 0.076766 0.057744 0.073370 0.051970 0.074048 0.045856 0.078804 0.043478 0.084918 0.045856 0.071332
0 0.048574 0.116508 0.039402 0.125340 0.035666 0.133492 0.030570 0.145380 0.025136 0.152514 0.026154 0.156590 0.035326 0.147758 0.040082 0.142664 0.048574 0.140286 0.050272 0.132134 0.057744 0.130434 0.060802 0.128058 0.058084 0.124660 0.056386 0.119566 0.055706 0.118206 0.049932 0.119904
0 0.056726 0.213316 0.047894 0.218410 0.037364 0.219430 0.029552 0.220788 0.030910 0.229960 0.029892 0.235394 0.021400 0.243206 0.016644 0.246264 0.031250 0.246604 0.044836 0.265286 0.049932 0.268682 0.045176 0.255096 0.042798 0.248302 0.039062 0.244226 0.039742 0.236074 0.043478 0.234036 0.050272 0.240490 0.053668 0.241508 0.049592 0.234714 0.047554 0.227582 0.054688 0.225544 0.068274 0.228260 0.073030 0.225884 0.070652 0.220448 0.064538 0.219430 0.062840 0.216372
0 0.055706 0.349184 0.053668 0.359376 0.049932 0.361414 0.039062 0.363112 0.035666 0.368546 0.032608 0.378396 0.029212 0.386210 0.032270 0.400136 0.039402 0.403872 0.048914 0.393682 0.045516 0.388248 0.045516 0.379756 0.050272 0.375680 0.054008 0.373980 0.063858 0.374320 0.074048 0.371264 0.075408 0.368546 0.067596 0.368886 0.062840 0.365490 0.063180 0.356658 0.061480 0.351222
0 0.047894 0.426290 0.045516 0.435122 0.044836 0.446672 0.038722 0.461616 0.036006 0.475204 0.045856 0.467730 0.056046 0.451426 0.057744 0.440218 0.058084 0.436142 0.058764 0.446332 0.063858 0.439878 0.064198 0.431386 0.058084 0.425952
0 0.026834 0.521400 0.029212 0.506114 0.036346 0.494904 0.042798 0.494904 0.049932 0.493546 0.060462 0.499320 0.066236 0.498980 0.076426 0.500680 0.080164 0.501020 0.080164 0.505434 0.066576 0.508832 0.061480 0.513926 0.064198 0.520380 0.057744 0.524116 0.053668 0.514946 0.052310 0.509850 0.046196 0.508832 0.040422 0.512908 0.037024 0.522758 0.038044 0.527854 0.030230 0.529552
0 0.052310 0.574388 0.053668 0.589674 0.057744 0.602582 0.065218 0.601902 0.069972 0.603940 0.074388 0.610394 0.062160 0.608356 0.068954 0.618886 0.064538 0.622282 0.056726 0.613452 0.054688 0.608016 0.037364 0.602242 0.031590 0.596468 0.024116 0.589674 0.039402 0.591712 0.048914 0.596128 0.046876 0.587296 0.047894 0.577786 0.050612 0.570992
0 0.041100 0.646400 0.052650 0.646060 0.062500 0.638926 0.066236 0.636210 0.075408 0.641644 0.079144 0.645720 0.085938 0.641984 0.093410 0.640964 0.090014 0.656250 0.086616 0.661006 0.084918 0.668138 0.081522 0.660666 0.076766 0.652174 0.070652 0.650816 0.060122 0.656590 0.050952 0.656930 0.045176 0.654892 0.040082 0.651154
0 0.054008 0.805366 0.064198 0.811820 0.072690 0.814538 0.081182 0.822690 0.088316 0.834918 0.088316 0.841032 0.078804 0.834918 0.068614 0.825068 0.062500 0.819972 0.050952 0.818614 0.046196 0.816576 0.047214 0.810802
0 0.045856 0.847826 0.060462 0.865828 0.062500 0.859714 0.067934 0.859376 0.067934 0.871604 0.065896 0.879416 0.072010 0.895040 0.083560 0.903532 0.088316 0.913044 0.083560 0.912704 0.066236 0.905570 0.056726 0.894022 0.055366 0.878058 0.050612 0.873302 0.041100 0.862432 0.041100 0.852242
0 0.037024 0.923914 0.042460 0.931726 0.054688 0.933764 0.064198 0.937160 0.072690 0.940558 0.075068 0.941236 0.074048 0.955842 0.071672 0.973166 0.068954 0.984036 0.065896 0.991508 0.059104 0.992188 0.062160 0.983696 0.062500 0.976902 0.059442 0.970108 0.064538 0.955502 0.060462 0.950068 0.055028 0.944294 0.046536 0.942256 0.041440 0.939198 0.036006 0.934104 0.032608 0.925272
0 0.235734 0.034646 0.252038 0.020720 0.245584 0.013248 0.248642 0.000000 0.260190 0.001698 0.266984 0.007812 0.269362 0.010530 0.279212 0.006114 0.288722 0.000000 0.295856 0.007134 0.284646 0.010190 0.273438 0.018342 0.263248 0.028532 0.250680 0.033968 0.239810 0.037704 0.231658 0.036684
0 0.243886 0.079144 0.258152 0.075748 0.264606 0.070992 0.272418 0.073370 0.282948 0.084240 0.283288 0.091712 0.281930 0.100544 0.278532 0.103600 0.274116 0.113112 0.271400 0.100204 0.269022 0.090014 0.268342 0.085258 0.265286 0.083220 0.253058 0.084578 0.238452 0.081522
0 0.246264 0.200408 0.248642 0.186142 0.252718 0.176630 0.257134 0.172214 0.263248 0.171536 0.271060 0.172214 0.273098 0.180706 0.271740 0.188520 0.268002 0.186142 0.261548 0.184442 0.256794 0.187160 0.251020 0.191916
1 0.253396 0.200068 0.256794 0.186820 0.265286 0.190896 0.266644 0.202106 0.262568 0.205842
0 0.269362 0.234376 0.282608 0.240490 0.289402 0.245924 0.297894 0.250680 0.308764 0.260530 0.313180 0.270040 0.298234 0.262568 0.285666 0.255096 0.289402 0.263586 0.282608 0.260190 0.281250 0.253396 0.268002 0.254416 0.264606 0.263248 0.268342 0.270380 0.266984 0.278532 0.259510 0.269022 0.261210 0.253058 0.265964 0.247962 0.275816 0.248642
1 0.252378 0.225884 0.241848 0.236074 0.242528 0.245584 0.248980 0.249320 0.265964 0.248642 0.271400 0.242188 0.265964 0.233356 0.261888 0.228940
0 0.265964 0.317934 0.258152 0.331862 0.252038 0.336278 0.248302 0.343410 0.260190 0.335938 0.270380 0.327446 0.273098 0.331862 0.273778 0.341372 0.284308 0.352242 0.287024 0.352922 0.283628 0.338994 0.282948 0.328464 0.284646 0.323370 0.280570 0.319634 0.272078 0.316236
0 0.282270 0.384850 0.277854 0.395720 0.277854 0.408288 0.269702 0.431726 0.269362 0.445992 0.276494 0.441576 0.278532 0.428328 0.284646 0.412024 0.284986 0.402854 0.289402 0.413722 0.294498 0.410326 0.289742 0.399796 0.289062 0.391644 0.291100 0.390286 0.301290 0.395720 0.300612 0.382472 0.293138 0.382472
0 0.248302 0.451766 0.262908 0.444634 0.275476 0.447350 0.281930 0.447690 0.287024 0.446672 0.299252 0.447690 0.306726 0.453464 0.294836 0.454824 0.281250 0.454484 0.284308 0.461278 0.283968 0.468070 0.280230 0.478600 0.278192 0.479960 0.277514 0.471128 0.278192 0.457202 0.278192 0.453804 0.266304 0.452786 0.255434 0.453804 0.252038 0.457202 0.246604 0.457880
0 0.260530 0.530570 0.268342 0.540082 0.277174 0.538044 0.289402 0.542798 0.296196 0.551970 0.296536 0.567256 0.296196 0.574728 0.294158 0.580842 0.290760 0.577786 0.288044 0.563180 0.279892 0.554008 0.271400 0.547214 0.259510 0.555366 0.259850 0.545516 0.258492 0.539402
1 0.268682 0.561480 0.274796 0.558764 0.283288 0.561142 0.286684 0.566236 0.283628 0.576426 0.277854 0.576766 0.270380 0.573030
0 0.300612 0.704484 0.296536 0.721468 0.297214 0.734714 0.290082 0.743886 0.283288 0.746942 0.293818 0.731998 0.289742 0.727242 0.282948 0.723166 0.279212 0.710258 0.277174 0.702786 0.279552 0.698030 0.282608 0.708900 0.288044 0.713654 0.294158 0.711278
0 0.274796 0.750000 0.287704 0.752378 0.307066 0.754076 0.307744 0.764266 0.295516 0.763248 0.289402 0.766984 0.281930 0.768002 0.279212 0.772418 0.269362 0.771060 0.267324 0.769362 0.257472 0.777514 0.254076 0.784308 0.253396 0.790760 0.251020 0.800272 0.248302 0.796876 0.250000 0.781930 0.259172 0.767664 0.264606 0.760190 0.271060 0.757472 0.283628 0.757812 0.278532 0.754756
0 0.278192 0.842392 0.291440 0.852582 0.297894 0.855298 0.305706 0.857676 0.317596 0.873642 0.317256 0.883152 0.310122 0.887228 0.297554 0.878058 0.294836 0.877718 0.287024 0.875340 0.281590 0.870244 0.280910 0.862092 0.278532 0.858356 0.278532 0.851222 0.272758 0.847146
0 0.442934 0.021740 0.447690 0.036684 0.456522 0.036346 0.461616 0.033628 0.455842 0.042460 0.458220 0.053668 0.466032 0.065558 0.469430 0.072690 0.468070 0.077446 0.458900 0.067596 0.453124 0.059104 0.451086 0.055706 0.445312 0.067256 0.441236 0.070652 0.441236 0.060462 0.445992 0.052990 0.442596 0.044158 0.436820 0.037364 0.441576 0.028532
0 0.403872 0.114470 0.409308 0.106318 0.424932 0.107676 0.436142 0.107676 0.446672 0.115150 0.447690 0.123980 0.447690 0.129416 0.440218 0.136210 0.432404 0.143002 0.427990 0.146400 0.421876 0.148438 0.421536 0.141304 0.435122 0.127378 0.436142 0.118546 0.430028 0.117528 0.422214 0.118886 0.400136 0.119226
0 0.442596 0.184104 0.449048 0.197350 0.445652 0.206182 0.443274 0.214334 0.440558 0.227242 0.443954 0.237092 0.450748 0.222146 0.453464 0.208560 0.454824 0.206522 0.462976 0.212296 0.462296 0.205502 0.459578 0.200408 0.461956 0.193954 0.465692 0.191916 0.461616 0.189878 0.461616 0.182744 0.458900 0.183424 0.456522 0.186142 0.452446 0.189878 0.450748 0.185802 0.449388 0.179688 0.444294 0.179008
0 0.456522 0.222146 0.452446 0.237432 0.450748 0.246264 0.446332 0.248302 0.436480 0.255774 0.438180 0.262568 0.433084 0.260870 0.429348 0.260530 0.432066 0.267324 0.437160 0.272078 0.444972 0.270720 0.454484 0.265624 0.455164 0.259510 0.457880 0.248980 0.459578 0.233696 0.461956 0.223846 0.460598 0.217392
0 0.417798 0.336956 0.431386 0.328464 0.438858 0.329484 0.449048 0.332540 0.458560 0.333560 0.454824 0.343070 0.444634 0.346128 0.430706 0.343750 0.425612 0.343750 0.417798 0.343410
0 0.422894 0.408288 0.436820 0.402854 0.438858 0.398438 0.445992 0.398778 0.452446 0.406250 0.457880 0.409646 0.465354 0.406250 0.471808 0.406930 0.462636 0.415760 0.456862 0.419498 0.456522 0.424252 0.443274 0.425272 0.427650 0.426970 0.421876 0.423574
0 0.467392 0.456522 0.451766 0.472146 0.445652 0.476902 0.439538 0.479960 0.427990 0.491848 0.423914 0.502378 0.426630 0.508152 0.432744 0.511888 0.440558 0.503058 0.445992 0.496604 0.447350 0.494904 0.456182 0.501020 0.459578 0.493886 0.454824 0.483016 0.456862 0.478260 0.465692 0.475544 0.475204 0.471128 0.475204 0.464674 0.471468 0.456522
0 0.432744 0.569634 0.440218 0.560802 0.445312 0.554348 0.451766 0.551970 0.456862 0.544836 0.461956 0.545516 0.459578 0.556386 0.464334 0.560802 0.476902 0.568274 0.477922 0.579824 0.473846 0.590692 0.471468 0.591712 0.471128 0.578464 0.471808 0.574048 0.468410 0.568274 0.455842 0.566576 0.452446 0.576766 0.456182 0.585938 0.454824 0.593070 0.448030 0.589334 0.440896 0.582202 0.437840 0.573370
0 0.432066 0.626698 0.442596 0.630434 0.449728 0.633832 0.459240 0.636548 0.465014 0.643342 0.463654 0.651494 0.449728 0.650136 0.441236 0.644702 0.434782 0.638248 0.429348 0.632812
0 0.440218 0.718410 0.450748 0.708560 0.456522 0.704144 0.461956 0.707540 0.467392 0.704824 0.459918 0.714674 0.450748 0.725884 0.449728 0.735394 0.453464 0.749320 0.444294 0.751020 0.442934 0.735054 0.441236 0.721808
0 0.441576 0.767324 0.443614 0.774456 0.442934 0.783628 0.444972 0.795856 0.441236 0.805028 0.437500 0.811820 0.448030 0.805706 0.453124 0.799932 0.459240 0.792460 0.458560 0.790082 0.462296 0.792460 0.460598 0.783628 0.462976 0.780570 0.476902 0.779212 0.485734 0.779892 0.479960 0.775476 0.463654 0.775136 0.451426 0.774116 0.447350 0.766984 0.443954 0.763248
0 0.416100 0.848846 0.436142 0.843750 0.447690 0.847146 0.457540 0.849524 0.461616 0.858016 0.462976 0.868546 0.471128 0.875000 0.477582 0.880096 0.468070 0.882134 0.457540 0.875000 0.451766 0.863790 0.446672 0.858356 0.438520 0.856998 0.424932 0.856658 0.416100 0.856318
0 0.450748 0.896400 0.453124 0.893342 0.463654 0.898778 0.467730 0.906250 0.461956 0.913722 0.463994 0.926630 0.463994 0.937840 0.462296 0.946672 0.456522 0.956862 0.451766 0.957880 0.452446 0.941916 0.451766 0.928668 0.451766 0.919498 0.454144 0.914402 0.448370 0.904552
0 0.457880 0.968410 0.453464 0.986752 0.452786 0.994904 0.455078 0.998046 0.478516 0.998046 0.473166 0.993546 0.486074 0.986752 0.497962 0.984714 0.505434 0.976222 0.504076 0.970448 0.494904 0.977922 0.477922 0.985734 0.471468 0.989130 0.469430 0.989810 0.463316 0.988452 0.461956 0.978940 0.463654 0.970788
0 0.698030 0.002038 0.698710 0.004416 0.705502 0.000000 0.709578 0.000680 0.737432 0.002378 0.741848 0.001698
0 0.699388 0.035666 0.710258 0.040082 0.726902 0.034646 0.736074 0.035326 0.746264 0.040422 0.738790 0.045176 0.724524 0.049252 0.718410 0.054348 0.711278 0.063520 0.707880 0.070312 0.702446 0.080842 0.695312 0.087296 0.701086 0.070992 0.702106 0.066236 0.699728 0.066576 0.699048 0.060122 0.706862 0.054688 0.705502 0.048574 0.698370 0.042798
0 0.696672 0.099864 0.706862 0.112772 0.704484 0.128736 0.710258 0.145040 0.724524 0.156250 0.735394 0.168818 0.739470 0.166440 0.725884 0.148778 0.719430 0.137228 0.719090 0.132134 0.729280 0.140286 0.738452 0.150816 0.747962 0.153192 0.750340 0.149796 0.733356 0.137228 0.725884 0.128736 0.744566 0.126020 0.752378 0.122962 0.750000 0.119226 0.725884 0.117866 0.715354 0.111414 0.707202 0.098846 0.701766 0.093410 0.694294 0.096128
0 0.707880 0.187840 0.705502 0.193274 0.698710 0.192256 0.700748 0.200748 0.703464 0.207880 0.702106 0.214674 0.702106 0.220448 0.719430 0.220108 0.719090 0.230298 0.723506 0.239810 0.727582 0.229960 0.727582 0.216712 0.724864 0.210938 0.722486 0.203464 0.719090 0.207202 0.719090 0.196332 0.714334 0.191576
0 0.692256 0.276494 0.707880 0.275476 0.718070 0.277854 0.725884 0.286346 0.734376 0.297214 0.740490 0.300272 0.733016 0.305028 0.728260 0.306046 0.716032 0.297214 0.706522 0.297214 0.694294 0.302650 0.690218 0.298574 0.702446 0.294836 0.712636 0.288722 0.705842 0.286684 0.699388 0.286684 0.695312 0.279892
0 0.697010 0.345448 0.713994 0.343410 0.721808 0.347826 0.735054 0.348166 0.743546 0.350884 0.753058 0.356318 0.752718 0.363112 0.738790 0.362092 0.723506 0.360054 0.711616 0.356658 0.700068 0.353260 0.694634 0.348506
0 0.727242 0.432744 0.716032 0.443274 0.716372 0.456522 0.716032 0.461616 0.712636 0.471808 0.715014 0.484376 0.721808 0.475884 0.730638 0.467730 0.736752 0.454484 0.736752 0.445652 0.739470 0.441236 0.731318 0.441576 0.734376 0.438180 0.738790 0.437160 0.744226 0.453464 0.743546 0.469090 0.745584 0.473846 0.748642 0.460598 0.748302 0.441236 0.742528 0.432744 0.735394 0.430706
0 0.709240 0.518342 0.714334 0.508832 0.725204 0.508152 0.730978 0.503058 0.732336 0.513926 0.723166 0.519702 0.718070 0.525136 0.717052 0.531250 0.711278 0.529892 0.710258 0.522418
0 0.701086 0.591712 0.710258 0.578464 0.717392 0.577446 0.721128 0.583900 0.716032 0.590354 0.719770 0.595788 0.722486 0.602582 0.714674 0.600884 0.711616 0.593750 0.709578 0.601562 0.710258 0.605978 0.704484 0.602922
0 0.678668 0.662024 0.690218 0.644702 0.706522 0.634510 0.723166 0.636210 0.727582 0.643682 0.729960 0.649116 0.720448 0.657270 0.708560 0.661006 0.703124 0.664402 0.695312 0.667460 0.691916 0.666100 0.706862 0.653872 0.715354 0.645040 0.715354 0.640964 0.708560 0.640964 0.697350 0.650136 0.689878 0.657270 0.685462 0.663384 0.681046 0.668138
0 0.724184 0.694972 0.728600 0.722486 0.738452 0.736752 0.748980 0.738790 0.751698 0.733016 0.745924 0.720788 0.750680 0.719770 0.746942 0.713994 0.737432 0.712636 0.737432 0.706182 0.737092 0.698370 0.732336 0.702106 0.731658 0.695992 0.728260 0.691576
0 0.721808 0.844770 0.729280 0.853260 0.729960 0.861414 0.727242 0.867866 0.717730 0.868886 0.714674 0.875680 0.731318 0.875340 0.737432 0.882472 0.742866 0.870584 0.740828 0.855638 0.740150 0.849524 0.748302 0.843750 0.743206 0.835258 0.725204 0.834578 0.713994 0.837976 0.719090 0.846808
0 0.734036 0.940558 0.728260 0.953804 0.722486 0.958560 0.719090 0.964674 0.722826 0.968410 0.726902 0.966712 0.729620 0.960938 0.736074 0.969770 0.740150 0.973166 0.738790 0.960938 0.743546 0.960258 0.744566 0.945992 0.743206 0.938180 0.735394 0.937160
0 0.893342 0.006454 0.890624 0.020720 0.885190 0.035666 0.883492 0.021740 0.879416 0.006114 0.875000 0.002038
0 0.833560 0.083220 0.841372 0.071672 0.851222 0.068954 0.870244 0.069634 0.881454 0.070652 0.890624 0.084918 0.900136 0.093070 0.891644 0.095108 0.875000 0.085938 0.868206 0.079824 0.852242 0.080842 0.843750 0.083220 0.836956 0.091712 0.831182 0.090692 0.836956 0.082540
0 0.889606 0.192934 0.880434 0.201766 0.875680 0.208900 0.878058 0.228940 0.879756 0.247622 0.886548 0.248302 0.886548 0.242866 0.896740 0.258152 0.899456 0.254756 0.897078 0.239130 0.887228 0.223166 0.885870 0.215692 0.883152 0.210938 0.888586 0.205502 0.895380 0.198030 0.895380 0.193954
0 0.864470 0.256114 0.875680 0.262228 0.882134 0.272078 0.886888 0.280910 0.887228 0.287364 0.881794 0.301970 0.879416 0.307744 0.876698 0.313180 0.870584 0.312500 0.866508 0.305366 0.869226 0.295856 0.877718 0.287704 0.872282 0.284646 0.865150 0.277514 0.860394 0.263926
0 0.885870 0.426290 0.888926 0.436820 0.888926 0.440218 0.893682 0.437840 0.899796 0.439538 0.903532 0.438520 0.905230 0.432066 0.909986 0.428668 0.910666 0.438520 0.909986 0.442596 0.915082 0.450748 0.909986 0.453124 0.900476 0.450408 0.898438 0.454484 0.901154 0.461278 0.901494 0.467730 0.901154 0.473166 0.898778 0.474184 0.895380 0.469090 0.892324 0.470108 0.891304 0.471808 0.890286 0.458560 0.885530 0.446332 0.880096 0.439878 0.875680 0.433764 0.878736 0.427650 0.882812 0.428668
0 0.885530 0.489130 0.883152 0.498980 0.881114 0.506794 0.876020 0.511210 0.875000 0.518682 0.872622 0.526154 0.867866 0.528192 0.864130 0.534308 0.866168 0.550612 0.867866 0.557404 0.873302 0.550272 0.877718 0.541440 0.886548 0.524796 0.885870 0.522418 0.890624 0.522758 0.895040 0.525476 0.898098 0.522758 0.890964 0.517664 0.889946 0.512568 0.893002 0.503736 0.894022 0.500000 0.891304 0.492866
0 0.878396 0.582880 0.888926 0.597486 0.893342 0.602242 0.897078 0.598166 0.899456 0.602242 0.903532 0.606998 0.915082 0.618206 0.919158 0.628736 0.920176 0.638926 0.918138 0.645040 0.913044 0.643682 0.910326 0.627718 0.906250 0.619904 0.894362 0.615490 0.885190 0.617188 0.879416 0.622282 0.875680 0.625340 0.870924 0.629076 0.866168 0.626698 0.868206 0.616168 0.868546 0.602922 0.869566 0.594430 0.875680 0.594770 0.874660 0.588654
0 0.872622 0.645380 0.887908 0.661684 0.891304 0.655570 0.896740 0.653192 0.904212 0.656930 0.907948 0.661684 0.898438 0.667460 0.893682 0.666440 0.884510 0.679008 0.882472 0.687840 0.883152 0.699728 0.882812 0.708220 0.876020 0.701086 0.875340 0.691916 0.872962 0.682744 0.881454 0.670176 0.878058 0.664062 0.871942 0.654552 0.865828 0.648438
0 0.854620 0.713316 0.855638 0.727922 0.858016 0.733696 0.882134 0.734376 0.889606 0.735054 0.893002 0.729280 0.897758 0.726562 0.900816 0.733016 0.901834 0.743546 0.904892 0.751020 0.896740 0.744226 0.893342 0.747622 0.893342 0.753058 0.888248 0.747282 0.884172 0.747962 0.876020 0.752718 0.864130 0.757134 0.862092 0.751358 0.864810 0.745924 0.865828 0.739470 0.852582 0.738112 0.846808 0.735054 0.843750 0.726562 0.841712 0.721468 0.847826 0.719770 0.850544 0.718750
0 0.881454 0.819294 0.898438 0.824388 0.911346 0.824728 0.923574 0.834240 0.931046 0.843070 0.933424 0.851902 0.931046 0.858016 0.920176 0.843410 0.912364 0.839334 0.904892 0.840692 0.896400 0.834918 0.893002 0.829484 0.884172 0.829144 0.879416 0.823710
0 0.882812 0.886548 0.875340 0.905910 0.873980 0.916100 0.873642 0.923914 0.881794 0.917120 0.882812 0.909308 0.884850 0.904212 0.891644 0.904552 0.897078 0.897078 0.896740 0.887568 0.891304 0.885530
0 0.895040 0.935802 0.905910 0.954824 0.910666 0.963654 0.917460 0.970788 0.916100 0.973846 0.906930 0.969090 0.901834 0.966712 0.895040 0.969090 0.892664 0.972826 0.891984 0.960258 0.891984 0.947010
1 0.006454 0.134172 0.005096 0.144022 0.002718 0.150136
1 0.007134 0.378736 0.006794 0.396060 0.000000 0.409646
1 0.078124 0.843750 0.085258 0.847146 0.090014 0.852582 0.094770 0.853940 0.101222 0.854620 0.101562 0.861074 0.091712 0.859714 0.093410 0.868546 0.094090 0.873980 0.087976 0.871264 0.086956 0.864470 0.086616 0.860394 0.080502 0.854280 0.078804 0.850544
1 0.232336 0.003058 0.236752 0.014266 0.234036 0.023098 0.228940 0.029212 0.215692 0.029552 0.208560 0.027514 0.202106 0.021740 0.191916 0.017324 0.189198 0.011888 0.189878 0.002038
1 0.045516 0.147418 0.063858 0.144362 0.067934 0.156590 0.063520 0.167460 0.056386 0.175612 0.051290 0.175952 0.045176 0.172894 0.044498 0.166780
1 0.226902 0.659308 0.248642 0.672554 0.248642 0.686142 0.234714 0.692596 0.221128 0.693614 0.216712 0.692934 0.217392 0.684104 0.215014 0.676630 0.217392 0.668138 0.223846 0.661684
1 0.212976 0.364130 0.226222 0.367866 0.235054 0.378396 0.230978 0.393342 0.222826 0.396060 0.218070 0.391304 0.213316 0.388248 0.209918 0.383492 0.209918 0.373642
1 0.254076 0.367528 0.267664 0.363790 0.284646 0.376020 0.273438 0.391644 0.273778 0.405570 0.271740 0.414062 0.266984 0.417460 0.258152 0.417460 0.254416 0.414402 0.251020 0.407270 0.250680 0.395720 0.255096 0.385190 0.255774 0.378736 0.252718 0.375340
2 0.311820 0.653192 0.323370 0.640964 0.328124 0.641984 0.324728 0.659986 0.326426 0.666440 0.327786 0.669836 0.325748 0.676970 0.325068 0.684782 0.317934 0.671536 0.314538 0.664062 0.312840 0.657948
1 0.253396 0.961956 0.261888 0.955164 0.273438 0.960258 0.279552 0.970448 0.275476 0.985734 0.274116 0.989810 0.254076 0.990150 0.251698 0.981998 0.250680 0.972146 0.251020 0.964674
1 0.006114 0.908288 0.014266 0.912364 0.022078 0.918478 0.018342 0.922554 0.011548 0.919836 0.008152 0.918818 0.001698 0.923234
1 0.263248 0.930366 0.271400 0.927650 0.281250 0.928668 0.284646 0.924592 0.289062 0.922894 0.286346 0.930366 0.290082 0.932066 0.288044 0.938520 0.276834 0.938180 0.271060 0.938180 0.266644 0.936820 0.265624 0.934104
1 0.032608 0.705164 0.044498 0.713654 0.051630 0.717052 0.057744 0.721468 0.047214 0.722826 0.042798 0.723506 0.040082 0.730638 0.036346 0.725884 0.036006 0.720108 0.032948 0.716032 0.029552 0.712296
1 0.287704 0.996264 0.291780 0.989130 0.294836 0.983016 0.303668 0.979620 0.302310 0.988112 0.301290 0.992528 0.305706 0.996264 0.296876 0.998046
1 0.303328 0.590692 0.307066 0.582540 0.310802 0.577446 0.322010 0.581522 0.325408 0.581862 0.317934 0.591032 0.312500 0.590014 0.311480 0.600204 0.314198 0.604960 0.305706 0.597486
1 0.325748 0.438520 0.345788 0.438180 0.341372 0.450408 0.333560 0.454824 0.325068 0.452106 0.322350 0.445652
1 0.230978 0.114810 0.237092 0.108356 0.251358 0.111074 0.251020 0.122962 0.246942 0.128736 0.241508 0.126358 0.236752 0.123302
1 0.261548 0.135190 0.274796 0.132812 0.278532 0.145720 0.272418 0.149456 0.262228 0.148778
1 0.662364 0.002378 0.642664 0.006114 0.633152 0.006114 0.627718 0.003736
1 0.649116 0.073710 0.657608 0.068274 0.666100 0.072690 0.673234 0.079144 0.668818 0.090354 0.662024 0.092392 0.654212 0.083560 0.652514 0.077786
1 0.631454 0.110054 0.637908 0.100544 0.659308 0.112092 0.651834 0.123302 0.638248 0.123980 0.631794 0.120244
1 0.633832 0.736752 0.643682 0.732336 0.652854 0.739130 0.653532 0.752378 0.638926 0.753736 0.632812 0.751358 0.628736 0.743206 0.629076 0.738790
2 0.603260 0.804008 0.610734 0.797894 0.634510 0.797214 0.641984 0.806386 0.638248 0.817934 0.630774 0.833220 0.623980 0.838316 0.608356 0.840692 0.602242 0.837296 0.600884 0.814198 0.601902 0.808764
1 0.748642 0.782608 0.753396 0.775136 0.755096 0.768342 0.752038 0.754756 0.750680 0.748980 0.747622 0.742866 0.750000 0.739470 0.759172 0.749660 0.764946 0.761548 0.767664 0.763586 0.771740 0.753058 0.776154 0.748642 0.781250 0.746942 0.786346 0.749320 0.780230 0.762908 0.770040 0.774456 0.755774 0.788044 0.742866 0.792120 0.744566 0.783968
1 0.699388 0.908968 0.703464 0.905230 0.716372 0.907948 0.718750 0.911006 0.717052 0.921196 0.701086 0.921196 0.696672 0.914062 0.695652 0.905910
0 0.861752 0.138926 0.877718 0.138586 0.889606 0.144022 0.896740 0.146400 0.901494 0.153532 0.895040 0.155570 0.895040 0.157948 0.894362 0.164402 0.884510 0.154552 0.873642 0.149796 0.877038 0.148098 0.868546 0.146060 0.863452 0.144702 0.857676 0.141984
1 0.806726 0.171196 0.815218 0.166440 0.829484 0.166440 0.835598 0.176970 0.831522 0.184782 0.820652 0.186480 0.812500 0.187840 0.803328 0.183424 0.802310 0.177990 0.801630 0.170516
1 0.671196 0.162364 0.684442 0.163722 0.692596 0.173914 0.690558 0.181726 0.687500 0.182066 0.672214 0.180366 0.663044 0.175612 0.661346 0.171196 0.669836 0.166100
2 0.928328 0.379756 0.930366 0.385530 0.927990 0.390286 0.927310 0.393682 0.931386 0.395040 0.934442 0.398098 0.936142 0.399456 0.938180 0.395040 0.947350 0.398778 0.953804 0.401834 0.955842 0.397758 0.942934 0.389946 0.945992 0.387228 0.940558 0.377378 0.936480 0.378736 0.937840 0.384172 0.932744 0.378058
1 0.707880 0.781930 0.723506 0.787364 0.734714 0.794836 0.735054 0.803328 0.734376 0.813520 0.733016 0.820312 0.727582 0.818274 0.722486 0.814538 0.719090 0.806726 0.720788 0.795176 0.718750 0.790422 0.713316 0.788044 0.710258 0.785666
1 0.927650 0.871604 0.923234 0.889946 0.921876 0.898098 0.921536 0.901494 0.926630 0.894362 0.930028 0.888926 0.938180 0.887908 0.943274 0.887908 0.946332 0.885870 0.930366 0.878736 0.934442 0.875000 0.934104 0.871942
1 0.959240 0.948030 0.969770 0.938520 0.971468 0.934442 0.977582 0.933764 0.983696 0.936480 0.979960 0.947690 0.977582 0.954484 0.970788 0.949388 0.962636 0.954144 0.958900 0.956522 0.958560 0.951766
1 0.190628 0.281208 0.196996 0.287576 0.199474 0.281916 0.206904 0.276962 0.214334 0.279438 0.215396 0.287576 0.211150 0.298192 0.208674 0.301730 0.193458 0.297838 0.186736 0.290408 0.185320 0.287222
1 0.064024 0.051146 0.077438 0.055438 0.086560 0.068854 0.082268 0.075828 0.069926 0.072072 0.064024 0.067780 0.064024 0.058658
1 0.520828 0.434958 0.526300 0.425276 0.535560 0.436220 0.535982 0.453900 0.539348 0.467790 0.534298 0.473684 0.527562 0.458950 0.525038 0.448428 0.516618 0.450112 0.512830 0.452636 0.512410 0.442534
1 0.301572 0.765672 0.312268 0.775902 0.319708 0.773112 0.323894 0.774508 0.313662 0.783342 0.306222 0.780552 0.300642 0.776368 0.295526 0.771716 0.291806 0.765672
1 0.447670 0.002706 0.460486 0.009370 0.456386 0.013984 0.448184 0.016036 0.444594 0.013984 0.441006 0.007320
1 0.219726 0.147388 0.228768 0.144224 0.241880 0.146936 0.235098 0.160500 0.224248 0.165926 0.213396 0.169090 0.207972 0.161856 0.207520 0.153718
1 0.643136 0.852678 0.646856 0.832218 0.664528 0.832218 0.666388 0.848958 0.653366 0.860120