0 0.126356 0.012300 0.112192 0.016028 0.101010 0.016774 0.090574 0.023482 0.086102 0.030936 0.077902 0.027210 0.070446 0.024974 0.065228 0.028700 0.075664 0.037646 0.086846 0.044356 0.092810 0.048828 0.095792 0.057028 0.103248 0.061502 0.101756 0.067464 0.095792 0.072684 0.112192 0.070446 0.106974 0.051064 0.111448 0.030936 0.111448 0.027210 0.106230 0.030192 0.100266 0.039138 0.095792 0.035410 0.101756 0.024228 0.115174 0.021246 0.127102 0.021246 0.132320 0.020500
0 0.073428 0.079392 0.080884 0.078646 0.081628 0.083120 0.074174 0.089828 0.071192 0.099520 0.086102 0.096538 0.077312 0.108612 0.084198 0.109864 0.088338 0.106230 0.101010 0.100266 0.119648 0.100266 0.128594 0.098774 0.121138 0.093556 0.103992 0.090574 0.095792 0.085356 0.089084 0.076410 0.083120 0.071192 0.073428 0.071938
0 0.095466 0.149614 0.101100 0.156500 0.104856 0.161196 0.112680 0.164326 0.122696 0.168082 0.129582 0.169334 0.144606 0.167768 0.148988 0.169960 0.141790 0.173716 0.133652 0.175906 0.123636 0.176532 0.123636 0.180602 0.129582 0.184984 0.131148 0.187800 0.121444 0.189366 0.110176 0.186548 0.098282 0.180288 0.096404 0.173402 0.086702 0.174342 0.078250 0.171212 0.083258 0.166204 0.079502 0.160570 0.084824 0.157126 0.091396 0.160256 0.094526 0.162134 0.093900 0.155562
0 0.101404 0.398330 0.102654 0.404576 0.105568 0.412072 0.109734 0.418736 0.116812 0.426232 0.116396 0.430396 0.104736 0.424982 0.097656 0.416652 0.092242 0.407074 0.093076 0.401244 0.080998 0.402910 0.072254 0.402910 0.066840 0.407492 0.063092 0.399578 0.065174 0.394164 0.075168 0.394164 0.082248 0.390416 0.092242 0.390000 0.093908 0.385420 0.084746 0.382920 0.084330 0.380422 0.102238 0.379172 0.108068 0.384586 0.108484 0.390416 0.100572 0.387086 0.100154 0.391250
0 0.090576 0.443306 0.088494 0.449552 0.090576 0.458298 0.094742 0.466626 0.099322 0.473290 0.106818 0.479120 0.108484 0.482868 0.102238 0.487032 0.097656 0.494528 0.092658 0.501192 0.088494 0.507854 0.085580 0.514100 0.083498 0.518682 0.078500 0.517016 0.080582 0.503274 0.080582 0.489530 0.084746 0.484534 0.082248 0.480786 0.085162 0.474956 0.088910 0.478286 0.088494 0.470790 0.084330 0.460796 0.083914 0.449136
0 0.126016 0.627194 0.119874 0.632518 0.114142 0.637022 0.110866 0.644802 0.108408 0.650944 0.101858 0.653400 0.095716 0.653810 0.089574 0.654628 0.084660 0.659132 0.078108 0.664456 0.069510 0.670598 0.060912 0.674692 0.054770 0.676740 0.055588 0.671416 0.065416 0.664866 0.076062 0.658314 0.081794 0.652582 0.083842 0.645210 0.092030 0.641526 0.098582 0.642344 0.106362 0.638250 0.112504 0.631698 0.118236 0.628014
0 0.105952 0.704174 0.107590 0.714410 0.105542 0.723418 0.101448 0.731198 0.098992 0.740206 0.097354 0.746758 0.091212 0.748804 0.082612 0.750442 0.075242 0.750032 0.068282 0.747166 0.062550 0.743482 0.058864 0.738978 0.054360 0.737748 0.049446 0.740206 0.044124 0.742254 0.040848 0.743072 0.043304 0.736112 0.054360 0.727512 0.060912 0.720552 0.069510 0.719324 0.081794 0.721780 0.092440 0.720142 0.098992 0.714410 0.099400 0.703764
0 0.086702 0.866700 0.092962 0.870456 0.101100 0.871708 0.108612 0.870456 0.111742 0.877968 0.112368 0.884854 0.117376 0.889236 0.121132 0.892992 0.131148 0.896748 0.136782 0.891114 0.141164 0.882350 0.147424 0.877968 0.146172 0.886106 0.142416 0.898000 0.136156 0.903008 0.124262 0.903008 0.116750 0.898626 0.109864 0.891740 0.104230 0.889862 0.096092 0.889236 0.091084 0.889862 0.084198 0.892366 0.076686 0.892992 0.070426 0.892366 0.076060 0.886732 0.090458 0.881098 0.091084 0.876716 0.086076 0.873586
0 0.121664 0.925466 0.127196 0.927594 0.123366 0.935678 0.114430 0.943338 0.110600 0.949720 0.108048 0.954828 0.106346 0.959934 0.096558 0.966316 0.095708 0.970146 0.092728 0.974400 0.088048 0.975678 0.081666 0.972274 0.076984 0.966316 0.086772 0.968444 0.091878 0.965040 0.095282 0.958656 0.089750 0.958232 0.078262 0.960784 0.071452 0.962060 0.065922 0.962060 0.069326 0.956954 0.083368 0.949720 0.085070 0.944614 0.090602 0.945466 0.095708 0.948018 0.103792 0.943338 0.106770 0.936530 0.116984 0.928020
0 0.266436 0.004706 0.263058 0.008646 0.256866 0.012022 0.252364 0.015962 0.248986 0.018778 0.247298 0.025532 0.253490 0.023280 0.261370 0.023842 0.263622 0.027782 0.264184 0.044668 0.268686 0.053112 0.275442 0.065494 0.283322 0.067182 0.277130 0.056488 0.271502 0.046358 0.270938 0.030598 0.277130 0.035100 0.277692 0.040728 0.284448 0.037352 0.290076 0.037914 0.285010 0.031722 0.285572 0.019340 0.277692 0.012022
0 0.255178 0.072248 0.254616 0.080692 0.257430 0.091386 0.257992 0.099266 0.253490 0.103206 0.245046 0.107708 0.240544 0.108272 0.232102 0.104894 0.228162 0.104894 0.233790 0.113338 0.248986 0.115588 0.257430 0.116152 0.267562 0.115026 0.272626 0.117840 0.280508 0.126846 0.289512 0.138666 0.293452 0.143732 0.295704 0.136978 0.289512 0.124032 0.278256 0.116152 0.272064 0.107146 0.283884 0.107708 0.295704 0.115588 0.305272 0.125158 0.308650 0.131350 0.314842 0.131350 0.309776 0.118404 0.294578 0.108272 0.285010 0.102644 0.291764 0.098140 0.304710 0.094764 0.306398 0.085194 0.294578 0.089698 0.283884 0.093074 0.278818 0.096452 0.274316 0.098140 0.267562 0.092512 0.263622 0.084632 0.260244 0.076752
0 0.263058 0.140354 0.266436 0.149924 0.261932 0.149924 0.254052 0.151612 0.248424 0.156678 0.238292 0.158366 0.227598 0.163994 0.224784 0.169060 0.236042 0.169624 0.256866 0.167934 0.269250 0.165120 0.277130 0.175816 0.288950 0.187636 0.297392 0.194390 0.303584 0.195516 0.303022 0.182006 0.287824 0.174690 0.280508 0.164558 0.279382 0.158366 0.291764 0.152738 0.303022 0.148234 0.308088 0.140918 0.298518 0.142606 0.287824 0.147672 0.279944 0.151050 0.274878 0.143732 0.269250 0.139230
0 0.283884 0.241670 0.274878 0.251802 0.272626 0.260806 0.266436 0.264184 0.257992 0.267562 0.251238 0.271502 0.238856 0.270938 0.236604 0.274316 0.251802 0.278256 0.250112 0.282196 0.245610 0.292328 0.241670 0.303584 0.240544 0.309776 0.250112 0.300208 0.259118 0.288950 0.272064 0.280508 0.285572 0.268686 0.294578 0.260244 0.288388 0.250676
0 0.256304 0.296830 0.262496 0.310338 0.268124 0.318782 0.275442 0.321596 0.278818 0.309776 0.285572 0.302458 0.294578 0.297392 0.290638 0.304710 0.284448 0.315404 0.280508 0.334542 0.279382 0.338482 0.272626 0.339044 0.263058 0.341296 0.254616 0.351428 0.249550 0.362122 0.247298 0.353678 0.247862 0.342984 0.237166 0.340170 0.247862 0.336230 0.254052 0.332290 0.249550 0.323284 0.262496 0.323284 0.256866 0.313152 0.250676 0.301896
0 0.303584 0.388014 0.294016 0.391954 0.283884 0.398708 0.280508 0.402084 0.276004 0.397020 0.269812 0.395894 0.269812 0.404336 0.271502 0.409402 0.261370 0.409402 0.251238 0.406588 0.236042 0.402648 0.226472 0.400960 0.236042 0.409964 0.256304 0.415030 0.266998 0.416156 0.259682 0.421784 0.256304 0.432480 0.261370 0.440360 0.265310 0.449928 0.272626 0.452742 0.266436 0.437546 0.266436 0.427414 0.271502 0.420096 0.279944 0.415594 0.287824 0.409964 0.295704 0.400396
0 0.237730 0.433042 0.243922 0.443736 0.255178 0.457246 0.259118 0.466250 0.251802 0.466814 0.245610 0.466814 0.252364 0.475256 0.249550 0.480886 0.245046 0.490454 0.241670 0.499460 0.250676 0.492142 0.257992 0.482574 0.266436 0.476382 0.270938 0.474130 0.275442 0.478070 0.277692 0.487076 0.279382 0.502274 0.279944 0.514656 0.279944 0.529292 0.286136 0.519160 0.287262 0.492706 0.280508 0.469066 0.277692 0.458934 0.285572 0.448802 0.287824 0.442610 0.278256 0.448802 0.273190 0.461186 0.263622 0.453306 0.255742 0.445426 0.247862 0.439234
0 0.227598 0.604714 0.233790 0.612032 0.238856 0.619912 0.243922 0.628354 0.252926 0.633420 0.252364 0.628918 0.247298 0.619348 0.250676 0.609218 0.254616 0.597960 0.260244 0.599648 0.255742 0.607528 0.253490 0.619348 0.258556 0.625540 0.262496 0.616534 0.265310 0.610906 0.264184 0.622726 0.262496 0.630044 0.265310 0.634546 0.274316 0.636234 0.281632 0.637360 0.288388 0.635672 0.288950 0.628354 0.288950 0.623288 0.295704 0.629480 0.293452 0.640174 0.286136 0.645804 0.278818 0.650306 0.274878 0.668880 0.273752 0.679574 0.268686 0.682390 0.266436 0.679012 0.266436 0.662690 0.269250 0.650870 0.269812 0.646366 0.263058 0.649744 0.254052 0.655372 0.250112 0.663814 0.245610 0.672258 0.242232 0.679574 0.238856 0.672820 0.238856 0.657624 0.247862 0.649180 0.251802 0.642990 0.246736 0.639612 0.239982 0.633984 0.233226 0.623852 0.225346 0.616534 0.223658 0.610344
0 0.250112 0.708844 0.256866 0.717286 0.263622 0.722352 0.276568 0.726856 0.285572 0.727418 0.287824 0.732484 0.291764 0.740926 0.294016 0.748244 0.293452 0.753872 0.288950 0.743740 0.278818 0.738112 0.267562 0.736424 0.257430 0.736986 0.250676 0.740364 0.242796 0.748244 0.239982 0.752746 0.237166 0.746556 0.245046 0.734172 0.257430 0.727418 0.248986 0.720664
0 0.273190 0.782578 0.281070 0.791584 0.287824 0.805092 0.281070 0.809596 0.273190 0.806782 0.270376 0.812410 0.265310 0.816350 0.257992 0.816912 0.249550 0.809596 0.247298 0.800028 0.252364 0.793272 0.267562 0.793272
0 0.298518 0.907534 0.286698 0.913162 0.271502 0.918228 0.272626 0.922730 0.262496 0.922730 0.254052 0.923856 0.248424 0.924420 0.256304 0.930048 0.261932 0.933424 0.256304 0.939616 0.245610 0.953688 0.253490 0.954250 0.261370 0.948622 0.269250 0.940742 0.269812 0.947496 0.281632 0.945244 0.284448 0.935114 0.282758 0.924982 0.295704 0.921042 0.306962 0.919916 0.301896 0.915414 0.305272 0.910910
0 0.504596 0.000700 0.506460 0.007226 0.511588 0.012352 0.514386 0.011886
0 0.505528 0.074816 0.504596 0.085536 0.507392 0.095792 0.504596 0.097190 0.497138 0.094860 0.492476 0.096724 0.499002 0.103250 0.508326 0.105580 0.514386 0.107446 0.517182 0.106046 0.518114 0.112572 0.529302 0.123294 0.544218 0.123760 0.557270 0.123760 0.565194 0.119098 0.573584 0.113038 0.564262 0.114904 0.551210 0.117700 0.535828 0.115370 0.526038 0.110242 0.525106 0.101386 0.518580 0.094860 0.510656 0.090664 0.509724 0.083672
0 0.529302 0.156390 0.521844 0.161984 0.517182 0.170374 0.514386 0.177366 0.512986 0.188088 0.514852 0.198342 0.520444 0.203936 0.525572 0.210462 0.529768 0.215590 0.529768 0.222116 0.534430 0.227710 0.544684 0.232370 0.536294 0.218386 0.536294 0.209996 0.526970 0.201606 0.523242 0.189486 0.524174 0.181562 0.529302 0.173170 0.533496 0.165246 0.532564 0.159652
0 0.482222 0.253814 0.492476 0.251482 0.494808 0.253346 0.499934 0.251016 0.508326 0.252880 0.521844 0.255678 0.525572 0.260806 0.530700 0.262204 0.543286 0.266398 0.547948 0.270594 0.541888 0.274324 0.541888 0.282248 0.540022 0.289706 0.537692 0.292502 0.537226 0.282248 0.533030 0.273858 0.529302 0.269662 0.527436 0.274324 0.531166 0.285976 0.536760 0.302292 0.540488 0.311614 0.542820 0.320004 0.536760 0.313478 0.529768 0.297630 0.525106 0.285976 0.524174 0.278984 0.522310 0.266864 0.516716 0.267332 0.512054 0.270128 0.508326 0.277120 0.504596 0.287842 0.502732 0.292968 0.499002 0.294368 0.497604 0.288308 0.499468 0.277120 0.499934 0.269662 0.506926 0.265466 0.496672 0.263136
0 0.498070 0.306486 0.508326 0.309750 0.514852 0.313946 0.523708 0.317674 0.526970 0.320938 0.540956 0.321404 0.555872 0.322336 0.559134 0.325598 0.544218 0.328862 0.532564 0.327930 0.534430 0.336320 0.533962 0.343778 0.530234 0.348440 0.526038 0.340982 0.521378 0.328396 0.508792 0.328396 0.503198 0.334922 0.494342 0.343312 0.486416 0.342846 0.492942 0.335854 0.502732 0.326530 0.501334 0.319072
0 0.478026 0.344710 0.477094 0.354966 0.483620 0.364288 0.492010 0.371280 0.494808 0.375942 0.505994 0.382002 0.514852 0.384798 0.519978 0.384798 0.525572 0.393654 0.528370 0.380602 0.533496 0.373610 0.547948 0.372212 0.549812 0.369882 0.534896 0.369416 0.524640 0.370348 0.520444 0.375010 0.509258 0.371746 0.494808 0.363356 0.485484 0.356830 0.481290 0.349838
0 0.516250 0.457982 0.514386 0.464042 0.505994 0.466838 0.495740 0.462644 0.488282 0.461712 0.485018 0.457516 0.482688 0.450524 0.480356 0.449126 0.479424 0.457516 0.482688 0.467304 0.493408 0.473364 0.500868 0.475696 0.506926 0.474298 0.504130 0.485484 0.497604 0.492476 0.494808 0.498536 0.504596 0.492476 0.510656 0.493408 0.514386 0.499002 0.526038 0.500400 0.536760 0.501800 0.536294 0.506926 0.540956 0.508326 0.549346 0.507392 0.552142 0.505994 0.551676 0.496206 0.539090 0.494808 0.537226 0.490612 0.533030 0.490612 0.522310 0.489214 0.515784 0.487348 0.516716 0.479424 0.519512 0.478026 0.524640 0.482222 0.534896 0.482222 0.540022 0.478026 0.532098 0.475696 0.526038 0.472432 0.521378 0.465440
0 0.509090 0.507826 0.507826 0.512250 0.501188 0.513830 0.494552 0.515410 0.489810 0.516358 0.487282 0.517306 0.487598 0.523944 0.496448 0.523312 0.508142 0.523312 0.515726 0.525524 0.523312 0.525208 0.523312 0.529632 0.524892 0.537532 0.528052 0.542590 0.526788 0.547014 0.523628 0.549542 0.520150 0.553018 0.515410 0.557128 0.513514 0.562184 0.519834 0.559024 0.525524 0.555548 0.531528 0.549542 0.531844 0.541642 0.530896 0.536584 0.529316 0.529316 0.537216 0.528684 0.545434 0.528368 0.553334 0.526472 0.552386 0.521098 0.543222 0.522996 0.535952 0.523628 0.530580 0.523628 0.524260 0.521414 0.519834 0.518254 0.518570 0.510670 0.516042 0.508774 0.514462 0.512566 0.512566 0.508142
0 0.542906 0.610538 0.537848 0.612118 0.528368 0.619072 0.522996 0.620020 0.519518 0.624444 0.516674 0.625076 0.519202 0.629184 0.519834 0.634240 0.516990 0.638034 0.511302 0.641510 0.510038 0.647514 0.519834 0.645934 0.530580 0.638982 0.531528 0.626656 0.542906 0.626024 0.549226 0.624128 0.547014 0.620336 0.540378 0.620336 0.545750 0.614962
0 0.528052 0.680142 0.528052 0.686968 0.526428 0.692166 0.527078 0.697366 0.529028 0.702892 0.529028 0.706790 0.519928 0.704516 0.515054 0.705816 0.507578 0.713940 0.504004 0.718166 0.500104 0.721414 0.496204 0.733764 0.494580 0.735714 0.496530 0.743838 0.498480 0.753262 0.503354 0.751312 0.507254 0.745464 0.513428 0.741888 0.518628 0.740264 0.519278 0.746764 0.510828 0.753262 0.504978 0.756188 0.499130 0.757488 0.491330 0.747088 0.491330 0.734414 0.494254 0.724014 0.498804 0.712966 0.504978 0.702892 0.507904 0.700292 0.516352 0.698992 0.510178 0.692166 0.506604 0.680792 0.512128 0.685018 0.518628 0.692492 0.520578 0.695092 0.520902 0.686642
0 0.474982 0.795278 0.472066 0.801110 0.478260 0.802932 0.490286 0.802202 0.501946 0.802566 0.500852 0.807304 0.507412 0.808762 0.513970 0.813862 0.520894 0.815320 0.516158 0.807304 0.522352 0.806576 0.526724 0.808396 0.527088 0.818236 0.530732 0.828438 0.535470 0.829896 0.534012 0.820786 0.532918 0.809126 0.531096 0.800744 0.530368 0.794186 0.518708 0.795278 0.506318 0.796008 0.495022 0.796008 0.482634 0.796008
0 0.525632 0.841920 0.518344 0.843378 0.511784 0.847022 0.511056 0.855038 0.512148 0.866700 0.512878 0.871072 0.515792 0.871072 0.512878 0.875808 0.510692 0.880182 0.512148 0.891478 0.513242 0.897308 0.513606 0.902410 0.519436 0.898402 0.517614 0.891478 0.516522 0.884190 0.520166 0.888198 0.524902 0.882368 0.526360 0.874716 0.532190 0.872894 0.530368 0.869614 0.533284 0.860504 0.539478 0.855768 0.545308 0.851760 0.551502 0.849938 0.555146 0.845564 0.556240 0.842286 0.550046 0.844836 0.545308 0.845200 0.539478 0.848844 0.531826 0.856132 0.525996 0.862326 0.522716 0.865242 0.519800 0.861234 0.517250 0.855404 0.517250 0.848480 0.520894 0.847386 0.525632 0.845930
0 0.525266 0.924638 0.525266 0.931196 0.523444 0.936662 0.518344 0.940306 0.507776 0.943586 0.499396 0.945772 0.489922 0.950508 0.481176 0.953424 0.475710 0.955246 0.478624 0.960712 0.490286 0.961440 0.493930 0.964356 0.502310 0.958890 0.514336 0.954882 0.524902 0.952330 0.534740 0.943950 0.535106 0.935568 0.531826 0.924638
0 0.694974 0.007710 0.699380 0.016154 0.692038 0.011380 0.677720 0.006242 0.686898 0.016888 0.689100 0.021660 0.686898 0.024598 0.680290 0.027902 0.676252 0.031940 0.669642 0.041118 0.668908 0.047726 0.669276 0.051398 0.674048 0.045156 0.679188 0.039650 0.686898 0.035612 0.694608 0.033776 0.699748 0.033776 0.696810 0.045892 0.700848 0.078932 0.706356 0.066084 0.711862 0.056538 0.714432 0.046626 0.715534 0.033042 0.712964 0.025332 0.709292 0.023130 0.712230 0.016520 0.719572 0.008444 0.728750 0.004406 0.730220 0.002202 0.727650 0.000734 0.718104 0.002570 0.712596 0.005506 0.707090 0.013950 0.704152 0.009178
0 0.643576 0.072324 0.646146 0.078932 0.657528 0.089946 0.666338 0.098024 0.674416 0.103530 0.683594 0.105366 0.679922 0.107568 0.672948 0.109772 0.669276 0.114544 0.680656 0.117114 0.687632 0.118582 0.699748 0.113076 0.693506 0.121520 0.688366 0.136940 0.688000 0.142078 0.691670 0.151624 0.694240 0.144648 0.696810 0.134736 0.698646 0.125558 0.702684 0.118950 0.706722 0.115646 0.715902 0.114178 0.719940 0.110506 0.723610 0.104264 0.721408 0.102062 0.713332 0.106100 0.711128 0.103898 0.716636 0.100594 0.727282 0.096922 0.732054 0.093984 0.730586 0.091416 0.722510 0.091416 0.712596 0.093618 0.706356 0.098024 0.703052 0.103530 0.695342 0.100594 0.687632 0.096922 0.679188 0.096554 0.671112 0.092150 0.664504 0.085908 0.656060 0.079300 0.650920 0.075262
0 0.683960 0.171816 0.690570 0.169614 0.695342 0.169246 0.698646 0.175854 0.701216 0.182830 0.701584 0.185768 0.696076 0.187236 0.689468 0.187970 0.682860 0.189072 0.677352 0.190906 0.686898 0.193844 0.694974 0.193844 0.697544 0.206326 0.697912 0.221746 0.696444 0.231292 0.694240 0.237532 0.693140 0.245610 0.697178 0.243774 0.703418 0.231658 0.707090 0.218074 0.707090 0.208530 0.708926 0.193844 0.709660 0.188704 0.715902 0.190906 0.727282 0.190540 0.738296 0.187970 0.744538 0.183932 0.741968 0.181362 0.730586 0.182462 0.720674 0.183564 0.715902 0.182830 0.716268 0.172184 0.714432 0.165208 0.712596 0.164840 0.710762 0.170714 0.707458 0.178424 0.704888 0.169614 0.702318 0.164106 0.692038 0.163372 0.686164 0.163740 0.680290 0.169246
0 0.657528 0.253686 0.665972 0.254788 0.673682 0.256990 0.680656 0.256624 0.682126 0.258826 0.676618 0.266168 0.672948 0.273510 0.672580 0.278284 0.683226 0.273510 0.696810 0.267270 0.700482 0.262864 0.702318 0.270206 0.706356 0.273878 0.707458 0.261762 0.712230 0.255522 0.716268 0.262498 0.721040 0.259560 0.718104 0.252218 0.717736 0.242672 0.708192 0.244140 0.704888 0.253686 0.697544 0.252952 0.686164 0.254420 0.681390 0.250382 0.677720 0.248180 0.666706 0.248914 0.657894 0.248914
0 0.701216 0.300312 0.699748 0.305452 0.698278 0.311692 0.692772 0.314996 0.689834 0.313896 0.686164 0.314262 0.686164 0.320136 0.684328 0.326744 0.684328 0.330784 0.689468 0.326744 0.696810 0.327846 0.700114 0.338492 0.701950 0.351710 0.714066 0.364192 0.722142 0.367128 0.730586 0.366394 0.733890 0.363458 0.725446 0.360888 0.716268 0.356482 0.712230 0.351710 0.711862 0.343266 0.710028 0.336658 0.713698 0.340696 0.718470 0.343632 0.718470 0.331150 0.725080 0.326010 0.732422 0.323440 0.740132 0.320136 0.739398 0.316098 0.733890 0.318300 0.723610 0.320870 0.714066 0.323074 0.710028 0.321238 0.706722 0.314630 0.705988 0.304716 0.705254 0.300312
0 0.689834 0.364926 0.686898 0.371902 0.686898 0.379612 0.688000 0.387320 0.692038 0.391726 0.688000 0.392828 0.682492 0.394664 0.674416 0.397600 0.668542 0.396132 0.657528 0.394664 0.651654 0.389156 0.646146 0.384750 0.642476 0.382182 0.642842 0.389890 0.654224 0.399436 0.669276 0.403842 0.678822 0.404208 0.682860 0.405678 0.683594 0.411918 0.685430 0.417058 0.687632 0.410450 0.693506 0.404208 0.700482 0.403842 0.703786 0.402006 0.703052 0.408982 0.704152 0.421096 0.704520 0.428072 0.706356 0.433212 0.703786 0.438718 0.704152 0.444226 0.708926 0.437250 0.709660 0.427706 0.708558 0.414488 0.708926 0.403474 0.712964 0.393930 0.716636 0.387320 0.717370 0.379978 0.712964 0.379244 0.708926 0.386586 0.703052 0.392460 0.698646 0.390258 0.693874 0.383650 0.691670 0.375940 0.691670 0.370066
0 0.674416 0.465152 0.672948 0.471394 0.676986 0.477634 0.682126 0.481306 0.674416 0.481672 0.664504 0.484610 0.649450 0.493054 0.647616 0.497092 0.647616 0.503334 0.653490 0.498928 0.660098 0.496726 0.664504 0.497460 0.667072 0.500030 0.671478 0.494890 0.679188 0.493422 0.682126 0.495624 0.684696 0.499662 0.689468 0.501498 0.690202 0.500030 0.691304 0.492320 0.697178 0.490116 0.705622 0.490116 0.708926 0.493422 0.716268 0.497092 0.719940 0.505170 0.726180 0.516184 0.728750 0.520588 0.731320 0.526096 0.733156 0.518386 0.729852 0.505904 0.724346 0.497460 0.718838 0.491952 0.716268 0.489016 0.721040 0.485344 0.718470 0.482774 0.710762 0.482774 0.699748 0.482040 0.693506 0.480938 0.688734 0.477634 0.684328 0.474698 0.679922 0.469190
0 0.714066 0.509208 0.707458 0.516550 0.706356 0.523526 0.706356 0.530502 0.708192 0.537110 0.710762 0.537110 0.711128 0.541882 0.713698 0.545920 0.719572 0.548490 0.720306 0.552896 0.713332 0.552528 0.705622 0.549224 0.704888 0.547022 0.702684 0.552896 0.697912 0.560606 0.695342 0.567214 0.682860 0.576392 0.679188 0.580430 0.675884 0.581532 0.679188 0.574924 0.685062 0.569050 0.691670 0.559138 0.695708 0.551428 0.699014 0.545554 0.699748 0.542250 0.694608 0.541514 0.686898 0.541148 0.684696 0.534906 0.676618 0.529032 0.665238 0.513246 0.665238 0.505536 0.665238 0.501130 0.669642 0.502966 0.670744 0.511044 0.682126 0.521690 0.688000 0.525728 0.694974 0.530868 0.700114 0.530502 0.699014 0.522058 0.703418 0.512512 0.709660 0.508106
0 0.676252 0.588508 0.676252 0.597318 0.683226 0.610536 0.686164 0.619346 0.688734 0.623018 0.683226 0.624118 0.676986 0.627790 0.674416 0.633298 0.682860 0.630728 0.692404 0.630360 0.693874 0.632196 0.689468 0.637336 0.685062 0.647982 0.679556 0.653856 0.678454 0.661934 0.678454 0.666706 0.688000 0.661198 0.690202 0.654224 0.698646 0.655324 0.704888 0.647248 0.707458 0.637336 0.707824 0.628524 0.707090 0.618612 0.709660 0.609066 0.712964 0.603192 0.719206 0.600622 0.722876 0.598052 0.719940 0.595482 0.710394 0.597318 0.707090 0.602458 0.703786 0.609800 0.700114 0.619714 0.697912 0.626322 0.693874 0.613840 0.689100 0.601356 0.683960 0.592546
0 0.691304 0.719206 0.694608 0.722510 0.691304 0.723610 0.685062 0.725080 0.690570 0.730954 0.692038 0.733524 0.683594 0.735726 0.675150 0.737562 0.668542 0.738664 0.664870 0.739764 0.669642 0.745638 0.682126 0.747842 0.693140 0.748576 0.701950 0.746372 0.702684 0.757020 0.707090 0.771704 0.707458 0.777578 0.708558 0.783452 0.710762 0.788960 0.711496 0.792630 0.716268 0.781250 0.719206 0.773174 0.712230 0.768768 0.710028 0.754450 0.712230 0.743436 0.713698 0.735726 0.711496 0.725814 0.702318 0.719940 0.697544 0.717736
0 0.694608 0.775376 0.698646 0.785656 0.700114 0.791896 0.693874 0.793732 0.683594 0.793366 0.673314 0.792998 0.668908 0.793732 0.677352 0.801074 0.686530 0.802544 0.693874 0.804012 0.692404 0.810620 0.693506 0.823102 0.693874 0.827876 0.693140 0.834116 0.691304 0.839256 0.690570 0.842560 0.691304 0.840724 0.696444 0.838890 0.702684 0.830446 0.701950 0.818330 0.701584 0.809518 0.707090 0.807316 0.712596 0.814658 0.722142 0.819432 0.732054 0.819798 0.725814 0.813190 0.715166 0.807684 0.708558 0.799240 0.709292 0.791530 0.703786 0.785288 0.701584 0.775744
0 0.683226 0.860550 0.682126 0.868626 0.684328 0.875602 0.676986 0.875234 0.669642 0.875234 0.663034 0.875602 0.654590 0.878172 0.662300 0.885514 0.669642 0.887718 0.672948 0.897262 0.675150 0.893224 0.674782 0.887350 0.690202 0.888452 0.698646 0.887350 0.710394 0.889920 0.713332 0.895060 0.712230 0.897996 0.704888 0.902036 0.699748 0.906440 0.701950 0.909378 0.714066 0.905340 0.717736 0.897630 0.714432 0.888818 0.721776 0.883678 0.722510 0.879640 0.715534 0.882578 0.707458 0.883678 0.697912 0.879640 0.690570 0.873766 0.687632 0.864956 0.687632 0.861284
0 0.721040 0.925532 0.716268 0.930304 0.712230 0.936178 0.708926 0.941318 0.705254 0.937280 0.701216 0.934710 0.695708 0.936178 0.697912 0.941318 0.695708 0.944990 0.686530 0.944990 0.674782 0.946458 0.670744 0.940952 0.668908 0.937280 0.667808 0.943888 0.669642 0.950864 0.677352 0.953800 0.683226 0.953066 0.679188 0.956738 0.678822 0.960776 0.686164 0.956370 0.693140 0.954534 0.687632 0.967752 0.684696 0.986474 0.688000 0.994552 0.696810 0.997122 0.692772 0.981702 0.694240 0.970322 0.698646 0.959674 0.700482 0.959674 0.700848 0.967384 0.703418 0.969954 0.706722 0.962612 0.715534 0.959674 0.718104 0.955270 0.709660 0.955270 0.708192 0.951598 0.709292 0.946090 0.716636 0.942786 0.723244 0.929570
1 0.150604 0.013692 0.160660 0.017172 0.161046 0.024908 0.153310 0.033030 0.153698 0.038830 0.146736 0.043472 0.141322 0.046178 0.139774 0.039990 0.129332 0.036124 0.134360 0.031482 0.126238 0.026840 0.124304 0.023746 0.128944 0.021814 0.133586 0.020266 0.131266 0.013304 0.137066 0.012530
1 0.161432 0.009436 0.174582 0.003636 0.208230 0.001314 0.217512 0.000542 0.222154 0.010210 0.219446 0.025680 0.222926 0.032642 0.222540 0.038056 0.217512 0.034962 0.208230 0.037284 0.202428 0.036124 0.213258 0.029162 0.195854 0.030708 0.184252 0.029162 0.170714 0.026068 0.165300 0.019492
1 0.020266 0.085242 0.028388 0.090656 0.032256 0.099938 0.027228 0.103032 0.015238 0.104580 0.007890 0.102646 0.006730 0.096070 0.009436 0.090656
1 0.030322 0.193146 0.041924 0.188506 0.050434 0.191600 0.058556 0.195854 0.057008 0.200108 0.046952 0.201656 0.041150 0.199722 0.037284 0.198562 0.033416 0.197400
1 0.021426 0.327352 0.031868 0.335086 0.043472 0.341662 0.056234 0.343596 0.065130 0.344368 0.064356 0.326578 0.060488 0.318070 0.051980 0.319230 0.033802 0.320004 0.024908 0.324644
1 0.061262 0.287902 0.057394 0.294090 0.061262 0.302212 0.069384 0.307626 0.072478 0.304920 0.068610 0.301052 0.069384 0.292544 0.065516 0.287902
1 0.045018 0.372216 0.031482 0.376082 0.024520 0.378404 0.020652 0.385366 0.020266 0.394260 0.015624 0.400062 0.005570 0.403542 0.007890 0.420174 0.026454 0.419400 0.037670 0.420174 0.050434 0.418240 0.047340 0.423654 0.047726 0.434096 0.052754 0.436804 0.062422 0.436030 0.069772 0.434870 0.071704 0.430616 0.068610 0.420946 0.065130 0.414758 0.064356 0.408570 0.060488 0.399288 0.062810 0.393874 0.057008 0.389620 0.049660 0.380724 0.047726 0.379564
1 0.022974 0.499458 0.025294 0.508354 0.018720 0.516862 0.013692 0.519184 0.002862 0.521890 0.000542 0.490950 0.007504 0.494044 0.019106 0.500232
1 0.098778 0.636758 0.085628 0.631730 0.076346 0.629022 0.069384 0.629022 0.063196 0.632890 0.058168 0.637144 0.070932 0.644492 0.079054 0.646814 0.084854 0.643720 0.093750 0.639852
1 0.080988 0.687810 0.089882 0.692450 0.094136 0.692838 0.099552 0.690130 0.104966 0.690516 0.104580 0.694384 0.098004 0.698252 0.091816 0.699412 0.087948 0.703280 0.085242 0.705214 0.084468 0.703666 0.086402 0.698638 0.078666 0.695158
1 0.098004 0.863010 0.093364 0.854502 0.086788 0.849088 0.079826 0.844446 0.079440 0.852568 0.082920 0.856048 0.077892 0.859530 0.070544 0.865718 0.069384 0.873452 0.076732 0.869198 0.086014 0.861076 0.091042 0.863398
1 0.127784 0.962408 0.130878 0.972462 0.126238 0.982132 0.117728 0.986772 0.104580 0.985226 0.093750 0.981358 0.092202 0.977490 0.097230 0.971302 0.102646 0.964340 0.111540 0.962020 0.123918 0.962020
2 0.309718 0.200706 0.290982 0.207520 0.285872 0.204112 0.279058 0.204680 0.277922 0.213198 0.264864 0.214332 0.255780 0.215468 0.255780 0.230230 0.266568 0.225120 0.275084 0.231366 0.290414 0.231934 0.298930 0.230230 0.304608 0.215468
1 0.187080 0.424408 0.172886 0.426678 0.164370 0.434628 0.163802 0.443144 0.176860 0.448822 0.184242 0.445414
1 0.317098 0.396586 0.317098 0.409078 0.326184 0.417594 0.339810 0.421000 0.346622 0.416458 0.348326 0.400560 0.348326 0.395452 0.335836 0.399426 0.328454 0.398858
1 0.184242 0.498784 0.193326 0.503894 0.207520 0.510140 0.204112 0.502760 0.201274 0.495378 0.193326 0.497082
1 0.217740 0.530012 0.201842 0.535690 0.195028 0.544206 0.217172 0.551588 0.231366 0.560104 0.245560 0.556698 0.248398 0.541936 0.257484 0.548180 0.270542 0.549316 0.281898 0.550452 0.271678 0.544206 0.252374 0.536258 0.246128 0.524902 0.231366 0.527174
1 0.260890 0.683310 0.252942 0.690124 0.253508 0.700342 0.261458 0.707156 0.273380 0.706020 0.275084 0.701478 0.276220 0.687284 0.268270 0.685014
1 0.159670 0.678668 0.162568 0.684752 0.161988 0.688520 0.162278 0.691708 0.166044 0.688810 0.167494 0.683594 0.165466 0.677798
1 0.266956 0.740950 0.269298 0.752660 0.272108 0.761560 0.269766 0.771864 0.266486 0.771396 0.263676 0.760154 0.261804 0.754534 0.254778 0.754534 0.248688 0.752660 0.246816 0.749382 0.248688 0.746572 0.255714 0.746572 0.261804 0.745634
1 0.239790 0.836032 0.229486 0.843056 0.222460 0.850082 0.218244 0.855702 0.224802 0.858982 0.234638 0.858982 0.241194 0.850550 0.245410 0.843994 0.250094 0.840714
0 0.525106 0.008158 0.523242 0.012352 0.533496 0.007226 0.543752 0.007692 0.548414 0.010488 0.544218 0.013284 0.532564 0.015150 0.528370 0.018878 0.526504 0.024006 0.527436 0.032862 0.527436 0.038922 0.520444 0.043118 0.510190 0.054306 0.506460 0.060832 0.501334 0.065026 0.496206 0.067824 0.495740 0.062230 0.501800 0.056636 0.508792 0.047314 0.510656 0.038922 0.512986 0.030066 0.509724 0.028668 0.500400 0.030998 0.493874 0.031464 0.485950 0.031464 0.482222 0.030066 0.477560 0.025870 0.472432 0.018412 0.471500 0.012352 0.479424 0.007226 0.484552 0.006292 0.493408 0.007226 0.496672 0.012818 0.502732 0.008158 0.509724 0.012352 0.515784 0.016548 0.517648 0.007226 0.515318 0.000700
1 0.578246 0.099054 0.585704 0.106512 0.595960 0.100920 0.604816 0.103716 0.600620 0.116302 0.595960 0.130286 0.586636 0.137744 0.575450 0.141940 0.561932 0.143804 0.556804 0.138210 0.550744 0.132150 0.554940 0.128422 0.564262 0.124692 0.572652 0.121896 0.574984 0.116302 0.575450 0.111174
1 0.478958 0.253814 0.465440 0.256144 0.454720 0.260806 0.444464 0.265932 0.436074 0.270594 0.436540 0.278984 0.450058 0.280382 0.466838 0.278518 0.470568 0.284578 0.479424 0.271526 0.485484 0.274324 0.491078 0.276654 0.497604 0.265000 0.490146 0.261272 0.481756 0.258940
1 0.554474 0.272924 0.556338 0.282248 0.556804 0.294834 0.560532 0.298096 0.574984 0.297164 0.578712 0.292502 0.578712 0.283646 0.575450 0.274324 0.568458 0.274324
1 0.570322 0.245422 0.579178 0.245422 0.584306 0.243092 0.590366 0.238896 0.591298 0.244024 0.588502 0.250084 0.589900 0.257542 0.587102 0.258940 0.582908 0.254746 0.575916 0.252414
1 0.600154 0.305554 0.600154 0.313012 0.595028 0.315810 0.588502 0.320470 0.590366 0.324200 0.599688 0.321404 0.607146 0.322336 0.613672 0.321870 0.609944 0.317674 0.606680 0.312080
1 0.570788 0.355432 0.566592 0.362424 0.563330 0.364754 0.562864 0.371280 0.566592 0.374544 0.569390 0.378272 0.571254 0.370348 0.577314 0.361958
1 0.538224 0.343648 0.541902 0.353946 0.547788 0.364980 0.548522 0.368658 0.540062 0.367188 0.534178 0.366820 0.526086 0.368658 0.522776 0.370130 0.518730 0.372336 0.515420 0.369762 0.511740 0.367556 0.510270 0.359464 0.515420 0.354682 0.521672 0.348060 0.521672 0.344750 0.526822 0.346590 0.530868 0.348796
1 0.439140 0.406588 0.450408 0.410970 0.451660 0.416604 0.452912 0.422238 0.461676 0.413474 0.467310 0.405962 0.472318 0.399702 0.471692 0.395320 0.466684 0.396572 0.456668 0.400328 0.449156 0.402206
1 0.444632 0.429314 0.459524 0.428036 0.471864 0.426760 0.477822 0.427610 0.469738 0.434420 0.462504 0.437398 0.457822 0.445908 0.451014 0.451440 0.446760 0.452290 0.442504 0.452716 0.443780 0.446760 0.449738 0.444632 0.455696 0.438674 0.451014 0.436546
1 0.522926 0.563776 0.522926 0.568882 0.519948 0.572712 0.513992 0.577394 0.516970 0.579096 0.526756 0.575266 0.533140 0.577394 0.533990 0.574840 0.528884 0.565054
1 0.488034 0.623774 0.497822 0.625476 0.505056 0.626754 0.505480 0.632284 0.499098 0.639094 0.494842 0.644200 0.488460 0.642072 0.482502 0.639518 0.482502 0.636540 0.484630 0.630582
1 0.527608 0.712282 0.533140 0.719942 0.532288 0.730154 0.528034 0.735260 0.516970 0.734834 0.511864 0.739090 0.505480 0.743770 0.499524 0.748026 0.498672 0.739090 0.499098 0.728878 0.503354 0.721644 0.510162 0.715686 0.515268 0.711432 0.523352 0.710580
1 0.507608 0.764620 0.521650 0.771004 0.524628 0.776960 0.525480 0.784620 0.522926 0.788876 0.515268 0.790152 0.507608 0.791428 0.498672 0.791854 0.492716 0.792704 0.486332 0.792704 0.481652 0.791428 0.477396 0.788876 0.484630 0.785472 0.492290 0.785472 0.492290 0.779514 0.490162 0.771430 0.490588 0.766322 0.495268 0.763344 0.505056 0.765898
1 0.467610 0.754408 0.475268 0.767600 0.475694 0.771004 0.470162 0.779088 0.460376 0.780790 0.452290 0.782066 0.442930 0.784620 0.439950 0.784194 0.444206 0.776110 0.434420 0.768876 0.437824 0.759940 0.446334 0.761642 0.456546 0.760366
1 0.437824 0.823342 0.445908 0.827598 0.446760 0.832278 0.445482 0.842490 0.453142 0.839512 0.454418 0.831428 0.449312 0.819938 0.443356 0.820364 0.439100 0.819088
1 0.465482 0.974826 0.474844 0.977806 0.482078 0.981634 0.490588 0.985890 0.496544 0.987166 0.491864 0.992698 0.480376 0.990570 0.474844 0.991422 0.467184 0.991848 0.466334 0.987592 0.471864 0.986316 0.469312 0.982912
1 0.441228 0.982912 0.449738 0.985890 0.451014 0.990996 0.451172 0.998046 0.447184 0.997804 0.445908 0.991848 0.439526 0.988442
1 0.606328 0.937380 0.607180 0.944190 0.605902 0.950146 0.607180 0.955678 0.617818 0.959082 0.624626 0.960358 0.621646 0.954828 0.625476 0.944190 0.622924 0.937806 0.620370 0.945466 0.619094 0.949296 0.613562 0.942062
1 0.704546 0.143248 0.707806 0.151220 0.706720 0.157742 0.706720 0.162454 0.701646 0.160280 0.698022 0.159918 0.692588 0.160642 0.691500 0.158468 0.695848 0.154120 0.699110 0.150496
1 0.636650 0.686492 0.626218 0.686492 0.621580 0.692866 0.620422 0.702140 0.630274 0.702140 0.636650 0.703878 0.644764 0.698662 0.647082 0.689968
1 0.729380 0.725322 0.731118 0.739812 0.735754 0.758936 0.736914 0.771688 0.731118 0.773426 0.719526 0.765892 0.715470 0.757198 0.713730 0.751402 0.719526 0.742710 0.721266 0.732856 0.723004 0.724164
1 0.724164 0.780960 0.733436 0.785018 0.743288 0.787914 0.749664 0.790812 0.742710 0.794290 0.731118 0.794870 0.725902 0.802404 0.722424 0.802984 0.722424 0.796608 0.724742 0.792552 0.722424 0.787336 0.717788 0.786176
1 0.696924 0.860360 0.703878 0.860940 0.711412 0.859780 0.718368 0.860360 0.718948 0.865576 0.712572 0.869054 0.710254 0.874850 0.706776 0.876008 0.707936 0.869634 0.701560 0.867894
1 0.647660 0.861520 0.640126 0.865576 0.636650 0.867316 0.625638 0.869634 0.622160 0.873110 0.618682 0.877748 0.627376 0.876588 0.636070 0.874850 0.641866 0.874850 0.650558 0.874850 0.660990 0.872532 0.655774 0.870792 0.649400 0.869634
1 0.694606 0.905566 0.692288 0.912520 0.689968 0.916578 0.677798 0.917736 0.672002 0.921214 0.683594 0.923532 0.691128 0.925272 0.696924 0.929328 0.702720 0.928748 0.696924 0.922952 0.696344 0.918316
1 0.946136 0.852826 0.932806 0.855724 0.931066 0.862678 0.936282 0.874270 0.947874 0.879486 0.953090 0.876008 0.952510 0.865576
1 0.970478 0.914260 0.967580 0.920056 0.961204 0.922374 0.957148 0.933386 0.972216 0.939180 0.984386 0.938022 0.975694 0.928748 0.973954 0.918896
1 0.954250 0.182852 0.938022 0.196762 0.933964 0.210092 0.940920 0.219364 0.957148 0.225160 0.971636 0.222262 0.983808 0.217626 0.986126 0.206614 0.987864 0.195602 0.978590 0.190386 0.966420 0.190966
1 0.978012 0.229216 0.977432 0.233854 0.965262 0.234432 0.960044 0.245444 0.963522 0.249502 0.977432 0.252400 0.989024 0.251240 0.994240 0.249502 0.998046 0.248046 0.998046 0.238282 0.994240 0.236752 0.993660 0.229216 0.986704 0.231536
1 0.986704 0.316730 0.976852 0.321946 0.967580 0.332378 0.969318 0.341652 0.983808 0.348606 0.995398 0.347448 0.998046 0.339844 0.997136 0.323106
1 0.964102 0.343390 0.965840 0.354402 0.966420 0.359618 0.960624 0.360778 0.955988 0.364254 0.958886 0.368892 0.968738 0.368892 0.972216 0.375846 0.980330 0.380482 0.980330 0.371790 0.973954 0.359038 0.969898 0.348606
1 0.997716 0.386858 0.991920 0.387438 0.989602 0.395552 0.980330 0.401926 0.975114 0.400768 0.969898 0.392654 0.969898 0.383960 0.982068 0.382800 0.990762 0.382222 0.997136 0.374688
1 0.951932 0.375266 0.942078 0.381062 0.939180 0.388016 0.944976 0.393812 0.953090 0.397870 0.958886 0.396710 0.962364 0.393234 0.963522 0.383380 0.960044 0.379904
0 0.264374 0.969536 0.251774 0.972444 0.248382 0.979228 0.235780 0.985044 0.237720 0.992798 0.256136 0.995706 0.257812 0.998046 0.269532 0.998046 0.277344 0.998046 0.275522 0.992798 0.279398 0.983106 0.279398 0.976804 0.268736 0.974382