0 0.283760 0.001420 0.281488 0.015614 0.277514 0.022994 0.269566 0.026970 0.266158 0.038892 0.267862 0.049680 0.269566 0.061036 0.274676 0.072958 0.285462 0.078636 0.290572 0.065578 0.288870 0.054790 0.298522 0.050248 0.301928 0.040596 0.301928 0.025266 0.304200 0.004258 0.310444 0.004258
0 0.247422 0.199002 0.263888 0.168912 0.271836 0.159826 0.281488 0.154718 0.297386 0.159260 0.307038 0.154718 0.322936 0.158124 0.334858 0.163234 0.344510 0.171750 0.339400 0.174588 0.327478 0.168912 0.315554 0.165504 0.301360 0.171182 0.288870 0.181970 0.274108 0.189918 0.265590 0.204112 0.254236 0.213764 0.247990 0.206384
0 0.299090 0.344920 0.333156 0.346622 0.339968 0.376714 0.351892 0.372172 0.373468 0.376146 0.376306 0.367630 0.360976 0.352300 0.390500 0.330158 0.401856 0.322208 0.383686 0.321074 0.366086 0.327886 0.357570 0.338674 0.345646 0.334700 0.320096 0.332428 0.304200 0.330726 0.297386 0.330726
0 0.280352 0.522632 0.266158 0.542504 0.266158 0.568052 0.276378 0.584518 0.281488 0.582248 0.281488 0.556130 0.287166 0.537394 0.297954 0.533418 0.292844 0.520928
0 0.274676 0.660600 0.268430 0.681038 0.272972 0.692394 0.278082 0.689556 0.283760 0.670252 0.293412 0.661734 0.305334 0.656056 0.316122 0.649812 0.324638 0.638456 0.325206 0.629940 0.316690 0.624262 0.305902 0.624830 0.299090 0.625966 0.295114 0.631642 0.293412 0.651514
0 0.213356 0.833200 0.250828 0.808786 0.268998 0.798566 0.292844 0.798000 0.295114 0.810490 0.322368 0.826388 0.328614 0.837744 0.309310 0.832066 0.291140 0.827524 0.280920 0.823548 0.268998 0.816736 0.253100 0.822982 0.237770 0.837176 0.225280 0.843420 0.217898 0.842286
1 0.187238 0.779262 0.209382 0.780398 0.214492 0.805948 0.199162 0.799702 0.184968 0.787780
0 0.652694 0.050158 0.639774 0.060038 0.634454 0.085876 0.632934 0.123876 0.632174 0.139834 0.629894 0.150474 0.608616 0.161874 0.598736 0.171754 0.597976 0.183912 0.611654 0.189992 0.622294 0.183912 0.613174 0.184672 0.614694 0.174034 0.625334 0.167194 0.632934 0.166434 0.647374 0.183152 0.656494 0.185432 0.661054 0.182392 0.658774 0.176314 0.656494 0.164914 0.653454 0.155034 0.651934 0.147434 0.655734 0.137554 0.661812 0.130714 0.667132 0.122356 0.668652 0.113236 0.667892 0.108676 0.655734 0.116276 0.651934 0.120076 0.648134 0.113236 0.648134 0.102596 0.651934 0.091196 0.654974 0.078276 0.654974 0.064598 0.655734 0.057758
0 0.659534 0.253830 0.635214 0.283470 0.629894 0.296388 0.635974 0.321468 0.645854 0.340466 0.664852 0.360986 0.677012 0.370866 0.686892 0.370106 0.680812 0.361746 0.673972 0.353386 0.664852 0.332868 0.656494 0.319948 0.654214 0.311588 0.658014 0.294868 0.677772 0.274350 0.680812 0.256870 0.688412 0.249270 0.680812 0.248510
0 0.604816 0.455982 0.602536 0.474982 0.617734 0.484862 0.635214 0.480302 0.638254 0.470422 0.631414 0.457502 0.626094 0.446102 0.624574 0.432424 0.626854 0.427104 0.642814 0.463582 0.656494 0.460542 0.670172 0.462062 0.689172 0.464342 0.699052 0.468142 0.703612 0.472702 0.698292 0.482582 0.670932 0.479542 0.687652 0.495500 0.674732 0.502340 0.661812 0.493222 0.650414 0.490182 0.632934 0.493222 0.604816 0.493222 0.590376 0.480302 0.590376 0.471942
0 0.594936 0.682454 0.613934 0.664974 0.635974 0.664214 0.656494 0.663454 0.669412 0.672574 0.679292 0.680174 0.689172 0.690814 0.703612 0.698414 0.712732 0.698414 0.724130 0.696894 0.738570 0.699934 0.768968 0.707532 0.747690 0.718172 0.708932 0.719692 0.694492 0.712852 0.680052 0.704492 0.665612 0.691574 0.652694 0.690814 0.642054 0.688534 0.629894 0.688534 0.607096 0.687774 0.593416 0.695374
0 0.579736 0.802530 0.607096 0.807848 0.642814 0.819248 0.658014 0.827608 0.677012 0.844328 0.694492 0.866366 0.716530 0.886886 0.737810 0.900566 0.753010 0.908926 0.760610 0.909686 0.749970 0.924124 0.724890 0.912724 0.698292 0.898286 0.685372 0.882326 0.670932 0.870166 0.660294 0.861046 0.648134 0.853448 0.648894 0.840528 0.600256 0.854208 0.591896 0.850408 0.594176 0.842048 0.611654 0.838248 0.635974 0.828368 0.598736 0.823808 0.586576 0.821528 0.577456 0.814688
0 0.658774 0.871686 0.632934 0.903606 0.624574 0.921084 0.617734 0.912724 0.611654 0.907406 0.610134 0.925644 0.615454 0.952244 0.614694 0.972762 0.613174 0.985682 0.627614 0.997842 0.645094 0.997082 0.645094 0.984922 0.635214 0.966682 0.634454 0.945404 0.639014 0.926404 0.646614 0.912724 0.658774 0.900566 0.665612 0.882326 0.669412 0.875486
1 0.626094 0.903606 0.615454 0.903606 0.605576 0.894486 0.597976 0.892966 0.601016 0.903606 0.592656 0.914244 0.594176 0.918044 0.604056 0.908926 0.615454 0.914244 0.625334 0.918044
1 0.333724 0.063306 0.329182 0.067848 0.332020 0.075230 0.339968 0.078068 0.347350 0.077500 0.344510 0.066146
1 0.464310 0.114406 0.491562 0.116676 0.502918 0.124058 0.523358 0.132574 0.519384 0.118948 0.511434 0.108160 0.505758 0.104754 0.499512 0.083178 0.496106 0.074094 0.489292 0.100778 0.479640 0.100778 0.471124 0.103050 0.466014 0.107592
1 0.435354 0.156420 0.446710 0.165504 0.456930 0.166640 0.467148 0.166640 0.468852 0.159260 0.460336 0.151878 0.443870 0.146768 0.430812 0.143362
1 0.618176 0.206384 0.617608 0.215468 0.606820 0.221714 0.596032 0.224552 0.588652 0.232502 0.593194 0.235908 0.614768 0.226256 0.626692 0.221714 0.628964 0.201842
1 0.484182 0.276220 0.492130 0.287008 0.490996 0.293820 0.500648 0.293820 0.509732 0.288142 0.521086 0.285304 0.519952 0.280194 0.506324 0.279626 0.498944 0.277922
2 0.504622 0.481184 0.500648 0.495378 0.492698 0.505598 0.492698 0.513546 0.497808 0.522064 0.511434 0.523766 0.512002 0.510708 0.515410 0.507302 0.525630 0.511276 0.529604 0.499920 0.521086 0.503328 0.518248 0.503328 0.520520 0.489132 0.520520 0.478346 0.512570 0.477778 0.511434 0.491404
2 0.561398 0.622558 0.543798 0.625398 0.536984 0.630508 0.530740 0.637888 0.537552 0.640160 0.555154 0.636752 0.559128 0.638456 0.565372 0.636752 0.579000 0.641862 0.581270 0.638456 0.575592 0.630508 0.571050 0.626532 0.579000 0.619720 0.575024 0.615178 0.574458 0.604958 0.568780 0.599848 0.565372 0.616314
1 0.370060 0.836608 0.396178 0.837176 0.402992 0.830930 0.402992 0.844556 0.414914 0.873512 0.400720 0.863292 0.392204 0.851370 0.373468 0.849666 0.365518 0.845692
1 0.517112 0.821846 0.509164 0.842852 0.501216 0.845692 0.506324 0.867834 0.510868 0.851938 0.517112 0.874648 0.523926 0.873512 0.521654 0.850802 0.517680 0.846260 0.526196 0.820710
2 0.714696 0.263728 0.718670 0.279058 0.728890 0.287574 0.740246 0.298362 0.752736 0.305744 0.748194 0.286440 0.752168 0.279626 0.752168 0.267136 0.744788 0.259754 0.740814 0.252374 0.737974 0.247264 0.734000 0.260890 0.723780 0.262026
1 0.793616 0.292118 0.785668 0.311990 0.770906 0.316532 0.771474 0.320506 0.784532 0.321074 0.800998 0.333564 0.800998 0.323344 0.795888 0.306880 0.800430 0.291550 0.801564 0.285304
1 0.767498 0.445414 0.779422 0.447118 0.787370 0.434060 0.778854 0.431220 0.775448 0.436898 0.765796 0.436898
1 0.762388 0.523766 0.790210 0.524334 0.812920 0.533418 0.815192 0.526038 0.805540 0.518656 0.812352 0.491404 0.814624 0.479480 0.800430 0.487430 0.796454 0.511276 0.780558 0.511844 0.763524 0.515250 0.757278 0.518656
1 0.764660 0.574298 0.764660 0.583382 0.770906 0.582248 0.774880 0.588492 0.782260 0.588492 0.782828 0.581680 0.776582 0.579976 0.781692 0.573162 0.779990 0.570324
1 0.615414 0.748880 0.636850 0.756324 0.643698 0.762278 0.650546 0.764660 0.659776 0.769424 0.665432 0.763172 0.670196 0.759598 0.680318 0.753346 0.682402 0.748286 0.673470 0.748582 0.660072 0.750370 0.647270 0.747392 0.634170 0.747392 0.623452 0.746796
1 0.674960 0.778654 0.672876 0.795030 0.664836 0.796220 0.677044 0.800984 0.682106 0.814978 0.695504 0.813190 0.708008 0.806938 0.718130 0.802174 0.721108 0.798900 0.706520 0.794732 0.692824 0.795030 0.685976 0.795326 0.687762 0.789372 0.691930 0.784906 0.686572 0.783418 0.680020 0.781632