0 0.110636 0.013918 0.111564 0.035722 0.108782 0.040362 0.104142 0.046392 0.116204 0.052888 0.126874 0.047320 0.128266 0.036650 0.127338 0.022732 0.125018 0.013454
0 0.107390 0.093712 0.120380 0.091858 0.126410 0.098816 0.127802 0.107630 0.118988 0.110414 0.115276 0.119228 0.112956 0.127580 0.109710 0.122476 0.111100 0.110878 0.112028 0.105774
0 0.121772 0.154488 0.118060 0.165158 0.110636 0.166086 0.102750 0.174900 0.099038 0.186034 0.105998 0.186498 0.120380 0.176292 0.124554 0.173044 0.140328 0.178148 0.133834 0.162838 0.134298 0.158198 0.156566 0.161910 0.147286 0.152168 0.132906 0.154024
1 0.125946 0.247272 0.135224 0.250056 0.143112 0.262118 0.147286 0.269540 0.146360 0.276964 0.132906 0.281138 0.125018 0.279282 0.120844 0.268612 0.118524 0.257478
0 0.121308 0.323820 0.128266 0.331242 0.135224 0.327068 0.146360 0.333562 0.156566 0.341448 0.147286 0.347944 0.128266 0.345160 0.118988 0.353510 0.109246 0.360470 0.118524 0.346552 0.116204 0.341448 0.113420 0.338202 0.112492 0.333098 0.116668 0.325212
0 0.092544 0.383202 0.103214 0.377636 0.123162 0.375780 0.136152 0.381346 0.137544 0.391552 0.131514 0.391552 0.127802 0.393872 0.135224 0.398048 0.146360 0.404542 0.148678 0.410110 0.130586 0.404542 0.126874 0.401296 0.123626 0.406862 0.117132 0.396192 0.118060 0.387378 0.107854 0.385058
0 0.124090 0.461142 0.123626 0.476916 0.122698 0.488514 0.118060 0.497792 0.132906 0.487586 0.132442 0.465316 0.131514 0.458358
0 0.122236 0.510318 0.135224 0.508926 0.141256 0.508926 0.146360 0.517276 0.151462 0.513102 0.154710 0.515420 0.140792 0.521452 0.133370 0.522844 0.131514 0.532586 0.133370 0.542328 0.128266 0.540936 0.125482 0.531658 0.125018 0.535370 0.123162 0.546968 0.117132 0.538154 0.118060 0.522844 0.118988 0.516348
0 0.122236 0.581298 0.114348 0.587794 0.106926 0.599856 0.104142 0.616092 0.104606 0.620268 0.112956 0.614236 0.116668 0.611918 0.118524 0.616092 0.123162 0.605886 0.126410 0.610526 0.128266 0.594288
0 0.112492 0.688464 0.115276 0.675938 0.120380 0.673620 0.132906 0.678258 0.141256 0.682434 0.142648 0.693104 0.138936 0.699600 0.137544 0.707950 0.138472 0.715372 0.131978 0.707950 0.125482 0.688928 0.125018 0.683362 0.119916 0.690320
0 0.122698 0.727434 0.136152 0.729290 0.140792 0.737642 0.143112 0.744600 0.147750 0.748312 0.151926 0.750630 0.149142 0.759910 0.150534 0.769188 0.146824 0.777074 0.140328 0.784498 0.138936 0.770116 0.135224 0.778466 0.132906 0.776610 0.132442 0.761766 0.131514 0.749704 0.123626 0.740888 0.119452 0.734858
0 0.107854 0.820684 0.119452 0.818364 0.125018 0.815116 0.132906 0.815580 0.136616 0.833674 0.134298 0.847128 0.125946 0.852694 0.115276 0.853158 0.107390 0.851766 0.106462 0.844808 0.119916 0.846200 0.125018 0.840632 0.119452 0.835994 0.117132 0.829034 0.108318 0.829034
0 0.112956 0.879138 0.125482 0.873572 0.136152 0.880066 0.132442 0.885634 0.131978 0.890736 0.134298 0.896768 0.129658 0.901870 0.122698 0.893056 0.122236 0.882850 0.119452 0.892592 0.124090 0.904654 0.131978 0.918108 0.129194 0.927850 0.121308 0.918572 0.117132 0.898624 0.114348 0.886098
0 0.123162 0.941768 0.123626 0.945480 0.125946 0.951510 0.121772 0.958470 0.120380 0.972852 0.125482 0.969140 0.133370 0.965428 0.142184 0.961252 0.138936 0.954294 0.134298 0.949654 0.130122 0.942232
0 0.254918 0.031546 0.263732 0.043608 0.268836 0.032474 0.276258 0.031546 0.277186 0.042682 0.278114 0.022732 0.284144 0.028764 0.286464 0.048248 0.294352 0.057526 0.299918 0.067734 0.292496 0.064950 0.284608 0.054744 0.292032 0.067734 0.299454 0.085826 0.284144 0.076548 0.277650 0.063094 0.275794 0.050104 0.273938 0.055208 0.275330 0.074692 0.271618 0.074692 0.268372 0.052888 0.252134 0.046856
0 0.233114 0.126188 0.247958 0.109022 0.270228 0.103456 0.263732 0.100208 0.264660 0.095104 0.268372 0.093248 0.274402 0.096960 0.274866 0.106238 0.276258 0.085826 0.280898 0.078404 0.285536 0.091394 0.288784 0.102992 0.295744 0.111342 0.308270 0.126188 0.306878 0.135002 0.294816 0.118300 0.288320 0.112270 0.281826 0.115982 0.274866 0.124796 0.259556 0.124796 0.247958 0.119228 0.241928 0.130826
0 0.253526 0.162838 0.266980 0.147064 0.275330 0.141962 0.279970 0.148920 0.288320 0.140570 0.294352 0.141034 0.280434 0.164694 0.284144 0.173972 0.288320 0.184178 0.279970 0.184178 0.276722 0.170724 0.272082 0.176756 0.272546 0.191602 0.272546 0.202272 0.269300 0.195776 0.266052 0.175828 0.272546 0.160518 0.271618 0.157734 0.256310 0.169796
0 0.266516 0.254694 0.257702 0.263510 0.251206 0.267220 0.248422 0.280674 0.262340 0.270004 0.274402 0.268148 0.282290 0.270932 0.295744 0.281138 0.302238 0.284386 0.305022 0.293200 0.304094 0.279746 0.303166 0.271860 0.289248 0.268612 0.284608 0.265366 0.278578 0.257478
0 0.279506 0.300624 0.282754 0.316860 0.282754 0.328922 0.277650 0.333562 0.268836 0.331242 0.260020 0.337738 0.255382 0.343304 0.271618 0.338202 0.290176 0.336810 0.292496 0.335882 0.298526 0.348408 0.304094 0.346552 0.294816 0.329386 0.294352 0.321500 0.300382 0.312686 0.292960 0.311758 0.288784 0.302016 0.286464 0.298304
0 0.279506 0.392480 0.274402 0.395728 0.272082 0.400832 0.266980 0.406862 0.268372 0.410574 0.280898 0.407790 0.285536 0.416140 0.297134 0.429594 0.302238 0.435162 0.298062 0.417068 0.286000 0.410110 0.283218 0.401296 0.286464 0.392016
0 0.274402 0.451400 0.279042 0.463926 0.266516 0.462070 0.272082 0.470420 0.283680 0.478306 0.296670 0.483410 0.302238 0.489904 0.301310 0.495936 0.307342 0.487586 0.298990 0.475060 0.292032 0.470884 0.297134 0.468100 0.295744 0.465316 0.284608 0.462534 0.282290 0.453254
0 0.274402 0.481090 0.287392 0.493152 0.287392 0.505214 0.288320 0.513102 0.294352 0.509390 0.305950 0.513566 0.315692 0.526092 0.314300 0.540472 0.309660 0.536762 0.306878 0.527946 0.302702 0.524236 0.296206 0.524236 0.292496 0.527020 0.285072 0.529802 0.279970 0.517740 0.279506 0.510318 0.275330 0.494080
0 0.251206 0.627690 0.271154 0.622588 0.288784 0.615164 0.293888 0.615164 0.291568 0.624444 0.300846 0.624908 0.310588 0.635578 0.294352 0.634186 0.282290 0.632330 0.275330 0.635578 0.278578 0.646248 0.272546 0.659702 0.271618 0.637898 0.267908 0.635578 0.262340 0.635114
0 0.252134 0.692640 0.261876 0.683362 0.271154 0.681042 0.289248 0.685682 0.296670 0.694496 0.302702 0.701918 0.300846 0.715372 0.298990 0.717692 0.293424 0.701454 0.289248 0.698672 0.283680 0.695888 0.272082 0.694960 0.266980 0.694496 0.261412 0.694032
0 0.244248 0.762692 0.254918 0.745992 0.266516 0.747848 0.277650 0.750630 0.283680 0.752486 0.293888 0.754806 0.305950 0.764084 0.305022 0.769652 0.285072 0.765940 0.268836 0.759910 0.258166 0.758982 0.252598 0.765476 0.253062 0.773828 0.249814 0.776610
0 0.266980 0.811870 0.276258 0.804910 0.286000 0.812332 0.291104 0.804910 0.296670 0.799808 0.295280 0.815580 0.298526 0.821612 0.295744 0.845272 0.294352 0.836922 0.286928 0.820220 0.276722 0.814652
0 0.273474 0.889344 0.291568 0.894448 0.300382 0.901406 0.306878 0.912076 0.298526 0.913932 0.295280 0.910686 0.291104 0.923212 0.284608 0.932490 0.276258 0.939912 0.287392 0.922748 0.284608 0.911150 0.282754 0.906510 0.277650 0.897696 0.268372 0.893520 0.268836 0.890272
0 0.272082 0.961716 0.284608 0.955222 0.296206 0.960326 0.296670 0.968676 0.292960 0.973778 0.279506 0.972388 0.273474 0.974706 0.267444 0.984914 0.267444 0.998366 0.264660 0.978418 0.265588 0.969604
0 0.475282 0.070980 0.495694 0.072836 0.504510 0.062630 0.515644 0.055208 0.525386 0.047320 0.528634 0.050568 0.511932 0.079796 0.502190 0.088146 0.496158 0.093248 0.478530 0.091858 0.474818 0.084898
0 0.492912 0.112734 0.495230 0.102992 0.498478 0.094640 0.502654 0.097888 0.498014 0.118764 0.497550 0.147064 0.496158 0.159126 0.490592 0.178612 0.488736 0.156342 0.484560 0.127580 0.485488 0.102992 0.489664 0.105774
0 0.487344 0.217116 0.499406 0.223148 0.504974 0.241242 0.512860 0.237530 0.513324 0.245416 0.502654 0.247272 0.492912 0.229180 0.490128 0.245416 0.494766 0.251912 0.505902 0.251448 0.514716 0.253768 0.516572 0.251912 0.507292 0.257942 0.505438 0.265830 0.510076 0.276964 0.516108 0.289490 0.510540 0.289954 0.498942 0.279282 0.489664 0.268612 0.485024 0.250520 0.482704 0.236138 0.484096 0.225004
0 0.495694 0.330778 0.502190 0.340522 0.507756 0.335418 0.512860 0.345624 0.526778 0.352584 0.534200 0.366036 0.529562 0.370212 0.516108 0.357222 0.506828 0.358614 0.501262 0.364646 0.494302 0.347016 0.491056 0.337274 0.491056 0.334026
0 0.464148 0.439338 0.478066 0.428202 0.495694 0.421708 0.491984 0.413358 0.498014 0.408718 0.501262 0.419852 0.518428 0.424956 0.528634 0.430058 0.521210 0.433770 0.518892 0.435162 0.516108 0.442584 0.498942 0.431450 0.485952 0.438874 0.472498 0.446760
0 0.490592 0.453718 0.507292 0.479698 0.514252 0.481554 0.524922 0.493616 0.528170 0.501968 0.513788 0.492224 0.506366 0.495472 0.501262 0.494544 0.493376 0.487586 0.488272 0.476916 0.486880 0.460678
0 0.489200 0.625372 0.500334 0.619340 0.509612 0.626298 0.518892 0.638362 0.508220 0.643928 0.501726 0.631866 0.495694 0.638362 0.499870 0.657382 0.494766 0.662022 0.491056 0.637898
0 0.488272 0.684290 0.509148 0.686610 0.519818 0.694960 0.527242 0.697744 0.519818 0.703774 0.510540 0.709342 0.497086 0.708878 0.489664 0.701918 0.485024 0.693568
0 0.500798 0.778002 0.506366 0.771044 0.513788 0.775218 0.517964 0.766404 0.513788 0.780322 0.513788 0.789600 0.515644 0.802126 0.518892 0.815116 0.505438 0.803518 0.498942 0.812332 0.492912 0.815116 0.498014 0.801662 0.505438 0.791456 0.506828 0.782642
0 0.508220 0.846664 0.505438 0.859190 0.501726 0.870788 0.502654 0.881458 0.506366 0.874036 0.511932 0.884242 0.515644 0.890272 0.519354 0.861972 0.519354 0.848520
0 0.508684 0.895840 0.498478 0.905582 0.496158 0.923212 0.498014 0.927850 0.512860 0.910222 0.519354 0.894912 0.521674 0.887952
0 0.496158 0.965892 0.508684 0.968212 0.520282 0.989088 0.509148 0.993728 0.505902 0.979346 0.498942 0.972852
0 0.645078 0.002784 0.649254 0.015774 0.656676 0.012990 0.668274 0.007886 0.671522 0.003248
0 0.655748 0.044072 0.654822 0.055672 0.637192 0.062166 0.629306 0.068660 0.633016 0.071444 0.648326 0.068660 0.654822 0.080260 0.665956 0.093712 0.672914 0.097888 0.665956 0.074692 0.665492 0.064022 0.672914 0.057526 0.681728 0.044072 0.673378 0.045000 0.671986 0.049640 0.673378 0.036186 0.666420 0.033866 0.662244 0.033866 0.661780 0.045000
0 0.662244 0.127116 0.647862 0.137322 0.645078 0.143352 0.644614 0.152168 0.647862 0.156806 0.653430 0.146136 0.656676 0.160982 0.660852 0.161910 0.666884 0.137786
0 0.650646 0.199024 0.665956 0.204128 0.677090 0.207374 0.678482 0.213870 0.671522 0.218972 0.675234 0.226396 0.661316 0.236602 0.648326 0.242168 0.637192 0.241706 0.632552 0.252840 0.628842 0.240314 0.633944 0.215726 0.638584 0.205982 0.646006 0.200880
0 0.665028 0.256550 0.671522 0.276036 0.678482 0.287170 0.683120 0.300624 0.674770 0.312222 0.671986 0.314078 0.668274 0.291346 0.664564 0.281138 0.656676 0.279282 0.647862 0.278820 0.640904 0.279282 0.641368 0.271860 0.655748 0.270468 0.657604 0.259334 0.660388 0.253768
0 0.658996 0.340058 0.664100 0.343304 0.668274 0.337738 0.678946 0.334490 0.680800 0.347016 0.671986 0.355830 0.671522 0.370212 0.671058 0.377636 0.662708 0.378100 0.654822 0.372532 0.654358 0.358614
0 0.648790 0.421708 0.662708 0.419852 0.674306 0.412894 0.684512 0.408718 0.697502 0.405934 0.690080 0.422636 0.669666 0.428666 0.664100 0.435626 0.654822 0.445832 0.650182 0.449544 0.643222 0.449080 0.641368 0.441656 0.655286 0.432842 0.651110 0.430986
0 0.648790 0.473204 0.648326 0.512638 0.656212 0.511710 0.659924 0.526556 0.667812 0.533978 0.667348 0.503358 0.666420 0.475988 0.663172 0.470884
0 0.658996 0.553926 0.669202 0.568308 0.678946 0.589184 0.678946 0.606350 0.671058 0.596144 0.664564 0.582690 0.655748 0.564596 0.652966 0.558566
0 0.639976 0.653670 0.650182 0.641608 0.658532 0.635578 0.672914 0.629546 0.680800 0.623980 0.686832 0.628618 0.675698 0.639752 0.676626 0.651814 0.680800 0.671764 0.669666 0.656918 0.664564 0.652278 0.656212 0.657382 0.652038 0.657382 0.649254 0.651350
0 0.650182 0.694496 0.661780 0.700528 0.678018 0.685218 0.682192 0.687538 0.671058 0.706094 0.670594 0.714908 0.668274 0.719548 0.670130 0.735322 0.661316 0.752486 0.658996 0.746920 0.663636 0.738568 0.658996 0.722796 0.657604 0.704702 0.651110 0.699600
0 0.655748 0.764084 0.664100 0.760838 0.674306 0.762692 0.681728 0.763620 0.677090 0.775682 0.677090 0.783570 0.683120 0.794240 0.670594 0.780786 0.662708 0.783570 0.662708 0.799344 0.659924 0.806302 0.653894 0.794704 0.654822 0.779394
0 0.625130 0.878210 0.637192 0.873572 0.650646 0.864292 0.659460 0.861510 0.658532 0.846664 0.658532 0.839240 0.669202 0.856870 0.673842 0.862900 0.674770 0.870324 0.668738 0.877282 0.669202 0.885170 0.669666 0.891200 0.660388 0.880066 0.639048 0.879602 0.630698 0.885170
0 0.676162 0.917180 0.682656 0.914860 0.690080 0.923212 0.699822 0.932954 0.703534 0.938984 0.714204 0.947800 0.691936 0.939912 0.685440 0.937128 0.676162 0.945480 0.663636 0.955222 0.665028 0.944552 0.664100 0.937128 0.674306 0.935274
0 0.665028 0.956150 0.672914 0.967284 0.669202 0.980274 0.674306 0.980274 0.687760 0.972388 0.687296 0.986304 0.682656 0.985378 0.670130 0.983058 0.661780 0.988624 0.652038 0.996976 0.641832 0.995584 0.637656 0.987696 0.647862 0.976562 0.665028 0.973316 0.660388 0.964964 0.658068 0.953830
0 0.935032 0.013454 0.935032 0.024588 0.944310 0.026444 0.944310 0.042218 0.939672 0.038506 0.934104 0.033402 0.922970 0.033402 0.915548 0.030156 0.919722 0.022732 0.930392 0.017630
0 0.926370 0.094980 0.921688 0.117054 0.914998 0.129094 0.921018 0.135114 0.935734 0.132438 0.940416 0.126418 0.949780 0.125750 0.954462 0.120398 0.944430 0.111034 0.942422 0.101670
0 0.932440 0.145806 0.948716 0.154284 0.950752 0.165812 0.957534 0.176324 0.953124 0.175984 0.938884 0.167508 0.921590 0.171916 0.907010 0.176662 0.903618 0.174290 0.920234 0.167508 0.929050 0.162082 0.931084 0.153606 0.931084 0.150554
0 0.910740 0.223118 0.928372 0.218370 0.933120 0.213624 0.941596 0.226848 0.944648 0.239732 0.935832 0.244140 0.930068 0.247192 0.921252 0.246176 0.911756 0.242106 0.908366 0.232272 0.907348 0.224812
0 0.934476 0.295004 0.947700 0.309922 0.955498 0.315688 0.959568 0.324842 0.962620 0.330608 0.969740 0.333320 0.956176 0.336372 0.946682 0.323826 0.943630 0.320434 0.938544 0.318740 0.928710 0.321112 0.930406 0.314670 0.932780 0.307888 0.927354 0.291952
0 0.919894 0.353664 0.933798 0.354682 0.948716 0.354004 0.958212 0.354682 0.956854 0.367906 0.953124 0.374688 0.963298 0.375028 0.963298 0.386556 0.955160 0.395372 0.942614 0.403510 0.949734 0.394354 0.955160 0.387574 0.955498 0.385200 0.946682 0.383844 0.944308 0.377740 0.939562 0.377062 0.933458 0.378078 0.925320 0.381130 0.915148 0.377740 0.918538 0.366890 0.919556 0.359430
0 0.946344 0.440132 0.936510 0.465902 0.930746 0.478448 0.929390 0.483534 0.934476 0.476752 0.939562 0.468614 0.944648 0.461832 0.948716 0.473700 0.952786 0.473362 0.951768 0.460476 0.951768 0.455050 0.955498 0.454034 0.955838 0.448608 0.961264 0.453356 0.965672 0.448270 0.960924 0.442504 0.952786 0.438096 0.942952 0.439792
0 0.922608 0.538126 0.930406 0.523546 0.938206 0.518120 0.950752 0.515068 0.959228 0.514052 0.962620 0.514052 0.956516 0.525580 0.952108 0.532702 0.940240 0.536432 0.932440 0.538466
0 0.953124 0.586276 0.953464 0.595770 0.960584 0.602552 0.967028 0.607978 0.957194 0.604588 0.948038 0.602552 0.942614 0.601874 0.954142 0.610012 0.964992 0.613742 0.968722 0.616794 0.959906 0.618490 0.943970 0.611708 0.938544 0.606622 0.936848 0.599500 0.937866 0.592720 0.947360 0.590684 0.949396 0.589328
0 0.941258 0.666300 0.957872 0.665962 0.965332 0.663248 0.967028 0.652398 0.969062 0.646972 0.974148 0.649008 0.978896 0.650024 0.977200 0.656468 0.968722 0.664266 0.965672 0.671386 0.960246 0.672404 0.949734 0.673082 0.943630 0.678168 0.942952 0.684950 0.946344 0.691732 0.948038 0.704616 0.942952 0.711060 0.938884 0.698514 0.936510 0.691392 0.935154 0.682238 0.936170 0.674778 0.937866 0.668334
0 0.946682 0.740560 0.954820 0.737170 0.973810 0.754462 0.978218 0.762940 0.963976 0.757514 0.957194 0.755140 0.950752 0.753784 0.944308 0.756496 0.940240 0.751072 0.941258 0.743950
0 0.939900 0.793458 0.947700 0.809054 0.953804 0.815836 0.961602 0.804986 0.966010 0.803630 0.959228 0.818550 0.957194 0.824314 0.959568 0.845336 0.957872 0.855170 0.948378 0.835504 0.946004 0.820922 0.936848 0.816854 0.930746 0.812106 0.930068 0.807360 0.932780 0.801596 0.936848 0.806682 0.942614 0.813124 0.939222 0.803968 0.937188 0.796848
0 0.951430 0.873820 0.935154 0.893148 0.935492 0.904676 0.943292 0.898912 0.950752 0.889078 0.957872 0.883992 0.970758 0.877550 0.984320 0.877210 0.993476 0.876532 0.995510 0.872464 0.988050 0.870430 0.972792 0.868056 0.967028 0.871446 0.957872 0.872802
0 0.916164 0.937906 0.928372 0.928074 0.942274 0.927734 0.951768 0.927734 0.959906 0.928074 0.963636 0.932142 0.963636 0.941298 0.963976 0.953166 0.959228 0.965034 0.953124 0.974868 0.944648 0.977918 0.950074 0.966390 0.954482 0.954862 0.955838 0.946044 0.954482 0.940958 0.949056 0.934516 0.940918 0.934176 0.931762 0.936550 0.920912 0.942654 0.916842 0.944010
1 0.320394 0.023736 0.330906 0.018988 0.340060 0.017632 0.336330 0.028484 0.328192 0.029840 0.323446 0.025432
1 0.336670 0.600180 0.343112 0.594076 0.358372 0.597806 0.358710 0.606282 0.357014 0.614420 0.346504 0.615776
1 0.451620 0.761244 0.450942 0.751750 0.455010 0.749716 0.470608 0.752766 0.478068 0.762600 0.474338 0.773112 0.457044 0.766330
1 0.313612 0.843642 0.324802 0.842964 0.334974 0.848728 0.339382 0.866700 0.334636 0.870090 0.320054 0.865682 0.311238 0.855510 0.310222 0.845336
0 0.560126 0.289916 0.554702 0.296360 0.549276 0.294664 0.548258 0.298734 0.552666 0.301784 0.545884 0.310262 0.552666 0.312296 0.561144 0.301784 0.567926 0.294664 0.570298 0.290596
1 0.705254 0.606282 0.716784 0.595770 0.724244 0.594076 0.732042 0.596788 0.737468 0.604588 0.740180 0.610690 0.736450 0.621542 0.722548 0.627644 0.709662 0.624254 0.706610 0.615438 0.705932 0.610012
1 0.688300 0.704278 0.699150 0.716824 0.707968 0.723606 0.719156 0.726318 0.726956 0.731404 0.733398 0.737848 0.728312 0.748020 0.719156 0.757514 0.714748 0.761584 0.700846 0.764974 0.689318 0.760904 0.681518 0.752766 0.678466 0.744628 0.681518 0.736490 0.687282 0.730048 0.683892 0.722588 0.682874 0.716824 0.682874 0.710042 0.683554 0.703260
1 0.461114 0.883992 0.467556 0.890774 0.473660 0.886366 0.476372 0.892470 0.469252 0.899930 0.462810 0.901624 0.460436 0.899252 0.463148 0.896200 0.460774 0.892130 0.460774 0.887384
1 0.008378 0.969934 0.010588 0.984516 0.009704 0.990260
1 0.520576 0.329466 0.530934 0.333906 0.538826 0.338344 0.536852 0.344262 0.530934 0.341304 0.529948 0.349196 0.526496 0.348208 0.522550 0.340318
1 0.886542 0.979028 0.902818 0.978042 0.908736 0.986920 0.896898 0.993332 0.888020 0.989386
1 0.168832 0.955876 0.171266 0.947966 0.183436 0.951008 0.185260 0.958918 0.176742 0.966218
1 0.532924 0.732142 0.534040 0.742188 0.535714 0.753348 0.529576 0.751674 0.516184 0.746652 0.522880 0.741630 0.526228 0.738840
1 0.620786 0.566422 0.632132 0.580200 0.632132 0.593166 0.624838 0.599650 0.611060 0.593166 0.606198 0.580200 0.609440 0.559128