0 0.018682 0.022078 0.031590 0.023778 0.037704 0.022418 0.039062 0.046196 0.038722 0.060462 0.047554 0.061142 0.042120 0.066916 0.041780 0.075408 0.041780 0.090014 0.041780 0.110394 0.042460 0.121942 0.037024 0.115490 0.033968 0.095448 0.033968 0.058084 0.032948 0.039402 0.031590 0.031590 0.013926 0.032948 0.001698 0.031930
1 0.040082 0.051290 0.047894 0.046196 0.060802 0.048914 0.069294 0.064878 0.066576 0.074388 0.054008 0.079484 0.044836 0.078464 0.042460 0.072010 0.048234 0.062840 0.045516 0.059104 0.040422 0.057066
0 0.021060 0.141984 0.028192 0.144702 0.039062 0.134850 0.041440 0.143002 0.037364 0.158968 0.046196 0.162364 0.061820 0.162364 0.061480 0.168818 0.047554 0.170516 0.056386 0.182404 0.057066 0.191236 0.052990 0.192256 0.041780 0.181386 0.038044 0.179348 0.030230 0.179008 0.022758 0.173234 0.015286 0.161684 0.013248 0.156930 0.018002 0.146400
0 0.003058 0.244904 0.010870 0.231658 0.021400 0.224864 0.032270 0.222486 0.040422 0.228940 0.041100 0.237092 0.023098 0.242188 0.015624 0.244904 0.022418 0.246264 0.028532 0.253736 0.021740 0.262568 0.009850 0.259510 0.004756 0.257134
0 0.012908 0.375340 0.026834 0.384850 0.033288 0.388248 0.039402 0.389606 0.049932 0.389606 0.057404 0.390624 0.061142 0.394362 0.044498 0.395380 0.046536 0.398438 0.054348 0.400476 0.047214 0.406930 0.037704 0.403872 0.027854 0.399796 0.018002 0.389606 0.007812 0.385530 0.000000 0.380774
0 0.006454 0.497622 0.024116 0.498642 0.033968 0.496264 0.038044 0.497282 0.038722 0.508492 0.044498 0.508152 0.056046 0.497962 0.060462 0.497622 0.056046 0.522418 0.056726 0.541780 0.061820 0.547214 0.049252 0.538722 0.040082 0.526494 0.033628 0.517664 0.023778 0.512228 0.016304 0.518002 0.003396 0.523438 0.008152 0.515624 0.018002 0.506454 0.015624 0.505774 0.004416 0.503058
0 0.027854 0.599524 0.036684 0.606318 0.041440 0.606998 0.042120 0.613790 0.046536 0.613452 0.054008 0.609376 0.060462 0.608016 0.064878 0.608016 0.056726 0.618886 0.050272 0.623642 0.046876 0.635530 0.049252 0.643002 0.049592 0.649456 0.045176 0.649116 0.040422 0.633492 0.036684 0.629076 0.032948 0.632472 0.031930 0.626020 0.032948 0.621264 0.030910 0.613112 0.025816 0.606998 0.023778 0.602582
0 0.034308 0.669158 0.046876 0.682066 0.050272 0.691576 0.050952 0.698370 0.048234 0.701766 0.043478 0.693614 0.040760 0.697690 0.042460 0.712296 0.042460 0.722486 0.038384 0.721808 0.037364 0.710938 0.037704 0.698030 0.029212 0.704484 0.031590 0.694294 0.035666 0.689198 0.038384 0.685462 0.031590 0.674252
0 0.031590 0.733696 0.048234 0.739470 0.056386 0.742866 0.051630 0.747622 0.043478 0.747962 0.054348 0.754756 0.064538 0.757472 0.075748 0.762908 0.068274 0.766304 0.047894 0.762908 0.040760 0.760530 0.033628 0.754756 0.026834 0.748980 0.029552 0.743206
0 0.035666 0.906930 0.040422 0.911006 0.045516 0.907608 0.044836 0.921876 0.043138 0.928328 0.045176 0.944972 0.040082 0.951426 0.048234 0.961616 0.045856 0.966712 0.035666 0.956862 0.029212 0.959240 0.021740 0.956862 0.031930 0.949728 0.033628 0.937160 0.034308 0.928328 0.024796 0.925612 0.016304 0.927990 0.013248 0.929688 0.013586 0.918138 0.020380 0.915422 0.033968 0.916780
0 0.256114 0.019362 0.253396 0.038722 0.248980 0.044836 0.251698 0.050952 0.240150 0.053668 0.241508 0.059104 0.239130 0.070312 0.247622 0.063858 0.251698 0.060462 0.260530 0.063180 0.265964 0.049932 0.264606 0.036684 0.263926 0.022758 0.259510 0.017664
0 0.255434 0.185122 0.266984 0.202106 0.276834 0.203464 0.282948 0.204484 0.273778 0.215014 0.255774 0.219090 0.240150 0.217392 0.239130 0.210258 0.240150 0.204824 0.250340 0.205842 0.256794 0.202446 0.257134 0.193614
0 0.259850 0.257812 0.251358 0.259172 0.244226 0.265624 0.242188 0.279212 0.243206 0.292120 0.251020 0.304348 0.252378 0.300952 0.248642 0.282948 0.250680 0.270380 0.259172 0.267664 0.273438 0.267664 0.273098 0.261888 0.277514 0.257134 0.279892 0.252038 0.278192 0.249320 0.272078 0.258152 0.263926 0.258152
0 0.238790 0.329144 0.247962 0.316916 0.255096 0.314538 0.261888 0.317256 0.269702 0.310462 0.273098 0.307404 0.276494 0.305366 0.273778 0.322010 0.276834 0.326766 0.270040 0.326426 0.263586 0.330164 0.263248 0.334240 0.256794 0.327446 0.254076 0.323710 0.248302 0.326426
0 0.257134 0.396740 0.256794 0.420516 0.257472 0.432744 0.263926 0.430366 0.268002 0.429688 0.265964 0.419158 0.266304 0.407608 0.268002 0.420856 0.269362 0.423574 0.274796 0.414742 0.272418 0.407608 0.270720 0.403532
0 0.268002 0.485734 0.258152 0.491848 0.244904 0.498642 0.246604 0.511888 0.247962 0.519362 0.252378 0.507134 0.255774 0.499660 0.265286 0.498980 0.271400 0.492528
0 0.257134 0.543818 0.269362 0.544498 0.272758 0.548574 0.276494 0.547214 0.277514 0.564198 0.278872 0.574388 0.276494 0.579144 0.268342 0.579824 0.260870 0.581522 0.254756 0.575748 0.253396 0.566576 0.254076 0.556386 0.255774 0.549932
0 0.241848 0.624320 0.259172 0.635530 0.267664 0.642324 0.268682 0.649796 0.256794 0.652854 0.256454 0.659646 0.265964 0.663384 0.280230 0.662704 0.290422 0.655230 0.294836 0.650476 0.293818 0.658968 0.273778 0.667798 0.254076 0.665760 0.249320 0.656250 0.250680 0.643002 0.249320 0.635870 0.242188 0.632812
0 0.253058 0.693954 0.268342 0.709578 0.272418 0.716712 0.274456 0.727242 0.278532 0.737092 0.277854 0.744226 0.271740 0.734376 0.266644 0.738112 0.263586 0.744226 0.257812 0.748642 0.255096 0.745584 0.262228 0.731318 0.257812 0.733016 0.253396 0.735054 0.249320 0.734036 0.257812 0.725204 0.260870 0.719430 0.258832 0.708560 0.253396 0.703124
1 0.249320 0.726222 0.236752 0.730298 0.231658 0.740150 0.230638 0.749320 0.233356 0.763586 0.236074 0.769362 0.253736 0.775476 0.267664 0.762908 0.263926 0.751358 0.260190 0.748302 0.254076 0.744904 0.255096 0.737092 0.252038 0.737432 0.249660 0.731318
1 0.261210 0.796196 0.267324 0.791100 0.281250 0.791100 0.289402 0.794498 0.290422 0.804688 0.284986 0.812500 0.271400 0.818954 0.263926 0.813520 0.260870 0.803328
0 0.251358 0.813520 0.246264 0.821332 0.242866 0.815558 0.234376 0.807066 0.233696 0.813180 0.236074 0.825408 0.235054 0.834240 0.237092 0.840692 0.244904 0.832202 0.247622 0.852242 0.250000 0.855298 0.254416 0.837976 0.253058 0.828804 0.255096 0.822690 0.260190 0.818954 0.260530 0.816236
0 0.262228 0.881794 0.264946 0.894362 0.259850 0.906590 0.247962 0.918478 0.238452 0.927650 0.253736 0.919836 0.269702 0.904552 0.277514 0.895040 0.271740 0.879756 0.265624 0.871942
1 0.231998 0.881794 0.246264 0.878736 0.253058 0.889266 0.249660 0.901154 0.242866 0.909646 0.230978 0.903872 0.228600 0.896740 0.229620 0.884850
0 0.272078 0.952106 0.269022 0.963994 0.264266 0.976222 0.263586 0.985734 0.266644 0.983696 0.275816 0.971468 0.279552 0.963654 0.280910 0.959918 0.286006 0.968410 0.288722 0.973506 0.293478 0.965014 0.289742 0.952786 0.288044 0.948710
1 0.294158 0.954824 0.308084 0.954824 0.313180 0.974184 0.308424 0.981658 0.295856 0.970448
0 0.418818 0.079144 0.429348 0.084240 0.436142 0.090014 0.442256 0.092730 0.445652 0.095788 0.436820 0.100884 0.434442 0.110394 0.431726 0.114470 0.424592 0.118206 0.419836 0.126020 0.418478 0.133492 0.415422 0.136548 0.412704 0.135870 0.413044 0.121604 0.421196 0.108016 0.424592 0.098846 0.417120 0.089334 0.409646 0.084240 0.415760 0.080842
0 0.401154 0.221468 0.419498 0.222826 0.427650 0.228600 0.432066 0.228940 0.437840 0.226222 0.441916 0.224864 0.448370 0.224184 0.446672 0.231658 0.445992 0.236074 0.453124 0.245244 0.439878 0.238452 0.429008 0.237772 0.413384 0.240828 0.405570 0.241508 0.397078 0.242866 0.393682 0.237772 0.403532 0.230638 0.398098 0.227582 0.395720 0.222486 0.397758 0.221468
0 0.415760 0.248980 0.430366 0.257134 0.438180 0.257812 0.459578 0.260190 0.468410 0.266304 0.469770 0.272418 0.448030 0.271060 0.434104 0.272758 0.425952 0.280910 0.422214 0.277514 0.422554 0.269022 0.418478 0.262228 0.414062 0.254076
0 0.394702 0.304008 0.409986 0.314198 0.426290 0.337976 0.432744 0.345448 0.433764 0.356658 0.435462 0.369566 0.436820 0.377718 0.434782 0.383832 0.426630 0.368546 0.422554 0.355298 0.418478 0.353260 0.413384 0.365828 0.408288 0.363452 0.409986 0.350544 0.415422 0.344770 0.411006 0.339674 0.408288 0.332202 0.404212 0.324048 0.398778 0.320992 0.394362 0.312840 0.393342 0.307744
0 0.400136 0.396740 0.424252 0.409986 0.433424 0.420856 0.435122 0.446672 0.431386 0.458220 0.435802 0.465692 0.440218 0.475204 0.434782 0.477242 0.426630 0.468750 0.414742 0.468410 0.414402 0.462636 0.421876 0.456862 0.424932 0.443614 0.424932 0.430366 0.417798 0.421536 0.412024 0.413722 0.406250 0.408968 0.398098 0.403532 0.395040 0.399116
0 0.425952 0.479280 0.439878 0.479620 0.449728 0.478940 0.452786 0.481318 0.443274 0.492528 0.443614 0.505434 0.444972 0.520380 0.446332 0.530230 0.448030 0.539402 0.450068 0.546536 0.442256 0.547554 0.433084 0.537704 0.427990 0.532270 0.424592 0.523778 0.427650 0.509172 0.427990 0.496942 0.426290 0.488112
0 0.443614 0.641304 0.434104 0.653532 0.423574 0.651834 0.413044 0.652854 0.406930 0.656590 0.402854 0.665082 0.409986 0.672214 0.417460 0.669836 0.427310 0.667120 0.432066 0.666440 0.437840 0.666100 0.446672 0.667460 0.455164 0.673914 0.467730 0.681386 0.474524 0.688180 0.477582 0.683424 0.474864 0.676630 0.463994 0.667798 0.455164 0.661684 0.444634 0.659308 0.442934 0.656250 0.448710 0.648098 0.449388 0.643682
0 0.419498 0.717392 0.442256 0.724864 0.448370 0.731318 0.456182 0.737432 0.464674 0.744904 0.468750 0.753396 0.469430 0.758832 0.465354 0.764606 0.456522 0.748980 0.450068 0.739810 0.446332 0.742188 0.442934 0.742866 0.443274 0.748980 0.434442 0.742866 0.429348 0.741508 0.422214 0.735054 0.417460 0.729960
0 0.424932 0.818274 0.435802 0.824048 0.440218 0.828124 0.459240 0.830502 0.469770 0.837976 0.468750 0.844770 0.457540 0.841372 0.448370 0.839674 0.434782 0.840014 0.431386 0.840014 0.423234 0.838654 0.420176 0.832880 0.420516 0.826426 0.421196 0.817596
0 0.419498 0.887568 0.432404 0.889946 0.438520 0.899796 0.444294 0.905910 0.448030 0.906930 0.447010 0.922554 0.448370 0.930706 0.451766 0.939538 0.455842 0.944634 0.458220 0.949048 0.456862 0.954824 0.451766 0.953464 0.446332 0.960258 0.441916 0.967392 0.438520 0.973166 0.436480 0.975884 0.434782 0.977242 0.434782 0.961616 0.434782 0.948030 0.440218 0.942934 0.443274 0.931386 0.437840 0.912704 0.434442 0.905910 0.426970 0.904212 0.421876 0.905230 0.416100 0.907608 0.407608 0.908968 0.403872 0.906930 0.406250 0.896740 0.414402 0.889606
0 0.663044 0.000340 0.663044 0.003736 0.674932 0.002378 0.680706 0.005096 0.689538 0.015286 0.689198 0.008832 0.700068 0.006114 0.707880 0.008152 0.708560 0.019022 0.708560 0.030230 0.710598 0.040760 0.715014 0.045516 0.718070 0.033968 0.719090 0.009172 0.714674 0.001698
0 0.664402 0.058424 0.686480 0.060462 0.697010 0.061820 0.702786 0.058764 0.698370 0.069972 0.695652 0.073370 0.695992 0.082202 0.694294 0.093070 0.699048 0.111074 0.691236 0.104620 0.686480 0.091032 0.683424 0.080164 0.679008 0.080164 0.672214 0.072690 0.664062 0.067934 0.658628 0.063520
0 0.679688 0.139606 0.668818 0.151154 0.664742 0.157608 0.659308 0.169498 0.659986 0.184782 0.661006 0.189538 0.667460 0.176970 0.672894 0.166440 0.678668 0.166100 0.687500 0.169836 0.689198 0.162364 0.690218 0.150476 0.694972 0.144022 0.701766 0.137568 0.700068 0.133152 0.689538 0.141984 0.684442 0.142324
0 0.688858 0.201426 0.694634 0.211278 0.704144 0.209578 0.716372 0.212976 0.726222 0.215354 0.728260 0.222146 0.709578 0.221808 0.705502 0.228940 0.701766 0.234714 0.692596 0.245584 0.688520 0.262908 0.690218 0.276834 0.687500 0.273438 0.685122 0.259172 0.687500 0.242866 0.690218 0.234376 0.691576 0.225544 0.689878 0.221128 0.687500 0.212976 0.685802 0.204824
0 0.689878 0.271400 0.696672 0.272418 0.704144 0.271060 0.711956 0.276494 0.718750 0.280570 0.709240 0.281590 0.699728 0.285326 0.696672 0.287024 0.688520 0.288384 0.685122 0.274456
0 0.678328 0.417798 0.683424 0.430366 0.673234 0.428328 0.664402 0.428668 0.657608 0.431046 0.662364 0.434442 0.674592 0.437500 0.681046 0.443954 0.693274 0.449728 0.698370 0.445312 0.694972 0.437840 0.690558 0.428668 0.688180 0.422554 0.681726 0.417460
0 0.681386 0.516644 0.702106 0.528532 0.715014 0.542798 0.716712 0.554008 0.710258 0.564538 0.701766 0.574388 0.695312 0.574048 0.704144 0.563858 0.710258 0.553328 0.702446 0.539742 0.693954 0.533628 0.688858 0.538722 0.685462 0.551970 0.684782 0.562160 0.681046 0.565218 0.676970 0.555366 0.681046 0.538722 0.684782 0.531250 0.686480 0.524456
0 0.683084 0.591712 0.697010 0.588316 0.703124 0.588316 0.708560 0.586616 0.710598 0.592730 0.700068 0.599184 0.697350 0.605978 0.700748 0.614470 0.691916 0.608016 0.687840 0.606658 0.689198 0.610394 0.696672 0.617528 0.704144 0.622282 0.692934 0.620244 0.684442 0.616848 0.680028 0.606318
0 0.684442 0.685462 0.697690 0.677990 0.705842 0.672894 0.717730 0.675612 0.720788 0.683764 0.722486 0.695652 0.723506 0.707202 0.716032 0.703464 0.711616 0.691236 0.709240 0.688180 0.699728 0.690896 0.695992 0.698030 0.693954 0.704484 0.688180 0.706182 0.677310 0.708220 0.680706 0.704484 0.690558 0.701766 0.693954 0.693274 0.692256 0.690218 0.687840 0.690558 0.682066 0.694634 0.679688 0.691236
0 0.693954 0.753058 0.697010 0.748642 0.697350 0.739810 0.702106 0.740150 0.710938 0.740150 0.720108 0.747622 0.727582 0.759172 0.731658 0.770040 0.729960 0.777514 0.727242 0.784986 0.722486 0.789402 0.715014 0.795516 0.710598 0.799932 0.707540 0.795856 0.713994 0.784646 0.720108 0.777174 0.723506 0.767664 0.721128 0.758152 0.715692 0.752718 0.708560 0.755096 0.699388 0.757812 0.695312 0.757134
0 0.690896 0.831522 0.700408 0.825748 0.711278 0.823030 0.715692 0.818274 0.727582 0.818274 0.739470 0.820312 0.737092 0.829144 0.728600 0.836278 0.719090 0.835598 0.717052 0.837636 0.713994 0.842730 0.707880 0.836616 0.703464 0.834578 0.692256 0.836956
0 0.696332 0.858016 0.702106 0.876020 0.705164 0.883492 0.710598 0.881454 0.714334 0.879076 0.720448 0.875340 0.727242 0.876020 0.716372 0.889266 0.711616 0.893342 0.707540 0.902514 0.708900 0.905570 0.694634 0.901154 0.684782 0.895380 0.679348 0.885190 0.687500 0.878396 0.699388 0.881794 0.691916 0.871942 0.687160 0.864470 0.690218 0.858016 0.692256 0.858016
0 0.707540 0.952106 0.705842 0.960938 0.702786 0.965692 0.696672 0.977242 0.698370 0.978260 0.706522 0.977582 0.708900 0.981998 0.705842 0.989810 0.703804 0.997282 0.711278 0.992188 0.713994 0.985394 0.722826 0.987432 0.726222 0.985054 0.722826 0.982676 0.717392 0.983696 0.715354 0.973506 0.721468 0.977582 0.727242 0.978940 0.730298 0.984376 0.733696 0.995584 0.740150 0.988452 0.741168 0.978940 0.740828 0.974184 0.732676 0.973846 0.724524 0.972486 0.719090 0.967392 0.717392 0.960938 0.715692 0.955164 0.711956 0.951086
0 0.828804 0.003396 0.843070 0.013586 0.844090 0.021400 0.844430 0.035666 0.846468 0.044498 0.842730 0.056386 0.837976 0.065218 0.833220 0.080502 0.848166 0.097826 0.852922 0.109714 0.858696 0.109714 0.859714 0.101902 0.857336 0.097146 0.866168 0.114810 0.878058 0.119904 0.871604 0.106998 0.863452 0.092052 0.858696 0.075068 0.870924 0.071332 0.870584 0.062840 0.859376 0.062840 0.851562 0.050272 0.852242 0.034986 0.853600 0.030570 0.859714 0.027854 0.860054 0.015624 0.854960 0.007134 0.842052 0.001358 0.823030 0.000680
0 0.831522 0.167460 0.839334 0.158968 0.849864 0.152174 0.862092 0.153532 0.867528 0.161346 0.871264 0.171196 0.871264 0.180706 0.870244 0.187160 0.865490 0.184782 0.860734 0.181386 0.852242 0.183424 0.849524 0.188858 0.848506 0.192256 0.845448 0.179688 0.843410 0.172894 0.839674 0.172894 0.832202 0.175612
0 0.842052 0.235734 0.830842 0.260530 0.826086 0.272418 0.825748 0.279892 0.831862 0.272418 0.835258 0.261888 0.840014 0.252378 0.844770 0.245584 0.846808 0.244904 0.852582 0.246942 0.855978 0.256114 0.857676 0.263586 0.868206 0.272078 0.873980 0.280910 0.872282 0.265286 0.865828 0.237432 0.869566 0.227582 0.867866 0.225544 0.860734 0.234714 0.850544 0.229620 0.844090 0.230978
0 0.860054 0.368206 0.859036 0.391984 0.857336 0.398098 0.850204 0.405570 0.850204 0.409986 0.855978 0.406930 0.859376 0.412364 0.863112 0.409646 0.868546 0.409308 0.871604 0.393002 0.872962 0.376020 0.873642 0.367528
0 0.848846 0.444634 0.859376 0.447010 0.865490 0.446332 0.871942 0.442256 0.874660 0.446332 0.881794 0.442256 0.881794 0.451086 0.866168 0.461278 0.856658 0.469430 0.849184 0.474864 0.842730 0.483696 0.834918 0.493886 0.834578 0.497282 0.830164 0.503396 0.827786 0.497282 0.832202 0.480978 0.842052 0.470108 0.840014 0.469430 0.826766 0.471808 0.824048 0.464674 0.846808 0.460258 0.855638 0.457540 0.845108 0.447350
0 0.848506 0.534986 0.858356 0.532270 0.867866 0.538384 0.875340 0.547894 0.874660 0.560122 0.873642 0.573370 0.873302 0.579824 0.872622 0.585598 0.870924 0.592730 0.867188 0.593750 0.867188 0.572010 0.862772 0.550612 0.856998 0.549252 0.844090 0.548574 0.843070 0.537364
0 0.885190 0.629756 0.875340 0.653532 0.870584 0.667460 0.867188 0.673574 0.863452 0.676970 0.856318 0.685462 0.850204 0.689878 0.842730 0.698370 0.837636 0.703804 0.840014 0.706862 0.854620 0.696672 0.864470 0.683764 0.874660 0.678328 0.882134 0.681386 0.886210 0.682744 0.884850 0.671196 0.884172 0.664062 0.890624 0.659308 0.886210 0.655570 0.887908 0.634510
0 0.845108 0.754416 0.866168 0.771060 0.869226 0.771400 0.868206 0.767324 0.873642 0.763248 0.878058 0.772078 0.877718 0.777854 0.885870 0.786684 0.891304 0.799932 0.894022 0.806386 0.887568 0.803328 0.878736 0.789742 0.871942 0.780910 0.865150 0.782948 0.859714 0.788384 0.854620 0.784646 0.860734 0.775816 0.851562 0.770380 0.846128 0.763248
0 0.871264 0.828124 0.878058 0.835598 0.879076 0.839674 0.889266 0.837976 0.899796 0.836278 0.886548 0.847826 0.883832 0.858696 0.883832 0.864810 0.882812 0.872282 0.877378 0.878736 0.875680 0.885870 0.873302 0.894362 0.871604 0.896400 0.871264 0.879076 0.874660 0.867528 0.874320 0.861074 0.877038 0.854280 0.876698 0.849864 0.872622 0.848166 0.866168 0.845788 0.864810 0.839674 0.865490 0.831522
0 0.867188 0.895720 0.870584 0.914742 0.868546 0.921536 0.869566 0.930706 0.877378 0.932744 0.893002 0.932066 0.909308 0.931726 0.912704 0.928668 0.904552 0.924252 0.885530 0.923914 0.883832 0.914402 0.887228 0.904212 0.883492 0.894022 0.880096 0.895380 0.879756 0.905570 0.876020 0.910666 0.873980 0.901834 0.874660 0.897078 0.870584 0.896060
0 0.843410 0.967392 0.855298 0.977242 0.867188 0.981658 0.876698 0.986074 0.889946 0.992866 0.896060 0.994566 0.862092 0.991508 0.852242 0.982336 0.846128 0.976222
1 0.236752 0.091032 0.265286 0.091712 0.265624 0.111414 0.265624 0.125000 0.265286 0.140286 0.261210 0.154212 0.261210 0.158628 0.255774 0.161346 0.253396 0.149456 0.249660 0.138926 0.246604 0.133832 0.233016 0.127378 0.230298 0.122282 0.235394 0.106658 0.235394 0.098846 0.235394 0.094430
1 0.195312 0.101562 0.200408 0.100204 0.209578 0.103600 0.212976 0.113452 0.211956 0.122282 0.209578 0.130096 0.200068 0.126698 0.192934 0.124320 0.189878 0.116168 0.190218 0.102582
1 0.112092 0.194294 0.127038 0.193954 0.125680 0.206522 0.122282 0.215014 0.109376 0.218410 0.103600 0.215354 0.101222 0.208900 0.100884 0.203464 0.109376 0.198030
1 0.199388 0.994904 0.210258 0.991508 0.224524 0.994226
1 0.346808 0.103940 0.358696 0.111074 0.367188 0.110734 0.371942 0.116508 0.364130 0.130434 0.360734 0.129756 0.352922 0.127378 0.346808 0.123980 0.343750 0.115150 0.343410 0.106998
1 0.288384 0.067934 0.295176 0.061142 0.298574 0.050612 0.300952 0.044498 0.303668 0.046536 0.306726 0.059782 0.310122 0.066916 0.304008 0.072690 0.294158 0.072690 0.290082 0.072690
1 0.662364 0.346808 0.667798 0.339334 0.683764 0.342052 0.689878 0.354960 0.687840 0.365828 0.677310 0.370584 0.665082 0.367866 0.660326 0.359376
1 0.637568 0.411006 0.650476 0.404892 0.664062 0.412024 0.666780 0.418818 0.661006 0.429688 0.647758 0.436142 0.643342 0.435802 0.637908 0.427650 0.634850 0.416100 0.634850 0.413384
1 0.592730 0.566236 0.595788 0.563520 0.605978 0.562500 0.613452 0.567596 0.616508 0.578124 0.610054 0.587296 0.598846 0.588994 0.594770 0.583900
1 0.626020 0.590014 0.632472 0.585938 0.648778 0.591712 0.656590 0.594090 0.658628 0.602242 0.649116 0.609036 0.642324 0.610394 0.624660 0.606658 0.624320 0.596468
1 0.620244 0.629756 0.630774 0.626020 0.642664 0.627038 0.641644 0.636548 0.632812 0.640286 0.625000 0.639266 0.621604 0.634510
1 0.622282 0.652854 0.636210 0.650136 0.643342 0.663384 0.637228 0.666780 0.627718 0.667120 0.619904 0.664742 0.617528 0.657948
1 0.623302 0.695992 0.636888 0.686142 0.650816 0.689198 0.653872 0.698710 0.639266 0.705164 0.625340 0.704144 0.623980 0.699728
1 0.647078 0.743206 0.652174 0.734376 0.661684 0.732336 0.679348 0.737772 0.687500 0.743206 0.689878 0.751698 0.690558 0.761548 0.685802 0.768342 0.676970 0.769362 0.666440 0.768342 0.659308 0.765286 0.654892 0.760190 0.651154 0.754756 0.646400 0.747622
1 0.451766 0.865490 0.459918 0.858356 0.466032 0.859714 0.471808 0.870924 0.462976 0.875680 0.454824 0.875000 0.450408 0.870584
1 0.623642 0.991168 0.633492 0.984036 0.645040 0.978260 0.656590 0.979960 0.667460 0.988790 0.625680 0.994226
1 0.748642 0.367528 0.763248 0.357336 0.776154 0.351562 0.785326 0.345448 0.800272 0.341372 0.807066 0.344430 0.804688 0.356318 0.798234 0.367188 0.793478 0.374320 0.787364 0.377378 0.775816 0.379076 0.769022 0.378058 0.760190 0.378396 0.757134 0.379416 0.749320 0.380096 0.746942 0.379416 0.745244 0.376358
1 0.984036 0.622962 0.973506 0.633492 0.974184 0.641644 0.974524 0.651154 0.978940 0.656250 0.994904 0.654212 0.997962 0.634172 0.997282 0.627378
1 0.827786 0.655570 0.829824 0.645040 0.839674 0.634850 0.846808 0.633492 0.853600 0.647078 0.851222 0.658968 0.849864 0.661006 0.841372 0.663044 0.828124 0.658968
1 0.506602 0.463620 0.513178 0.458360 0.525674 0.471512 0.528304 0.482034 0.514494 0.484664 0.507260 0.487294 0.500684 0.485322 0.498054 0.474800
1 0.960844 0.946662 0.964452 0.933780 0.969090 0.931202 0.980428 0.933264 0.985066 0.939964 0.985580 0.946148 0.977850 0.950270 0.964968 0.951816
0 0.271012 0.338632 0.264278 0.349138 0.261314 0.352370 0.257274 0.353448 0.252156 0.351562 0.246498 0.356142 0.245420 0.366380 0.247036 0.374462 0.254850 0.377156 0.260238 0.383620 0.264278 0.388200 0.274784 0.381196 0.278826 0.373114 0.275862 0.368534 0.267780 0.364224 0.268588 0.355604 0.275592 0.347252 0.277748 0.341864
1 0.040162 0.826796 0.044676 0.840336 0.051652 0.848132 0.050420 0.838284 0.049600 0.831720 0.054934 0.827616 0.054934 0.819000 0.042624 0.822282
1 0.747560 0.132182 0.756090 0.133460 0.759502 0.126638 0.768030 0.131328 0.769736 0.141136 0.758648 0.140710 0.747988 0.139430
1 0.935292 0.113538 0.944592 0.111212 0.956218 0.105786 0.958542 0.099974 0.965130 0.106950 0.967456 0.123226 0.955830 0.121288 0.947304 0.124000 0.945366 0.130200 0.937616 0.133688 0.933742 0.120900
1 0.680512 0.637654 0.684364 0.640404 0.692616 0.640404 0.689866 0.647558 0.679138 0.650308 0.674460 0.643430 0.673636 0.639580 0.677762 0.634904
1 0.305230 0.214598 0.301536 0.226908 0.297434 0.232242 0.302356 0.237166 0.305230 0.232652 0.308512 0.235114 0.312614 0.232652 0.313026 0.221984 0.309332 0.212956
1 0.368574 0.863572 0.385052 0.881988 0.402498 0.883928 0.411222 0.883928 0.413646 0.888290 0.407346 0.896044 0.397652 0.899436 0.375358 0.897012 0.370512 0.891682 0.364696 0.880534 0.361304 0.869872 0.361788 0.864056
1 0.440494 0.999118 0.457924 0.999630 0.467150 0.999630