0 0.118496 0.017864 0.103956 0.025134 0.100080 0.032888 0.095718 0.043550 0.093780 0.057606 0.104442 0.044034 0.111226 0.056636 0.112196 0.070206 0.114134 0.083776 0.120920 0.067782 0.122374 0.057120 0.119950 0.048882 0.114134 0.041128 0.117526 0.031434 0.124796 0.024164 0.132550 0.017380
0 0.104926 0.183128 0.109288 0.192822 0.113650 0.196698 0.131582 0.205906 0.138852 0.217054 0.139820 0.224808 0.127220 0.213176 0.121888 0.208330 0.113164 0.206876 0.107834 0.200092 0.102018 0.193306 0.092810 0.186036 0.090872 0.181190 0.098626 0.180220
0 0.109772 0.296052 0.122374 0.294598 0.133036 0.301382 0.138852 0.301382 0.150968 0.301382 0.138852 0.315436 0.134974 0.322222 0.129158 0.326100 0.123342 0.314952 0.125766 0.309136 0.130128 0.305260 0.121888 0.299928 0.118012 0.302352 0.121888 0.311560 0.116558 0.314952 0.111226 0.307682 0.105410 0.303806
0 0.117042 0.388618 0.118012 0.400734 0.115588 0.406550 0.106864 0.414304 0.099110 0.420120 0.088448 0.431752 0.085056 0.437568 0.092326 0.439022 0.101534 0.433690 0.119466 0.425936 0.123342 0.419636 0.128188 0.403642 0.124312 0.393466 0.122858 0.383288
0 0.113164 0.484578 0.125766 0.487002 0.138366 0.487002 0.150482 0.484094 0.156298 0.492818 0.149514 0.500572 0.138852 0.504450 0.130128 0.508326 0.125766 0.507842 0.123828 0.499602 0.115588 0.492332
0 0.118012 0.529650 0.120920 0.565030 0.118980 0.580054 0.114618 0.589746 0.108318 0.603316 0.109772 0.610102 0.125282 0.590232 0.130612 0.574722 0.132550 0.564546 0.139820 0.575692 0.154844 0.573754 0.163568 0.572300 0.174716 0.572300 0.161630 0.566484 0.151936 0.562606 0.144666 0.559214 0.141760 0.552430 0.145152 0.538858 0.138852 0.537406 0.136912 0.551460 0.133036 0.553882 0.134490 0.529650 0.130612 0.526742
0 0.123342 0.614464 0.119950 0.637242 0.112196 0.648874 0.110742 0.663898 0.118980 0.683768 0.127220 0.695400 0.133036 0.692976 0.142244 0.682798 0.139820 0.680376 0.131096 0.676498 0.126250 0.660020 0.128188 0.652750 0.133520 0.647420 0.143698 0.652266 0.148060 0.664868 0.151936 0.674560 0.153390 0.662928 0.150482 0.645966 0.150482 0.638696 0.147090 0.632396 0.151452 0.626580 0.158722 0.623672 0.153390 0.621734 0.140306 0.624642 0.132066 0.628518 0.128674 0.637726 0.128674 0.648390 0.124796 0.641120 0.126250 0.633850 0.129158 0.626580 0.131096 0.620764 0.129158 0.609618
0 0.095234 0.748710 0.097172 0.763250 0.106380 0.767612 0.115588 0.765674 0.122374 0.756466 0.126250 0.746288 0.129158 0.730778 0.134004 0.736110 0.133520 0.757434 0.134004 0.762766 0.139820 0.757920 0.149028 0.757920 0.154360 0.763250 0.163568 0.768096 0.161144 0.773912 0.148544 0.776820 0.132066 0.776336 0.119950 0.771004 0.111226 0.773912 0.104442 0.775852 0.097172 0.774398 0.090386 0.762280 0.090386 0.750164
0 0.124796 0.830616 0.136428 0.844186 0.136912 0.853394 0.154360 0.848548 0.166476 0.848064 0.168414 0.850972 0.149514 0.861148 0.135944 0.860180 0.134490 0.865510 0.139336 0.869872 0.141274 0.879566 0.134974 0.881504 0.128674 0.869388 0.129158 0.859694 0.129158 0.849518 0.127220 0.844186 0.112680 0.848548 0.113164 0.839824 0.120434 0.835948
0 0.128674 0.928514 0.125766 0.936268 0.119466 0.934816 0.113650 0.931908 0.113650 0.933846 0.117526 0.941116 0.114134 0.951294 0.106380 0.956624 0.115104 0.961956 0.131096 0.951294 0.138366 0.947900 0.141760 0.941116 0.147090 0.940146 0.149514 0.939176 0.144182 0.934330 0.147090 0.930454 0.149998 0.920760 0.144182 0.923668 0.138366 0.926576
0 0.407346 0.056152 0.401044 0.070206 0.393290 0.071176 0.388928 0.078930 0.385052 0.085714 0.402498 0.076506 0.412676 0.071660 0.425278 0.064390 0.437394 0.060998 0.437394 0.056152 0.423338 0.056152 0.415584 0.054698 0.411708 0.049850
0 0.419462 0.124970 0.427700 0.152596 0.429640 0.167620 0.419462 0.162288 0.414130 0.150172 0.406860 0.142418 0.411708 0.130786 0.413646 0.126910
0 0.387960 0.267942 0.406860 0.284904 0.415584 0.294598 0.430124 0.283934 0.429640 0.267942 0.432546 0.262126 0.438848 0.257280 0.443694 0.260188 0.438362 0.280058 0.421400 0.304774 0.421884 0.319314 0.423824 0.323676 0.412676 0.314952 0.404438 0.309136 0.398622 0.301866 0.390868 0.294598 0.383598 0.281028
0 0.397652 0.383288 0.382144 0.394918 0.379720 0.406066 0.382628 0.415758 0.384566 0.412850 0.393290 0.395888 0.401530 0.390558 0.409284 0.390072 0.421400 0.392980 0.431092 0.391042 0.433032 0.385710 0.431578 0.377472 0.419462 0.377956 0.411222 0.382318 0.405406 0.379894
0 0.410738 0.457922 0.418492 0.449200 0.426732 0.440476 0.438848 0.439506 0.452418 0.444352 0.457748 0.448230 0.448056 0.452592 0.435940 0.450168 0.426732 0.458892 0.416554 0.466646 0.407346 0.470040
0 0.401044 0.525288 0.415584 0.519474 0.425762 0.506388 0.439816 0.504450 0.446602 0.504450 0.434000 0.516566 0.424308 0.525288 0.423338 0.533528 0.420430 0.533528 0.407830 0.532558 0.404438 0.531590
0 0.398622 0.580538 0.410738 0.582962 0.423824 0.587808 0.437878 0.597986 0.441270 0.610586 0.429154 0.612040 0.419946 0.601378 0.415584 0.594108 0.412676 0.591686 0.402498 0.592654 0.386020 0.594594 0.393776 0.588292
0 0.410254 0.652266 0.427216 0.659052 0.436424 0.670682 0.442240 0.676498 0.443694 0.686192 0.442240 0.697822 0.439332 0.707516 0.434486 0.705578 0.432546 0.689100 0.429640 0.680376 0.424792 0.672622 0.411708 0.668260 0.398622 0.665836 0.390382 0.664868 0.395714 0.659536 0.406376 0.660020 0.411222 0.662444
0 0.407346 0.739502 0.417522 0.739502 0.430608 0.739502 0.442240 0.741442 0.454356 0.745318 0.447570 0.750164 0.432062 0.749196 0.425762 0.751618 0.412192 0.755012 0.402014 0.752588 0.399590 0.747256
0 0.424792 0.801052 0.415584 0.811230 0.409768 0.814622 0.406860 0.830616 0.411222 0.830616 0.419946 0.821408 0.427700 0.812200 0.437878 0.803960 0.435940 0.799598
0 0.420430 0.956140 0.410254 0.978434 0.400560 0.992004 0.401044 0.999274 0.422854 0.979402 0.430608 0.965348 0.442240 0.956140 0.447570 0.948870 0.445148 0.938208 0.438848 0.941600 0.434970 0.949840 0.424792 0.952746
0 0.592964 0.072144 0.573580 0.088138 0.583756 0.092984 0.586664 0.097830 0.577940 0.113340 0.567764 0.109946 0.558554 0.112854 0.570186 0.123032 0.569702 0.130786 0.565824 0.140964 0.576486 0.148234 0.581818 0.149688 0.593450 0.159380 0.598780 0.151142 0.597326 0.142902 0.589572 0.132726 0.588118 0.122064 0.593450 0.107524 0.603142 0.095892 0.612836 0.079898 0.619620 0.068752 0.613804 0.068268 0.602658 0.063420
0 0.589088 0.266004 0.588604 0.281996 0.586180 0.297506 0.581818 0.307682 0.582788 0.314468 0.591026 0.316890 0.593450 0.301866 0.600234 0.296052 0.603628 0.286842 0.600720 0.268910 0.595872 0.261642
0 0.579394 0.354208 0.591510 0.366324 0.602658 0.374080 0.613804 0.382318 0.626890 0.392496 0.619136 0.399280 0.602174 0.392980 0.591510 0.384256 0.585696 0.383772 0.581334 0.385226 0.574064 0.381348 0.569218 0.372140 0.568732 0.359056
0 0.622044 0.412366 0.601204 0.425936 0.591026 0.436114 0.582302 0.450654 0.583272 0.475370 0.584242 0.482640 0.587634 0.483124 0.591026 0.461800 0.593450 0.455016 0.606050 0.454530 0.616228 0.446776 0.625920 0.429814 0.620106 0.424482
0 0.586664 0.501056 0.591996 0.512688 0.589088 0.530136 0.591996 0.542736 0.599266 0.532074 0.603628 0.520928 0.607020 0.506388 0.607988 0.498148 0.600234 0.503480 0.593934 0.492332 0.586180 0.495240 0.583272 0.505418
0 0.602174 0.596532 0.591026 0.607194 0.586180 0.620764 0.583756 0.636758 0.591996 0.631912 0.603142 0.619794 0.611382 0.622702 0.617682 0.629004 0.620590 0.621734 0.613320 0.610102
0 0.601688 0.660990 0.611382 0.653720 0.623012 0.650328 0.634160 0.642088 0.638522 0.636758 0.639490 0.646936 0.627374 0.659052 0.612350 0.673106 0.600720 0.679406 0.591996 0.684252 0.585210 0.691522 0.577940 0.699762 0.574548 0.701700 0.570186 0.697338 0.579880 0.684252 0.590056 0.670682
0 0.605566 0.716240 0.600720 0.735140 0.593934 0.742896 0.586180 0.752104 0.578426 0.765188 0.576972 0.772944 0.591996 0.763250 0.599750 0.751134 0.598780 0.757920 0.603142 0.759858 0.609442 0.762280 0.616712 0.752104 0.621560 0.732232 0.620106 0.725932 0.612350 0.723510 0.611382 0.715270
0 0.577456 0.798630 0.600234 0.794268 0.605566 0.796206 0.610896 0.798144 0.621074 0.792330 0.623982 0.796206 0.617198 0.806868 0.623012 0.809292 0.627860 0.815592 0.622528 0.821892 0.613804 0.813168 0.606534 0.810746 0.595872 0.811230 0.584726 0.813654 0.573094 0.810260 0.573094 0.801538
0 0.567764 0.881504 0.586180 0.876172 0.605082 0.880050 0.609442 0.885866 0.609928 0.891196 0.619620 0.891682 0.628828 0.889258 0.639006 0.881020 0.642398 0.888774 0.627860 0.899436 0.624952 0.899920 0.633676 0.911552 0.635614 0.917852 0.627374 0.923668 0.621074 0.908644 0.610896 0.901860 0.605566 0.900406 0.598296 0.901860 0.598780 0.911552 0.591510 0.912036 0.592964 0.897498 0.598296 0.889258 0.593450 0.882474 0.576002 0.885866 0.569218 0.886350
0 0.613320 0.948386 0.620590 0.957108 0.623982 0.969710 0.625436 0.980856 0.617682 0.982310 0.617682 0.992004 0.616712 0.999758 0.609442 0.990064 0.607504 0.978434 0.600720 0.980372 0.603142 0.972618 0.609442 0.965832 0.607504 0.959532 0.604596 0.950324
0 0.799908 0.030464 0.810572 0.027556 0.816872 0.024650 0.822688 0.021256 0.818810 0.033858 0.815418 0.040158 0.823656 0.058090 0.825110 0.065844 0.812510 0.062452 0.807664 0.048882 0.800878 0.039188
0 0.806210 0.113824 0.816386 0.111886 0.828988 0.114308 0.828504 0.121578 0.834318 0.115762 0.853220 0.109462 0.844982 0.118670 0.834804 0.130786 0.840620 0.136118 0.844012 0.155018 0.844012 0.161804 0.835772 0.150172 0.832380 0.135634 0.824626 0.133694 0.820748 0.135634 0.812510 0.125456 0.808632 0.125940 0.805724 0.140480 0.799908 0.134180 0.803302 0.118186
0 0.790700 0.181190 0.811056 0.185068 0.818326 0.189428 0.824626 0.185068 0.830926 0.187006 0.831410 0.197184 0.841104 0.196214 0.850312 0.195730 0.853220 0.199606 0.848858 0.210268 0.837712 0.215600 0.817840 0.214146 0.810086 0.212208 0.800878 0.200092 0.793124 0.188944
0 0.807664 0.294598 0.822202 0.282966 0.831896 0.274726 0.847404 0.268426 0.861944 0.266488 0.849828 0.283450 0.833834 0.291204 0.824626 0.297020 0.818326 0.301866 0.799908 0.310590
0 0.833350 0.432236 0.826080 0.452592 0.821718 0.469070 0.818810 0.479732 0.821234 0.482640 0.835772 0.456954 0.840134 0.448714 0.847404 0.445806 0.856128 0.446292 0.856612 0.438538 0.850312 0.437084 0.842074 0.439506
0 0.822688 0.498634 0.812994 0.511718 0.819780 0.519958 0.827050 0.528196 0.825596 0.536436 0.807664 0.545160 0.802332 0.553398 0.805240 0.566968 0.811540 0.575208 0.815902 0.555336 0.825596 0.542252 0.840134 0.533044 0.844012 0.526258 0.831896 0.521896 0.825596 0.513658 0.827050 0.505418 0.830442 0.501056
0 0.833834 0.589746 0.828504 0.598956 0.825596 0.615918 0.836258 0.613494 0.849828 0.601862 0.844496 0.588292
0 0.836258 0.633850 0.832864 0.648390 0.826564 0.656628 0.820264 0.658082 0.816386 0.669228 0.828504 0.669714 0.830926 0.679892 0.836742 0.701700 0.836258 0.710908 0.843042 0.681830 0.845466 0.673590 0.853220 0.676498 0.859520 0.668260 0.851282 0.665352 0.838680 0.664382 0.842558 0.649842 0.843528 0.641604 0.843042 0.628518
1 0.812994 0.662928 0.806210 0.680860 0.813478 0.688130 0.824626 0.681344 0.828504 0.678922 0.828504 0.673106 0.819780 0.668744 0.813964 0.667774
0 0.827050 0.709940 0.838680 0.716240 0.849342 0.710908 0.855644 0.713332 0.857582 0.724478 0.845950 0.734172 0.834318 0.747742 0.833350 0.762280 0.830442 0.770036 0.828504 0.751134 0.825110 0.757920 0.821234 0.748710 0.828018 0.734656 0.831896 0.727872 0.828018 0.719148
0 0.854190 0.781666 0.840134 0.796690 0.833350 0.809292 0.834318 0.821892 0.833834 0.844670 0.842558 0.835462 0.845466 0.818500 0.845466 0.808322 0.848858 0.801052 0.869214 0.790876 0.873576 0.788936 0.866790 0.780698 0.858066 0.777790
0 0.852250 0.957594 0.827050 0.976010 0.823656 0.990550 0.830926 0.993458 0.840134 0.977948 0.854190 0.969710 0.861458 0.963894
1 0.072940 0.063420 0.084570 0.054698 0.098626 0.053728 0.102988 0.051304 0.109772 0.057120 0.110742 0.068268 0.106864 0.079414 0.096686 0.085714 0.087478 0.095408 0.078270 0.099770 0.077786 0.077960
1 0.083602 0.106554 0.097172 0.098800 0.109772 0.108008 0.117526 0.120124 0.107834 0.138056 0.092326 0.139510 0.083116 0.125940
1 0.002666 0.396372 0.007996 0.386680 0.020598 0.392496 0.023506 0.406550 0.013328 0.411882 0.001212 0.404128
1 0.073908 0.374080 0.086510 0.371172 0.104926 0.380864 0.102502 0.393466 0.092810 0.401704 0.080208 0.404612 0.071970 0.397342 0.071000 0.380380
1 0.005574 0.430298 0.005574 0.441930 0.007996 0.450168 0.009936 0.447746 0.015266 0.447260 0.015752 0.439022 0.016236 0.430298
1 0.020112 0.680376 0.023506 0.700730 0.028836 0.697338 0.035136 0.694430 0.042892 0.684738 0.033198 0.686192 0.029806 0.681344 0.024960 0.678438
1 0.032228 0.780212 0.040952 0.787482 0.035622 0.797176 0.022052 0.792814 0.022536 0.786028 0.023990 0.781182 0.026414 0.778758
1 0.044830 0.823832 0.057916 0.821408 0.077302 0.824800 0.079240 0.827224 0.071000 0.838370 0.060338 0.842732 0.050646 0.841278 0.042406 0.834978
1 0.044830 0.897012 0.039984 0.901860 0.035622 0.905736 0.032714 0.907674 0.039498 0.911552 0.052100 0.913490 0.059370 0.907190 0.050646 0.904282
1 0.017690 0.950324 0.025928 0.950324 0.033682 0.963894 0.031260 0.970194 0.010420 0.977464 0.013328 0.956624
1 0.140306 0.260188 0.164538 0.254372 0.170838 0.254856 0.177138 0.265034 0.181500 0.276180 0.178592 0.288296 0.173262 0.297990 0.153876 0.294112 0.145636 0.284904 0.139820 0.270850
1 0.347250 0.060028 0.354034 0.065844 0.362758 0.070690 0.372450 0.072144 0.356458 0.077476 0.350642 0.079414 0.342888 0.087168 0.346764 0.075536 0.343856 0.068752
1 0.366150 0.243710 0.365182 0.255340 0.357912 0.262126 0.370996 0.257280 0.376812 0.255340 0.370512 0.247586
1 0.373904 0.300412 0.372936 0.313014 0.370512 0.324160 0.375358 0.322706 0.381174 0.319314 0.386020 0.317860 0.384082 0.307682
1 0.374874 0.333368 0.384082 0.337246 0.388444 0.333368 0.393290 0.337246 0.386990 0.347424 0.378752 0.349846 0.372450 0.342578
1 0.374390 0.552430 0.383598 0.548068 0.392806 0.555336 0.393290 0.561638 0.384082 0.568908 0.376812 0.560668
1 0.386020 0.931422 0.389414 0.943538 0.394744 0.957594 0.389414 0.958562 0.384082 0.950324 0.380690 0.944508
1 0.058884 0.978918 0.069546 0.987642 0.056946 0.996366
1 0.363242 0.988610 0.371482 0.988610 0.375844 0.976980 0.379236 0.976010 0.384566 0.982310 0.385052 0.991034 0.376328 0.995396 0.365666 0.997334
1 0.553224 0.003324 0.553708 0.023196 0.544500 0.034826 0.543530 0.040642 0.559040 0.028042 0.566794 0.016894 0.576002 0.020288 0.580364 0.029980 0.590542 0.029010 0.607020 0.029496 0.612350 0.026588 0.588604 0.013986 0.585210 0.003324 0.576002 0.001870
1 0.508152 0.159380 0.520268 0.159380 0.524146 0.167136 0.523660 0.173920 0.512998 0.176344 0.504760 0.171496
1 0.534808 0.263096 0.541108 0.267456 0.545954 0.260672 0.552254 0.262610 0.554194 0.266488 0.545954 0.276666 0.539654 0.283450 0.534808 0.289750 0.528506 0.288296 0.528992 0.277150 0.529476 0.267456
1 0.518814 0.392496 0.524146 0.405582 0.527052 0.415758 0.522206 0.421574 0.514452 0.414304 0.510574 0.409458 0.512514 0.401220 0.513968 0.393466
1 0.519298 0.534982 0.527538 0.529166 0.539654 0.523350 0.544500 0.526742 0.544984 0.536436 0.545470 0.544190 0.536262 0.544190 0.526084 0.540798
1 0.475196 0.627550 0.486342 0.626580 0.494582 0.624156 0.496036 0.634334 0.492158 0.644028 0.482950 0.649358 0.479072 0.643542 0.475680 0.638212
1 0.465502 0.639666 0.471804 0.645966 0.477134 0.648874 0.468410 0.660990 0.462594 0.659536 0.459688 0.652266 0.458718 0.644028 0.458718 0.640634
1 0.499428 0.493786 0.509122 0.502996 0.505728 0.511234 0.496520 0.505418 0.496520 0.498634 0.497004 0.498634
1 0.525600 0.722056 0.532384 0.725932 0.541592 0.719148 0.544500 0.717208 0.552254 0.723510 0.541592 0.733686 0.529960 0.741926 0.531414 0.750164 0.525600 0.741926 0.524146 0.730294 0.518814 0.727386
1 0.480042 0.785060 0.490220 0.799114 0.497974 0.805414 0.498458 0.793298 0.508636 0.798630 0.513968 0.808806 0.523660 0.807354 0.529960 0.810746 0.508636 0.816076 0.495550 0.820438 0.487312 0.814622 0.474712 0.804930 0.475196 0.793298
1 0.553708 0.814138 0.556132 0.836916 0.562916 0.843702 0.568248 0.843702 0.567278 0.833040 0.574064 0.824800 0.578426 0.820924 0.568732 0.817046 0.564856 0.820438 0.560008 0.808322 0.557102 0.806384 0.553224 0.809292
1 0.552254 0.878112 0.562432 0.871812 0.570672 0.866964 0.576486 0.864542 0.573094 0.875688 0.565824 0.882958 0.562916 0.890228 0.560494 0.899920 0.555162 0.903314 0.553224 0.892650 0.552740 0.882958
1 0.652576 0.983764 0.670508 0.964378 0.686016 0.967772 0.685048 0.981342 0.672446 0.995880 0.658876 0.990064
1 0.549346 0.982796 0.562916 0.985702 0.570672 0.985218 0.567764 0.991518 0.559040 0.999274 0.552740 0.999758 0.544500 0.989580
0 0.415584 0.901860 0.426246 0.892650 0.434486 0.883928 0.442240 0.878112 0.455326 0.878112 0.453386 0.883442 0.437394 0.890712 0.430608 0.896044 0.424792 0.904282 0.422370 0.910582 0.415584 0.910582
0 0.504760 0.842248 0.504274 0.858240 0.504760 0.869388 0.505244 0.877626 0.508636 0.869872 0.518330 0.868418 0.518330 0.863572 0.516390 0.851940 0.512514 0.843702
1 0.706856 0.013986 0.687470 0.029010 0.691832 0.050820 0.708310 0.046942 0.730604 0.038704 0.734482 0.033858 0.728666 0.024650 0.717518 0.016410
1 0.758714 0.004778 0.758714 0.019802 0.769860 0.034342 0.783430 0.036766 0.791670 0.010594 0.791670 0.001870 0.777344 0.000000 0.766468 0.000416
0 0.991344 0.069722 0.975350 0.085230 0.972444 0.097346 0.982136 0.095408 0.991828 0.083292 0.997160 0.075052
0 0.991828 0.130786 0.975350 0.144356 0.964204 0.164712 0.960812 0.171496 0.965174 0.172950 0.980198 0.160834 0.987468 0.154534 0.996190 0.146296 0.997644 0.134664
1 0.703464 0.354694 0.718488 0.341124 0.729150 0.336762 0.728666 0.355662 0.722366 0.369232 0.716066 0.379894 0.710250 0.392496 0.700072 0.400250 0.693286 0.383772 0.704434 0.374080 0.709280 0.367778 0.708796 0.362448
1 0.748052 0.331430 0.756290 0.328522 0.765014 0.334822 0.766952 0.347908 0.760652 0.349846 0.752898 0.346454
1 0.827534 0.407036 0.838196 0.400734 0.848374 0.407520 0.841588 0.428844 0.836742 0.430782 0.828018 0.428360 0.823656 0.411396
1 0.959842 0.306228 0.970990 0.306228 0.979228 0.317860 0.979228 0.326100 0.973896 0.326584 0.965174 0.322706 0.959358 0.318830 0.954996 0.314468
1 0.949664 0.349362 0.959358 0.342092 0.966628 0.347424 0.963720 0.355662 0.944818 0.362448 0.941910 0.357116 0.941910 0.349846
1 0.957904 0.439506 0.973412 0.435630 0.974866 0.450654 0.974866 0.455500 0.961296 0.451622 0.953542 0.446776 0.951604 0.441930
1 0.863882 0.412366 0.868244 0.394434 0.874544 0.393466 0.883268 0.404128 0.885692 0.408490 0.883752 0.418666 0.868728 0.419152
1 0.794578 0.589262 0.799908 0.579084 0.806210 0.574722 0.820748 0.572784 0.828018 0.576176 0.833350 0.582478 0.835288 0.591686 0.832864 0.598470 0.828018 0.602348 0.817356 0.605256 0.806694 0.602348 0.797970 0.597502
1 0.819780 0.559214 0.825596 0.547098 0.835288 0.543220 0.838196 0.537890 0.841588 0.534012 0.848374 0.526258 0.853704 0.517534 0.857098 0.514626 0.861944 0.514626 0.857098 0.532074 0.850312 0.542736 0.846434 0.551944 0.844496 0.562606 0.841104 0.570846 0.839650 0.553398 0.840620 0.547098 0.830926 0.555822 0.826564 0.562122 0.821718 0.566484
1 0.899262 0.497180 0.907986 0.485548 0.916708 0.482640 0.920586 0.486032 0.916224 0.499118 0.910408 0.504934 0.904592 0.503964
1 0.914286 0.531590 0.918648 0.524804 0.927856 0.518020 0.937548 0.523834 0.939002 0.536920 0.928340 0.538858 0.924464 0.539828 0.914286 0.538858 0.911378 0.536920
1 0.944334 0.531104 0.944818 0.543220 0.947726 0.551460 0.958872 0.539828 0.963234 0.534498 0.957418 0.534012 0.954512 0.527712 0.950634 0.525774
1 0.870182 0.551944 0.878422 0.556306 0.884722 0.555336 0.891022 0.556790 0.886176 0.566484 0.879876 0.575692 0.871636 0.569392 0.866306 0.556790
1 0.923978 0.561152 0.923978 0.565514 0.924948 0.580054 0.930764 0.582478 0.939002 0.581508 0.939488 0.577146 0.937064 0.569876 0.934640 0.563576 0.934640 0.557760 0.928824 0.561638
1 0.942394 0.614948 0.954026 0.629488 0.960812 0.637242 0.965174 0.638696 0.961780 0.624156 0.962266 0.612040 0.962750 0.607678 0.948210 0.607678 0.945302 0.611072
1 0.921556 0.600894 0.923978 0.594108 0.937548 0.591686 0.941426 0.592654 0.937064 0.605256 0.932702 0.610102 0.922040 0.608164
1 0.940940 0.630942 0.939488 0.644028 0.943848 0.653720 0.951604 0.650328 0.953542 0.636758 0.954996 0.631426
1 0.954512 0.654204 0.954996 0.673106 0.967112 0.674560 0.972444 0.671652 0.973412 0.659536 0.967112 0.655658
0 0.971958 0.685706 0.991344 0.692492 0.998046 0.699218 0.997160 0.713332 0.987952 0.709454 0.976804 0.703638 0.968082 0.699762
1 0.907016 0.730294 0.904108 0.739988 0.911378 0.746288 0.917678 0.746772 0.922524 0.738534 0.917678 0.733686
1 0.944334 0.753558 0.952088 0.746772 0.962750 0.741926 0.970990 0.740472 0.973896 0.748226 0.962266 0.759374 0.956450 0.763734 0.944818 0.763734 0.937548 0.759374
1 0.823172 0.874718 0.812994 0.891196 0.817840 0.907190 0.842558 0.905252 0.849342 0.907190 0.843528 0.896528 0.838680 0.889258 0.838196 0.878112 0.834804 0.870842 0.830926 0.868904
1 0.910892 0.833040 0.913316 0.846124 0.938518 0.847578 0.937064 0.842248 0.929310 0.831100 0.924464 0.826254 0.911378 0.827708
1 0.907016 0.921730 0.919132 0.909128 0.925916 0.900890 0.929794 0.893136 0.935126 0.886350 0.942880 0.883928 0.950634 0.881988 0.959358 0.881988 0.964688 0.881504 0.955966 0.897498 0.952572 0.903798 0.940456 0.917368 0.934156 0.928030 0.932218 0.934330 0.928340 0.938208 0.917194 0.932392
1 0.880844 0.852910 0.887630 0.867934 0.895868 0.873750 0.903624 0.869872 0.903624 0.865510 0.895384 0.865026
1 0.827050 0.932876 0.839166 0.928030 0.845950 0.915914 0.840620 0.910582 0.822202 0.920276 0.821718 0.925606
1 0.876968 0.227716 0.871152 0.240316 0.882298 0.243710 0.889084 0.240802 0.888600 0.223838 0.883268 0.225292
1 0.831896 0.340154 0.842558 0.328038 0.848374 0.325614 0.843528 0.338216 0.844496 0.345000 0.838680 0.358086 0.833350 0.347908
1 0.747082 0.504450 0.751444 0.485548 0.762592 0.483124 0.766952 0.485548 0.767922 0.487972 0.755806 0.502996
1 0.601204 0.843216 0.599266 0.831100 0.600234 0.825284 0.609442 0.826254 0.614774 0.824800 0.623982 0.821408 0.623012 0.829646 0.613804 0.838370 0.611866 0.842248 0.611382 0.845640 0.606050 0.849032
1 0.522160 0.568364 0.529348 0.567964 0.535340 0.569962 0.542130 0.567564 0.542530 0.576352 0.534542 0.578748 0.529748 0.586736 0.523758 0.574754
1 0.586864 0.698972 0.579276 0.712152 0.579276 0.718142 0.584868 0.712552 0.592856 0.712152 0.597248 0.708956 0.595652 0.705762 0.590858 0.698572
1 0.179292 0.961156 0.179292 0.951940 0.183242 0.950184 0.191142 0.948428 0.191582 0.954574 0.185438 0.959402 0.189388 0.966862 0.182804 0.964230