1 0.002660 0.067764 0.019974 0.070534 0.031748 0.077460 0.039368 0.087850 0.041446 0.103778 0.039368 0.116938 0.027594 0.123864 0.015126 0.121786 0.005430 0.112782 0.001274 0.106550
1 0.145232 0.048410 0.124366 0.050080 0.111846 0.058426 0.114350 0.077624 0.131878 0.090144 0.154414 0.097656 0.162760 0.097656 0.166934 0.082632 0.163596 0.060096 0.161092 0.051750
1 0.131044 0.125200 0.138556 0.142728 0.143564 0.149406 0.172776 0.149406 0.178620 0.144398 0.176116 0.128538 0.156918 0.125200 0.141894 0.121026
1 0.119358 0.163596 0.131044 0.167768 0.143564 0.173612 0.155248 0.174446 0.151076 0.162760 0.149406 0.157752 0.141894 0.159422 0.134382 0.157752 0.128538 0.157752
1 0.112680 0.187800 0.120192 0.191974 0.126034 0.184462 0.135216 0.186966 0.137720 0.197816 0.138556 0.206164 0.125200 0.206998 0.115184 0.202824 0.110176 0.195312
1 0.102664 0.252904 0.087640 0.247896 0.076790 0.246228 0.069278 0.249566 0.081798 0.260416 0.072616 0.263756 0.061766 0.264590 0.060930 0.271268 0.075120 0.274606 0.085970 0.271268 0.093482 0.265424
1 0.106838 0.277110 0.100160 0.290464 0.107672 0.300480 0.118522 0.312166 0.121862 0.321348 0.111846 0.329694 0.096822 0.334702 0.084302 0.331364 0.075120 0.314670 0.072616 0.301316 0.072616 0.288796 0.079294 0.277944 0.093482 0.272936 0.102664 0.268764
1 0.117698 0.471524 0.123358 0.477752 0.127888 0.485678 0.133548 0.490772 0.136946 0.494736 0.127322 0.494736 0.118830 0.494168 0.122792 0.489074 0.117698 0.482280
0 0.002208 0.542856 0.010700 0.544554 0.016928 0.541724 0.026552 0.545686 0.039006 0.551348 0.043534 0.554744 0.029382 0.557574 0.027118 0.562670 0.016928 0.562670 0.019758 0.558706 0.020324 0.554178 0.010700 0.556442 0.002208 0.554744 0.000000 0.550782
0 0.002774 0.614188 0.007302 0.620980 0.016360 0.624944 0.028816 0.630604 0.033910 0.636266 0.040138 0.643626 0.046366 0.651552 0.047498 0.659476 0.046932 0.668534 0.044100 0.677026 0.040138 0.675328 0.041836 0.662874 0.040138 0.653250 0.032778 0.647022 0.024286 0.641928 0.022022 0.644192 0.025986 0.657778 0.028816 0.665138 0.027118 0.670800 0.019758 0.664006 0.014662 0.656080 0.014096 0.646456 0.014096 0.641360 0.003906 0.638530 0.000510 0.636832
0 0.009568 0.680990 0.019758 0.687216 0.024286 0.692878 0.029948 0.691746 0.033344 0.700804 0.034476 0.710428 0.035044 0.719486 0.033910 0.723448 0.037874 0.728544 0.037874 0.733072 0.029382 0.732506 0.023154 0.730242 0.015794 0.725148 0.010700 0.715524 0.009002 0.708730 0.001642 0.709296 0.001076 0.694576 0.007302 0.696274 0.004472 0.688350
0 0.002208 0.759680 0.014096 0.760812 0.021456 0.767040 0.022022 0.773834 0.014096 0.778362 0.011266 0.783458 0.005604 0.781194 0.000510 0.785156 0.001076 0.773268 0.008436 0.769304 0.001076 0.766474
0 0.019758 0.820256 0.038440 0.823086 0.033910 0.827616 0.033344 0.836674 0.049762 0.840636 0.052026 0.844600 0.055990 0.852524 0.042402 0.846298 0.028816 0.845166 0.026552 0.855356 0.021456 0.864414 0.000000 0.875000 0.003906 0.868942 0.002774 0.857054 0.009002 0.843466 0.001076 0.842334 0.001076 0.831578 0.006736 0.833276 0.015794 0.833842 0.023154 0.830446
0 0.001076 0.885926 0.009568 0.887624 0.016360 0.891022 0.010134 0.893286 0.006170 0.893852 0.011832 0.900080 0.024286 0.906872 0.027684 0.912534 0.035044 0.912534 0.045234 0.917630 0.048064 0.925554 0.045800 0.931216 0.041836 0.926688 0.036742 0.922158 0.024852 0.923290 0.018626 0.919328 0.010700 0.910270 0.006170 0.909704 0.001076 0.914798 0.001076 0.903476
0 0.240874 0.030812 0.226124 0.032600 0.219420 0.036622 0.216292 0.043774 0.214058 0.049136 0.206906 0.051818 0.201096 0.055394 0.198862 0.060310 0.201542 0.067462 0.203330 0.073718 0.207354 0.080870 0.214504 0.085338 0.223442 0.089808 0.229700 0.088468 0.215844 0.082656 0.213610 0.076846 0.211376 0.067908 0.218526 0.062544 0.228806 0.062544 0.235064 0.062098 0.245342 0.065674 0.248024 0.069248 0.248918 0.074612 0.249812 0.081316 0.255176 0.081316 0.255622 0.072378 0.255622 0.062544 0.255176 0.058970 0.247578 0.057182 0.231488 0.055394 0.222996 0.053606 0.220762 0.049584 0.222548 0.042432 0.228806 0.039304 0.238192 0.036176 0.243108 0.037964
0 0.207354 0.089362 0.214504 0.096512 0.218974 0.102770 0.224336 0.104556 0.232382 0.098300 0.236852 0.094724 0.244002 0.094724 0.248918 0.099194 0.253388 0.104110 0.257858 0.109920 0.260538 0.117072 0.260986 0.122434 0.261432 0.128692 0.261432 0.133162 0.258752 0.131374 0.257410 0.119752 0.256070 0.112154 0.253388 0.106792 0.250706 0.103664 0.244450 0.101428 0.239980 0.100982 0.237298 0.102322 0.237298 0.106792 0.240426 0.114836 0.243108 0.117966 0.246236 0.121988 0.248472 0.125564 0.252046 0.128244 0.255176 0.131374 0.259198 0.135396 0.252046 0.135396 0.245790 0.129586 0.240874 0.126010 0.237744 0.124670 0.232828 0.131820 0.229254 0.136290 0.222996 0.140760 0.216292 0.142546 0.209140 0.142546 0.202436 0.141206 0.200202 0.140312 0.200202 0.137184 0.209588 0.134948 0.221208 0.131374 0.227466 0.124222 0.222102 0.120200 0.210928 0.120646 0.201990 0.120646 0.195732 0.114390 0.190370 0.110814 0.186794 0.106344 0.179196 0.109474 0.173832 0.105898 0.172044 0.095618 0.173386 0.090702 0.183218 0.092936 0.192604 0.097406 0.196180 0.104556 0.206460 0.106792 0.206460 0.105004 0.203330 0.097406 0.202884 0.089808
0 0.190512 0.193454 0.195806 0.184630 0.203454 0.181688 0.211690 0.175216 0.219926 0.181100 0.230516 0.182864 0.234046 0.175216 0.238752 0.178158 0.245224 0.180512 0.252282 0.183452 0.246400 0.189924 0.245224 0.197572 0.242282 0.211102 0.236988 0.219338 0.227574 0.219926 0.221692 0.227574 0.214632 0.229340 0.207572 0.228162 0.207572 0.225810 0.214632 0.222868 0.224044 0.216986 0.228162 0.208750 0.228162 0.199336 0.224632 0.192866 0.214044 0.189924 0.199336 0.189924
0 0.251106 0.332290 0.238164 0.340526 0.232868 0.344056 0.231104 0.348762 0.232868 0.357586 0.237576 0.370528 0.238752 0.375236 0.231104 0.366410 0.225222 0.351704 0.225222 0.342292 0.209926 0.339938 0.198160 0.335820 0.194042 0.330526 0.183452 0.327584 0.180512 0.321700 0.192276 0.321700 0.211102 0.328172 0.220514 0.331114 0.228750 0.332290 0.224044 0.323466 0.222868 0.314642 0.228750 0.318172 0.236988 0.328172 0.236398 0.331702 0.245224 0.327584
0 0.251106 0.451714 0.245224 0.459360 0.241106 0.468186 0.235222 0.465832 0.224044 0.466420 0.217574 0.469362 0.215808 0.484070 0.215220 0.493482 0.214632 0.501130 0.222280 0.497600 0.225222 0.490540 0.234046 0.491128 0.239928 0.492306 0.238752 0.495246 0.236398 0.501718 0.248752 0.495834 0.251106 0.489952 0.259342 0.487598 0.262284 0.479362 0.254636 0.483480 0.254048 0.475244 0.246988 0.468774 0.251106 0.461714 0.252870 0.457596
0 0.208160 0.527602 0.216986 0.532898 0.231692 0.533486 0.245224 0.538192 0.258166 0.542310 0.269342 0.545840 0.273462 0.549958 0.285226 0.553488 0.279932 0.561136 0.267578 0.559370 0.252870 0.556428 0.241106 0.551722 0.236988 0.547016 0.234634 0.549958 0.232868 0.559958 0.230516 0.570548 0.225222 0.574078 0.224632 0.565842 0.226986 0.552900 0.224044 0.546428 0.212278 0.547604 0.206984 0.548782 0.204042 0.544664 0.190512 0.549958 0.194630 0.542310 0.201690 0.538192 0.206984 0.533486
0 0.226986 0.594668 0.218162 0.598198 0.211690 0.604080 0.207572 0.610552 0.212278 0.622906 0.219926 0.618788 0.229340 0.618788 0.240516 0.618200 0.247576 0.620552 0.251106 0.627612 0.255224 0.632906 0.255812 0.625258 0.252282 0.615258 0.262284 0.610552 0.264636 0.607022 0.256400 0.606434 0.253460 0.600550 0.242282 0.602904 0.231692 0.599962
0 0.236988 0.657026 0.222868 0.665850 0.214044 0.674086 0.211690 0.682912 0.201102 0.684088 0.194630 0.688794 0.190512 0.695854 0.206984 0.689970 0.216986 0.688794 0.217574 0.697030 0.215808 0.708796 0.221692 0.718798 0.233458 0.719974 0.242282 0.718798 0.232280 0.714680 0.229340 0.707032 0.228750 0.698796 0.231692 0.694088 0.242870 0.694678 0.246400 0.692324 0.236988 0.687618 0.228750 0.685852 0.228162 0.677028 0.232868 0.670558 0.236398 0.664086
0 0.249930 0.741740 0.245812 0.748212 0.239340 0.752330 0.227574 0.752330 0.226398 0.758212 0.222280 0.768214 0.226986 0.772920 0.225810 0.780568 0.225222 0.788216 0.221104 0.792334 0.217574 0.795274 0.228750 0.797628 0.234634 0.791746 0.236988 0.779980 0.239340 0.777038 0.249930 0.778214 0.252870 0.770566 0.246400 0.764684 0.235222 0.761154 0.238752 0.757624 0.249930 0.754682 0.253460 0.747624
0 0.259930 0.818218 0.250518 0.824102 0.242870 0.827630 0.229340 0.831748 0.219926 0.833514 0.210514 0.832338 0.212868 0.837632 0.212278 0.849398 0.214632 0.857634 0.219926 0.864694 0.232868 0.868222 0.241694 0.868222 0.255812 0.857634 0.248752 0.845280 0.244046 0.839396 0.239340 0.837044 0.248164 0.832926 0.256400 0.828220
0 0.186158 0.861358 0.192260 0.874328 0.202942 0.881958 0.218200 0.892640 0.228882 0.896454 0.226594 0.905610 0.230408 0.912476 0.244904 0.922394 0.267792 0.926972 0.283050 0.919342 0.278472 0.906372 0.276184 0.891876 0.262452 0.886536 0.241088 0.887298 0.232696 0.886536 0.216674 0.878144 0.203704 0.867462 0.193786 0.863648
0 0.229644 0.959014 0.224304 0.967408 0.219726 0.975036 0.212098 0.985718 0.206756 0.996398 0.221252 0.996398 0.236512 0.996398 0.241852 0.998688 0.257110 0.988770 0.263978 0.979614 0.249482 0.978088 0.236512 0.971984 0.238038 0.962066
0 0.390512 0.053896 0.382348 0.058920 0.381720 0.067084 0.383604 0.076504 0.389884 0.084040 0.394280 0.092834 0.403700 0.094718 0.404956 0.085924 0.408096 0.079016 0.415004 0.085296 0.419400 0.092834 0.428192 0.098486 0.428192 0.092206 0.418772 0.077760 0.409352 0.070224 0.397420 0.060804
0 0.409980 0.113558 0.399304 0.112930 0.390512 0.114814 0.381720 0.116070 0.369788 0.117954 0.355972 0.121722 0.348072 0.133422 0.348072 0.145024 0.350972 0.152760 0.355324 0.160494 0.361126 0.166780 0.369344 0.172580 0.368860 0.165330 0.356774 0.150826 0.355808 0.141640 0.355808 0.132454 0.361126 0.128588 0.367894 0.131004 0.377078 0.133422 0.375146 0.136322 0.364992 0.138740 0.374662 0.143574 0.385298 0.138740 0.389164 0.136806 0.395450 0.141640 0.396900 0.133906 0.400284 0.126170 0.408020 0.122302 0.411404 0.120852
0 0.425906 0.178382 0.409954 0.180800 0.401734 0.183216 0.404636 0.190952 0.402218 0.198204 0.408986 0.206422 0.403184 0.209322 0.392550 0.209806 0.391098 0.204488 0.390616 0.194336 0.390616 0.185634 0.380462 0.182250 0.372244 0.176932 0.371760 0.169680 0.372728 0.164846 0.381914 0.173064 0.392066 0.178382 0.398834 0.175964 0.409954 0.175482
0 0.396416 0.230594 0.401734 0.235912 0.404636 0.248482 0.408020 0.256700 0.416238 0.263952 0.423974 0.268786 0.433158 0.279422 0.435092 0.284258 0.425906 0.281356 0.420106 0.279906 0.418656 0.285708 0.417688 0.277006 0.412370 0.270720 0.407052 0.275554 0.402218 0.281356 0.394482 0.284740 0.392550 0.284258 0.394966 0.278940 0.394966 0.271204 0.389164 0.265886 0.382880 0.258634 0.380462 0.255250 0.375628 0.257668 0.371760 0.261052 0.367894 0.261536 0.366926 0.255250 0.371278 0.248966 0.372728 0.242680 0.372728 0.235428 0.387232 0.238814 0.393032 0.241714 0.391582 0.232528
0 0.418656 0.323900 0.414304 0.331634 0.411404 0.340820 0.408502 0.343720 0.412370 0.348556 0.414304 0.355324 0.418172 0.363542 0.418656 0.367894 0.413820 0.364026 0.407536 0.353874 0.401734 0.349522 0.396900 0.338404 0.398834 0.331152 0.392550 0.329702 0.383848 0.322932 0.379980 0.316648 0.372728 0.304562 0.379980 0.309880 0.391582 0.322450 0.400284 0.325350 0.408986 0.324384
0 0.420106 0.379496 0.408020 0.385298 0.400284 0.390616 0.395934 0.400284 0.390616 0.389648 0.382396 0.381914 0.381430 0.388682 0.384330 0.397384 0.386748 0.401734 0.379980 0.398834 0.372728 0.396416 0.376112 0.402702 0.372728 0.406086 0.363542 0.406570 0.354840 0.405602 0.350972 0.405602 0.355808 0.411404 0.366442 0.416722 0.381430 0.418656 0.390132 0.417204 0.393516 0.427840 0.402702 0.438476 0.413338 0.443794 0.421072 0.448146 0.425424 0.449112 0.415754 0.437510 0.408986 0.424940 0.403184 0.413820 0.399800 0.405118 0.405118 0.395450 0.415754 0.389648 0.422040 0.386748
0 0.423006 0.459264 0.407536 0.461198 0.409954 0.467484 0.409954 0.473284 0.403668 0.473768 0.398350 0.466034 0.395934 0.460232 0.387232 0.459264 0.379012 0.461198 0.369828 0.465066 0.364510 0.468934 0.358224 0.471834 0.361608 0.463132 0.369344 0.452980 0.377562 0.451046 0.390132 0.452980 0.398834 0.454914 0.407536 0.455398 0.411886 0.453464 0.422040 0.454430
0 0.359994 0.531592 0.364606 0.537192 0.372180 0.540486 0.382720 0.542790 0.387660 0.543450 0.387990 0.537522 0.390624 0.534228 0.394906 0.538838 0.398200 0.542462 0.399848 0.548060 0.403800 0.540814 0.409070 0.536532 0.414668 0.532252 0.414668 0.537850 0.409398 0.550036 0.405116 0.554978 0.408410 0.558930 0.410386 0.560906 0.406434 0.564528 0.397212 0.564528 0.395236 0.555636 0.390624 0.557282 0.390296 0.563540 0.394248 0.570786 0.404128 0.581656 0.408082 0.584950 0.411704 0.591208 0.414340 0.596478 0.416644 0.602076 0.412034 0.598454 0.400836 0.590220 0.395236 0.583962 0.389636 0.576716 0.384696 0.566506 0.384696 0.556294 0.386672 0.553002 0.376462 0.551024 0.369876 0.551684 0.366910 0.548390 0.363618 0.545426 0.358018 0.538838
0 0.388320 0.579350 0.384038 0.586926 0.382062 0.593842 0.381732 0.600758 0.386344 0.607346 0.388978 0.611628 0.382062 0.611298 0.380086 0.613934 0.386344 0.619204 0.378110 0.627108 0.370534 0.632048 0.366910 0.637318 0.364276 0.641600 0.367898 0.641600 0.375474 0.636330 0.380414 0.633366 0.386014 0.632708 0.391284 0.632378 0.397870 0.630730 0.403470 0.628096 0.408082 0.626120 0.410386 0.624144 0.412692 0.629084 0.421256 0.635012 0.427514 0.639294 0.433442 0.642258 0.442336 0.647200 0.447276 0.648846 0.442994 0.642258 0.435090 0.635342 0.420268 0.622168 0.414998 0.614592 0.405446 0.609982 0.397212 0.607016 0.393918 0.603064 0.391614 0.593842 0.389636 0.589560 0.391942 0.583302
0 0.345502 0.662680 0.352748 0.672230 0.363288 0.677172 0.365594 0.683100 0.365594 0.688040 0.366910 0.694956 0.379756 0.704178 0.385026 0.708790 0.395566 0.710766 0.395566 0.717682 0.398530 0.719330 0.401494 0.711754 0.405446 0.702202 0.410058 0.691334 0.413022 0.682440 0.409398 0.681124 0.398530 0.678488 0.386014 0.677172 0.371852 0.672890 0.364276 0.667948 0.358348 0.665972 0.351760 0.664326
0 0.404788 0.746666 0.408740 0.751278 0.408740 0.762146 0.406106 0.774004 0.402482 0.780262 0.398200 0.785202 0.393590 0.786190 0.393590 0.781250 0.396882 0.776310 0.388648 0.777956 0.383050 0.773346 0.382062 0.766758 0.386344 0.763136 0.391284 0.760830 0.387660 0.758854 0.379426 0.755560 0.372510 0.755230 0.365264 0.757536 0.360652 0.761158 0.359664 0.766100 0.356372 0.765440 0.357360 0.756878 0.364276 0.750948 0.373828 0.747984 0.379098 0.747326 0.386672 0.751936 0.391284 0.747326 0.398530 0.746996
0 0.375144 0.832630 0.382720 0.840206 0.383050 0.847782 0.387332 0.854698 0.396224 0.862602 0.399848 0.866884 0.409070 0.872484 0.415656 0.875448 0.418620 0.875448 0.409728 0.868532 0.403140 0.861944 0.394578 0.855686 0.391942 0.848440 0.392602 0.843830 0.403800 0.843170 0.410386 0.843170 0.416974 0.844818 0.421256 0.846134 0.423890 0.847452 0.421586 0.852392 0.418950 0.858650 0.417304 0.864250 0.425538 0.861944 0.430148 0.852722 0.430808 0.844488 0.428172 0.836584 0.425538 0.830654 0.416644 0.830984 0.406764 0.831642 0.398200 0.833290 0.388320 0.833948 0.382390 0.829666 0.378110 0.827360
0 0.408082 0.881048 0.409070 0.888622 0.409398 0.895540 0.417632 0.899162 0.422902 0.901138 0.416644 0.905420 0.409728 0.904432 0.405116 0.906408 0.404458 0.911678 0.401164 0.917278 0.401824 0.923864 0.407094 0.932428 0.412692 0.938686 0.415656 0.942638 0.417962 0.948566 0.410058 0.946262 0.402812 0.939016 0.396224 0.931110 0.391942 0.921888 0.390954 0.913324 0.391284 0.905750 0.382720 0.906408 0.373828 0.906738 0.366910 0.906738 0.359336 0.906078 0.350772 0.906078 0.341550 0.906078 0.345502 0.901468 0.354396 0.897516 0.364276 0.895540 0.375474 0.896528 0.387002 0.896198 0.389966 0.896198 0.384696 0.891586 0.390624 0.887306 0.398200 0.895540 0.403800 0.896856 0.404458 0.890928 0.401824 0.881048
0 0.401824 0.950872 0.410058 0.953836 0.413022 0.958118 0.419280 0.959764 0.427184 0.960424 0.420598 0.964376 0.413022 0.966352 0.412362 0.971622 0.408740 0.977550 0.403140 0.980514 0.403800 0.985126 0.410058 0.986772 0.410386 0.990396 0.402152 0.991714 0.396554 0.989078 0.388648 0.996984 0.381402 0.987432 0.385026 0.975574 0.391284 0.968000 0.382062 0.963388 0.380744 0.957460 0.379098 0.950872 0.384696 0.956472 0.392930 0.963388 0.398530 0.964046 0.401494 0.960754 0.400506 0.955812
0 0.627824 0.038966 0.635130 0.051142 0.645360 0.056986 0.652178 0.062832 0.660946 0.070138 0.663868 0.079878 0.661432 0.081826 0.655588 0.070624 0.644386 0.065754 0.636106 0.063806 0.627824 0.064292 0.619544 0.067702 0.619058 0.056500 0.628800 0.056986 0.630260 0.056012 0.625876 0.047246
0 0.636106 0.109590 0.650716 0.123714 0.640002 0.118844 0.636106 0.120304 0.644386 0.126636 0.642924 0.132482 0.653640 0.130046 0.658998 0.134916 0.673122 0.147094 0.677992 0.152938 0.681402 0.156348 0.682376 0.161218 0.686760 0.161706 0.682376 0.148068 0.674096 0.139300 0.660458 0.128098 0.652666 0.115922 0.642924 0.107642 0.639514 0.103258
0 0.641462 0.169986 0.657048 0.180700 0.667278 0.187032 0.669712 0.196774 0.673122 0.207002 0.672148 0.211386 0.664354 0.209438 0.658998 0.192878 0.657536 0.200184 0.656562 0.206028 0.652666 0.209438 0.642924 0.213334 0.636592 0.203592 0.630260 0.197748 0.628312 0.200184 0.623928 0.193364 0.623928 0.180214 0.631722 0.170960
0 0.625876 0.312694 0.633182 0.317078 0.641462 0.322436 0.647308 0.319026 0.656562 0.316104 0.662406 0.319026 0.666790 0.326332 0.667278 0.336074 0.664842 0.345816 0.665328 0.351172 0.672148 0.355556 0.681402 0.360914 0.688708 0.364324 0.688220 0.369194 0.680428 0.366758 0.670200 0.364324 0.661432 0.356044 0.658510 0.359452 0.654126 0.358966 0.652666 0.344842 0.650230 0.337536 0.647794 0.330716 0.635130 0.334126 0.628800 0.334126 0.621494 0.323898 0.621494 0.320000 0.626850 0.324872
0 0.603958 0.472938 0.614188 0.473912 0.622954 0.466606 0.629286 0.466606 0.642924 0.467094 0.648768 0.468556 0.655588 0.473426 0.659484 0.482192 0.663380 0.492422 0.662894 0.505084 0.657536 0.512878 0.643898 0.516288 0.635130 0.509468 0.642924 0.505572 0.657048 0.502162 0.658022 0.492908 0.656562 0.482680 0.651692 0.488038 0.642924 0.488038 0.633182 0.486090 0.633182 0.483168 0.641462 0.483168 0.646820 0.481706 0.644872 0.475374 0.634156 0.475374 0.627338 0.476348 0.619058 0.478296 0.610778 0.478296
0 0.611264 0.545512 0.622468 0.540640 0.632696 0.540640 0.644386 0.543076 0.648768 0.551844 0.660458 0.558174 0.673122 0.563046 0.679454 0.568890 0.675070 0.581554 0.665328 0.585450 0.655100 0.583990 0.647794 0.579118 0.638054 0.579606 0.627338 0.578632 0.619544 0.573760 0.626850 0.571326 0.638540 0.572786 0.641462 0.570838 0.638540 0.562072 0.632208 0.556714 0.631722 0.550868 0.627824 0.548920 0.621006 0.548920
0 0.614996 0.588320 0.626850 0.597628 0.635130 0.604932 0.644386 0.616136 0.649742 0.621494 0.658510 0.625390 0.658510 0.631234 0.653152 0.635618 0.651692 0.639514 0.656562 0.643898 0.659484 0.658022 0.658510 0.664842 0.652178 0.669712 0.636106 0.673122 0.632696 0.671660 0.642924 0.666790 0.647308 0.663380 0.650230 0.657048 0.646820 0.646334 0.641950 0.650230 0.639028 0.643412 0.643412 0.631234 0.637566 0.625876 0.627824 0.627824 0.620032 0.626850 0.632208 0.622468 0.634644 0.619544 0.625390 0.610778 0.619544 0.596652
0 0.701858 0.735466 0.692604 0.734978 0.683350 0.730108 0.673608 0.727674 0.662406 0.726212 0.652178 0.730108 0.643898 0.732056 0.639028 0.740336 0.632208 0.742284 0.635618 0.733030 0.641950 0.725724 0.653152 0.721828 0.638540 0.711600 0.634644 0.705268 0.626364 0.699910 0.625876 0.693578 0.631234 0.697962 0.641950 0.701372 0.648768 0.705268 0.657536 0.707216 0.664842 0.717444 0.675070 0.717932 0.688708 0.720854 0.695526 0.728160
0 0.606882 0.764202 0.630260 0.764202 0.629774 0.757870 0.640488 0.758358 0.652178 0.763228 0.663380 0.773944 0.661432 0.781738 0.665816 0.791478 0.664354 0.795862 0.657048 0.791478 0.646334 0.796348 0.637566 0.799272 0.630260 0.792452 0.628800 0.783198 0.633670 0.773944 0.623442 0.773456 0.614188 0.770048
0 0.666302 0.827522 0.657536 0.835802 0.646334 0.839698 0.641462 0.849438 0.637080 0.859180 0.646334 0.853336 0.652178 0.847978 0.651204 0.856744 0.650716 0.865512 0.657048 0.865024 0.664354 0.854796 0.669712 0.845056 0.677018 0.837262 0.671660 0.833852
0 0.637566 0.909834 0.634156 0.921038 0.631722 0.931266 0.631234 0.938572 0.643412 0.941494 0.649742 0.942956 0.650230 0.951722 0.652178 0.961950 0.658998 0.968282 0.658998 0.946364 0.657536 0.932726 0.644386 0.930292 0.643898 0.912758
0 0.627824 0.978510 0.632208 0.989714 0.647794 0.997994 0.645360 0.988740 0.641950 0.985816 0.636106 0.983868
0 0.765296 0.036020 0.774050 0.039850 0.784446 0.038210 0.790464 0.037114 0.801404 0.038756 0.810158 0.042038 0.813988 0.042586 0.817818 0.035474 0.824382 0.029456 0.835872 0.024532 0.837514 0.028908 0.834778 0.034926 0.832590 0.043680 0.841342 0.046416 0.846814 0.052434 0.846266 0.061186 0.841890 0.067206 0.833136 0.069940 0.826024 0.071034 0.824382 0.067752 0.837514 0.061734 0.839154 0.056264 0.838608 0.053528 0.830400 0.055716 0.819460 0.062282 0.810706 0.065564 0.797028 0.070488 0.789368 0.069940 0.791010 0.063922 0.799764 0.061186 0.798670 0.056810 0.788274 0.054622 0.777880 0.049698 0.772956 0.045322
0 0.835872 0.092372 0.827666 0.102220 0.821100 0.106048 0.813442 0.105502 0.812894 0.110972 0.809612 0.114256 0.800858 0.111520 0.794292 0.113160 0.799216 0.117538 0.798122 0.121368 0.789368 0.119726 0.781710 0.116990 0.776238 0.114802 0.778974 0.122462 0.783898 0.129574 0.795386 0.135592 0.807422 0.135592 0.808518 0.135592 0.809064 0.143798 0.811252 0.153098 0.813988 0.160758 0.817818 0.168964 0.822194 0.162400 0.822194 0.150364 0.819460 0.136686 0.826024 0.121368 0.828212 0.111520 0.836966 0.101124
0 0.765296 0.162946 0.775144 0.169512 0.784446 0.173888 0.789916 0.173888 0.787728 0.183736 0.788274 0.199602 0.796482 0.208356 0.803594 0.216014 0.813442 0.220938 0.820006 0.225316 0.823288 0.229692 0.821100 0.239540 0.821100 0.248840 0.826572 0.247198 0.829306 0.230238 0.827666 0.222032 0.818364 0.217656 0.810158 0.211638 0.806328 0.202884 0.804140 0.192490 0.806876 0.187566 0.815082 0.184284 0.819460 0.186472 0.824382 0.186472 0.825478 0.183188 0.832590 0.183188 0.841890 0.189754 0.858302 0.194130 0.863226 0.190302 0.846266 0.182094 0.839154 0.182094 0.845172 0.177170 0.833684 0.175530 0.825478 0.174982 0.822742 0.172248 0.817270 0.172248 0.815630 0.177718 0.806328 0.176624 0.792652 0.168418 0.779522 0.161852 0.771862 0.160210
0 0.768580 0.223126 0.783898 0.232974 0.795386 0.243916 0.807970 0.250482 0.815630 0.257046 0.813988 0.261970 0.813442 0.269630 0.821648 0.274006 0.832042 0.277836 0.839154 0.277836 0.850096 0.275648 0.850644 0.271272 0.841342 0.271272 0.834230 0.267442 0.824930 0.263612 0.821648 0.257046 0.817270 0.247198 0.815082 0.236258 0.810158 0.236258 0.807970 0.229144 0.805782 0.229692 0.804140 0.235710 0.792652 0.224768 0.783898 0.221486 0.776786 0.218750 0.769126 0.216562
0 0.771314 0.364824 0.775144 0.356618 0.783898 0.353882 0.790464 0.350052 0.791010 0.354976 0.798670 0.357712 0.799764 0.350052 0.801952 0.346770 0.805782 0.348958 0.810706 0.343488 0.815630 0.342940 0.826024 0.341300 0.830948 0.335280 0.835872 0.331998 0.844078 0.334186 0.850644 0.336922 0.855568 0.338564 0.855568 0.330358 0.849002 0.326528 0.839154 0.324886 0.828212 0.324886 0.823288 0.328716 0.818912 0.331452 0.809612 0.331452 0.804140 0.330358 0.797028 0.322698 0.792104 0.327622 0.783898 0.325980 0.782256 0.330904 0.788274 0.335280 0.783898 0.340752 0.776786 0.344034 0.770768 0.348412 0.768032 0.357712
0 0.795934 0.377408 0.802500 0.384520 0.805234 0.392726 0.811252 0.400932 0.811252 0.407498 0.809612 0.414610 0.807970 0.421722 0.811800 0.430476 0.814536 0.422268 0.815082 0.414062 0.820006 0.411874 0.829306 0.411874 0.836966 0.410232 0.828212 0.404214 0.829306 0.393272 0.828212 0.379048 0.821648 0.382332 0.813988 0.380142 0.807422 0.374672 0.802500 0.371390
0 0.776786 0.454548 0.782804 0.460566 0.791558 0.466584 0.804688 0.469866 0.816176 0.469318 0.820006 0.470414 0.828212 0.474790 0.838060 0.478620 0.848456 0.478620 0.846814 0.475338 0.836418 0.472054 0.828760 0.466584 0.821648 0.462754 0.820554 0.454000 0.817270 0.450170 0.815630 0.457830 0.810158 0.455094 0.805782 0.454548 0.805782 0.460018 0.800858 0.462754 0.791558 0.458378 0.785540 0.456188
0 0.811252 0.538252 0.809064 0.547554 0.800858 0.550288 0.791010 0.550288 0.786634 0.553572 0.791558 0.560684 0.803594 0.566702 0.803594 0.578738 0.804140 0.586398 0.805782 0.597886 0.809612 0.603904 0.815630 0.604452 0.812894 0.594056 0.812894 0.582020 0.812894 0.573266 0.817818 0.568342 0.827666 0.571626 0.837514 0.573266 0.829854 0.567248 0.822742 0.563420 0.824930 0.555760 0.829306 0.550288 0.836966 0.544270 0.840796 0.537158 0.836966 0.536064 0.829306 0.543724 0.821648 0.550836
0 0.850096 0.629070 0.842436 0.623600 0.836966 0.614846 0.831496 0.618128 0.829854 0.624146 0.829854 0.629070 0.824382 0.630164 0.814536 0.626882 0.809064 0.628524 0.811800 0.635088 0.820554 0.647672 0.823836 0.651502 0.813988 0.649312 0.806876 0.644390 0.801404 0.640560 0.799764 0.635636 0.802500 0.625240 0.799764 0.621958 0.793198 0.619770 0.787728 0.617034 0.783350 0.614298 0.773504 0.611016 0.774050 0.603356 0.782804 0.601716 0.792104 0.603904 0.801404 0.609922 0.810706 0.612110 0.813988 0.608828 0.816176 0.606092 0.827118 0.605546 0.833684 0.606092 0.838608 0.611564 0.844626 0.617582
0 0.801404 0.668462 0.809064 0.676668 0.805782 0.683780 0.804140 0.693080 0.810158 0.698552 0.806328 0.704570 0.809612 0.711134 0.813442 0.712776 0.820554 0.710040 0.823836 0.713870 0.832042 0.714964 0.832042 0.706758 0.831496 0.695268 0.829854 0.689250 0.829306 0.684326 0.837514 0.672290 0.842436 0.661896 0.836966 0.665726 0.832590 0.668462 0.828760 0.675026 0.823288 0.684874 0.818912 0.688704 0.816176 0.681592 0.816724 0.673932 0.812346 0.666272 0.806876 0.662990 0.804688 0.661896
0 0.782256 0.739036 0.786086 0.747242 0.798670 0.752166 0.808518 0.762562 0.820006 0.771862 0.828212 0.779522 0.835324 0.785540 0.835324 0.793198 0.827118 0.794840 0.822194 0.784992 0.820006 0.790464 0.815082 0.797028 0.809612 0.791558 0.805782 0.788274 0.803046 0.792104 0.797576 0.795934 0.795386 0.791010 0.797028 0.788274 0.803046 0.783898 0.800858 0.780616 0.792104 0.781710 0.788822 0.784992 0.784446 0.789916 0.788822 0.795934 0.795386 0.800310 0.797576 0.806876 0.795386 0.815630 0.786086 0.809064 0.780068 0.801952 0.776786 0.792652 0.778426 0.781162 0.780068 0.776786 0.780068 0.770220 0.784992 0.765844 0.790464 0.764202 0.782256 0.755450 0.778426 0.747790 0.776786 0.739036
0 0.830948 0.810706 0.824382 0.820006 0.818912 0.827666 0.818912 0.836418 0.820554 0.850096 0.827118 0.856662 0.840796 0.866510 0.844626 0.873622 0.849550 0.882922 0.847360 0.886204 0.835872 0.880186 0.830400 0.873622 0.823836 0.864868 0.819460 0.858850 0.812894 0.849550 0.813442 0.844626 0.804688 0.844626 0.802500 0.849002 0.795386 0.851190 0.795934 0.855020 0.799216 0.863226 0.800310 0.869244 0.795386 0.869244 0.788274 0.862132 0.787180 0.853926 0.792104 0.844078 0.783898 0.840796 0.782804 0.835324 0.796482 0.839154 0.800858 0.837514 0.793198 0.833684 0.782804 0.829306 0.775144 0.823836 0.763656 0.815082 0.759826 0.800310 0.769126 0.806328 0.783350 0.814536 0.797576 0.822742 0.803594 0.832590 0.809064 0.834230 0.811252 0.827118 0.813442 0.820006 0.817270 0.813988 0.824382 0.806328
0 0.820006 0.902070 0.832042 0.909182 0.834778 0.920672 0.832042 0.933802 0.825478 0.925596 0.818364 0.928878 0.815630 0.931614 0.817270 0.939820 0.817270 0.948574 0.815630 0.954044 0.812346 0.949120 0.808518 0.938726 0.809064 0.931066 0.805782 0.933254 0.803594 0.940914 0.801404 0.946932 0.797028 0.944196 0.793746 0.935442 0.793746 0.926690 0.795386 0.922312 0.786634 0.917388 0.781710 0.911918 0.775692 0.908088 0.771314 0.902070 0.771314 0.897694 0.778974 0.902618 0.788822 0.909182 0.799764 0.914654 0.810706 0.916294 0.817270 0.916294 0.817270 0.909182
0 0.796482 0.996170 0.801404 0.985776 0.806328 0.984682 0.818364 0.989058 0.824930 0.986322 0.827118 0.991246 0.812894 0.999452 0.806876 0.995076
0 0.998358 0.410232 0.994530 0.409686 0.998906 0.406404
0 0.031820 0.292516 0.022600 0.301736 0.019246 0.310120 0.019724 0.315980 0.029006 0.317914 0.032874 0.320622 0.034422 0.325262 0.029394 0.323716 0.021658 0.321396 0.018178 0.323330 0.018178 0.329130 0.015858 0.335318 0.013536 0.338412 0.007348 0.339960 0.012376 0.334546 0.012376 0.328358 0.011602 0.322168 0.007736 0.318688 0.001548 0.318302 0.000774 0.311340 0.002708 0.308246 0.005414 0.313660 0.010830 0.314820 0.012762 0.314434 0.011990 0.309792 0.013150 0.301670 0.016630 0.297804 0.022818 0.294322
1 0.303604 0.189124 0.308246 0.201114 0.318688 0.209622 0.323716 0.213104 0.318688 0.215038 0.312500 0.215810 0.305538 0.208076 0.294710 0.209622 0.286200 0.208462 0.287748 0.204982 0.298576 0.203434 0.304378 0.202274 0.301284 0.193766
1 0.282720 0.221998 0.286200 0.230120 0.281946 0.234376 0.288134 0.235922 0.291616 0.240950 0.296642 0.240564 0.293548 0.230120 0.289682 0.221226
1 0.285426 0.278466 0.295096 0.281172 0.300898 0.283494 0.302058 0.289294 0.305926 0.290842 0.307472 0.283494 0.314434 0.276532 0.309406 0.273438 0.303992 0.277306 0.294710 0.273050 0.286588 0.271116
1 0.307086 0.371288 0.320622 0.376314 0.330290 0.377476 0.333772 0.380182 0.331064 0.388692 0.327970 0.396814 0.324490 0.398746 0.322556 0.395652 0.323716 0.387144 0.316368 0.384824 0.309792 0.379796
1 0.318302 0.804456 0.328358 0.812964 0.329518 0.824566 0.338412 0.814512 0.344214 0.812578 0.353110 0.812964 0.359684 0.812964 0.354656 0.807936 0.342280 0.804842 0.336092 0.802908 0.326810 0.803296
1 0.070390 0.785118 0.077352 0.789372 0.084700 0.791692 0.088568 0.790146 0.088568 0.785504 0.081220 0.782798 0.073870 0.780864
1 0.157410 0.776996 0.153156 0.783570 0.153930 0.792466 0.162438 0.797494 0.170560 0.792852 0.170174 0.780864 0.166306 0.777382
1 0.170174 0.865564 0.150836 0.867110 0.142326 0.870590 0.135752 0.876006 0.132272 0.882968 0.136912 0.890316 0.153156 0.898824 0.166306 0.901918 0.176362 0.903466 0.184484 0.905400 0.184870 0.898438 0.193766 0.893410 0.194538 0.887608 0.202274 0.885288 0.198794 0.879874 0.190284 0.878712 0.187190 0.870590 0.180228 0.867496
1 0.284654 0.894570 0.288522 0.905786 0.293548 0.912360 0.302058 0.913134 0.312114 0.913522 0.317528 0.911588 0.319848 0.901532 0.315594 0.897278 0.303992 0.892636 0.296256 0.892250
1 0.123762 0.920482 0.136526 0.921642 0.145808 0.922416 0.154702 0.921642 0.161278 0.925124 0.155864 0.932086 0.152382 0.935952 0.142714 0.932858 0.137298 0.930538 0.125310 0.927444
1 0.422538 0.038296 0.426368 0.049148 0.435942 0.054254 0.443602 0.057444 0.451262 0.057444 0.455730 0.054892 0.452538 0.040850 0.446794 0.037020 0.434666 0.031914 0.436580 0.041488
1 0.472962 0.077870 0.482536 0.091912 0.491472 0.096380 0.497218 0.095104 0.501686 0.089358 0.499770 0.079784 0.490834 0.078508 0.485090 0.077870
1 0.430836 0.110422 0.442964 0.117442 0.451262 0.118720 0.457006 0.111060 0.466580 0.108506 0.477430 0.110422 0.485728 0.114890 0.485728 0.123188 0.481898 0.130208 0.458282 0.130208 0.446794 0.127656 0.432112 0.119358
1 0.572534 0.015318 0.569342 0.026170 0.570618 0.040212 0.573810 0.053616 0.581470 0.062552 0.593596 0.068296 0.605724 0.068296 0.612746 0.064466 0.612106 0.051700 0.607638 0.033828 0.605086 0.029360 0.599980 0.025532 0.589128 0.017872 0.580194 0.016596
1 0.600618 0.180632 0.587214 0.188930 0.584022 0.196590 0.586576 0.206164 0.594236 0.209992 0.610192 0.208716 0.619128 0.208078 0.623596 0.207440 0.620404 0.195312 0.620404 0.188930 0.609554 0.184462
1 0.569342 0.225312 0.589768 0.236800 0.599342 0.241906 0.598704 0.251480 0.583384 0.250842 0.571896 0.247652 0.564236 0.241906 0.562960 0.234248
1 0.591044 0.326160 0.591682 0.337010 0.594236 0.344030 0.601894 0.349138 0.605086 0.352966 0.604448 0.358712 0.612106 0.357434 0.617214 0.354882 0.623596 0.355520 0.629340 0.355520 0.625510 0.348498 0.622320 0.340202 0.619128 0.342754 0.618490 0.346584 0.612106 0.348498 0.607000 0.348498 0.602532 0.345308 0.598064 0.339562 0.594236 0.333180
1 0.417432 0.399560 0.421262 0.407220 0.427646 0.413602 0.435304 0.421900 0.444240 0.425092 0.435942 0.427646 0.425730 0.425092 0.423178 0.422538 0.419348 0.423816 0.411050 0.423816 0.411050 0.418710 0.418070 0.416156 0.413602 0.409136
1 0.566882 0.491140 0.568788 0.495904 0.568312 0.500190 0.578792 0.503048 0.584984 0.501144 0.587842 0.495904 0.588796 0.490186 0.580698 0.493044 0.573076 0.492568
1 0.590702 0.559738 0.582126 0.562596 0.578316 0.564978 0.568788 0.569264 0.576410 0.572600 0.582126 0.573076 0.585462 0.577840 0.590224 0.584032 0.594988 0.583556 0.594512 0.576886 0.590702 0.569264 0.584032 0.567836 0.588796 0.564500
1 0.592606 0.657394 0.578792 0.654536 0.566882 0.655488 0.554496 0.660252 0.544970 0.662158 0.553068 0.666444 0.564024 0.677400 0.573552 0.683118 0.586414 0.687882 0.598324 0.686928 0.603086 0.683118 0.603086 0.675972 0.597370 0.668826 0.595464 0.662158
1 0.645960 0.690740 0.635004 0.684546 0.624524 0.684546 0.611186 0.688358 0.605468 0.692644 0.599752 0.699314 0.598800 0.706936 0.600706 0.713128 0.607850 0.715510 0.617854 0.715988 0.631192 0.712652 0.635004 0.710270 0.631192 0.705984 0.625952 0.702172 0.624524 0.694074 0.625000 0.691216 0.631192 0.694550 0.638814 0.696932 0.644532 0.699314
1 0.652630 0.905584 0.647390 0.888434 0.641196 0.883194 0.630716 0.879382 0.622142 0.880336 0.615472 0.886052 0.618808 0.893674 0.627382 0.898438 0.631192 0.906060 0.639292 0.905584 0.646436 0.911776
1 0.635004 0.964176 0.625476 0.957032 0.614520 0.955602 0.608804 0.957984 0.606422 0.961794 0.600228 0.962272 0.596894 0.968464 0.592606 0.974180 0.587842 0.977992 0.600228 0.975610 0.605946 0.978944 0.617378 0.976086 0.624524 0.974658 0.638814 0.972276
1 0.463986 0.910346 0.471608 0.915110 0.477802 0.919874 0.473038 0.920350 0.467320 0.921304 0.463034 0.922256 0.462558 0.927020 0.474466 0.926544 0.483518 0.925590 0.487328 0.924162 0.483042 0.916540 0.480660 0.914158 0.467320 0.906536
1 0.447790 0.933212 0.440644 0.939406 0.434452 0.938930 0.426830 0.940834 0.427782 0.946552 0.433022 0.947504 0.433498 0.954650 0.433498 0.961794 0.437310 0.965130 0.441596 0.958460 0.443978 0.951792 0.453982 0.951314 0.448742 0.944646 0.449696 0.939882
1 0.774862 0.127164 0.764834 0.134554 0.756388 0.129804 0.748470 0.123470 0.750580 0.116606 0.759554 0.116606 0.766944 0.116078
1 0.905248 0.002586 0.905248 0.009448 0.907886 0.014728 0.914220 0.017894 0.922138 0.010504 0.926890 0.001002
1 0.865128 0.341480 0.862490 0.346758 0.864074 0.354150 0.863018 0.357316 0.857210 0.356788 0.853516 0.361540 0.861434 0.363650 0.867768 0.364178 0.872520 0.368930 0.876742 0.373680 0.875158 0.362596 0.874630 0.358372 0.871992 0.353094 0.871464 0.346758
1 0.733688 0.352566 0.733688 0.358372 0.740552 0.362068 0.740552 0.367874 0.738968 0.375264 0.740552 0.379486 0.745830 0.373152 0.752692 0.369986 0.748998 0.366818 0.754276 0.362596 0.754276 0.356260 0.746358 0.358372 0.743718 0.354676 0.740024 0.352566
1 0.732106 0.463946 0.725770 0.467114 0.723132 0.470280 0.726298 0.477672 0.733160 0.479782 0.735272 0.477144 0.729466 0.471864 0.733688 0.469752
1 0.706562 0.505620 0.705082 0.510362 0.704488 0.515104 0.702414 0.518660 0.699154 0.520142 0.697078 0.523106 0.696486 0.526070 0.700932 0.526662 0.706266 0.522810 0.709526 0.518956 0.713084 0.515696 0.715454 0.511250 0.716048 0.508880 0.710416 0.509472
1 0.737090 0.585344 0.735016 0.589198 0.733830 0.592754 0.728792 0.594828 0.722270 0.593644 0.718418 0.592754 0.715454 0.595126 0.721382 0.598386 0.730570 0.600164 0.735904 0.600460 0.737386 0.604610 0.737386 0.607870 0.743906 0.604906 0.740942 0.596608 0.739164 0.591866
1 0.673962 0.619132 0.673368 0.625948 0.671590 0.629802 0.664774 0.633358 0.662996 0.633654 0.662402 0.629208 0.666848 0.626542 0.665070 0.621800 0.665070 0.617650 0.669812 0.622096
1 0.803534 0.651282 0.801996 0.652820 0.801228 0.653204 0.796230 0.660894 0.792768 0.667430 0.787770 0.661278 0.785080 0.659742 0.778928 0.656666 0.774698 0.649744 0.778158 0.648206 0.792384 0.657818 0.795844 0.652820
1 0.843904 0.667430 0.860436 0.668200 0.855822 0.655896 0.850824 0.648592 0.839674 0.647054 0.831216 0.649744 0.825450 0.651282 0.820450 0.653590 0.812762 0.651282 0.813530 0.655512 0.825834 0.658588 0.823526 0.661278 0.815068 0.659356 0.812762 0.660894 0.819682 0.669738 0.825834 0.671660 0.831600 0.663970 0.834292 0.662048 0.842750 0.661664
1 0.898500 0.862742 0.894270 0.870432 0.890810 0.876200 0.887350 0.880044 0.883504 0.875430 0.876584 0.872740 0.871202 0.870048 0.868510 0.863896 0.866204 0.855822 0.867356 0.852362 0.870432 0.858130 0.873508 0.861206 0.881198 0.859668 0.886580 0.856592 0.887734 0.862358 0.888118 0.865434
1 0.770854 0.879660 0.778158 0.886964 0.777774 0.890810 0.777390 0.895808 0.782772 0.896962 0.790846 0.895038 0.798920 0.891578 0.802380 0.888502 0.806610 0.886196 0.807764 0.882736 0.801996 0.881966 0.791230 0.881582 0.786232 0.879660 0.783542 0.878506 0.777006 0.877352 0.774314 0.877352
1 0.770470 0.914646 0.770084 0.925028 0.771238 0.931948 0.771622 0.935408 0.770084 0.939638 0.775468 0.938484 0.778544 0.941176 0.784694 0.944252 0.789308 0.942714 0.785848 0.938100 0.779696 0.933870 0.778158 0.931564 0.777006 0.925028 0.776620 0.917722 0.775852 0.914646
1 0.996580 0.088826 0.984186 0.091818 0.982478 0.097802 0.981196 0.105068 0.972648 0.104212 0.966664 0.104212 0.973930 0.111050 0.980340 0.116606 0.984186 0.119598 0.992734 0.115324 0.998290 0.114896
1 0.989316 0.394404 0.991452 0.386710 0.983332 0.381154 0.973930 0.378590 0.963246 0.378590 0.955126 0.379018 0.951278 0.381582 0.955552 0.388848 0.959398 0.393548 0.959398 0.399532 0.960254 0.403806 0.963246 0.406370 0.971792 0.407224 0.982478 0.406370 0.987606 0.406798 0.993162 0.404660 0.997436 0.403806
1 0.996580 0.508514 0.985042 0.507232 0.974358 0.506376 0.971792 0.502530 0.973502 0.495692 0.966664 0.494410 0.963246 0.491846 0.964954 0.485008 0.970938 0.481162 0.980768 0.478596 0.990598 0.480306 0.999572 0.482870
1 0.957690 0.853408 0.965810 0.861102 0.970084 0.864948 0.972648 0.872214 0.981622 0.870076 0.989742 0.867084 0.997864 0.865802 0.998718 0.855546 0.994016 0.850844 0.985896 0.854264 0.973930 0.855118 0.967092 0.852554 0.962818 0.852554