0 0.198138 0.010990 0.174274 0.016642 0.189974 0.029830 0.198138 0.032342 0.205674 0.041762 0.210070 0.058092 0.220120 0.061860 0.226400 0.068768 0.224516 0.089492 0.215722 0.111472 0.225144 0.104564 0.233308 0.085724 0.234564 0.071280 0.230796 0.057464 0.227656 0.048672 0.227656 0.036738 0.225144 0.030458 0.226400 0.026062 0.238332 0.021666 0.246496 0.017270 0.252148 0.011618 0.257172 0.008478 0.261568 0.005966 0.265964 0.002826 0.238332 0.002826 0.228284 0.009734 0.223260 0.008478 0.220748 0.012874 0.216978 0.009734
0 0.220372 0.175936 0.203322 0.170252 0.195570 0.168702 0.187820 0.172320 0.181620 0.180586 0.189888 0.183170 0.201254 0.182654 0.209522 0.187304 0.212106 0.209522 0.212622 0.221922 0.216756 0.251892 0.218822 0.274626 0.225022 0.291678 0.229156 0.299944 0.236906 0.307178 0.238974 0.303044 0.231224 0.294260 0.229674 0.281860 0.230190 0.263258 0.230190 0.252408 0.227090 0.236390 0.224506 0.230190 0.223990 0.219340 0.224506 0.214172 0.219856 0.207454 0.225540 0.200222 0.217788 0.190920
0 0.256542 0.454954 0.229674 0.492156 0.216756 0.525226 0.209006 0.527808 0.197638 0.539692 0.188338 0.550026 0.187820 0.560878 0.173352 0.578962 0.171286 0.587746 0.172320 0.590330 0.188338 0.575862 0.194538 0.566562 0.207454 0.553644 0.227090 0.537626 0.228122 0.527808 0.229674 0.518508 0.234324 0.508174 0.240008 0.501458 0.244658 0.496806 0.249824 0.490606 0.250858 0.485440 0.252408 0.477688 0.258092 0.466838
0 0.203838 0.680236 0.186786 0.678168 0.180070 0.680236 0.178004 0.684368 0.173352 0.684886 0.172320 0.693152 0.182654 0.696252 0.190920 0.692636 0.198672 0.694702 0.207454 0.698836 0.218306 0.712270 0.230190 0.728288 0.242590 0.740690 0.251892 0.748956 0.263258 0.749472 0.270492 0.749472 0.266876 0.741722 0.254474 0.732422 0.238974 0.709170 0.231224 0.700904 0.222440 0.692636 0.219856 0.687986 0.210556 0.680752
0 0.216756 0.758774 0.200222 0.808376 0.198672 0.824394 0.194020 0.837312 0.196088 0.852812 0.201254 0.865730 0.205904 0.879682 0.215722 0.884848 0.230706 0.889498 0.250342 0.888982 0.263776 0.887948 0.267908 0.884848 0.252924 0.882782 0.230190 0.877098 0.219856 0.868830 0.219856 0.861080 0.213138 0.848162 0.209522 0.838862 0.209522 0.829562 0.210038 0.819228 0.211588 0.804760 0.214688 0.792876 0.220372 0.780992 0.222956 0.773242 0.223472 0.766008 0.227090 0.759806 0.235356 0.758256 0.240008 0.753606 0.233290 0.751540 0.222440 0.754124
0 0.233806 0.989222 0.259124 0.989738 0.273592 0.985604 0.279276 0.987154 0.285994 0.987672 0.298394 0.988704 0.306662 0.989222 0.313378 0.991806 0.316996 0.994906 0.310546 0.998046 0.298394 0.995422 0.293228 0.995422 0.283926 0.996972 0.275142 0.997488 0.263258 0.998006 0.260158 0.998006 0.259766 0.998046 0.250000 0.998046 0.232422 0.998046 0.228122 0.996456 0.224506 0.995422
0 0.544860 0.015242 0.559328 0.026610 0.563978 0.025060 0.560360 0.015760
0 0.586712 0.040044 0.584130 0.044694 0.584646 0.053996 0.572762 0.090164 0.562944 0.097398 0.536076 0.104632 0.525742 0.108248 0.513342 0.120650 0.515924 0.133050 0.527808 0.126850 0.540726 0.122716 0.552610 0.119616 0.559328 0.116516 0.573278 0.114448 0.585162 0.111866 0.597046 0.112382 0.602730 0.109798 0.617714 0.114448 0.629598 0.120650 0.649234 0.134600 0.654400 0.133566 0.644582 0.126334 0.634766 0.116000 0.626498 0.104114 0.616682 0.096882 0.604798 0.092748 0.591880 0.091198 0.584646 0.089130 0.587746 0.072080 0.594980 0.056062 0.597564 0.049862
0 0.499906 0.369698 0.488540 0.379000 0.485956 0.392434 0.479240 0.405868 0.479240 0.414652 0.492156 0.415684 0.503524 0.401734 0.506108 0.392950 0.507658 0.387266 0.501974 0.388300 0.498874 0.384166 0.501458 0.383132 0.511792 0.384166 0.524192 0.386234 0.535042 0.389334 0.546410 0.391400 0.554678 0.395016 0.563462 0.400184 0.570178 0.405350 0.593430 0.408968 0.604280 0.413618 0.610998 0.422402 0.619264 0.424468 0.630116 0.429636 0.640966 0.437386 0.649750 0.439970 0.653366 0.437386 0.652334 0.431186 0.638382 0.418268 0.624948 0.410518 0.609964 0.398634 0.598080 0.390366 0.581546 0.385716 0.573278 0.382100 0.583612 0.373832 0.588262 0.368666 0.586196 0.361948 0.587746 0.353680 0.594980 0.343864 0.601180 0.325262 0.597046 0.324230 0.587230 0.331462 0.578446 0.349030 0.569144 0.358332 0.563978 0.368666 0.563462 0.380550 0.545376 0.379516 0.539176 0.373316 0.521092 0.370216 0.511792 0.369698 0.505074 0.368666
0 0.493706 0.563978 0.530392 0.573278 0.547444 0.577412 0.561394 0.580512 0.567594 0.581028 0.576378 0.587230 0.601696 0.607898 0.615132 0.618748 0.620814 0.620814 0.616682 0.604798 0.606864 0.588262 0.596014 0.574828 0.587746 0.568628 0.613580 0.570178 0.630116 0.569144 0.638382 0.566562 0.654916 0.565012 0.650784 0.558810 0.639932 0.558294 0.628048 0.559328 0.621332 0.559328 0.612548 0.559844 0.580512 0.561910 0.570178 0.565012 0.559328 0.563978 0.538660 0.561394 0.523676 0.555710 0.506624 0.547960 0.499906 0.544344 0.494224 0.548994
0 0.555194 0.644066 0.550026 0.656984 0.550026 0.667834 0.543826 0.658534 0.539692 0.665250 0.550544 0.678686 0.553644 0.691602 0.545894 0.707620 0.544860 0.724154 0.547960 0.745340 0.553128 0.750506 0.568112 0.748956 0.561394 0.740690 0.559844 0.730356 0.560878 0.720538 0.564494 0.710720 0.568112 0.702970 0.579996 0.705554 0.590330 0.708654 0.599114 0.707104 0.608414 0.711238 0.612030 0.715888 0.618748 0.714854 0.624948 0.727772 0.635800 0.730872 0.645616 0.732938 0.649750 0.732938 0.643550 0.727254 0.624948 0.712788 0.615648 0.704004 0.609448 0.695220 0.606348 0.692120 0.599630 0.690052 0.591362 0.693670 0.573796 0.683852 0.571728 0.675584 0.562428 0.678686 0.558810 0.664218 0.562944 0.653366 0.570178 0.647684 0.561910 0.646134
0 0.502490 0.842996 0.520058 0.852296 0.529358 0.861596 0.534010 0.868830 0.536592 0.876582 0.537626 0.885882 0.540210 0.894148 0.542794 0.903966 0.544860 0.910166 0.538142 0.914300 0.532460 0.913784 0.512308 0.914816 0.495774 0.913266 0.494224 0.916366 0.509724 0.922568 0.519542 0.925150 0.527292 0.929284 0.532460 0.931352 0.530392 0.942718 0.532460 0.956670 0.534010 0.964936 0.539692 0.968554 0.547444 0.969070 0.551060 0.959770 0.549510 0.952020 0.551060 0.944268 0.556744 0.934968 0.559844 0.927218 0.559844 0.921534 0.563978 0.921534 0.570694 0.922568 0.575346 0.919468 0.568628 0.906550 0.565012 0.900350 0.563978 0.896216 0.562944 0.885882 0.555710 0.871930 0.548476 0.861080 0.537110 0.847130 0.527292 0.839896 0.512308 0.840928
1 0.155516 0.110486 0.174368 0.122528 0.185888 0.130382 0.196884 0.136666 0.207356 0.133524 0.213116 0.129336 0.202120 0.127764 0.190600 0.126194 0.182746 0.117292 0.177510 0.112580 0.164418 0.111532
1 0.139808 0.484878 0.108390 0.477024 0.102108 0.480688 0.124100 0.490114 0.135620 0.494302 0.137714 0.521008 0.145044 0.501110 0.156040 0.493256 0.175938 0.490638 0.185364 0.486972 0.179604 0.484354 0.155516 0.485402
1 0.165990 0.514200 0.149234 0.518914 0.154994 0.526768 0.166514 0.527292 0.179080 0.525720 0.192170 0.522578 0.198454 0.518914 0.189028 0.518390 0.178032 0.517342
2 0.167560 0.629922 0.153422 0.624162 0.147662 0.625210 0.150804 0.639870 0.159706 0.640918 0.172272 0.639870
1 0.179604 0.727316 0.181698 0.737790 0.196360 0.743026 0.200026 0.738836 0.201596 0.730458 0.192170 0.726270 0.180650 0.720510
1 0.159706 0.896972 0.169654 0.915298 0.180128 0.907444 0.180128 0.900636 0.196884 0.897494 0.205262 0.892782 0.189028 0.890688 0.174368 0.891212 0.160754 0.886498
1 0.322330 0.006960 0.341470 0.027840 0.343210 0.040020 0.346256 0.045240 0.351040 0.044804 0.355390 0.036104 0.353216 0.022184 0.348430 0.010874 0.338426 0.003914 0.327116 0.000434 0.323200 0.000434
1 0.254472 0.113534 0.254036 0.123538 0.225328 0.126148 0.226198 0.133544 0.254036 0.134848 0.264476 0.141808 0.281006 0.153554 0.294492 0.157468 0.291882 0.153554 0.280572 0.137894 0.271436 0.133108 0.266652 0.125278 0.265782 0.116578
1 0.244032 0.224892 0.255342 0.247076 0.270566 0.260562 0.267956 0.240116 0.261432 0.223152 0.254906 0.215758 0.249252 0.213148
1 0.346690 0.202272 0.354956 0.208798 0.380186 0.210102 0.385406 0.210538 0.411070 0.179218 0.398454 0.216192 0.395410 0.218802 0.409764 0.230982 0.408024 0.238812 0.394974 0.228808 0.390190 0.230112 0.384536 0.240552 0.379750 0.246206 0.367136 0.235332 0.358870 0.224022 0.367570 0.221412 0.372356 0.221412 0.367136 0.217932 0.354520 0.215322 0.344516 0.210972
1 0.457180 0.257516 0.468924 0.247076 0.487194 0.244032 0.504158 0.237506 0.511554 0.230548 0.516774 0.224892 0.526344 0.226632 0.533304 0.229678 0.519384 0.235766 0.509814 0.243596 0.498938 0.246642 0.495894 0.250992 0.503724 0.263606 0.501114 0.267956 0.489804 0.254036 0.478928 0.256646 0.468924 0.257516 0.461530 0.260996 0.454570 0.264912
2 0.359740 0.283182 0.374530 0.279702 0.382796 0.277962 0.383666 0.289706 0.383666 0.296232 0.384536 0.301886 0.374530 0.294492 0.367570 0.293622 0.363656 0.289706
0 0.231418 0.370616 0.247076 0.355826 0.254472 0.350606 0.266216 0.348430 0.276222 0.351910 0.276222 0.357566 0.250122 0.367570 0.242726 0.372356 0.239682 0.378010 0.244032 0.412374 0.244466 0.424554 0.241856 0.428904 0.236636 0.417160 0.233592 0.400630 0.232288 0.382796
1 0.428426 0.329610 0.412188 0.321258 0.404766 0.321722 0.416828 0.336568 0.424714 0.343064 0.421002 0.364868 0.423322 0.372754 0.434456 0.350022 0.457188 0.354662 0.459044 0.350486 0.440952 0.343064 0.437704 0.336568
2 0.378322 0.377858 0.370898 0.384352 0.361156 0.386672 0.351414 0.391776 0.346774 0.402910 0.363012 0.400590 0.371362 0.400126 0.374146 0.408476 0.381570 0.405694 0.390384 0.410332 0.397806 0.406622 0.387600 0.400126 0.391312 0.396878 0.393632 0.392704 0.393632 0.382034 0.385744 0.384352 0.383888 0.389456 0.380642 0.382034
1 0.280898 0.387136 0.276722 0.401054 0.281362 0.408940 0.296206 0.406158 0.298990 0.392704 0.292496 0.385744
1 0.391776 0.421466 0.377858 0.440024 0.363476 0.446982 0.357908 0.454406 0.365332 0.459044 0.381106 0.455798 0.382960 0.461364 0.388064 0.457652 0.393168 0.456262 0.397342 0.453014 0.392240 0.448838 0.386672 0.446982 0.396878 0.435848 0.400126 0.427498 0.399662 0.421002
1 0.430746 0.440952 0.421002 0.446982 0.415900 0.448374 0.404766 0.459044 0.410332 0.465076 0.421930 0.463684 0.427498 0.459972 0.428426 0.455798 0.440952 0.452086 0.443272 0.452550 0.442344 0.462756 0.450230 0.464612 0.449302 0.459972 0.453942 0.456726 0.455798 0.449302 0.447910 0.444200 0.438168 0.443736
1 0.503582 0.644150 0.516572 0.629306 0.530026 0.622810 0.542088 0.620490 0.516108 0.651574 0.508684 0.658532 0.479458 0.646934 0.476210 0.638584 0.491056 0.638584
1 0.369044 0.675698 0.348630 0.693326 0.337032 0.685904 0.332394 0.685904 0.332394 0.693326 0.344920 0.706316 0.347238 0.741112 0.355590 0.740184 0.358372 0.723482 0.356054 0.713740 0.357908 0.705388 0.370434 0.681728 0.376466 0.675234
1 0.296206 0.809308 0.280434 0.807916 0.277650 0.819514 0.284608 0.827866 0.300382 0.825546 0.297134 0.814876
1 0.331930 0.783792 0.350486 0.793998 0.350950 0.820442 0.361620 0.811164 0.364404 0.797710 0.366724 0.789360 0.371362 0.785648 0.375538 0.783792 0.401982 0.787968 0.406622 0.784256 0.399198 0.778690 0.378786 0.774978 0.366260 0.768018 0.350022 0.759668 0.352342 0.767092 0.360228 0.774514 0.354662 0.782864 0.343528 0.780544 0.332394 0.775442 0.326826 0.775906
1 0.411724 0.746678 0.426106 0.756884 0.434920 0.759668 0.445126 0.765236 0.455334 0.771266 0.461364 0.778690 0.466004 0.787040 0.452086 0.780080 0.444664 0.775442 0.450230 0.787040 0.442808 0.791216 0.436776 0.779616 0.429818 0.766164 0.420074 0.763380 0.409404 0.755956 0.406622 0.749462
1 0.468324 0.729050 0.465076 0.745286 0.468324 0.763380 0.480850 0.771266 0.489664 0.772194 0.486416 0.759204 0.476210 0.750854 0.474818 0.741112 0.478066 0.730904
2 0.500334 0.780544 0.497550 0.788896 0.499870 0.801886 0.491520 0.811628 0.490128 0.823690 0.501726 0.818586 0.510076 0.808380 0.517036 0.803278 0.515180 0.797246 0.510540 0.788432 0.507292 0.778690
2 0.517500 0.785648 0.527242 0.794926 0.520746 0.795854 0.522602 0.804668 0.523066 0.814876 0.524922 0.820442 0.531880 0.817194 0.532344 0.815340 0.535592 0.813948 0.541160 0.815804 0.555542 0.834360 0.556006 0.825546 0.547654 0.811628 0.547190 0.806060 0.547190 0.797710 0.549510 0.790752 0.556468 0.783792 0.552294 0.781008 0.546726 0.789360 0.540696 0.795390 0.531880 0.788896 0.520746 0.780544
2 0.384352 0.961012 0.400126 0.962868 0.409404 0.962868 0.407086 0.968434 0.405694 0.975394 0.404766 0.983280 0.391776 0.986992 0.389456 0.979104 0.392240 0.972146 0.382034 0.967042
2 0.938136 0.003260 0.948910 0.015438 0.951720 0.023400 0.965772 0.014500 0.977012 0.015906 0.979354 0.004666
2 0.675378 0.183584 0.665074 0.185458 0.669758 0.195294 0.678658 0.199510 0.687088 0.200446 0.680998 0.193420 0.686620 0.190142 0.689898 0.184052 0.688024 0.178900 0.681468 0.184522
1 0.639782 0.382176 0.653834 0.392012 0.664138 0.396226 0.676316 0.395758 0.684746 0.396226 0.679126 0.386860 0.671164 0.383112 0.655706 0.380302 0.649618 0.373744 0.641188 0.373276
1 0.611680 0.442128 0.637908 0.450558 0.642124 0.450558 0.649150 0.474446 0.654302 0.477724 0.650554 0.451964 0.666480 0.448684 0.673974 0.441660 0.667416 0.438848 0.655706 0.441660 0.645402 0.443532 0.636034 0.439786 0.623858 0.437444 0.617768 0.436976
1 0.877716 0.429014 0.872564 0.449154 0.866008 0.454306 0.869754 0.459458 0.879122 0.460394 0.892704 0.464142 0.895046 0.459458 0.887084 0.454774 0.883806 0.442128 0.884274 0.428076
1 0.958746 0.569526 0.961088 0.579362 0.956404 0.584046 0.966708 0.585450 0.976544 0.579830 0.985442 0.570930 0.995748 0.557348 0.985912 0.559222 0.981696 0.567652 0.970924 0.572804 0.966240 0.570462
1 0.768586 0.680062 0.762028 0.694114 0.754534 0.699734 0.749382 0.701140 0.749850 0.715658 0.761560 0.720342 0.773268 0.715658 0.772800 0.708634 0.773738 0.694114 0.779358 0.683340 0.777016 0.676316 0.774674 0.677720
1 0.984038 0.768586 0.966708 0.769522 0.972328 0.779358 0.980290 0.783104 0.992468 0.779358 0.991532 0.772332
2 0.964366 0.895046 0.951252 0.909566 0.927832 0.911440 0.924086 0.912844 0.925960 0.921744 0.938304 0.924470 0.943758 0.933454 0.950314 0.925490 0.953124 0.924554 0.961556 0.922212 0.957808 0.918466 0.956872 0.910972