1 0.021290 0.244140 0.025276 0.243566 0.033548 0.249540 0.042738 0.246784 0.038602 0.256894 0.042280 0.266544 0.036718 0.267774 0.032628 0.258272 0.026194 0.249080
1 0.078524 0.023424 0.083692 0.029624 0.086792 0.033758 0.091958 0.028590 0.105392 0.026868 0.102982 0.029968 0.098848 0.036514 0.095058 0.037202 0.085414 0.040302 0.077492 0.032036 0.073358 0.024458 0.067846 0.029968 0.062334 0.027212 0.073014 0.021356
0 0.126714 0.082508 0.109566 0.081238 0.104802 0.084730 0.104802 0.092670 0.099720 0.083778 0.104484 0.076474 0.097180 0.077108 0.093052 0.082190 0.088606 0.076474 0.084794 0.076156 0.086700 0.083142 0.084476 0.090448 0.077172 0.096798 0.078442 0.101562 0.078442 0.119982 0.080666 0.130462 0.084794 0.135862 0.087652 0.144754 0.088288 0.155234 0.091464 0.153328 0.090828 0.138084 0.084476 0.126016 0.081936 0.101880 0.084160 0.092988 0.092734 0.092988 0.098450 0.099658 0.101944 0.106326 0.102578 0.116806 0.099720 0.125064 0.098768 0.136178 0.095910 0.147294 0.102896 0.138402 0.103214 0.126334 0.106072 0.110138 0.107024 0.106008 0.117822 0.110454 0.120046 0.117442 0.121316 0.129828 0.116870 0.139672 0.113058 0.146660 0.104166 0.157774 0.094956 0.168254 0.088288 0.174288 0.090510 0.175558 0.100990 0.168890 0.121316 0.150788 0.128620 0.135226 0.129688 0.126758 0.121952 0.109502 0.115282 0.101562 0.117822 0.092988 0.120364 0.090764 0.127986 0.092352 0.138466 0.089812 0.141958 0.087588 0.142912 0.083142 0.134336 0.076792 0.131796 0.069170 0.127350 0.056148 0.128302 0.068852 0.132432 0.080602 0.137196 0.083460 0.136242 0.087272 0.132114 0.087588
0 0.100674 0.196520 0.109248 0.218114 0.115918 0.226690 0.125762 0.239392 0.131478 0.247332 0.135290 0.265434 0.135608 0.282266 0.135608 0.299098 0.128906 0.290234 0.125762 0.267340 0.119728 0.255272 0.112424 0.249872 0.100674 0.257812 0.087334 0.266388 0.066374 0.271786 0.069868 0.267340 0.087652 0.262894 0.108930 0.248286 0.106072 0.240028 0.102578 0.238440 0.103532 0.230818 0.100356 0.220656 0.098132 0.203824 0.097816 0.195566 0.100990 0.196520 0.102896 0.196202
1 0.072090 0.222560 0.071456 0.230182 0.076562 0.239844 0.076538 0.242568 0.075266 0.247332 0.071290 0.246094 0.067328 0.235264 0.055274 0.235352 0.044922 0.232032 0.052084 0.224784 0.066056 0.230818 0.068598 0.225420 0.072460 0.219726 0.069868 0.224148 0.069868 0.225102
0 0.129980 0.314586 0.107672 0.327332 0.102208 0.311854 0.089006 0.310942 0.081266 0.315950 0.076714 0.313220 0.075348 0.305480 0.070796 0.310942 0.076714 0.322324 0.080356 0.331886 0.085820 0.322780 0.091738 0.323236 0.094014 0.332796 0.094014 0.337804 0.086274 0.347364 0.076258 0.365576 0.077624 0.392892 0.080812 0.385152 0.083088 0.360568 0.094470 0.344634 0.098112 0.347364 0.106762 0.356926 0.106306 0.368308 0.094470 0.377412 0.084908 0.381056 0.070340 0.385152 0.064876 0.390616 0.078534 0.391072 0.096290 0.383786 0.112680 0.372404 0.110404 0.355104 0.113282 0.352734 0.124804 0.358204 0.129526 0.351918 0.124518 0.348276 0.102664 0.346454 0.109038 0.332796 0.119510 0.325056 0.128614 0.320048 0.136354 0.316862
0 0.115412 0.452988 0.112680 0.469834 0.112226 0.479850 0.104940 0.480304 0.103120 0.464826 0.097656 0.451168 0.094014 0.456630 0.095380 0.468012 0.091738 0.474842 0.083998 0.474386 0.075348 0.477574 0.068518 0.477574 0.058502 0.478028 0.059868 0.483492 0.088096 0.481670 0.098566 0.478940 0.099478 0.485312 0.104486 0.490776 0.108582 0.487590 0.120876 0.490320 0.144094 0.501248 0.147736 0.508532 0.161196 0.511292 0.152744 0.496694 0.140452 0.489410 0.133622 0.482582 0.142274 0.482126 0.155020 0.479850 0.163670 0.472566 0.161394 0.468924 0.150468 0.474386 0.130436 0.478028 0.123152 0.477118 0.122696 0.466646 0.122696 0.456630 0.121330 0.452078
0 0.110860 0.502614 0.104940 0.505800 0.101298 0.527654 0.101298 0.547686 0.105396 0.553604 0.105852 0.570904 0.105852 0.574546 0.088096 0.580920 0.068064 0.596854 0.058048 0.616432 0.072616 0.600042 0.105852 0.579100 0.113136 0.577278 0.115412 0.585018 0.119510 0.594578 0.120420 0.608692 0.115868 0.620530 0.121786 0.620984 0.127704 0.607782 0.129526 0.576368 0.122696 0.563164 0.117578 0.561914 0.116602 0.565430 0.111770 0.572726 0.111314 0.565442 0.112680 0.547230 0.110404 0.536304 0.109948 0.513084
0 0.136810 0.719324 0.130078 0.719336 0.123046 0.720898 0.117188 0.721680 0.106762 0.722966 0.103574 0.722966 0.095380 0.720234 0.082176 0.716136 0.077930 0.718164 0.080356 0.720690 0.100388 0.730250 0.113136 0.730706 0.107218 0.735714 0.098112 0.738900 0.076714 0.755290 0.068974 0.761208 0.062144 0.764852 0.063510 0.767128 0.071250 0.768038 0.084908 0.765306 0.092192 0.759388 0.102208 0.753470 0.119964 0.741632 0.127704 0.741632 0.139086 0.736624 0.138176 0.727974
1 0.150012 0.615522 0.143360 0.616016 0.140624 0.620312 0.129526 0.633276 0.121786 0.629180 0.111314 0.622806 0.109948 0.631000 0.115412 0.644204 0.123606 0.646480 0.132258 0.640562 0.144094 0.628724
1 0.117688 0.386518 0.121786 0.397900 0.124036 0.403492 0.130078 0.400390 0.130636 0.407450 0.136904 0.422298 0.137894 0.425596 0.130306 0.421638 0.120408 0.413720 0.117108 0.415040 0.114140 0.417018 0.109190 0.419658 0.111500 0.411080 0.111830 0.401182 0.107210 0.399202 0.106220 0.395904 0.111170 0.393594 0.111500 0.388976
0 0.113562 0.852560 0.110400 0.850102 0.103726 0.850452 0.090026 0.856072 0.086162 0.865558 0.080190 0.872232 0.071760 0.882770 0.067194 0.888390 0.062276 0.890148 0.065436 0.872584 0.065436 0.853966 0.061222 0.866612 0.061924 0.875394 0.061222 0.884526 0.058412 0.898578 0.057358 0.906306 0.070354 0.892958 0.091782 0.871530 0.098106 0.859586 0.112158 0.858884 0.101970 0.866260 0.091080 0.874340 0.082298 0.884526 0.081596 0.898226 0.080542 0.916494 0.081244 0.919304 0.095646 0.899984 0.111104 0.880662 0.113210 0.880662 0.122696 0.899984 0.127614 0.899984 0.125154 0.883122 0.138854 0.887338 0.160986 0.884526 0.135342 0.878906 0.134288 0.861694 0.127614 0.857830 0.127614 0.848344 0.119534 0.855722
0 0.116798 0.916102 0.110816 0.914906 0.110218 0.923878 0.111714 0.932552 0.111714 0.938534 0.111714 0.947508 0.111116 0.955882 0.109322 0.961266 0.106032 0.965154 0.102142 0.965454 0.095862 0.966950 0.085094 0.976520 0.079412 0.987288 0.081504 0.995364 0.094964 0.974426 0.095562 0.975922 0.093768 0.982204 0.100946 0.989382 0.109022 0.989980 0.114106 0.992372 0.122482 0.991774 0.131156 0.989980 0.139232 0.989082 0.148802 0.983700 0.145214 0.976520 0.143418 0.973530 0.122780 0.975026 0.127268 0.968444 0.126070 0.961266 0.121286 0.952294 0.123378 0.942722 0.133848 0.947806 0.134446 0.945714 0.126968 0.939432 0.124576 0.932852 0.119192 0.919990
0 0.422656 0.076172 0.422536 0.079570 0.407542 0.098410 0.402544 0.106100 0.391010 0.094566 0.385110 0.094058 0.381648 0.099680 0.379702 0.105088 0.381648 0.106602 0.388354 0.105088 0.388354 0.107684 0.384244 0.110496 0.377106 0.114604 0.376242 0.119148 0.378188 0.120878 0.393328 0.116984 0.400250 0.126284 0.407388 0.132340 0.404576 0.123906 0.401116 0.116984 0.406522 0.111794 0.411498 0.107900 0.425340 0.098600 0.431828 0.090812 0.430314 0.083242 0.428368 0.077836
0 0.351562 0.177148 0.366624 0.194186 0.380696 0.197002 0.390264 0.208258 0.397020 0.221766 0.402648 0.234150 0.415594 0.229646 0.417844 0.233024 0.405462 0.244844 0.396456 0.256102 0.393080 0.287058 0.397582 0.306758 0.397460 0.316992 0.398828 0.324218 0.399834 0.324208 0.401758 0.326562 0.403124 0.322656 0.401522 0.300004 0.399270 0.263418 0.404296 0.250196 0.408840 0.252162 0.418408 0.241468 0.423242 0.231250 0.422460 0.225782 0.416720 0.224018 0.421484 0.213868 0.417282 0.211636 0.411654 0.202066 0.406024 0.180116 0.398708 0.175050 0.403774 0.195876 0.404900 0.223456 0.398144 0.215576 0.389702 0.198126 0.378444 0.189684 0.371128 0.185744
0 0.461718 0.372656 0.462672 0.366094 0.462110 0.347266 0.453118 0.330930 0.445474 0.315642 0.439358 0.309144 0.438672 0.301758 0.430948 0.306086 0.419100 0.316024 0.416796 0.312500 0.412602 0.318318 0.404958 0.325198 0.395402 0.326726 0.388476 0.321094 0.384700 0.322522 0.383554 0.330166 0.376368 0.335546 0.373234 0.338958 0.369336 0.346680 0.377438 0.342780 0.388868 0.340626 0.404194 0.339340 0.413750 0.337046 0.434006 0.330930 0.442034 0.335134 0.445856 0.338958 0.451206 0.343926 0.453882 0.354246 0.458086 0.359978
0 0.403398 0.445790 0.400102 0.467218 0.397812 0.479864 0.402162 0.488644 0.399062 0.497538 0.395988 0.494872 0.388484 0.500958 0.379674 0.511898 0.374648 0.518720 0.374290 0.525542 0.374290 0.547442 0.379316 0.527336 0.381994 0.517792 0.387932 0.509744 0.401216 0.501128 0.413064 0.501486 0.418450 0.509026 0.417732 0.520874 0.423836 0.523388 0.436402 0.521592 0.449326 0.511898 0.475894 0.520156 0.474818 0.515130 0.450762 0.506512 0.447532 0.508666 0.440404 0.511300 0.438556 0.515488 0.431250 0.516992 0.423118 0.515848 0.418450 0.502564 0.419168 0.495742 0.427426 0.491434 0.443942 0.479586 0.440350 0.477432 0.435536 0.476620 0.422040 0.483894 0.419312 0.485746 0.420326 0.484530 0.418702 0.485340 0.408984 0.482812 0.407320 0.474560 0.410192 0.470250 0.411628 0.461994 0.408038 0.453376
0 0.437556 0.581768 0.431344 0.579008 0.405808 0.587290 0.405808 0.598332 0.406498 0.611446 0.406498 0.625248 0.407188 0.640432 0.407188 0.652164 0.400288 0.672868 0.400450 0.677408 0.408764 0.671120 0.411330 0.663896 0.423752 0.647334 0.422372 0.627318 0.429274 0.605924 0.437556 0.590740
0 0.436122 0.676208 0.435712 0.698366 0.431608 0.712726 0.425864 0.719702 0.421082 0.726730 0.419684 0.723378 0.424714 0.710244 0.424434 0.703818 0.418288 0.713318 0.413816 0.721422 0.408228 0.731480 0.400964 0.733156 0.389786 0.736230 0.388390 0.738466 0.380286 0.739304 0.373860 0.733994 0.366036 0.728406 0.362962 0.726450 0.362684 0.734834 0.369390 0.740422 0.377772 0.742936 0.380846 0.743496 0.393140 0.742936 0.400684 0.739862 0.416052 0.733716 0.424156 0.734274 0.436728 0.744054 0.440640 0.744612 0.427228 0.728128 0.431420 0.720582 0.439522 0.710524 0.443434 0.701582 0.442318 0.686214 0.439802 0.673920 0.438126 0.671126
0 0.365168 0.843854 0.384786 0.847316 0.407866 0.853086 0.420270 0.859432 0.425752 0.866646 0.429502 0.866068 0.428926 0.855682 0.426906 0.849624 0.420560 0.837796 0.420848 0.832890 0.428638 0.840104 0.432964 0.853662 0.434696 0.861740 0.434408 0.867510 0.444794 0.870684 0.451428 0.875012 0.461814 0.888282 0.462968 0.897226 0.450564 0.883954 0.443062 0.877896 0.438158 0.876454 0.439312 0.883378 0.445948 0.895206 0.445658 0.904438 0.445370 0.911940 0.446524 0.920594 0.450564 0.920594 0.455756 0.911940 0.455180 0.917710 0.450274 0.923480 0.444216 0.922326 0.442486 0.912228 0.442774 0.897226 0.434696 0.886552 0.425464 0.875300 0.414212 0.868376 0.407866 0.863760 0.396614 0.862894 0.390268 0.861164 0.379882 0.857124 0.369784 0.849912
0 0.444994 0.933888 0.437452 0.945796 0.429712 0.953340 0.423558 0.956316 0.423162 0.957706 0.416810 0.965448 0.415818 0.974180 0.413236 0.978150 0.406488 0.983708 0.396960 0.989068 0.389418 0.993038 0.389816 0.987280 0.388028 0.983906 0.381678 0.982518 0.384258 0.993038 0.385052 0.995022 0.413038 0.987082 0.416612 0.984700 0.425146 0.982318 0.438246 0.980334 0.446782 0.984106 0.454126 0.987876 0.454324 0.983708 0.448170 0.977158 0.439040 0.974776 0.430704 0.974180 0.436658 0.965646 0.445590 0.952942 0.446782 0.941828 0.447376 0.932498 0.445392 0.931506
0 0.919964 0.051484 0.902278 0.058306 0.883628 0.070096 0.873442 0.074890 0.857866 0.072792 0.866852 0.084476 0.871644 0.085074 0.872244 0.097656 0.872244 0.113832 0.851274 0.131806 0.851274 0.135400 0.872844 0.124616 0.876438 0.135400 0.877038 0.145586 0.882430 0.155172 0.882430 0.168352 0.881230 0.177938 0.885424 0.182732 0.888420 0.187524 0.889618 0.207294 0.896208 0.222272 0.903998 0.236652 0.908192 0.229462 0.901600 0.202502 0.895010 0.180334 0.901002 0.179136 0.909390 0.184528 0.918376 0.195912 0.926764 0.215682 0.927962 0.233656 0.933354 0.246836 0.937548 0.226466 0.923170 0.185726 0.911186 0.177338 0.924368 0.165956 0.927362 0.158168 0.939346 0.152176 0.947732 0.138996 0.936350 0.145586 0.921372 0.153974 0.911786 0.149780 0.905794 0.137498 0.899204 0.138096 0.889020 0.141392 0.892014 0.121022 0.897408 0.109040 0.896208 0.096458 0.901002 0.082378 0.902200 0.067102 0.922492 0.058812
0 0.861596 0.332166 0.861080 0.309948 0.867280 0.296514 0.880198 0.285146 0.880332 0.281286 0.888982 0.281012 0.888466 0.293414 0.888982 0.303748 0.916878 0.300458 0.912750 0.313048 0.915334 0.322864 0.914300 0.338366 0.906032 0.350766 0.896732 0.365234 0.890532 0.373502 0.891566 0.387452 0.899316 0.391070 0.916366 0.372468 0.924118 0.356968 0.930834 0.349216 0.931352 0.363168 0.923600 0.372468 0.919984 0.381252 0.907584 0.391070 0.906550 0.395720 0.918434 0.416388 0.927064 0.435260 0.924634 0.444806 0.915334 0.453074 0.898800 0.434472 0.885882 0.418454 0.876064 0.406570 0.876582 0.392102 0.880932 0.375946 0.878236 0.362766 0.897766 0.351284 0.907066 0.328548 0.903450 0.317698 0.889498 0.310980 0.884332 0.316664 0.886398 0.334232 0.881748 0.336300 0.866764 0.354384 0.857980 0.361100 0.848680 0.362650 0.847980 0.361568 0.865214 0.343016 0.869864 0.330616 0.878132 0.313564 0.871414 0.311498 0.866248 0.325448
0 0.878834 0.495172 0.876582 0.501126 0.884332 0.528512 0.887948 0.550730 0.886916 0.563130 0.880198 0.578114 0.867798 0.572430 0.863664 0.576048 0.868314 0.584832 0.875032 0.588966 0.869348 0.603432 0.860046 0.614284 0.851262 0.627202 0.848680 0.633918 0.861080 0.628752 0.876582 0.604984 0.883814 0.593616 0.902800 0.591630 0.892914 0.585038 0.891566 0.576564 0.899316 0.562614 0.901382 0.553314 0.906094 0.554484 0.919984 0.549180 0.919984 0.564164 0.917078 0.578180 0.919402 0.582830 0.925216 0.576242 0.931028 0.562290 0.925990 0.546402 0.931416 0.531676 0.942266 0.537490 0.979082 0.549890 0.944592 0.525476 0.933354 0.522376 0.920178 0.521600 0.912814 0.525088 0.903514 0.534388 0.894602 0.549890 0.894602 0.522764 0.891888 0.511912 0.884912 0.500286
0 0.907002 0.640184 0.894112 0.652440 0.893512 0.663822 0.890816 0.666518 0.892314 0.675206 0.898088 0.676610 0.897702 0.680874 0.890338 0.701024 0.897314 0.696762 0.904290 0.684748 0.907002 0.684362 0.910878 0.698700 0.907002 0.705674 0.908164 0.714976 0.912428 0.720788 0.917852 0.728152 0.932754 0.730026 0.922890 0.709550 0.923666 0.689786 0.919402 0.675836 0.912428 0.671960 0.915914 0.669636 0.930640 0.666534 0.941492 0.664598 0.958816 0.666518 0.967456 0.674286 0.977918 0.670022 0.977918 0.663822 0.972106 0.668086 0.955830 0.654134 0.946530 0.649096 0.943240 0.644950 0.937248 0.646148 0.933654 0.645850 0.932456 0.648546 0.926164 0.650642 0.922270 0.653038 0.918076 0.654536 0.915680 0.656932 0.910490 0.662660 0.907002 0.663434 0.907776 0.653360 0.913882 0.642254
0 0.898476 0.749078 0.893050 0.757604 0.891500 0.772716 0.893826 0.782404 0.893826 0.788606 0.901576 0.787442 0.901002 0.807312 0.901600 0.809408 0.901576 0.816508 0.897702 0.828132 0.895764 0.837434 0.896926 0.847508 0.901576 0.857972 0.902740 0.845572 0.909090 0.831576 0.918976 0.814202 0.916302 0.795194 0.912428 0.785506 0.907390 0.779304 0.920952 0.780468 0.943816 0.778530 0.952342 0.774654 0.951628 0.770166 0.924440 0.774266 0.927540 0.771942 0.937616 0.769228 0.940544 0.760280 0.934252 0.757286 0.925990 0.763028 0.924068 0.758484 0.915528 0.767292 0.899252 0.772716 0.900802 0.760316 0.901964 0.754504
0 0.900414 0.900600 0.899252 0.912226 0.882976 0.917650 0.870962 0.930440 0.868636 0.941678 0.871350 0.952916 0.874838 0.956016 0.889950 0.954078 0.901576 0.949816 0.896152 0.949816 0.877162 0.952916 0.881426 0.938190 0.892664 0.928114 0.901576 0.925790 0.901964 0.938190 0.900802 0.949040 0.899638 0.959892 0.898864 0.969192 0.901576 0.971904 0.908790 0.953196 0.907776 0.934702 0.917078 0.939352 0.917852 0.932376 0.909714 0.928502 0.908940 0.921914 0.920178 0.926176 0.925602 0.919202 0.922502 0.913388 0.908552 0.910676 0.907776 0.895562
1 0.167968 0.437110 0.191350 0.433874 0.189952 0.444128 0.184824 0.452986 0.177366 0.450654 0.170374 0.450654 0.164454 0.445508
1 0.340048 0.697242 0.332590 0.708430 0.323268 0.705632 0.316276 0.705632 0.317208 0.711226 0.320938 0.714956 0.323988 0.719796 0.331658 0.713558 0.340514 0.715422 0.346574 0.715422 0.340514 0.711226 0.342846 0.703302 0.345176 0.695378
1 0.308818 0.910734 0.302292 0.939634 0.290172 0.936838 0.282248 0.937304 0.281316 0.926584 0.278518 0.929846 0.274790 0.938702 0.269662 0.932176 0.263602 0.930312 0.259406 0.930312 0.254746 0.932642 0.262204 0.938702 0.269662 0.941966 0.265466 0.947094 0.265466 0.952686 0.276188 0.950356 0.280382 0.947094 0.286908 0.947094 0.298562 0.946628 0.309750 0.941966 0.306486 0.939168 0.309284 0.927982 0.310216 0.920990
1 0.300426 0.809582 0.294368 0.817506 0.285976 0.821702 0.286442 0.815176 0.284578 0.807718 0.281782 0.815176 0.277120 0.820770 0.266864 0.821702 0.256610 0.826362 0.257076 0.832422 0.274790 0.833822 0.284578 0.834288 0.301360 0.832888 0.299028 0.822168 0.301360 0.815176
1 0.808010 0.501362 0.793102 0.503796 0.786106 0.507752 0.781238 0.511098 0.779108 0.502580 0.781542 0.495582 0.788236 0.495582 0.790364 0.489498 0.794016 0.495886 0.803446 0.496192 0.809226 0.495278
1 0.769374 0.704586 0.768156 0.711886 0.777892 0.717972 0.777588 0.722230 0.770286 0.719188 0.754162 0.717362 0.751424 0.714624 0.760854 0.710974 0.764202 0.708844 0.766636 0.699718
1 0.218740 0.119316 0.211140 0.141102 0.208100 0.150474 0.204300 0.152248 0.203034 0.145154 0.201008 0.142874 0.197968 0.144394 0.198220 0.151488 0.200754 0.156808 0.200500 0.161874 0.195940 0.163140 0.195180 0.158834 0.192140 0.157820 0.188342 0.166940 0.190368 0.171754 0.197208 0.168966 0.202274 0.165674 0.207594 0.158328 0.211394 0.150980 0.212914 0.142368 0.215700 0.135528 0.218486 0.129448 0.218234 0.125648
1 0.952522 0.572838 0.939484 0.582346 0.935136 0.584792 0.932148 0.576098 0.931334 0.574198 0.929432 0.585334 0.929976 0.589410 0.933506 0.592126 0.936494 0.600274 0.943240 0.604810 0.944644 0.595928 0.942200 0.591854 0.947090 0.582890 0.950348 0.578272