0 0.113194 0.082734 0.087298 0.095900 0.089932 0.102046 0.087738 0.105556 0.084664 0.105118 0.078958 0.112580 0.068426 0.112580 0.074130 0.101606 0.076764 0.087122 0.081154 0.068250 0.083786 0.080538 0.095198 0.078344 0.119778 0.072638 0.123954 0.066376 0.130106 0.076526 0.134700 0.077466 0.141284 0.082294 0.146112 0.086244 0.134700 0.086684 0.122850 0.083612
0 0.116264 0.123278 0.102660 0.149008 0.099656 0.148806 0.087352 0.160802 0.084276 0.162340 0.077510 0.169722 0.075008 0.180610 0.070180 0.194216 0.076764 0.191142 0.082470 0.179732 0.096076 0.163054 0.118460 0.147252 0.126360 0.145058 0.135578 0.154274 0.147428 0.161736 0.163668 0.168320 0.170252 0.166564 0.144254 0.150652 0.133822 0.138036 0.133182 0.132812
0 0.105540 0.300746 0.091350 0.305980 0.086398 0.316298 0.080716 0.313008 0.075050 0.317668 0.079818 0.322878 0.089688 0.326168 0.101952 0.324076 0.110626 0.330058 0.124384 0.330656 0.112574 0.320744 0.103446 0.319888 0.109728 0.312710 0.116308 0.307026 0.108830 0.301942
0 0.145010 0.620216 0.120296 0.594706 0.124282 0.585140 0.131058 0.571190 0.125876 0.568400 0.120296 0.573182 0.115912 0.577566 0.102360 0.582748 0.099170 0.591916 0.101164 0.601084 0.106346 0.593910 0.112266 0.596026 0.124682 0.608258 0.131458 0.616230 0.139030 0.621014
0 0.102574 0.724440 0.098358 0.732520 0.093440 0.739194 0.079356 0.741818 0.085814 0.751968 0.090428 0.763042 0.087968 0.761196 0.106730 0.761812 0.110654 0.748680 0.121802 0.741818 0.118726 0.734744 0.116572 0.723364 0.108194 0.725846
0 0.105264 0.861924 0.101758 0.855468 0.102042 0.846776 0.099544 0.847986 0.094628 0.842908 0.090116 0.842264 0.076168 0.848294 0.076580 0.845488 0.078936 0.836298 0.093984 0.834206 0.096884 0.834206 0.107198 0.833240 0.104882 0.824218 0.114648 0.825000 0.116768 0.831992 0.108488 0.842908 0.108488 0.851288 0.108166 0.858702
0 0.120704 0.905274 0.106446 0.917188 0.092274 0.924828 0.088582 0.930672 0.083662 0.937746 0.081220 0.942166 0.073484 0.950868 0.087666 0.945712 0.094756 0.944746 0.097334 0.947002 0.098946 0.953770 0.098300 0.961182 0.097810 0.971580 0.098300 0.970530 0.103458 0.964406 0.117316 0.952158 0.140522 0.952802 0.136976 0.944100 0.121828 0.937654 0.118284 0.934432 0.118284 0.926696 0.124876 0.916830
0 0.315576 0.044844 0.316584 0.061240 0.310202 0.053582 0.304244 0.056560 0.302118 0.065922 0.288298 0.062882 0.280842 0.078262 0.284202 0.086060 0.303394 0.084644 0.311478 0.083792 0.312192 0.103592 0.320498 0.120816 0.324804 0.114358 0.316498 0.097440 0.323394 0.096558 0.337860 0.095708 0.354882 0.091878 0.350200 0.088048 0.332330 0.094006 0.320414 0.089324 0.320414 0.076134 0.323818 0.065922 0.322968 0.056134 0.321266 0.052730 0.320840 0.046772
0 0.288076 0.203788 0.282118 0.219108 0.286374 0.225490 0.291480 0.241660 0.294032 0.245916 0.300416 0.246340 0.291480 0.255276 0.288500 0.262084 0.292756 0.280382 0.297436 0.288892 0.310202 0.291870 0.303394 0.282084 0.301918 0.271524 0.307650 0.264212 0.307224 0.254000 0.308074 0.244212 0.320840 0.239106 0.305948 0.236980 0.308074 0.234852 0.321692 0.227618 0.325390 0.219364 0.309452 0.220814 0.298714 0.231022 0.293608 0.216980 0.290628 0.211022
0 0.320414 0.291446 0.317436 0.305912 0.303394 0.307616 0.286374 0.308892 0.272756 0.310168 0.261694 0.315700 0.255906 0.318282 0.270630 0.323360 0.285096 0.322082 0.296160 0.322934 0.308074 0.321232 0.311478 0.322508 0.305522 0.327188 0.296198 0.337044 0.306798 0.334422 0.322116 0.328040 0.335734 0.321232 0.339562 0.324210 0.352178 0.328740 0.356584 0.322082 0.352754 0.312722 0.348486 0.307518 0.346796 0.313998 0.345946 0.318678 0.337860 0.315700 0.338030 0.304442 0.326648 0.305056 0.320840 0.307190 0.323818 0.302934 0.325096 0.289744
0 0.317436 0.567180 0.311884 0.569266 0.304502 0.570804 0.301692 0.579520 0.286374 0.579096 0.287650 0.587180 0.294458 0.596116 0.278714 0.602498 0.265948 0.604200 0.266800 0.594414 0.263820 0.583350 0.259566 0.594414 0.257438 0.600372 0.250630 0.598244 0.246986 0.600948 0.244672 0.604200 0.245950 0.613136 0.245524 0.622072 0.245524 0.633136 0.262118 0.624200 0.274668 0.619402 0.279140 0.615690 0.297862 0.605052 0.294458 0.619094 0.297436 0.634412 0.301266 0.648880 0.299990 0.662922 0.276586 0.682070 0.265098 0.697814 0.265098 0.705474 0.281692 0.693134 0.315308 0.668454 0.326372 0.655262 0.342542 0.647604 0.355308 0.638668 0.346026 0.637550 0.343818 0.642072 0.337414 0.639088 0.314032 0.648030 0.308074 0.637816 0.308074 0.623348 0.308500 0.613562 0.311904 0.599946 0.314458 0.606754 0.320414 0.608030 0.324804 0.608330 0.340840 0.608030 0.349410 0.600332 0.320414 0.599520 0.320414 0.587606 0.319990 0.577394 0.318712 0.566330
0 0.313606 0.733132 0.303692 0.730954 0.295734 0.736962 0.288500 0.738664 0.268502 0.741642 0.270630 0.746324 0.278666 0.750738 0.287650 0.747600 0.298714 0.745898 0.306372 0.748452 0.314668 0.737494 0.322782 0.744158 0.328500 0.748026 0.339138 0.755684 0.344180 0.754122 0.341618 0.745896 0.330202 0.741642 0.314458 0.733558 0.311904 0.733558
0 0.315734 0.905042 0.320464 0.908464 0.317010 0.910998 0.311478 0.920360 0.310202 0.928870 0.312756 0.942912 0.323818 0.955252 0.331474 0.953380 0.333606 0.957380 0.339298 0.961784 0.335734 0.966742 0.320414 0.961210 0.313606 0.961210 0.306798 0.953550 0.302542 0.954402 0.295734 0.957380 0.297436 0.931850 0.283394 0.944614 0.274414 0.956250 0.269778 0.956104 0.264672 0.959508 0.261132 0.959960 0.268502 0.942062 0.280860 0.927344 0.286374 0.927594 0.290234 0.921680 0.294884 0.921636 0.292354 0.909044 0.293750 0.906054 0.302118 0.905892 0.314458 0.905042
0 0.662156 0.503898 0.662156 0.525644 0.665716 0.533552 0.664924 0.539876 0.654644 0.545016 0.659218 0.536674 0.665320 0.535924 0.656320 0.532908 0.658204 0.533946 0.653064 0.542644 0.653064 0.552528 0.665716 0.563600 0.650524 0.563624 0.641992 0.555296 0.634480 0.556878 0.617480 0.557668 0.616910 0.557250 0.634006 0.545948 0.641202 0.549366 0.642784 0.538296 0.632900 0.539086 0.627364 0.528806 0.619456 0.521294 0.609178 0.518132 0.612340 0.511410 0.625388 0.512202 0.630132 0.527620 0.638040 0.532364 0.652668 0.529598 0.651086 0.523666 0.642784 0.514178 0.632504 0.502316 0.644760 0.511014 0.651086 0.513388 0.657018 0.509038
0 0.681926 0.626858 0.660576 0.618160 0.654002 0.618392 0.646342 0.626858 0.630530 0.621870 0.625602 0.623030 0.612340 0.626858 0.598106 0.621718 0.598502 0.629626 0.608386 0.633184 0.632268 0.630854 0.640412 0.633184 0.624992 0.638720 0.624202 0.641882 0.618666 0.646232 0.618666 0.650580 0.624596 0.652558 0.630528 0.647812 0.636062 0.648208 0.630528 0.656116 0.632504 0.660070 0.641992 0.648604 0.644728 0.641576 0.639226 0.637928 0.651878 0.632788 0.661762 0.628440 0.656914 0.647480 0.667232 0.681382 0.667968 0.653866 0.689588 0.641584 0.672436 0.628836 0.681530 0.631208
0 0.663738 0.687350 0.652668 0.683000 0.642990 0.678378 0.633294 0.681024 0.626968 0.690118 0.629342 0.700792 0.637248 0.703164 0.635668 0.726886 0.641992 0.713444 0.644760 0.701188 0.654250 0.696444 0.653064 0.710676 0.662156 0.715026 0.673228 0.715026 0.666740 0.727570 0.712928 0.712092 0.707522 0.707424 0.725212 0.691456 0.729880 0.690964 0.731844 0.663694 0.718578 0.689490 0.709996 0.696048 0.708020 0.695258 0.700946 0.693156 0.694182 0.703560 0.677576 0.707908 0.664924 0.703560 0.661762 0.695652
0 0.641598 0.798054 0.643970 0.805960 0.636458 0.815054 0.629660 0.825006 0.634480 0.823752 0.644366 0.814264 0.678922 0.835150 0.677184 0.809938 0.676314 0.806750 0.674018 0.809124 0.685484 0.807938 0.691018 0.805170 0.686220 0.797926 0.693144 0.794106 0.664492 0.782884 0.668790 0.791002 0.663342 0.797262 0.657478 0.791102 0.651878 0.795680 0.648786 0.791972 0.645156 0.794890
0 0.876382 0.110968 0.872692 0.120720 0.878226 0.119666 0.884552 0.097260 0.875840 0.096840 0.859456 0.091860 0.851246 0.095104 0.843628 0.109888 0.841588 0.113558 0.838828 0.120506 0.820200 0.129538 0.820764 0.134054 0.839392 0.128410 0.848424 0.125588 0.856892 0.131796 0.861772 0.132722 0.864230 0.122764 0.869310 0.110910
0 0.874954 0.337270 0.850118 0.339528 0.841650 0.346302 0.832054 0.350818 0.839956 0.354768 0.845038 0.356462 0.842780 0.372268 0.846706 0.378744 0.852212 0.378744 0.849604 0.360778 0.856892 0.362108 0.876084 0.376220 0.877212 0.385816 0.876084 0.402186 0.874954 0.420814 0.886244 0.405008 0.893052 0.411800 0.893324 0.397654 0.887374 0.391460 0.880600 0.371138 0.864794 0.358156 0.860278 0.348560 0.863100 0.343480 0.868180 0.357026 0.882294 0.355898 0.891890 0.359284 0.891890 0.367188 0.894412 0.374804 0.900922 0.366624 0.901212 0.355218 0.895276 0.355334 0.885680 0.349688 0.880600 0.344044
0 0.860842 0.434362 0.870438 0.426458 0.880600 0.432668 0.882294 0.446780 0.876648 0.450168 0.871834 0.464028 0.851704 0.484702 0.864794 0.458070 0.856892 0.460892 0.851810 0.467666 0.845602 0.461456 0.831490 0.452426 0.829232 0.438878 0.839392 0.448474 0.846730 0.453554 0.850118 0.447344 0.847294 0.429282 0.855762 0.445652 0.861972 0.449602 0.872132 0.445086 0.875520 0.433232 0.872132 0.429846
0 0.855688 0.741840 0.854498 0.722918 0.833526 0.714398 0.822384 0.706534 0.822364 0.703878 0.830248 0.703256 0.839424 0.707188 0.849256 0.714398 0.853188 0.707844 0.855810 0.697358 0.865640 0.698012 0.890546 0.712432 0.898412 0.716364 0.882026 0.714398 0.866296 0.710466 0.863020 0.720296 0.874162 0.727506 0.876554 0.733726 0.863674 0.724884 0.861708 0.731438
0 0.857428 0.774874 0.864382 0.777772 0.861708 0.782560 0.847290 0.787804 0.847944 0.796324 0.839424 0.808122 0.827626 0.815332 0.819756 0.830512 0.823694 0.829096 0.853844 0.812710 0.859086 0.796324 0.863674 0.794358 0.872194 0.811398 0.882682 0.820574 0.898576 0.829354 0.897998 0.823268 0.888580 0.818608 0.876128 0.795670 0.878748 0.778628 0.894520 0.759226 0.882682 0.761588 0.873506 0.774696 0.855978 0.762704 0.855810 0.766176
0 0.847576 0.833410 0.863674 0.859244 0.873506 0.867108 0.884668 0.859202 0.887276 0.867316 0.882026 0.878250 0.880060 0.899224 0.874816 0.901846 0.879404 0.878906 0.873506 0.871042 0.864986 0.879562 0.854498 0.890704 0.850566 0.912988 0.844098 0.915418 0.847944 0.888082 0.840080 0.884804 0.826316 0.878250 0.840080 0.879562 0.851342 0.879196 0.860906 0.870212 0.864382 0.864996 0.868262 0.869076 0.859086 0.855966 0.847576 0.840656
0 0.875472 0.948380 0.872194 0.958210 0.872194 0.962144 0.855810 0.955590 0.842046 0.953624 0.830248 0.961488 0.825006 0.968698 0.833526 0.964766 0.842046 0.962144 0.864330 0.967386 0.863674 0.972630 0.833526 0.976562 0.838114 0.987704 0.853188 0.986394 0.855400 0.995398 0.863282 0.998046 0.871094 0.998046 0.874816 0.996224 0.872194 0.977218 0.880716 0.957556 0.882682 0.949036
1 0.329654 0.016866 0.322766 0.013764 0.308986 0.013420 0.306656 0.007628 0.313464 0.006876 0.322766 0.006186 0.330688 0.006876 0.339300 0.002742 0.336200 0.010320 0.335854 0.014110
1 0.265746 0.015396 0.247852 0.023012 0.239096 0.030244 0.249756 0.030626 0.261940 0.028342 0.272980 0.024914 0.279834 0.022630 0.280976 0.015396 0.272600 0.012350 0.266508 0.006640
1 0.117644 0.016538 0.129446 0.026818 0.135920 0.026438 0.151528 0.032148 0.156478 0.038620 0.166758 0.047378 0.166378 0.036336 0.154574 0.020346 0.140108 0.021108 0.134396 0.017680 0.129446 0.014636 0.123356 0.014636 0.111652 0.009782
1 0.423046 0.064332 0.404712 0.064130 0.400904 0.056896 0.397858 0.056514 0.399382 0.067936 0.397478 0.075552 0.407376 0.069840 0.413468 0.068318 0.422226 0.066794 0.424510 0.065652
1 0.210922 0.167306 0.202928 0.165402 0.196836 0.169972 0.186556 0.178348 0.184652 0.174540 0.196074 0.165784 0.189602 0.156646 0.185794 0.147508 0.191506 0.151316 0.198740 0.157788 0.205972 0.159692 0.213206 0.160454 0.213968 0.163880
1 0.372350 0.189388 0.353694 0.188626 0.352934 0.195480 0.355978 0.204236 0.359406 0.204236 0.365878 0.197764 0.370828 0.194338
1 0.162190 0.071744 0.162570 0.081262 0.162570 0.088496 0.156860 0.096110 0.151910 0.103344 0.143024 0.110052 0.143154 0.099156 0.143534 0.091542 0.147342 0.093064 0.151148 0.091922 0.150768 0.085830 0.146580 0.079358 0.155336 0.080500 0.156478 0.086974 0.156098 0.076694 0.156478 0.069078
1 0.218170 0.287752 0.212446 0.308174 0.216634 0.323024 0.212064 0.324926 0.206734 0.318074 0.205212 0.314266 0.200848 0.319206 0.202166 0.301702 0.210542 0.296754
0 0.158096 0.400714 0.163632 0.415478 0.155942 0.427472 0.151328 0.434548 0.148868 0.438238 0.146716 0.442544 0.160556 0.433316 0.167630 0.428088 0.182086 0.428396 0.176858 0.433624 0.179318 0.434548 0.184854 0.436086 0.191930 0.432702 0.184240 0.423782 0.175628 0.422244 0.180548 0.412402 0.182394 0.403174 0.171936 0.414248 0.168554 0.409326 0.164248 0.403790
1 0.234068 0.598486 0.238374 0.584338 0.230068 0.580032 0.229146 0.574496 0.239296 0.576034 0.246370 0.577878 0.244218 0.585876 0.242680 0.591720 0.240834 0.596026
0 0.107256 0.484938 0.101194 0.478532 0.092582 0.479146 0.100344 0.488010 0.104184 0.491082 0.107512 0.492874 0.107256 0.504904 0.112632 0.514376 0.122102 0.517704 0.121846 0.513864 0.116726 0.510792 0.116982 0.497994 0.119030 0.496714 0.119542 0.500296 0.123894 0.504648 0.128246 0.501320 0.127222 0.486986 0.131062 0.491082 0.131318 0.503368 0.135158 0.505160 0.137462 0.496458 0.132086 0.487754 0.129782 0.482122 0.131318 0.476746 0.133878 0.473676 0.137974 0.470860 0.141300 0.460876 0.143604 0.458828 0.149236 0.463692 0.152052 0.466508 0.154356 0.469324 0.150004 0.477514 0.148212 0.485194 0.153588 0.482634 0.165362 0.466508 0.159732 0.465484 0.156404 0.456524 0.150772 0.452428 0.147700 0.451404 0.143946 0.447158 0.137488 0.454848 0.137718 0.464460 0.135158 0.468300 0.132086 0.469324 0.132342 0.463436 0.135158 0.457036 0.136182 0.452428 0.141300 0.443726 0.139764 0.437070 0.122870 0.447822 0.110072 0.450892 0.118262 0.443726 0.122358 0.432462 0.123382 0.428622 0.128502 0.428366 0.132342 0.426062 0.131318 0.422480 0.129782 0.420688 0.132854 0.413776 0.130550 0.409424 0.129270 0.404048 0.128246 0.399952 0.127990 0.394834 0.106744 0.396114 0.105208 0.400720 0.098552 0.401232 0.079610 0.406352 0.085242 0.408656 0.097016 0.408144 0.106232 0.407888 0.102392 0.414544 0.093688 0.419408 0.093432 0.423504 0.105976 0.423760 0.105720 0.438350 0.103160 0.453452 0.103416 0.458316 0.119542 0.459084 0.127478 0.462668 0.127478 0.468044 0.125686 0.474442 0.123382 0.479562 0.115446 0.480074 0.109816 0.480330
1 0.249766 0.677028 0.248088 0.665012 0.238588 0.662218 0.237750 0.657468 0.243898 0.653556 0.249486 0.656350 0.253398 0.663336 0.255074 0.669762 0.255634 0.674792
1 0.216236 0.675350 0.206736 0.684292 0.206736 0.693234 0.218192 0.686808 0.224338 0.684852 0.225176 0.690718 0.229926 0.682896 0.231324 0.675630 0.221544 0.682056 0.221824 0.675072
1 0.255598 0.288140 0.258272 0.296646 0.254826 0.302850 0.252528 0.313190 0.260800 0.309054 0.263328 0.302620 0.262868 0.295956 0.262638 0.291130
0 0.195540 0.754162 0.189380 0.757356 0.180938 0.757356 0.169488 0.754590 0.165194 0.762604 0.167476 0.767624 0.165422 0.777892 0.159262 0.783596 0.144430 0.788616 0.137358 0.793406 0.139868 0.795916 0.157436 0.790212 0.170898 0.781314 0.174778 0.774240 0.178200 0.768308 0.181166 0.770818 0.187782 0.772872 0.194628 0.771274 0.190292 0.767168 0.189380 0.766026 0.191206 0.760322 0.194400 0.759182
1 0.209458 0.776522 0.211284 0.782912 0.208546 0.786334 0.209688 0.793864 0.214936 0.797514 0.217902 0.808922 0.238892 0.806868 0.248020 0.800480 0.247334 0.797514 0.234558 0.801620 0.221096 0.801850 0.223150 0.797742 0.229082 0.795232 0.222236 0.792266 0.222008 0.787474 0.219954 0.782912 0.216532 0.780174 0.212426 0.776294
1 0.287036 0.765342 0.295250 0.771958 0.305290 0.773100 0.303008 0.786562 0.309168 0.784508 0.310538 0.773784 0.317154 0.772188 0.320350 0.766712 0.310766 0.768536 0.305746 0.767624 0.298902 0.765342 0.295934 0.763974 0.290916 0.763974
1 0.176374 0.841550 0.181166 0.855696 0.179568 0.861858 0.177058 0.865280 0.175006 0.872810 0.164054 0.871440 0.162228 0.873038 0.161772 0.881252 0.159034 0.890378 0.152252 0.892532 0.151276 0.883534 0.151048 0.878514 0.143290 0.877602 0.139412 0.878742 0.137586 0.877830 0.144660 0.874178 0.156068 0.873950 0.158806 0.870300 0.149906 0.865280 0.151732 0.861858 0.158350 0.864596 0.164510 0.868018 0.169986 0.866192 0.172952 0.854556 0.171812 0.846342 0.171812 0.842464
1 0.215162 0.908928 0.203782 0.916338 0.204310 0.924808 0.206428 0.932218 0.210926 0.937510 0.215426 0.934070 0.220190 0.926924 0.221512 0.920308 0.220454 0.911840 0.219660 0.906812
0 0.165624 0.977344 0.168318 0.992822 0.167524 0.996264 0.162110 0.998046 0.169922 0.998046 0.175782 0.998046 0.177734 0.998046 0.181640 0.998046 0.185546 0.998046 0.177602 0.987574 0.185546 0.998046 0.180228 0.989646 0.177846 0.985148 0.174024 0.983204
1 0.262004 0.906282 0.252742 0.905752 0.247978 0.907870 0.249610 0.910938 0.247908 0.915292 0.234990 0.909142 0.242420 0.905488 0.245860 0.901782 0.255918 0.898342 0.264122 0.895960 0.265180 0.899930
0 0.644532 0.998046 0.651758 0.990328 0.657480 0.989254 0.659984 0.987466 0.654618 0.976734 0.652830 0.964930 0.658638 0.960624 0.658912 0.974588 0.661058 0.978166 0.666066 0.975662 0.670808 0.969318 0.669286 0.980670 0.667854 0.984962 0.660342 0.992832 0.656250 0.998046 0.650390 0.998046
1 0.677550 0.368882 0.677550 0.378956 0.668706 0.392222 0.666004 0.400574 0.672882 0.397382 0.680252 0.388046 0.691554 0.391730 0.687378 0.384360 0.687132 0.377236 0.683446 0.372076 0.680990 0.369128
1 0.768696 0.491476 0.759606 0.487544 0.752728 0.484842 0.741918 0.485088 0.737986 0.485578 0.733374 0.484974 0.738270 0.491230 0.745356 0.490738 0.747814 0.489510 0.753710 0.491230 0.759606 0.492950 0.767714 0.493932
1 0.800880 0.798816 0.799652 0.810362 0.802600 0.818962 0.799160 0.816258 0.793510 0.810854 0.785648 0.811836 0.770908 0.815768 0.775084 0.811100 0.780488 0.805694 0.784910 0.802256 0.788596 0.801026 0.795966 0.801272
1 0.365758 0.060268 0.371740 0.063260 0.366356 0.069242 0.369946 0.069242 0.375330 0.066250 0.378620 0.073728 0.388190 0.073430 0.393874 0.067746 0.389984 0.065054 0.382806 0.066550 0.383404 0.060568 0.373534 0.056380 0.364262 0.055782 0.360972 0.056082
1 0.752218 0.935970 0.749908 0.939928 0.743640 0.953454 0.743834 0.953670 0.752218 0.946526 0.765316 0.943162 0.757166 0.941578
1 0.868348 0.915844 0.863400 0.920134 0.859770 0.923432 0.860100 0.928382 0.866700 0.929700 0.870658 0.924092 0.872968 0.915514 0.871318 0.911226 0.869008 0.912544
1 0.926414 0.635082 0.928394 0.644650 0.921796 0.651248 0.923446 0.656198 0.929714 0.654548 0.929714 0.662136 0.936312 0.665434 0.938952 0.654218 0.938566 0.648530 0.942580 0.646960 0.943900 0.642670 0.934992 0.644320 0.928394 0.627164 0.925424 0.631784
1 0.879566 0.633432 0.871318 0.638052 0.850762 0.645632 0.859770 0.645970 0.869668 0.646300 0.872638 0.652898 0.877916 0.643990 0.885174 0.635412 0.884514 0.629804 0.880556 0.630794
1 0.881082 0.595414 0.878906 0.603848 0.874010 0.613912 0.868150 0.622450 0.881190 0.619552 0.888972 0.615816 0.891420 0.608744 0.896548 0.606222 0.903388 0.608200 0.911004 0.604120 0.913898 0.594758 0.899308 0.598680 0.892780 0.597046 0.887338 0.595142
1 0.865306 0.600584 0.852248 0.610376 0.852248 0.612280 0.865578 0.608200 0.869930 0.613096 0.875394 0.612598
1 0.913454 0.407990 0.922702 0.422136 0.921614 0.426760 0.923790 0.433562 0.917806 0.435194 0.915086 0.440090 0.916446 0.453146 0.921342 0.447162 0.930318 0.449882 0.937120 0.447434 0.936848 0.444442 0.936304 0.438458 0.942560 0.442810 0.950720 0.449338 0.957248 0.450698 0.952352 0.441450 0.937936 0.435466 0.927870 0.430296 0.927054 0.425128 0.930046 0.423224 0.937936 0.422136 0.949360 0.415880 0.948816 0.413160 0.939296 0.414248 0.930046 0.417240 0.925694 0.410984 0.922702 0.406086 0.915630 0.402006 0.914814 0.404998
1 0.945008 0.406086 0.956704 0.409624 0.961330 0.416968 0.967042 0.415064 0.967042 0.409624 0.970850 0.404726 0.958608 0.405814 0.950176 0.403638 0.946640 0.402278 0.945008 0.402278
1 0.945522 0.387438 0.953440 0.399830 0.958608 0.402006 0.958064 0.391398 0.960786 0.385686 0.965954 0.381876 0.977378 0.378068 0.973570 0.375076 0.965138 0.375620 0.955344 0.382964 0.952624 0.386230
0 0.859326 0.246892 0.854434 0.254028 0.859122 0.259126 0.864016 0.260552 0.860142 0.266872 0.854434 0.271766 0.842812 0.281756 0.834250 0.285630 0.829152 0.283590 0.823444 0.288280 0.828134 0.289096 0.823852 0.292968 0.818552 0.295824 0.818958 0.298474 0.832618 0.295008 0.842404 0.288484 0.843220 0.294396 0.848724 0.292560 0.853414 0.280124 0.857084 0.275640 0.860142 0.281552 0.873598 0.287668 0.875636 0.291134 0.871966 0.297862 0.870744 0.308464 0.871354 0.314580 0.875840 0.310910 0.876860 0.303978 0.880122 0.296230 0.881752 0.290930 0.905402 0.287260 0.908868 0.286036 0.912130 0.298270 0.916818 0.292154 0.916004 0.283590 0.919674 0.272786 0.924566 0.267688 0.918042 0.270134 0.912742 0.274212 0.908868 0.279716 0.904382 0.284406 0.895004 0.287260 0.883994 0.287464 0.884402 0.285630 0.891130 0.280940 0.891946 0.278698 0.883792 0.281960 0.878694 0.281552 0.877064 0.281348 0.873394 0.281144 0.870132 0.276250 0.871354 0.270338 0.880326 0.266262 0.886646 0.263814 0.898674 0.263610 0.908460 0.266872 0.916616 0.268096 0.925994 0.269524 0.922324 0.267280 0.911518 0.265038 0.915800 0.258718 0.925790 0.256272 0.935168 0.248116 0.936188 0.244650 0.934964 0.238942 0.938022 0.232010 0.936390 0.226302 0.935576 0.224466 0.929664 0.226710 0.924974 0.232826 0.923954 0.226710 0.918862 0.224000 0.897654 0.235884 0.905606 0.240368 0.916412 0.244854 0.912742 0.250358 0.907032 0.254436 0.900102 0.251786 0.892762 0.251582 0.888072 0.249340 0.877268 0.249544 0.870336 0.248524 0.867684 0.247096 0.864422 0.246282
1 0.958614 0.160858 0.960448 0.172682 0.960244 0.176964 0.952498 0.178798 0.952294 0.183488 0.956244 0.184590 0.960244 0.186546 0.967380 0.178186 0.972272 0.180430 0.976758 0.183692 0.976146 0.175332 0.970234 0.172886 0.965546 0.166770 0.964730 0.160450 0.963710 0.158208
1 0.761466 0.049338 0.765952 0.043018 0.763912 0.038532 0.755554 0.033640 0.758816 0.029154 0.764320 0.035474 0.769214 0.036086 0.779204 0.040164 0.786746 0.044444 0.787358 0.047300 0.779814 0.048726 0.776552 0.047706 0.771252 0.046892 0.767990 0.048318
0 0.611618 0.059940 0.622016 0.038940 0.624870 0.024872 0.625074 0.014068 0.632616 0.015902 0.628948 0.019164 0.628336 0.027320 0.628336 0.031396 0.632412 0.028950 0.635472 0.034048 0.645460 0.029154 0.651782 0.024872 0.663564 0.020864 0.661770 0.032008 0.659936 0.039144 0.663402 0.043222 0.667888 0.041998 0.671760 0.035678 0.681140 0.037920 0.684402 0.037106 0.684604 0.031600 0.696600 0.033036 0.695818 0.038736 0.697178 0.044336 0.697758 0.046364 0.692252 0.050132 0.687460 0.048726 0.684402 0.049746 0.678080 0.056882 0.673596 0.056066 0.664830 0.052804 0.658306 0.053212 0.649334 0.045464 0.644238 0.038328 0.641588 0.039144 0.640976 0.051376 0.637714 0.044240 0.636082 0.041998 0.628132 0.044648 0.625278 0.042610 0.619772 0.051172 0.618142 0.056066 0.615900 0.058716
0 0.282664 0.138348 0.289740 0.149730 0.296198 0.155880 0.302966 0.161110 0.308194 0.165416 0.316190 0.169414 0.312192 0.176796 0.309116 0.181718 0.306964 0.190330 0.307578 0.193406 0.306656 0.197712 0.300504 0.198634 0.301734 0.210014 0.296814 0.208476 0.295584 0.196482 0.295276 0.184486 0.300812 0.180488 0.303272 0.177718 0.307272 0.176796 0.302350 0.174336 0.288816 0.173720 0.278358 0.172490 0.283280 0.167876 0.294046 0.164800 0.288508 0.158034 0.284202 0.149730 0.282050 0.141424
0 0.320190 0.399790 0.312192 0.395792 0.306348 0.390872 0.300196 0.381644 0.301120 0.393946 0.296506 0.397022 0.293430 0.399790 0.294660 0.404404 0.302658 0.407480 0.302042 0.410864 0.290354 0.413324 0.275282 0.415478 0.258058 0.419784 0.261442 0.426242 0.268516 0.428704 0.278358 0.428088 0.287894 0.421936 0.284818 0.429010 0.278974 0.440392 0.274052 0.452386 0.277744 0.469304 0.282664 0.481300 0.286356 0.485606 0.296814 0.490526 0.299890 0.494218 0.294046 0.503444 0.281632 0.502190 0.277128 0.505906 0.279896 0.509904 0.284202 0.509904 0.284818 0.517594 0.275548 0.514942 0.273130 0.520670 0.275282 0.536356 0.283588 0.543122 0.292508 0.539740 0.281126 0.531434 0.291892 0.520670 0.300196 0.518824 0.306040 0.527128 0.315268 0.538816 0.326648 0.542508 0.324804 0.533896 0.309732 0.522822 0.304526 0.516390 0.305684 0.509726 0.312192 0.500370 0.318036 0.492988 0.309732 0.490834 0.292814 0.475148 0.287278 0.454232 0.286356 0.442544 0.285434 0.433010 0.293738 0.424090 0.302350 0.419784 0.299582 0.424704 0.299274 0.435470 0.298658 0.449312 0.301734 0.467150 0.308502 0.475456 0.309732 0.477608 0.311270 0.484682 0.317728 0.479146 0.324804 0.474840 0.333416 0.469304 0.338952 0.466536 0.332800 0.464382 0.324496 0.468380 0.313422 0.473302 0.311884 0.468688 0.311578 0.453310 0.311270 0.436392 0.310654 0.426550 0.311578 0.414248 0.314654 0.410248 0.316806 0.409018 0.317422 0.422552 0.321420 0.431780 0.326648 0.440392 0.332186 0.446850 0.335260 0.445620 0.329110 0.437624 0.320804 0.421936 0.320804 0.410864 0.320804 0.408096 0.325726 0.411172 0.329724 0.416092 0.332186 0.421014 0.334954 0.424398 0.337414 0.420398 0.331878 0.414554 0.327264 0.405942 0.324496 0.401636
1 0.173254 0.700980 0.185136 0.691128 0.191220 0.694026 0.191800 0.701560 0.189482 0.707066 0.188034 0.699532 0.183976 0.699822
0 0.678342 0.180824 0.662116 0.185750 0.649364 0.192124 0.638064 0.195022 0.628500 0.196762 0.625312 0.194154 0.622704 0.188648 0.623574 0.185170 0.626472 0.182272 0.620966 0.183142 0.617778 0.184590 0.610824 0.188938 0.608506 0.193864 0.616620 0.201398 0.623864 0.203716 0.620966 0.208932 0.616620 0.203716 0.611404 0.201108 0.614012 0.210092 0.615170 0.217336 0.614592 0.224580 0.609086 0.229796 0.603290 0.233564 0.601262 0.237330 0.604738 0.240518 0.617778 0.232404 0.625312 0.226898 0.634006 0.220234 0.635746 0.214148 0.641250 0.214148 0.641830 0.225160 0.642410 0.237620 0.641830 0.249212 0.638642 0.252978 0.642120 0.258196 0.642990 0.263122 0.624734 0.273554 0.622704 0.278480 0.631688 0.279060 0.645308 0.280798 0.652262 0.277900 0.656030 0.286014 0.659796 0.286304 0.664724 0.288332 0.669650 0.284276 0.671098 0.276452 0.665302 0.282536 0.660956 0.279928 0.660666 0.273844 0.667332 0.271524 0.678632 0.272104 0.690514 0.271814 0.697178 0.279060 0.696600 0.286014 0.700946 0.291520 0.701816 0.283986 0.701816 0.277320 0.697178 0.265730 0.703264 0.262542 0.700076 0.257326 0.694570 0.247474 0.694860 0.262542 0.689064 0.265150 0.676604 0.264570 0.665882 0.258484 0.666752 0.253848 0.667622 0.247762 0.662694 0.247762 0.653712 0.252690 0.650234 0.247474 0.652842 0.234144 0.653712 0.224870 0.651394 0.215018 0.651394 0.208642 0.651394 0.201688 0.656320 0.194444 0.658638 0.195892 0.657768 0.200818 0.653132 0.206034 0.652262 0.212410 0.654870 0.213568 0.661826 0.210382 0.662694 0.203136 0.664724 0.190386 0.673996 0.188068 0.681530 0.184012
0 0.638642 0.435252 0.654580 0.440178 0.654580 0.444524 0.646756 0.446842 0.631398 0.447132 0.623864 0.446262 0.627052 0.437280 0.621256 0.438438 0.607346 0.455826 0.602130 0.458144 0.593438 0.464230 0.591118 0.471764 0.592568 0.481616 0.594886 0.472054 0.598074 0.464808 0.616040 0.456696 0.627342 0.458144 0.642120 0.458724 0.645308 0.457854 0.653132 0.452928 0.659796 0.449450 0.662694 0.447132 0.660666 0.459014 0.659508 0.464230 0.662116 0.474082 0.665012 0.483354 0.670230 0.492338 0.675734 0.494656 0.673126 0.483066 0.669070 0.465968 0.669650 0.461332 0.666172 0.460752 0.667622 0.449740 0.670230 0.441916 0.665302 0.441336 0.657188 0.437280 0.653712 0.435542 0.647336 0.434962
0 0.656900 0.874560 0.642700 0.876878 0.628790 0.880934 0.620966 0.885282 0.618648 0.889628 0.614880 0.888470 0.611114 0.884412 0.601840 0.886150 0.602710 0.891946 0.606766 0.891656 0.609954 0.895714 0.617488 0.895424 0.622704 0.891946 0.628210 0.889628 0.629370 0.893396 0.636324 0.892816 0.642410 0.891656 0.644438 0.889628 0.647626 0.887020 0.653712 0.882964 0.657478 0.886150 0.657478 0.891946 0.654870 0.893106 0.648496 0.891078 0.649076 0.894844 0.652842 0.902958 0.662116 0.900930 0.665592 0.896872 0.666462 0.885572 0.676024 0.885860 0.684138 0.882094 0.689354 0.861810 0.688486 0.854564 0.682690 0.851666 0.671388 0.852536 0.648786 0.860070 0.658928 0.860940 0.670230 0.860070 0.669650 0.872820 0.669650 0.882674 0.664144 0.881224 0.664434 0.875428 0.663274 0.872532
0 0.852212 0.499872 0.844678 0.505668 0.844678 0.518128 0.847576 0.526242 0.848154 0.532618 0.837722 0.541600 0.829318 0.545948 0.822074 0.549714 0.813960 0.552322 0.808454 0.557538 0.803818 0.553192 0.798602 0.549136 0.795124 0.544788 0.788460 0.546238 0.776578 0.558408 0.774840 0.565364 0.787880 0.563914 0.799182 0.562466 0.804688 0.564784 0.810772 0.565652 0.812512 0.562176 0.828450 0.556670 0.838012 0.555800 0.847576 0.553192 0.851342 0.556670 0.854530 0.564784 0.859746 0.566232 0.857428 0.555510 0.860326 0.545658 0.868440 0.537544 0.876844 0.537254 0.894230 0.536384 0.892780 0.543340 0.885246 0.557250 0.877712 0.563914 0.876844 0.568550 0.882348 0.567972 0.889594 0.561306 0.897418 0.548846 0.901764 0.535516 0.900026 0.525084 0.895390 0.523054 0.887276 0.527692 0.880030 0.525374 0.869738 0.522906 0.859110 0.507760 0.860616 0.523344 0.853080 0.527402 0.850472 0.516390 0.852502 0.508276 0.852502 0.503060
1 0.815988 0.616944 0.812802 0.623030 0.810484 0.629984 0.813092 0.633172 0.824972 0.630854 0.821494 0.621870
1 0.875104 0.211250 0.846706 0.214728 0.832506 0.219074 0.827290 0.218784 0.821784 0.214438 0.818596 0.218784 0.813960 0.226608 0.809034 0.234722 0.805846 0.239360 0.815120 0.232404 0.824102 0.225160 0.833376 0.224580 0.844968 0.220524 0.851052 0.216756 0.863802 0.216176 0.874524 0.215886
1 0.689502 0.674406 0.686026 0.683672 0.683942 0.688306 0.686258 0.694330 0.691818 0.691782 0.697610 0.690160 0.699928 0.689928 0.701086 0.684368 0.701550 0.679038 0.693672 0.678808 0.694136 0.670466
1 0.859938 0.025040 0.861342 0.035110 0.865558 0.036514 0.871646 0.021994 0.869304 0.019418 0.865558 0.027616
1 0.999512 0.097872 0.998342 0.106770 0.997640 0.113328
1 0.904284 0.504304 0.909332 0.511746 0.915710 0.509354 0.914648 0.501648 0.911192 0.500318 0.906410 0.499522