0 0.025714 0.184964 0.014072 0.188846 0.002008 0.202190 0.008886 0.220758 0.017138 0.215944 0.017826 0.233138 0.019888 0.262710 0.026078 0.248266 0.026766 0.220758 0.028830 0.208380 0.028142 0.198064
0 0.018514 0.614134 0.013012 0.649896 0.002696 0.658148 0.012324 0.658148 0.032268 0.651270 0.036394 0.671214 0.037082 0.681530 0.044646 0.717292 0.041896 0.726232 0.049460 0.731734 0.041208 0.656772 0.052212 0.651958 0.065966 0.651958 0.078346 0.658836 0.054274 0.640268 0.037082 0.638204 0.040520 0.632702 0.046710 0.623762 0.040520 0.618948 0.030204 0.626512 0.024702 0.638204 0.018514 0.640956 0.019888 0.627200
0 0.014760 0.510984 0.021968 0.533326 0.038544 0.522514 0.049354 0.518912 0.065210 0.510984 0.055120 0.503056 0.047192 0.506660 0.036382 0.515308 0.028454 0.515308
0 0.018468 0.951172 0.011878 0.965032 0.021968 0.964310 0.035660 0.972958 0.039264 0.982328 0.036382 0.987374 0.028454 0.999626 0.036382 0.998904 0.044310 0.993138 0.060164 0.989536 0.077670 0.988616 0.093356 0.980014 0.078176 0.981532 0.065930 0.984490 0.060886 0.984490 0.054900 0.969388 0.054394 0.962810 0.039264 0.966472 0.029174 0.961428
0 0.515256 0.993512 0.523452 0.990780 0.527548 0.996926 0.533694 0.982586 0.528232 0.981902 0.497500 0.995562 0.502280 0.983268 0.517304 0.968928 0.500232 0.976440 0.488622 0.990780 0.475648 0.999658
0 0.460670 0.784052 0.458344 0.800910 0.453694 0.819510 0.437418 0.839856 0.431606 0.847412 0.428700 0.869502 0.435094 0.883452 0.442068 0.885778 0.439162 0.854388 0.454276 0.839274 0.460670 0.834042 0.467646 0.831136 0.487410 0.822416 0.496710 0.833462 0.499036 0.816604 0.498454 0.802652 0.499616 0.791028 0.491478 0.789284 0.490316 0.785214 0.487990 0.796258 0.484502 0.809628 0.474622 0.816604 0.468808 0.816604 0.465320 0.799166
0 0.457182 0.452718 0.471134 0.464926 0.468808 0.472482 0.460670 0.478876 0.450788 0.485270 0.446720 0.496896 0.461252 0.487014 0.467064 0.485270 0.467646 0.496896 0.457764 0.507360 0.442068 0.518984 0.439744 0.523636 0.432768 0.537004 0.428700 0.548050 0.446138 0.535842 0.453694 0.524798 0.471134 0.514334 0.475784 0.507360 0.481596 0.506778 0.488572 0.508522 0.500778 0.516078 0.498454 0.500384 0.484502 0.485852 0.493804 0.475388 0.501360 0.464926 0.496710 0.459112 0.489154 0.460856 0.491478 0.444580 0.486246 0.448650 0.478108 0.460856 0.474622 0.464926 0.468226 0.452718 0.467646 0.445742 0.468808 0.436442 0.458344 0.442254
0 0.835968 0.303106 0.807848 0.338826 0.800250 0.360864 0.820768 0.349464 0.826848 0.356304 0.832168 0.363144 0.838248 0.366944 0.844328 0.395824 0.839768 0.413302 0.849648 0.393544 0.848128 0.357824 0.855728 0.356304 0.843568 0.341866 0.839768 0.316026
0 0.813168 0.474100 0.824568 0.478660 0.838248 0.481700 0.851928 0.485500 0.849648 0.496140 0.854208 0.496900 0.868646 0.490060 0.861046 0.510578 0.863326 0.531858 0.860286 0.552378 0.843568 0.566056 0.825328 0.576696 0.795690 0.585056 0.817728 0.566056 0.832168 0.555418 0.843568 0.529578 0.826848 0.527298 0.823808 0.526538 0.812408 0.534138 0.805570 0.530338 0.813928 0.517418 0.819248 0.506778 0.826088 0.492340 0.817728 0.485500 0.801010 0.471060
0 0.841994 0.643380 0.814092 0.644542 0.796072 0.641056 0.786772 0.636404 0.785610 0.648030 0.794910 0.652100 0.819324 0.653262 0.823974 0.661982 0.810606 0.675932 0.780960 0.692208 0.770496 0.702090 0.783866 0.701510 0.828624 0.664888 0.829206 0.680002 0.819906 0.704416 0.825138 0.724760 0.839088 0.711972 0.843158 0.681164 0.848970 0.663144 0.856526 0.656168 0.865246 0.647450 0.862340 0.642218 0.863502 0.623036 0.853620 0.645706 0.848388 0.653844 0.837926 0.652100
0 0.822812 0.773008 0.833856 0.792190 0.833856 0.809628 0.836762 0.834624 0.826300 0.849738 0.815256 0.861944 0.809442 0.875896 0.831532 0.863106 0.843738 0.847412 0.843158 0.818930 0.853038 0.820092 0.865246 0.841600 0.868152 0.864850 0.872802 0.858456 0.862920 0.818348 0.859434 0.813116 0.857690 0.795678 0.851876 0.811372 0.848388 0.802072 0.855946 0.783470 0.848970 0.781726 0.844900 0.797422 0.836762 0.782308
0 0.835020 0.949138 0.804792 0.950300 0.790842 0.961344 0.773402 0.952044 0.764684 0.953788 0.758290 0.958438 0.758870 0.971226 0.774566 0.972970 0.805374 0.968902 0.826300 0.961926 0.833276 0.962506 0.841994 0.970644 0.855364 0.983434 0.861176 0.998546 0.861758 0.985178 0.854782 0.968320 0.864084 0.972388 0.874546 0.974132 0.852458 0.963670 0.865828 0.959600 0.900704 0.953206 0.905354 0.947974 0.915614 0.936974 0.939162 0.917580 0.910074 0.921044 0.893450 0.916196 0.898298 0.934204 0.884428 0.943324 0.858852 0.949138 0.847226 0.954950 0.837344 0.964832
1 0.066540 0.179974 0.069892 0.188112 0.064626 0.191464 0.064146 0.194814 0.071328 0.193378 0.073242 0.210134 0.076114 0.191942 0.084252 0.186676 0.088560 0.182846 0.078508 0.182846 0.072764 0.177582
1 0.089318 0.066230 0.089318 0.078082 0.082734 0.079398 0.076588 0.081592 0.073956 0.085104 0.072200 0.097392 0.074394 0.097832 0.091072 0.086420 0.092828 0.081592 0.111262 0.077642 0.100728 0.071498 0.095022 0.072814 0.093706 0.064036
1 0.130308 0.270476 0.125182 0.280156 0.125752 0.292684 0.129168 0.301226 0.135432 0.293822 0.136002 0.297808 0.140556 0.293822 0.147390 0.298378 0.151376 0.289836 0.142264 0.291546 0.140556 0.276170 0.136002 0.265352
1 0.003616 0.187102 0.037978 0.159976 0.045212 0.159976 0.051992 0.162688 0.051088 0.138274 0.054254 0.160428 0.055158 0.163592 0.061488 0.160880 0.070982 0.145508 0.078668 0.142344 0.077312 0.150028 0.084998 0.145056 0.089518 0.146412 0.082284 0.155906 0.088614 0.163140 0.078668 0.167210 0.070530 0.176252 0.061940 0.170826 0.055158 0.173538 0.054254 0.179416 0.047472 0.186198 0.051540 0.174896 0.047924 0.169922 0.042046 0.174442 0.032552 0.173086 0.028936 0.173086 0.010850 0.183034
1 0.121382 0.492654 0.127736 0.498584 0.124772 0.511718 0.126466 0.516802 0.149344 0.511718 0.169256 0.506634 0.165020 0.502398 0.152310 0.504516 0.133244 0.507058 0.129856 0.495620 0.125618 0.490958
1 0.165444 0.487570 0.178154 0.498162 0.176036 0.503668 0.175612 0.507482 0.182814 0.505788 0.192134 0.507906 0.194676 0.511296 0.186628 0.499432 0.195524 0.479096 0.192558 0.478672 0.184932 0.487570 0.183662 0.494348 0.179424 0.491806 0.173070 0.484604 0.164172 0.479096 0.159512 0.480790
1 0.037072 0.401564 0.045122 0.418512 0.045122 0.429526 0.050206 0.442660 0.055290 0.442660 0.054866 0.465962 0.059526 0.447320 0.053594 0.420630 0.060796 0.405378 0.060374 0.398598 0.050206 0.393514 0.048510 0.407496 0.043850 0.399870 0.040460 0.387584 0.038342 0.393938
1 0.076896 0.416816 0.069694 0.423596 0.075626 0.437152 0.076050 0.443932 0.069694 0.454946 0.068000 0.460878 0.068000 0.465962 0.087064 0.451558 0.087064 0.440542 0.079014 0.431644 0.077744 0.423596 0.082404 0.418512
1 0.093844 0.443508 0.086640 0.452404 0.085794 0.460030 0.085370 0.469352 0.076896 0.468504 0.073084 0.472318 0.069694 0.483756 0.077744 0.474436 0.080710 0.476554 0.083252 0.484604 0.083676 0.488416 0.088336 0.486298 0.095114 0.473164 0.097656 0.471046 0.107824 0.469352 0.109942 0.464268 0.095114 0.464692 0.101046 0.453676 0.103588 0.450710 0.098504 0.446474
1 0.123500 0.601114 0.104012 0.621026 0.101892 0.609586 0.095114 0.619754 0.090878 0.615094 0.090878 0.604080 0.088336 0.604502 0.082404 0.611282 0.080710 0.619754 0.083676 0.624416 0.083676 0.630346 0.081134 0.632888 0.073084 0.641362 0.074354 0.646446 0.083252 0.644752 0.095962 0.643904 0.092572 0.635854 0.099774 0.627804 0.106130 0.625686 0.109942 0.616366 0.116722 0.610010
0 0.005486 0.730294 0.013826 0.728098 0.022164 0.723270 0.014704 0.721076 0.019092 0.714932 0.016020 0.713176
1 0.437472 0.017610 0.447260 0.012484 0.461712 0.014348 0.471034 0.014348 0.470568 0.006424 0.462178 0.003160 0.439454 0.000000 0.442134 0.007822
1 0.443532 0.035790 0.437006 0.049308 0.447260 0.052572 0.453786 0.054436 0.444930 0.058164 0.439802 0.074946 0.435142 0.069352 0.436074 0.057232 0.431878 0.049774 0.436074 0.034392 0.430014 0.037188 0.429548 0.030662 0.438404 0.027400 0.452388 0.023670 0.459846 0.021806 0.467772 0.029264 0.474764 0.035324 0.474298 0.037188 0.460312 0.034858 0.452388 0.033926 0.449126 0.029730
1 0.521378 0.006890 0.532098 0.012018 0.540022 0.014348 0.541888 0.021806 0.544684 0.029264 0.547014 0.023670 0.557270 0.032062 0.557736 0.022738 0.567524 0.014814 0.577314 0.009686 0.567058 0.009220 0.561466 0.007356 0.556338 0.013416 0.549812 0.014348 0.544684 0.002694 0.532564 0.002694 0.519512 0.000364
1 0.558202 0.053970 0.554474 0.067022 0.541422 0.070750 0.531632 0.084734 0.526970 0.094990 0.518580 0.113170 0.521378 0.129484 0.527436 0.124822 0.532098 0.108042 0.542820 0.097786 0.549812 0.082404 0.563330 0.071682 0.574050 0.071216 0.585704 0.073548 0.584306 0.064690 0.563330 0.064690 0.564262 0.044646
1 0.527984 0.043776 0.515356 0.052616 0.501886 0.055564 0.501886 0.063982 0.520406 0.064402 0.531772 0.055564 0.533876 0.051774 0.541454 0.046724 0.546926 0.040830 0.538506 0.044618 0.534298 0.047144
0 0.394240 0.306166 0.406118 0.317382 0.415356 0.339818 0.437790 0.338498 0.444388 0.333878 0.456926 0.333218 0.475402 0.346416 0.470122 0.362912 0.461544 0.368190 0.456266 0.365552 0.450988 0.360932 0.447028 0.374130 0.454286 0.383366 0.462204 0.378088 0.489918 0.394584 0.473422 0.374788 0.480680 0.353674 0.491238 0.363572 0.513672 0.366210 0.508394 0.368850 0.506414 0.395244 0.507734 0.401842 0.511032 0.399202 0.520930 0.362252 0.526868 0.365552 0.538746 0.347736 0.528188 0.339158 0.509712 0.349714 0.508394 0.341138 0.508394 0.328600 0.490578 0.327940 0.478040 0.325960 0.470782 0.321342 0.456926 0.320682 0.446368 0.319362 0.437130 0.322002 0.425254 0.324642 0.417336 0.322002 0.420634 0.310124 0.417336 0.293628 0.413376 0.292968
0 0.480020 0.195972 0.454286 0.207850 0.435810 0.210488 0.416676 0.222366 0.406118 0.233584 0.402158 0.244140 0.418654 0.232924 0.438450 0.226984 0.451646 0.226324 0.468802 0.226324 0.472762 0.217748 0.478040 0.207190
1 0.487924 0.175108 0.499370 0.191564 0.507956 0.201580 0.520118 0.203726 0.535142 0.203010 0.523696 0.192994 0.512964 0.193710 0.503664 0.182978 0.496508 0.175108
1 0.462132 0.167520 0.458932 0.185130 0.450392 0.199538 0.426378 0.207544 0.412504 0.211812 0.407168 0.219284 0.405034 0.224086 0.394894 0.232092 0.397562 0.222486 0.403432 0.216616 0.397562 0.218216 0.394360 0.221952 0.383154 0.229956 0.378884 0.228890 0.375684 0.227288 0.387424 0.211280 0.397028 0.210212 0.401298 0.201674 0.420508 0.194202 0.444522 0.193136 0.449326 0.179794 0.454128 0.165920 0.458932 0.160584
1 0.399568 0.257668 0.375396 0.259602 0.363794 0.270238 0.365244 0.284740 0.377814 0.289574 0.396184 0.287642 0.401020 0.284740 0.381682 0.281356 0.377330 0.277972 0.377330 0.263952 0.384098 0.263952 0.393284 0.263952
1 0.423742 0.387232 0.411172 0.407052 0.399568 0.413338 0.392800 0.417688 0.393768 0.424940 0.407080 0.422964 0.414094 0.435374 0.421648 0.433756 0.416254 0.420806 0.420840 0.403668 0.430026 0.383848
1 0.373358 0.498698 0.376754 0.512284 0.382416 0.527570 0.385812 0.519644 0.399400 0.509454 0.408458 0.503794 0.416384 0.500396 0.402230 0.500962 0.385246 0.507190
1 0.568402 0.419188 0.578654 0.421886 0.581890 0.432676 0.590524 0.426202 0.606170 0.425662 0.599156 0.416490 0.605630 0.401922 0.605092 0.396528 0.594840 0.404620 0.589984 0.406778 0.586746 0.420268 0.580812 0.413792 0.577036 0.401922 0.573258 0.410016 0.569482 0.411634
1 0.580296 0.590278 0.598958 0.592882 0.603732 0.598090 0.585070 0.603298 0.575086 0.599826 0.573784 0.594618
1 0.587240 0.614584 0.582032 0.627604 0.579862 0.631076 0.581164 0.639322 0.582466 0.645400 0.588976 0.651910 0.598524 0.652778 0.587240 0.641060 0.590278 0.620660 0.591580 0.605034
1 0.441202 0.643170 0.456118 0.648764 0.457982 0.656688 0.470102 0.662748 0.471500 0.659952 0.464042 0.654824 0.473830 0.649696 0.489214 0.642704 0.502732 0.640840 0.503664 0.634314 0.488748 0.638042 0.473830 0.640840 0.462178 0.643636 0.455186 0.638042 0.443998 0.636178
1 0.405650 0.970452 0.408654 0.983974 0.415164 0.994992 0.430690 0.993990 0.442708 0.993490 0.423178 0.986478 0.418670 0.982972 0.416166 0.972956 0.409656 0.963942
1 0.550380 0.898338 0.555890 0.917368 0.557892 0.931892 0.561398 0.934896 0.568910 0.918870 0.589444 0.904848 0.576924 0.907852 0.563902 0.915866 0.559396 0.901842
1 0.747196 0.785658 0.764222 0.798178 0.774238 0.808694 0.787760 0.811698 0.787760 0.803686 0.804788 0.803186 0.799780 0.796174 0.780750 0.793170 0.765726 0.785658 0.753706 0.783154
1 0.652694 0.856520 0.646206 0.875986 0.641014 0.888964 0.658534 0.864306 0.666970 0.868200 0.666970 0.879880 0.665672 0.894154 0.661130 0.903888 0.667618 0.902590 0.679298 0.898048 0.677352 0.870146 0.679298 0.867550 0.690978 0.871444 0.692276 0.880528 0.697466 0.885720 0.696818 0.896102 0.697466 0.900644 0.705902 0.890262 0.709796 0.899994 0.725368 0.919462 0.716934 0.891560 0.713688 0.887666 0.714986 0.874688 0.717582 0.850032 0.706552 0.870146 0.692924 0.863658 0.682542 0.860414 0.685138 0.842244 0.676054 0.845488 0.670214 0.854574 0.665022 0.855222 0.658534 0.852626 0.655938 0.850680
1 0.657236 0.954500 0.637770 0.977212 0.628036 0.983700 0.621548 0.994732 0.633876 0.988892 0.639068 0.996678 0.639068 0.985646 0.652046 0.972670 0.656588 0.964882 0.663076 0.947362
1 0.716284 0.945416 0.693574 0.951906 0.687734 0.953852 0.682542 0.949958 0.680596 0.962288 0.680596 0.971372 0.691626 0.970074 0.699414 0.967478 0.715636 0.981104 0.719528 0.981754 0.706552 0.959042
1 0.720178 0.990838 0.697466 0.999274 0.718230 0.997976
0 0.493236 0.670802 0.471396 0.670178 0.465156 0.670178 0.460788 0.677666 0.445188 0.682034 0.423972 0.685778 0.415236 0.690770 0.414612 0.695762 0.439572 0.697010 0.472644 0.678290 0.478884 0.675794
1 0.463284 0.706994 0.475764 0.728210 0.482004 0.738818 0.493236 0.741314 0.500100 0.739442 0.502596 0.725714 0.512580 0.722594 0.490740 0.714482 0.486372 0.690770 0.482628 0.711362 0.477636 0.718850 0.476388 0.711362 0.478260 0.702002 0.472020 0.705746 0.459540 0.690770
1 0.495732 0.686402 0.505716 0.703874 0.510708 0.717602 0.521940 0.718850 0.526308 0.714482 0.525060 0.705746 0.540036 0.681410 0.523188 0.697634 0.520692 0.689522 0.515700 0.677666 0.512580 0.703874 0.506340 0.694514 0.492612 0.675794 0.490740 0.677666
0 0.824040 0.007564 0.779180 0.020676 0.768138 0.036550 0.759166 0.028958 0.740532 0.019986 0.750194 0.033790 0.754334 0.037930 0.755024 0.044832 0.749504 0.055874 0.737080 0.081410 0.765376 0.053804 0.783320 0.047592 0.790912 0.047592 0.787462 0.063466 0.798504 0.052424 0.790912 0.040002 0.777800 0.042762 0.786082 0.031030 0.812306 0.018606 0.822660 0.021368 0.834392 0.022058
0 0.859236 0.024128 0.833702 0.040692 0.817828 0.053114 0.805406 0.064846 0.799884 0.072438 0.820588 0.072438 0.827490 0.072438 0.808166 0.077960 0.791602 0.084170 0.790912 0.094522 0.841984 0.073818 0.837842 0.061396 0.835082 0.053114 0.844744 0.038620 0.853716 0.034480 0.866828 0.031720 0.870280 0.046212 0.877872 0.046212 0.873730 0.028268
1 0.928252 0.014466 0.924802 0.024128 0.916520 0.036550 0.913758 0.047592 0.913758 0.050354 0.917210 0.049664 0.924802 0.037240 0.933774 0.030340 0.951718 0.028268 0.962070 0.022058 0.937914 0.023438 0.937224 0.004804 0.930322 0.005494
1 0.891674 0.053114 0.882012 0.073128 0.886152 0.084170 0.889604 0.083480 0.895814 0.082100 0.887534 0.073818 0.893744 0.061396
1 0.739840 0.091072 0.719136 0.093832 0.714996 0.102114 0.716376 0.105566 0.730870 0.103494 0.730870 0.120748 0.730870 0.149734 0.738460 0.138002 0.738460 0.109706 0.738460 0.100044
1 0.923420 0.187694 0.908238 0.194594 0.908238 0.179412 0.897196 0.193904 0.890294 0.187694 0.871660 0.184932 0.872350 0.193904 0.890984 0.200806 0.900646 0.207018 0.916520 0.213918 0.920660 0.215300 0.914448 0.205638 0.925492 0.194594
1 0.963450 0.142144 0.940674 0.158016 0.932392 0.167678 0.935154 0.184242 0.949646 0.187694 0.942746 0.173890 0.946886 0.166298 0.953788 0.162848 0.966210 0.156636 0.976562 0.151806 0.975872 0.145594
1 0.956548 0.249116 0.940674 0.251188 0.934464 0.242906 0.933084 0.249116 0.936534 0.262230 0.953788 0.270512 0.943436 0.261540
1 0.911688 0.289836 0.892364 0.311920 0.887534 0.314680 0.891674 0.334696 0.905478 0.338146 0.897196 0.320202 0.908928 0.306400 0.917900 0.294666
1 0.922730 0.341596 0.931702 0.356090 0.949646 0.365752 0.962070 0.358850 0.947576 0.355400 0.946196 0.343668 0.941364 0.353330 0.935154 0.349188 0.932392 0.340216
1 0.802644 0.378864 0.792292 0.395428 0.776418 0.394048 0.777110 0.403020 0.786082 0.407160 0.799194 0.409232 0.809546 0.409232 0.801264 0.400950 0.805406 0.396118
1 0.662544 0.291906 0.641840 0.298118 0.630798 0.290526 0.632178 0.300188 0.643910 0.303638 0.652882 0.313300 0.662544 0.322962 0.657714 0.305018
1 0.686010 0.310540 0.708094 0.318822 0.727418 0.317442 0.718446 0.327794 0.698432 0.325034 0.685320 0.318822
1 0.712234 0.378174 0.697052 0.381626 0.683248 0.389908 0.665304 0.383006 0.658404 0.381626 0.657714 0.387146 0.671516 0.391288 0.678418 0.396808 0.688770 0.401640 0.701192 0.394048 0.716376 0.385766 0.723278 0.374724
1 0.937084 0.877410 0.944704 0.892648 0.950244 0.900958 0.947474 0.909962 0.943318 0.916196 0.949552 0.931432 0.966866 0.939052 0.960632 0.922430 0.967558 0.918966 0.980718 0.922430 0.977948 0.911348 0.991800 0.895418 0.977948 0.900958 0.977948 0.891262 0.984874 0.884336 0.972406 0.885722 0.955784 0.891262 0.948166 0.878796
1 0.801454 0.550444 0.780408 0.569808 0.769464 0.572332 0.753468 0.580752 0.752626 0.586644 0.771990 0.579910 0.762728 0.594222 0.757678 0.601798 0.772832 0.615268 0.768622 0.603482 0.779566 0.584120 0.782092 0.606008 0.785460 0.579910 0.795562 0.562230
1 0.865974 0.596054 0.854302 0.620176 0.851188 0.627178 0.860526 0.620176 0.884648 0.625622 0.869086 0.615506 0.870642 0.604612
1 0.748474 0.460658 0.742250 0.467660 0.752366 0.481668 0.745362 0.501120 0.757034 0.487892 0.771040 0.487114 0.777266 0.485558 0.759368 0.478554 0.757034 0.462214
1 0.747696 0.509680 0.736024 0.521352 0.735246 0.536914 0.729800 0.547030 0.717350 0.565706 0.720462 0.584382 0.722018 0.589828 0.729022 0.565706 0.743028 0.540028 0.742250 0.529134 0.747696 0.519796 0.760146 0.505012
1 0.791352 0.276858 0.780830 0.298558 0.777542 0.310396 0.777542 0.313684 0.805160 0.310396 0.799242 0.305134 0.785432 0.307108 0.790694 0.286064 0.795296 0.284090
1 0.881364 0.705122 0.850164 0.736946 0.847044 0.743810 0.860772 0.741938 0.863268 0.755042 0.863268 0.771890 0.864516 0.786242 0.876996 0.774386 0.880740 0.765650 0.883860 0.748802 0.868260 0.736322 0.869508 0.725714 0.876372 0.713858
2 0.458166 0.235376 0.466514 0.237046 0.472356 0.248732 0.492388 0.247062 0.493222 0.238716 0.481538 0.232872 0.477364 0.231204
1 0.898772 0.651638 0.881450 0.662390 0.879062 0.674336 0.878464 0.691658 0.888618 0.691060 0.882646 0.677322 0.885632 0.666572 0.892202 0.659404