0 0.088380 0.160774 0.087864 0.178296 0.086834 0.194272 0.093018 0.190148 0.099202 0.198910 0.107448 0.198394 0.116724 0.208186 0.117240 0.218492 0.123424 0.202002 0.116208 0.190664 0.115178 0.176234 0.113632 0.164898 0.107448 0.162320 0.099718 0.161290 0.096110 0.168504
0 0.090702 0.254394 0.084036 0.263086 0.081428 0.269462 0.082588 0.292064 0.084616 0.297280 0.089252 0.288588 0.090412 0.276706 0.091282 0.266564 0.093890 0.265404 0.098236 0.276416 0.110696 0.285690 0.119390 0.292644 0.126054 0.294094 0.123446 0.288298 0.116202 0.284240 0.120260 0.282792 0.127214 0.284240 0.128084 0.276126 0.124026 0.266274 0.114754 0.263666 0.108668 0.252074 0.105480 0.250916 0.096498 0.253234
0 0.104032 0.296990 0.104032 0.308002 0.108668 0.314378 0.115044 0.321622 0.120260 0.331764 0.119680 0.338720 0.115044 0.345384 0.111276 0.347702 0.106060 0.358134 0.108668 0.366248 0.110406 0.372044 0.109538 0.375812 0.106350 0.374362 0.099684 0.367988 0.089542 0.367118 0.083746 0.373494 0.080270 0.377550 0.077082 0.376970 0.078820 0.367118 0.082008 0.357266 0.088962 0.348862 0.090412 0.341328 0.090992 0.336690 0.101134 0.338140 0.107220 0.333794 0.108378 0.325970 0.101714 0.320752 0.095628 0.317566 0.094178 0.311190 0.092150 0.307424 0.093020 0.298150 0.095918 0.305394 0.099684 0.298440 0.101134 0.293514
0 0.098860 0.406644 0.110088 0.412258 0.124526 0.413460 0.141370 0.409852 0.150996 0.412658 0.153002 0.417070 0.142976 0.420680 0.135756 0.420680 0.133350 0.429904 0.128938 0.435518 0.129340 0.442738 0.136158 0.449154 0.139366 0.457176 0.138162 0.465196 0.134152 0.456774 0.126532 0.449956 0.115704 0.446348 0.100062 0.438728 0.094848 0.425492 0.096854 0.415466
0 0.117708 0.481640 0.126532 0.489660 0.126532 0.508510 0.124928 0.522146 0.122922 0.523750 0.119714 0.519338 0.117708 0.510114 0.112094 0.520942 0.106880 0.517734 0.102068 0.516532 0.101266 0.512120 0.109286 0.509312 0.104876 0.501692 0.104074 0.493270 0.110490 0.484046
0 0.107282 0.561048 0.104474 0.577492 0.105276 0.592732 0.111292 0.607570 0.122522 0.618398 0.140568 0.624014 0.150194 0.622810 0.154606 0.621206 0.140568 0.618398 0.126934 0.612784 0.115704 0.601554 0.112094 0.588720 0.117708 0.582706 0.126934 0.578694 0.131746 0.572278 0.132146 0.561850 0.132146 0.555434 0.125328 0.556236 0.120116 0.559846 0.117708 0.569070 0.117708 0.571476 0.115302 0.564658 0.115302 0.561450
0 0.082016 0.624414 0.089636 0.631232 0.099662 0.626018 0.101266 0.641660 0.108484 0.649280 0.119714 0.653290 0.124126 0.650482 0.122922 0.636044 0.121318 0.626420 0.120116 0.620002 0.125328 0.628024 0.126934 0.640056 0.127736 0.650482 0.131746 0.646072 0.136158 0.650482 0.130142 0.658504 0.132948 0.661312 0.146584 0.661312 0.157012 0.665322 0.141370 0.666926 0.132948 0.675348 0.129740 0.680160 0.127334 0.675348 0.127334 0.668932 0.121720 0.665722 0.108886 0.665722 0.102068 0.664520 0.094448 0.666124 0.098458 0.668530 0.092844 0.670134 0.087228 0.664920 0.086828 0.656900 0.090036 0.652890 0.082818 0.644066 0.079208 0.635242 0.077202 0.628024
0 0.066374 0.750746 0.084422 0.753954 0.102068 0.753954 0.110490 0.755158 0.115704 0.743528 0.122922 0.744730 0.126532 0.750344 0.134954 0.753554 0.142574 0.754356 0.139366 0.767992 0.139766 0.778418 0.134554 0.787242 0.125730 0.788846 0.116506 0.787642 0.110890 0.777216 0.109688 0.768392 0.105678 0.766386 0.098058 0.764782 0.084422 0.763178 0.072792 0.759970 0.067578 0.756762
0 0.122120 0.791252 0.121318 0.800076 0.126934 0.805290 0.144580 0.818122 0.148990 0.825342 0.136558 0.823336 0.128938 0.820930 0.128938 0.828952 0.135356 0.836170 0.143376 0.838978 0.150596 0.842186 0.138162 0.842586 0.130542 0.842988 0.124928 0.837774 0.120116 0.833362 0.120516 0.838978 0.116506 0.838978 0.116506 0.832560 0.116104 0.821732 0.105678 0.815716 0.099260 0.814514 0.100464 0.808498 0.106078 0.803284 0.108084 0.793258 0.110890 0.783232 0.114100 0.797268
0 0.109286 0.895926 0.111694 0.912772 0.122522 0.922798 0.124526 0.932022 0.122522 0.943652 0.122120 0.954480 0.118912 0.959694 0.115302 0.951674 0.104074 0.953678 0.099260 0.951674 0.107282 0.947262 0.111292 0.942048 0.110088 0.927610 0.099662 0.924402 0.096052 0.922798 0.095250 0.928012 0.092042 0.928814 0.086026 0.921996 0.084822 0.917584 0.069182 0.914376 0.063166 0.909562 0.077202 0.908760 0.086026 0.908360 0.086426 0.905954 0.094848 0.911166 0.098458 0.910766 0.100464 0.901942 0.100464 0.896730
0 0.278540 0.064406 0.304822 0.069044 0.316674 0.070076 0.315644 0.074198 0.328526 0.071622 0.333680 0.073168 0.321828 0.080898 0.310490 0.086566 0.310490 0.093780 0.304822 0.103056 0.298638 0.106664 0.294514 0.112334 0.290392 0.109242 0.282146 0.110272 0.276994 0.109756 0.286270 0.104088 0.275448 0.103056 0.255864 0.104088 0.253804 0.101510 0.267202 0.098934 0.279054 0.093266 0.279054 0.080898 0.279054 0.072136
0 0.254318 0.163352 0.273902 0.167474 0.284724 0.168504 0.298638 0.170050 0.305336 0.170050 0.314098 0.169536 0.323888 0.167474 0.321312 0.174688 0.309974 0.188088 0.307398 0.197878 0.304306 0.208186 0.300184 0.220554 0.298638 0.228284 0.287300 0.245290 0.282662 0.247352 0.287816 0.233952 0.295030 0.221070 0.292968 0.196332 0.294000 0.185510 0.285238 0.183964 0.276478 0.187056 0.273902 0.178296 0.261018 0.174174
0 0.296388 0.238510 0.310042 0.247952 0.311320 0.254972 0.318660 0.260398 0.323766 0.265504 0.327914 0.259760 0.330786 0.266142 0.332382 0.274120 0.329190 0.275078 0.328552 0.281780 0.329190 0.290078 0.326318 0.291354 0.322170 0.280822 0.319616 0.279226 0.319298 0.283376 0.314830 0.278588 0.314830 0.271886 0.310042 0.266462 0.303660 0.264546 0.290894 0.264228 0.288022 0.263588 0.290256 0.261036 0.282278 0.260398 0.279724 0.265504 0.277810 0.270290 0.275256 0.262950 0.275256 0.254014 0.281002 0.252100 0.294404 0.252420 0.302702 0.254654 0.299192 0.249546 0.293448 0.241888
0 0.262492 0.306992 0.275894 0.306354 0.286108 0.308588 0.295044 0.313056 0.298234 0.307950 0.304298 0.309226 0.309724 0.314650 0.315788 0.310502 0.320256 0.313374 0.319298 0.315608 0.324084 0.313694 0.326318 0.316246 0.322170 0.323906 0.321212 0.327736 0.324722 0.354544 0.324404 0.366670 0.324404 0.381990 0.324084 0.390286 0.324722 0.392520 0.327914 0.394754 0.322170 0.397946 0.320894 0.391882 0.320574 0.366670 0.320574 0.344650 0.316744 0.326778 0.312914 0.334756 0.309086 0.347522 0.305894 0.359968 0.307170 0.370500 0.312596 0.379116 0.313872 0.386458 0.306852 0.378798 0.300788 0.367948 0.299830 0.376244 0.296638 0.366352 0.290576 0.345926 0.292490 0.334438 0.276534 0.340502 0.283554 0.330288 0.281958 0.324226 0.269192 0.318162 0.262172 0.311778
0 0.323486 0.460544 0.327242 0.472280 0.327712 0.476506 0.321138 0.470872 0.309870 0.468524 0.307054 0.474158 0.311280 0.480262 0.322078 0.484018 0.333816 0.490122 0.334754 0.496226 0.325364 0.496694 0.322548 0.504206 0.314096 0.515944 0.306584 0.520640 0.300012 0.524864 0.289212 0.528152 0.276066 0.524396 0.289682 0.522048 0.300480 0.516414 0.308932 0.509840 0.309402 0.497164 0.307054 0.491060 0.301890 0.492470 0.296256 0.487304 0.294846 0.477914 0.297664 0.465708 0.305646 0.461012
0 0.297664 0.560078 0.300012 0.570876 0.307524 0.584022 0.319260 0.590594 0.332406 0.599516 0.337572 0.605150 0.334284 0.589186 0.330998 0.578858 0.320200 0.570406 0.319260 0.559138 0.314096 0.547870 0.313158 0.550218 0.306114 0.553974
0 0.312354 0.757434 0.317686 0.770520 0.323016 0.780212 0.323502 0.790390 0.332710 0.800568 0.340464 0.811230 0.330286 0.810746 0.318656 0.800084 0.312840 0.797176 0.302662 0.806384 0.298300 0.808322 0.301692 0.798630 0.308962 0.787968 0.305570 0.778758 0.293938 0.778274 0.288606 0.775852 0.280852 0.781182 0.275036 0.789906 0.267282 0.793782 0.264860 0.788452 0.272128 0.777790 0.283760 0.764704 0.296362 0.757920
0 0.275522 0.854364 0.286668 0.851940 0.292968 0.845156 0.297816 0.842732 0.310416 0.845156 0.322048 0.845640 0.330772 0.840794 0.330772 0.845640 0.337556 0.843702 0.346280 0.844186 0.347250 0.847094 0.336102 0.850486 0.340948 0.860180 0.344342 0.870358 0.345796 0.876172 0.342888 0.882958 0.339980 0.875688 0.336102 0.862118 0.330286 0.855818 0.317202 0.854364 0.309932 0.855818 0.301208 0.862602 0.300724 0.870842 0.304116 0.885866 0.300724 0.893620 0.295392 0.902344 0.290546 0.905736 0.287152 0.906220 0.291030 0.895074 0.295876 0.885866 0.290546 0.866480 0.293454 0.855818 0.285214 0.855818 0.280852 0.855334
0 0.282372 0.918626 0.287748 0.926988 0.308056 0.929974 0.320002 0.936544 0.331350 0.931766 0.340906 0.927586 0.338518 0.937738 0.328962 0.943712 0.327170 0.951476 0.328962 0.959838 0.328962 0.966408 0.337324 0.972978 0.337920 0.981340 0.330156 0.981938 0.318210 0.971784 0.312834 0.959838 0.314626 0.943712 0.297306 0.943114 0.283568 0.940726 0.279984 0.935948
0 0.297902 0.993286 0.306264 0.998662 0.322988 0.998662 0.327170 0.995078
0 0.574330 0.002226 0.579934 0.019034 0.586338 0.035044 0.591940 0.044650 0.595142 0.035844 0.602346 0.037446 0.607150 0.031842 0.607950 0.015032 0.611952 0.001424
0 0.596744 0.067864 0.600746 0.079070 0.605548 0.083872 0.613554 0.083872 0.623158 0.073466 0.633564 0.070264 0.649574 0.071866 0.634366 0.076668 0.625560 0.083072 0.632764 0.091876 0.639168 0.103084 0.639168 0.118292 0.635166 0.134302 0.630364 0.127898 0.630364 0.108686 0.620758 0.099082 0.612752 0.096680 0.603148 0.095078 0.593542 0.087874
0 0.591334 0.162126 0.596230 0.173006 0.604392 0.179536 0.609288 0.184976 0.610376 0.193680 0.609288 0.203474 0.606568 0.212722 0.603304 0.221426 0.596774 0.226324 0.586982 0.227412 0.582086 0.227412 0.587526 0.220338 0.586438 0.212178 0.579366 0.200752 0.578278 0.187696 0.571748 0.188784 0.576102 0.182800 0.584806 0.176814 0.590790 0.173006
0 0.616360 0.235028 0.614184 0.246996 0.619080 0.259510 0.621256 0.273656 0.621802 0.284536 0.619080 0.294872 0.610920 0.297594 0.606568 0.305210 0.602760 0.312826 0.595686 0.319900 0.595686 0.313370 0.600040 0.294328 0.600040 0.278552 0.605480 0.278008 0.601672 0.269846 0.597318 0.260054 0.598952 0.249174 0.603848 0.243188
0 0.623978 0.321532 0.620712 0.332956 0.618536 0.341660 0.620168 0.354174 0.620712 0.367776 0.625610 0.385184 0.631594 0.393346 0.635946 0.404226 0.639754 0.409666 0.627786 0.403682 0.620712 0.396610 0.613640 0.381920 0.611464 0.365598 0.603304 0.363966 0.591878 0.365598 0.576102 0.362878 0.597318 0.355806 0.606568 0.353630 0.596230 0.346558 0.589158 0.344382 0.580454 0.354718 0.579366 0.348734 0.585894 0.339484 0.599496 0.338940 0.614184 0.350366 0.612552 0.335132 0.616904 0.322076
0 0.563044 0.435236 0.567396 0.421636 0.580998 0.413474 0.595686 0.411842 0.607656 0.412930 0.615272 0.411842 0.624522 0.414018 0.625610 0.420004 0.622890 0.429796 0.619080 0.444486 0.620712 0.457542 0.623978 0.464072 0.613640 0.458086 0.607112 0.446118 0.600040 0.435780 0.593510 0.420548 0.578822 0.423268
0 0.626698 0.485288 0.621256 0.501066 0.619624 0.512492 0.616904 0.516844 0.604392 0.515212 0.594598 0.515756 0.586982 0.520108 0.580454 0.525004 0.579910 0.532620 0.581542 0.542414 0.586438 0.536974 0.594054 0.536974 0.590246 0.543502 0.583174 0.545678 0.583174 0.550574 0.594054 0.551118 0.603304 0.544590 0.607656 0.538062 0.619624 0.533710 0.629418 0.533166 0.639754 0.531532 0.648460 0.533710 0.654988 0.540782 0.657708 0.549486 0.659340 0.554382 0.659884 0.541326 0.659340 0.531532 0.654988 0.521740 0.641930 0.515756 0.633770 0.515212 0.626698 0.514668 0.629418 0.503242 0.632682 0.490730 0.634314 0.483656
0 0.584262 0.596274 0.593510 0.594642 0.604936 0.596818 0.607112 0.600082 0.607656 0.590290 0.616904 0.583762 0.622890 0.579408 0.639210 0.582130 0.648460 0.585394 0.653900 0.595730 0.657708 0.607700 0.657708 0.613684 0.653356 0.604436 0.648460 0.600082 0.640298 0.597906 0.629962 0.598994 0.624522 0.602802 0.617992 0.607156 0.614184 0.613140 0.608200 0.614772 0.601128 0.614772 0.596774 0.620756 0.591334 0.632726 0.588614 0.639798 0.586982 0.645782 0.586438 0.652856 0.583174 0.659384 0.581542 0.649046 0.577734 0.645238 0.571204 0.644150 0.567940 0.637622 0.569028 0.633814 0.578278 0.631094 0.582630 0.620756 0.590246 0.612596 0.604392 0.608244 0.608200 0.605524 0.596774 0.599538 0.584806 0.601714
0 0.629418 0.672984 0.628330 0.687674 0.629418 0.698556 0.637578 0.706716 0.637034 0.715964 0.631594 0.727934 0.625610 0.737182 0.631594 0.746432 0.635402 0.756224 0.623434 0.749152 0.611464 0.733374 0.609832 0.715964 0.608200 0.709436 0.595686 0.707260 0.583718 0.698010 0.579366 0.687130 0.590790 0.695834 0.607112 0.699100 0.616904 0.698556 0.612008 0.687674 0.606024 0.682234 0.602216 0.676250 0.606024 0.674616 0.610376 0.678970 0.617448 0.682778 0.620712 0.693658 0.620712 0.681690
0 0.627242 0.759488 0.625066 0.767648 0.616360 0.764384 0.613096 0.769280 0.603848 0.769280 0.596230 0.767104 0.595142 0.774722 0.598952 0.776354 0.595686 0.785602 0.595686 0.791586 0.606024 0.785602 0.609288 0.782338 0.614184 0.792674 0.622890 0.800292 0.636490 0.805732 0.654988 0.808996 0.668044 0.808996 0.665324 0.806820 0.641930 0.801380 0.636490 0.797572 0.638666 0.781250 0.637578 0.773090 0.634314 0.764384 0.634314 0.757312
0 0.637578 0.841640 0.628330 0.845992 0.623434 0.850344 0.621256 0.857416 0.614728 0.860136 0.599496 0.862856 0.586438 0.865034 0.576102 0.868842 0.605480 0.872650 0.609832 0.874826 0.613096 0.889516 0.618536 0.904748 0.619080 0.916174 0.617448 0.925966 0.621802 0.929230 0.625066 0.924334 0.626698 0.909644 0.638666 0.906380 0.628874 0.904204 0.626154 0.898220 0.621802 0.877546 0.622890 0.870474 0.624522 0.867210 0.628330 0.877002 0.632138 0.868298 0.639754 0.857960 0.643018 0.850888
0 0.646828 0.929774 0.637578 0.936304 0.628874 0.942288 0.624522 0.950992 0.630506 0.958608 0.636490 0.957520 0.637034 0.964594 0.639210 0.979282 0.640298 0.992340 0.634314 0.981458 0.631594 0.977650 0.624522 0.980914 0.615816 0.982548 0.606024 0.978738 0.613640 0.986356 0.621802 0.990164 0.622890 0.998324 0.614184 0.997236 0.608744 0.997780 0.609288 0.991252 0.600584 0.984724 0.590790 0.979282 0.583718 0.978194 0.584806 0.974386 0.591878 0.972210 0.597318 0.961874 0.609832 0.959154 0.618536 0.958064 0.615816 0.946096 0.619080 0.939024 0.630506 0.932494 0.641930 0.927054
0 0.757812 0.072512 0.768728 0.075630 0.783152 0.077580 0.792118 0.080698 0.797186 0.084986 0.808882 0.085766 0.816680 0.089664 0.814340 0.095902 0.808102 0.103698 0.799526 0.100580 0.790950 0.098242 0.778864 0.098242 0.775746 0.104868 0.771068 0.112276 0.771068 0.118902 0.769508 0.126700 0.764050 0.113056 0.759762 0.105648 0.759372 0.091224 0.767558 0.083426 0.757032 0.078358
0 0.799916 0.206618 0.799526 0.218704 0.803034 0.228840 0.804984 0.235856 0.801866 0.240924 0.798746 0.243264 0.792898 0.247162 0.786662 0.249112 0.787050 0.254568 0.787830 0.259636 0.785882 0.269384 0.785102 0.275230 0.792508 0.276400 0.789000 0.286146 0.787440 0.293944 0.789390 0.295112 0.793678 0.292774 0.800306 0.274062 0.805374 0.259636 0.812390 0.251450 0.816680 0.240924 0.825256 0.240534 0.833052 0.235466 0.830324 0.225720 0.824086 0.235466 0.820968 0.232348 0.825646 0.223772 0.820968 0.218704 0.812780 0.220652 0.808492 0.228060 0.807712 0.212856 0.806544 0.206618
0 0.816680 0.312656 0.813950 0.319284 0.810442 0.322792 0.804204 0.318894 0.799526 0.321232 0.794848 0.314216 0.789000 0.310706 0.781982 0.312266 0.775746 0.315384 0.773406 0.324742 0.774576 0.334488 0.771458 0.338776 0.767948 0.348132 0.777304 0.343844 0.782372 0.335266 0.787440 0.327860 0.791730 0.331368 0.785102 0.341114 0.782372 0.350470 0.782762 0.361776 0.782762 0.373082 0.785492 0.380878 0.789390 0.378540 0.793288 0.359828 0.801086 0.355928 0.802644 0.353200 0.808102 0.359048 0.812780 0.365286 0.815510 0.357488 0.810832 0.351250 0.814340 0.339946 0.814340 0.332148 0.820968 0.325910 0.820968 0.310706
0 0.810832 0.390624 0.798356 0.390624 0.793678 0.395692 0.794458 0.403880 0.792118 0.405050 0.784712 0.410508 0.786272 0.418304 0.792508 0.421812 0.796408 0.427270 0.796408 0.438576 0.794068 0.451052 0.800696 0.447932 0.805374 0.435068 0.804984 0.427660 0.808882 0.438186 0.814730 0.453390 0.820578 0.459628 0.820968 0.465866 0.827594 0.467034 0.838510 0.471322 0.843578 0.474442 0.837340 0.468204 0.822916 0.444034 0.819408 0.430780 0.816680 0.427660 0.827594 0.428440 0.836562 0.432728 0.847866 0.434288 0.849036 0.431168 0.842020 0.428440 0.829934 0.423762 0.816680 0.422202 0.812390 0.414016 0.812000 0.408948 0.806154 0.408558 0.803034 0.403490 0.802254 0.396862 0.807712 0.396082 0.815120 0.394134
0 0.804984 0.454560 0.798746 0.462356 0.799526 0.479900 0.797576 0.483018 0.798356 0.489256 0.798746 0.494324 0.791730 0.493934 0.788610 0.491594 0.790170 0.499002 0.797186 0.503290 0.805764 0.514206 0.809662 0.514206 0.806154 0.521224 0.807712 0.530190 0.809272 0.545004 0.811222 0.555140 0.812780 0.562936 0.817068 0.553970 0.813170 0.543444 0.814340 0.522392 0.824086 0.520054 0.822916 0.506410 0.823696 0.496274 0.827204 0.488866 0.831884 0.484188 0.827594 0.483408 0.820968 0.488086 0.816680 0.493154 0.815900 0.500952 0.812390 0.491984 0.808492 0.477170 0.806934 0.467034 0.807322 0.458458
0 0.801476 0.569954 0.802254 0.576582 0.800696 0.586328 0.800696 0.594124 0.811222 0.596464 0.818238 0.596854 0.819018 0.601142 0.824086 0.602312 0.826036 0.604650 0.826426 0.611278 0.830714 0.620244 0.831884 0.629990 0.830324 0.635838 0.823306 0.640906 0.820188 0.645974 0.814730 0.646754 0.813950 0.644024 0.822526 0.639346 0.826036 0.630380 0.825646 0.620244 0.822526 0.610108 0.816290 0.608548 0.804204 0.609328 0.799136 0.608938 0.794458 0.610108 0.794848 0.605040 0.794458 0.600752 0.786272 0.600752 0.790560 0.608548 0.797576 0.614396 0.803814 0.622582 0.797576 0.620244 0.785882 0.606990 0.782762 0.602312 0.783932 0.593734 0.790950 0.591786 0.795238 0.593344 0.796408 0.587108 0.789780 0.584768 0.784712 0.582040 0.785882 0.580090 0.792898 0.580090 0.797186 0.575022
0 0.778474 0.613616 0.779644 0.628430 0.783932 0.637008 0.788610 0.647144 0.796408 0.652990 0.803424 0.656500 0.808882 0.661958 0.811612 0.668584 0.819018 0.676382 0.824086 0.688076 0.824086 0.696654 0.820968 0.703670 0.815120 0.709128 0.820578 0.713806 0.826426 0.728232 0.822916 0.729400 0.813560 0.720824 0.811222 0.715366 0.808882 0.713806 0.801086 0.718096 0.792898 0.719264 0.787440 0.717706 0.796798 0.713028 0.804204 0.708738 0.804594 0.704840 0.797186 0.694314 0.798356 0.688466 0.804204 0.681450 0.806154 0.677940 0.802254 0.673262 0.795628 0.670144 0.790950 0.671704 0.787440 0.671704 0.791340 0.667416 0.788220 0.658058 0.783542 0.650652 0.777304 0.639736 0.773406 0.626092 0.775746 0.617514
0 0.828764 0.741486 0.829934 0.752012 0.829544 0.763706 0.829934 0.769944 0.820968 0.775402 0.810442 0.775792 0.801476 0.775792 0.792508 0.780470 0.785102 0.790216 0.775746 0.796454 0.772626 0.804250 0.766390 0.805420 0.764050 0.809318 0.763660 0.799572 0.767948 0.792556 0.774966 0.781640 0.786272 0.774232 0.791730 0.770724 0.780814 0.766046 0.779644 0.761368 0.787440 0.758638 0.795238 0.752792 0.805374 0.754740 0.816680 0.761758 0.821748 0.760198 0.822136 0.750452 0.821748 0.739926
0 0.795238 0.921984 0.800306 0.930560 0.805764 0.937968 0.817848 0.942256 0.825646 0.943036 0.831494 0.946154 0.836562 0.941866 0.843968 0.940696 0.846698 0.943426 0.839290 0.948104 0.833832 0.953172 0.839290 0.958240 0.849426 0.964868 0.858002 0.975782 0.864630 0.988648 0.866580 0.995276 0.860342 0.994496 0.850596 0.981630 0.836952 0.973834 0.831494 0.964478 0.822916 0.962528 0.811612 0.961358 0.811612 0.959020 0.797966 0.959020 0.792508 0.957070 0.779644 0.955510 0.769118 0.954342 0.764440 0.953952 0.767558 0.951222 0.783932 0.948494 0.794068 0.950832 0.802644 0.951612 0.802644 0.946934 0.797966 0.940306 0.794068 0.931340 0.792898 0.925102
0 0.849036 0.994496 0.839290 0.999174 0.832662 0.998394 0.843968 0.993326
1 0.178890 0.011120 0.171266 0.012880 0.167346 0.015212 0.163054 0.011708 0.159534 0.010534 0.163640 0.019332 0.164814 0.023438 0.183498 0.015810
1 0.058468 0.119078 0.060358 0.127898 0.066658 0.133568 0.074218 0.127898 0.068548 0.122228
1 0.166162 0.095060 0.176030 0.101292 0.183822 0.106486 0.184862 0.117914 0.187978 0.125706 0.191614 0.114278 0.193692 0.108046 0.200444 0.108046 0.202002 0.104410 0.195250 0.101292 0.187978 0.097136 0.171876 0.091422
1 0.019158 0.259724 0.017598 0.265438 0.017598 0.273230 0.010846 0.273750 0.000458 0.294528 0.000976 0.286216 0.000976 0.282580 0.017080 0.281022 0.025390 0.275826 0.024872 0.260244
1 0.140708 0.195832 0.144344 0.206220 0.149538 0.218168 0.155772 0.224402 0.162006 0.231154 0.172394 0.228038 0.179148 0.221804 0.185380 0.218168 0.190056 0.212974 0.181226 0.212454 0.173434 0.219726 0.163564 0.222324 0.153694 0.210376 0.148500 0.204144 0.153694 0.201026 0.158888 0.195312 0.155772 0.187002 0.147980 0.191156
1 0.044090 0.345952 0.042532 0.355302 0.047208 0.365172 0.052922 0.368288 0.059674 0.369848 0.058116 0.359978 0.057596 0.352186 0.051364 0.345434
1 0.178108 0.309592 0.175512 0.314786 0.174992 0.317382 0.164602 0.317902 0.156292 0.321538 0.153694 0.325694 0.170836 0.325694 0.181226 0.323096 0.184862 0.329330 0.190576 0.325174 0.185900 0.321018 0.182264 0.317382
1 0.187978 0.330888 0.184862 0.342316 0.184342 0.356342 0.185380 0.366210 0.197328 0.354784 0.197848 0.336082 0.194730 0.329850
1 0.049286 0.382314 0.044090 0.386988 0.047208 0.396858 0.053960 0.392184 0.057076 0.395820 0.062272 0.399976 0.064868 0.391664 0.065908 0.384912
1 0.147460 0.481008 0.150578 0.488800 0.154214 0.495034 0.155252 0.500228 0.163564 0.495034 0.162006 0.482568 0.169278 0.479970 0.175512 0.485164 0.179148 0.474776 0.168758 0.473736 0.156812 0.473218 0.156292 0.477892
1 0.231092 0.452958 0.238364 0.459712 0.235768 0.466984 0.238364 0.475814 0.243558 0.466464 0.250832 0.457114 0.248754 0.449322 0.241482 0.453478 0.237844 0.448804
1 0.251350 0.469062 0.251870 0.478412 0.257584 0.491918 0.260700 0.488800 0.264336 0.496072 0.267972 0.481008 0.273168 0.480490 0.279400 0.484126 0.281998 0.487762 0.284076 0.479450 0.281478 0.473736 0.274726 0.465944 0.267972 0.462828 0.261220 0.469062 0.260700 0.475296
1 0.237326 0.563082 0.240962 0.571392 0.246676 0.576588 0.250832 0.579184 0.250312 0.583860 0.245118 0.586976 0.241482 0.589574 0.236806 0.591652 0.236286 0.588016 0.240442 0.582820 0.234728 0.573990 0.234208 0.568276
1 0.181744 0.586456 0.181744 0.591652 0.178108 0.593210 0.175512 0.594768 0.181744 0.603080 0.188498 0.607754 0.190576 0.599962 0.190576 0.592690 0.189016 0.587496
1 0.210834 0.610352 0.206678 0.619702 0.202522 0.624376 0.199406 0.633726 0.208236 0.630610 0.214990 0.629052 0.222262 0.632168 0.225898 0.629052 0.222262 0.618662 0.221222 0.610352
1 0.231612 0.630610 0.234728 0.634246 0.234728 0.636844 0.231612 0.638922 0.226418 0.641000 0.227976 0.645674 0.237844 0.644636 0.242520 0.641000 0.243558 0.634766 0.240962 0.627494
1 0.158888 0.664374 0.160966 0.672686 0.162006 0.677360 0.159408 0.682036 0.154734 0.686710 0.158370 0.690346 0.166162 0.686190 0.171356 0.680996 0.167720 0.671646 0.164602 0.662816
1 0.101230 0.691904 0.105906 0.701254 0.106424 0.710086 0.099152 0.710086 0.085128 0.711644 0.085128 0.704372 0.094478 0.702294 0.099152 0.702294 0.095516 0.694502
1 0.042012 0.603080 0.048766 0.608274 0.052922 0.615546 0.057076 0.622818 0.060714 0.616066 0.070582 0.610872 0.073180 0.605676 0.067986 0.604638 0.061232 0.606716 0.053440 0.602560 0.046168 0.598924
1 0.192134 0.682554 0.192652 0.693982 0.188498 0.695542 0.196808 0.700216 0.203562 0.706968 0.201484 0.697100 0.200964 0.682554
1 0.230054 0.690346 0.233170 0.695542 0.229534 0.702294 0.237844 0.707488 0.245118 0.703852 0.257584 0.708008 0.257584 0.699178 0.263818 0.691386 0.266934 0.686190 0.262778 0.674764 0.254986 0.681516 0.247714 0.674244 0.243558 0.671126 0.242520 0.679438 0.245118 0.690346 0.237326 0.690866 0.232130 0.683594
1 0.266934 0.728266 0.274726 0.736058 0.280440 0.731382 0.289790 0.724110 0.292386 0.728786 0.286154 0.738136 0.282518 0.748006 0.278882 0.753200 0.276804 0.746966 0.271610 0.743330 0.262778 0.735020
1 0.193172 0.753720 0.206678 0.752160 0.212912 0.754238 0.218626 0.750084 0.223820 0.751122 0.223300 0.760992 0.227456 0.768784 0.225378 0.776056 0.219144 0.767224 0.212912 0.766706 0.211872 0.772420 0.205640 0.772938 0.202522 0.780212 0.197848 0.785926 0.193172 0.786964 0.195770 0.773458 0.196808 0.768264 0.195250 0.760472
1 0.048766 0.838908 0.055518 0.848778 0.056558 0.856050 0.066428 0.850336 0.077854 0.849298 0.084088 0.845662 0.077854 0.842544 0.065388 0.840468 0.056038 0.836830
1 0.012404 0.210896 0.023312 0.208818 0.032144 0.203624 0.039416 0.208818 0.042532 0.218168 0.043052 0.231154 0.046688 0.239466 0.049804 0.242582 0.040454 0.244660 0.038896 0.238946 0.038896 0.229076 0.038896 0.223882 0.031104 0.226998 0.025910 0.230116 0.027468 0.223362 0.034222 0.216610 0.033182 0.211416 0.026948 0.214012 0.017080 0.216090 0.012924 0.216610
1 0.125056 0.694250 0.132044 0.693552 0.138332 0.690406 0.141826 0.690756 0.143224 0.694950 0.138332 0.697744 0.129948 0.699492
1 0.210418 0.703742 0.212212 0.709424 0.215202 0.713014 0.216998 0.708526 0.216998 0.701348
1 0.156602 0.828734 0.157774 0.837532 0.156016 0.845158 0.151324 0.851022 0.145458 0.858062 0.154492 0.855860 0.158008 0.851562 0.161524 0.846094 0.167382 0.846484 0.170704 0.845898 0.174414 0.843554 0.174024 0.837110 0.165234 0.836328 0.163476 0.829102 0.162110 0.825976
1 0.203222 0.842220 0.210456 0.843942 0.215622 0.849454 0.221478 0.851866 0.220100 0.858754 0.219066 0.865644 0.218722 0.869088 0.223544 0.866334 0.227334 0.863922 0.229400 0.866334 0.233534 0.870812 0.235256 0.865644 0.231812 0.860132 0.225956 0.854276 0.224578 0.847044 0.222512 0.840498 0.221822 0.837054 0.204254 0.836710
1 0.237636 0.894264 0.245118 0.894264 0.250630 0.898596 0.250630 0.905290 0.249054 0.909226 0.247874 0.907258 0.247874 0.900564 0.243148 0.899776 0.238424 0.899776 0.239210 0.904502 0.234880 0.902926 0.230942 0.902926 0.231336 0.898988
1 0.264412 0.909226 0.271500 0.909226 0.281344 0.909226 0.284494 0.912770 0.293552 0.916314 0.300246 0.912378 0.300246 0.909620 0.295520 0.910802 0.290796 0.909226 0.285676 0.902926 0.275044 0.904502 0.268350 0.906076
1 0.202984 0.986014 0.209678 0.995070 0.191564 0.995464 0.198652 0.993888
1 0.380974 0.076746 0.391084 0.080882 0.398898 0.083180 0.406250 0.083180 0.405790 0.078124 0.399816 0.076286 0.391084 0.074448
1 0.381894 0.136948 0.390166 0.140624 0.397978 0.146600 0.403952 0.148438 0.410386 0.149816 0.409466 0.154872 0.406250 0.154872 0.406710 0.159008 0.404412 0.161764 0.402574 0.156710 0.396600 0.150736 0.386488 0.146140 0.383272 0.142464
1 0.392004 0.345588 0.397978 0.353400 0.400736 0.358456 0.402574 0.363052 0.397978 0.367188 0.393382 0.370864 0.389246 0.369944 0.392922 0.364890 0.394762 0.362592 0.390624 0.354780
1 0.346966 0.336856 0.355238 0.344210 0.359376 0.348806 0.369026 0.352022 0.365808 0.357078 0.362132 0.358916 0.358916 0.359834 0.358456 0.355238 0.349724 0.349264 0.343290 0.341452
1 0.383732 0.386030 0.381434 0.390166 0.375920 0.393842 0.383732 0.398438 0.383732 0.404412 0.389246 0.397058 0.388328 0.388786
1 0.320772 0.414522 0.324448 0.420496 0.323070 0.428768 0.324448 0.433824 0.328124 0.433364 0.330882 0.420036 0.338694 0.417738 0.341452 0.413144 0.335938 0.413144 0.327206 0.413602
1 0.365202 0.810152 0.366152 0.814904 0.366626 0.817756 0.374706 0.816330 0.379932 0.812054 0.384210 0.806350 0.378982 0.804926 0.375656 0.806350 0.375180 0.810152
1 0.389436 0.847694 0.392288 0.840090 0.398942 0.836290 0.403218 0.835338 0.403694 0.839140 0.400366 0.841992 0.395140 0.845318
1 0.407970 0.837240 0.411772 0.842466 0.419376 0.844842 0.422702 0.848170 0.422226 0.851972 0.428880 0.851020 0.435532 0.851020 0.437908 0.848170 0.433632 0.845318 0.426504 0.844842 0.421752 0.841042 0.415098 0.836290
1 0.377556 0.904720 0.390388 0.907096 0.389436 0.913274 0.394664 0.915174 0.398942 0.908522 0.404644 0.903770 0.405118 0.899018 0.407496 0.892840 0.409872 0.888088 0.406544 0.885712 0.404168 0.886662 0.399416 0.893314 0.391814 0.898066 0.374230 0.898542
1 0.512574 0.027560 0.520162 0.030754 0.521760 0.037944 0.523358 0.047930 0.524556 0.056716 0.528950 0.067102 0.536938 0.075888 0.541332 0.077086 0.539734 0.071894 0.533742 0.061110 0.533342 0.047530 0.529348 0.041140 0.531746 0.035548 0.542530 0.033950 0.545724 0.027958 0.540932 0.027958 0.531346 0.028358 0.529348 0.025162 0.522160 0.023964 0.514172 0.023166
1 0.554512 0.026760 0.554112 0.032352 0.558506 0.033950 0.554912 0.040740 0.554112 0.045932 0.554112 0.049128 0.562100 0.042738 0.566094 0.034350 0.565696 0.030754
1 0.655164 0.121422 0.652368 0.129808 0.650770 0.137398 0.651568 0.146184 0.655962 0.144986 0.655962 0.139394 0.657960 0.129410 0.659158 0.123418
1 0.546922 0.205298 0.550518 0.209292 0.548920 0.215284 0.547722 0.223272 0.549320 0.229262 0.554912 0.223670 0.561302 0.224070 0.562900 0.212488 0.564896 0.206096 0.565696 0.198508 0.562900 0.196510 0.558906 0.205298 0.556908 0.206096 0.553314 0.203300
1 0.655164 0.270402 0.659558 0.279588 0.665548 0.281984 0.673138 0.278790 0.682724 0.278790 0.687916 0.273996 0.685120 0.270002 0.671140 0.269604 0.668344 0.273996 0.662354 0.270002
1 0.557168 0.697794 0.558224 0.707824 0.558752 0.712574 0.552418 0.718380 0.549778 0.723660 0.549778 0.729994 0.556112 0.725242 0.562976 0.719436 0.569838 0.713630 0.568782 0.702016 0.564558 0.696738
1 0.581978 0.773808 0.580922 0.783308 0.589368 0.783836 0.594648 0.782252 0.597286 0.778030 0.596230 0.772224 0.590424 0.774862
1 0.569838 0.806008 0.568782 0.814454 0.564558 0.816564 0.556640 0.818676 0.554002 0.822900 0.565614 0.824482 0.570894 0.825010 0.575116 0.828178 0.578812 0.821316 0.584090 0.811814 0.581450 0.810230 0.576172 0.810758
1 0.571948 0.833456 0.580394 0.837680 0.585146 0.834512 0.588840 0.833456 0.587786 0.839264 0.584618 0.846126 0.579340 0.846126 0.573532 0.840318 0.568782 0.838736
1 0.580394 0.969648 0.576700 0.977566 0.579340 0.990762 0.586202 0.998152 0.523912 0.998680 0.529720 0.994458 0.535526 0.991290 0.535526 0.982316 0.538166 0.975982 0.542916 0.979150 0.543972 0.974926 0.539220 0.970704 0.542916 0.967008 0.550834 0.968064 0.559280 0.970176 0.574060 0.969648
1 0.828334 0.098424 0.833566 0.108014 0.840542 0.112374 0.843158 0.121094 0.853620 0.122838 0.862340 0.117606 0.866700 0.118478 0.868444 0.110630 0.872802 0.110630 0.876290 0.106270 0.870186 0.096680 0.870186 0.083600 0.868444 0.079242 0.864956 0.088832 0.853620 0.090576 0.845772 0.089704 0.844900 0.097552 0.841414 0.101912 0.837054 0.094936
1 0.846644 0.145508 0.841414 0.152484 0.830950 0.155100 0.823974 0.162074 0.835310 0.164690 0.846644 0.167306 0.854492 0.165562 0.864084 0.165562 0.858852 0.157714 0.851004 0.155100
1 0.758580 0.114990 0.755964 0.125454 0.749860 0.125454 0.754220 0.132428 0.756836 0.142020 0.762068 0.142892 0.762940 0.129814
1 0.711668 0.143264 0.721862 0.146484 0.733666 0.144874 0.729910 0.149168 0.729910 0.153996 0.725618 0.154532 0.720252 0.150240 0.713814 0.148630
1 0.845810 0.299408 0.844200 0.308530 0.845810 0.317114 0.845810 0.323554 0.839372 0.319260 0.831322 0.318724 0.822738 0.312286 0.829714 0.309602 0.834542 0.314968 0.836688 0.307992 0.839908 0.300480
1 0.768008 0.359504 0.764788 0.369698 0.762642 0.376674 0.762106 0.382576 0.753520 0.382040 0.750838 0.385260 0.757812 0.389016 0.763178 0.389016 0.767470 0.396528 0.772836 0.400284 0.773910 0.391698 0.773910 0.384186 0.770690 0.379894 0.772300 0.368088
1 0.889810 0.372918 0.881760 0.376674 0.875858 0.378284 0.866736 0.379356 0.869956 0.385260 0.881224 0.387406 0.889810 0.394918 0.891956 0.388478 0.887664 0.384722 0.890346 0.380966
1 0.691278 0.521012 0.699326 0.529060 0.707912 0.532280 0.710058 0.541402 0.718106 0.547840 0.719180 0.554280 0.705228 0.554280 0.707912 0.560718 0.707912 0.569840 0.705228 0.571986 0.693960 0.575206 0.686448 0.573060 0.691278 0.569840 0.701472 0.567694 0.700936 0.559108 0.690204 0.553206 0.688594 0.544622 0.688058 0.538720 0.693960 0.541938 0.698252 0.537110 0.694496 0.532280 0.691278 0.527452
1 0.667668 0.545158 0.675180 0.559108 0.678400 0.570376 0.676790 0.577888 0.666058 0.582182 0.658546 0.585400 0.651572 0.581644 0.638694 0.578426 0.629572 0.576816 0.623132 0.573596 0.634400 0.569304 0.638156 0.561792 0.641376 0.552134 0.653718 0.554280 0.661766 0.552670
1 0.931126 0.505452 0.921468 0.509208 0.917712 0.515646 0.915564 0.519402 0.905370 0.520476 0.895176 0.522086 0.892492 0.523158 0.905906 0.526914 0.913418 0.525842 0.915028 0.530670 0.912346 0.537646 0.915028 0.545158 0.918784 0.541938 0.918784 0.526378 0.922004 0.519402 0.926296 0.515110
1 0.844738 0.530670 0.840982 0.539256 0.838834 0.544084 0.833470 0.547304 0.827030 0.550524 0.837762 0.552134 0.843128 0.549988 0.843664 0.562328 0.848494 0.562864 0.847420 0.549450 0.847956 0.537646
1 0.895176 0.584864 0.895712 0.597742 0.895176 0.605254 0.897322 0.611156 0.894102 0.613840 0.893566 0.620814 0.893566 0.625108 0.889810 0.616522 0.885516 0.607936 0.879078 0.602572 0.875322 0.597742 0.883370 0.598278 0.888736 0.596132
1 0.715424 0.715252 0.719180 0.727592 0.720788 0.736714 0.718106 0.741544 0.713276 0.747982 0.710058 0.754422 0.715424 0.752812 0.721326 0.748520 0.728838 0.743690 0.743326 0.741544 0.741716 0.738324 0.730448 0.736178 0.728838 0.728130 0.724544 0.719544
1 0.774982 0.722226 0.773374 0.730812 0.774446 0.741008 0.768008 0.745836 0.762106 0.746372 0.771226 0.751738 0.769618 0.753348 0.762106 0.754958 0.755666 0.755494 0.759958 0.764080 0.773910 0.761396 0.785714 0.754958 0.783568 0.747446 0.778738 0.732958
1 0.996588 0.186728 0.975124 0.189410 0.967076 0.189410 0.969758 0.200678 0.975124 0.210874 0.991222 0.216776 0.997124 0.217848
1 0.810790 0.843162 0.814620 0.850184 0.826746 0.852736 0.828662 0.859120 0.822916 0.864226 0.808874 0.868056 0.801216 0.868056 0.803130 0.862312 0.817810 0.859758 0.808236 0.854652
1 0.754622 0.811888 0.760366 0.808058 0.766748 0.812526 0.771854 0.818270 0.772492 0.825930 0.768024 0.824014 0.764196 0.819546 0.761004 0.814440 0.755260 0.818908
1 0.847578 0.892224 0.853990 0.896662 0.852016 0.902088 0.849550 0.905540 0.859414 0.905046 0.863360 0.900608 0.873224 0.896168 0.877664 0.888278 0.870266 0.890250 0.859908 0.892716 0.853002 0.887290
1 0.692708 0.965218 0.689750 0.973110 0.683338 0.976070 0.675940 0.980014 0.673474 0.984948 0.681858 0.987414 0.691722 0.984948 0.695174 0.981494 0.702572 0.984454 0.709970 0.982482 0.712436 0.980508 0.708492 0.977548 0.697148 0.975576