0 0.058180 0.002818 0.050042 0.007826 0.040652 0.017216 0.036896 0.021598 0.028758 0.024728 0.026880 0.017216 0.032514 0.012208 0.050668 0.004070
0 0.054424 0.100474 0.067570 0.099222 0.076334 0.097970 0.086976 0.112368 0.091984 0.114872 0.098870 0.118628 0.102000 0.108612 0.093862 0.096092 0.086976 0.084824 0.078212 0.074182 0.071952 0.074182 0.078838 0.087954 0.067570 0.089206 0.054424 0.092336
0 0.086350 0.150554 0.080716 0.159944 0.065066 0.166204 0.059432 0.174968 0.060058 0.179350 0.066944 0.174342 0.072578 0.170586 0.083220 0.169334 0.088854 0.169960 0.083846 0.196878 0.083220 0.203764 0.091358 0.216284 0.089480 0.231934 0.096366 0.231308 0.096366 0.216284 0.093862 0.203764 0.092610 0.185610 0.096992 0.178724 0.099496 0.171838 0.096366 0.162448 0.096366 0.153684
1 0.117650 0.185610 0.095740 0.184984 0.090106 0.190618 0.094488 0.202512 0.098244 0.212528 0.115772 0.220040 0.120780 0.217536 0.132048 0.210024 0.134552 0.203764 0.130796 0.189992
0 0.068196 0.376540 0.086350 0.375914 0.099496 0.387182 0.112016 0.402832 0.126414 0.407214 0.120154 0.396572 0.107634 0.379670 0.099496 0.369654 0.093862 0.362142 0.086350 0.359012 0.074456 0.362768 0.066944 0.369028
1 0.100748 0.362142 0.113268 0.362768 0.128292 0.369654 0.131422 0.384052 0.129544 0.395946 0.118276 0.394694 0.111390 0.388434 0.104504 0.376540
0 0.078838 0.471692 0.066318 0.482334 0.053798 0.492976 0.040652 0.497984 0.043782 0.504244 0.065692 0.494228 0.083220 0.484212 0.091984 0.478578 0.095740 0.475448 0.106382 0.469814 0.093862 0.468562 0.085098 0.469188
0 0.079464 0.512382 0.085098 0.521772 0.070074 0.526154 0.054424 0.524902 0.050042 0.525528 0.070700 0.535544 0.080090 0.534918 0.088228 0.535544 0.095740 0.553698 0.109512 0.568096 0.112642 0.563714 0.108260 0.549316 0.100748 0.534918 0.097618 0.531788 0.110764 0.528658 0.122658 0.523024 0.126414 0.518642 0.123910 0.513008 0.099496 0.521146 0.100748 0.512382 0.102000 0.500488 0.094488 0.497984 0.093862 0.516764 0.088228 0.505496
0 0.078838 0.618802 0.094488 0.623184 0.105756 0.647598 0.113268 0.658240 0.112016 0.636956 0.125162 0.643842 0.115772 0.623810 0.099496 0.609412 0.090106 0.599396 0.085098 0.596266 0.089480 0.612542 0.076334 0.610038 0.071326 0.614420
0 0.082594 0.688914 0.066944 0.689540 0.060684 0.695800 0.062562 0.708946 0.075082 0.719588 0.083846 0.721466 0.076960 0.717084 0.070074 0.707694 0.070074 0.701434 0.079464 0.702060 0.087602 0.703938 0.098870 0.703938 0.096366 0.695174
0 0.081968 0.759026 0.088228 0.776554 0.072578 0.779058 0.060058 0.781564 0.053172 0.785946 0.046286 0.792206 0.048790 0.799718 0.056302 0.793458 0.068196 0.789702 0.084472 0.790328 0.066318 0.809108 0.075082 0.804100 0.084472 0.797840 0.094488 0.800970 0.094488 0.814116 0.105756 0.838530 0.110764 0.844164 0.108886 0.836652 0.108260 0.826010 0.110764 0.814116 0.105130 0.802848 0.103252 0.798466 0.095740 0.795962 0.095740 0.789076 0.104504 0.789076 0.118276 0.792832 0.120780 0.787824 0.116398 0.786572 0.125162 0.782816 0.127040 0.778432 0.117024 0.777180 0.106382 0.782190 0.104504 0.772172 0.101374 0.774050 0.100748 0.780936 0.090106 0.758400 0.091358 0.750262 0.081342 0.751514
0 0.109512 0.853554 0.088228 0.850424 0.070700 0.853554 0.058180 0.862318 0.053798 0.871708 0.063814 0.866074 0.084472 0.862318 0.087602 0.872960 0.091358 0.866074 0.096366 0.859814 0.107008 0.859814 0.117650 0.870456 0.123910 0.867952 0.115772 0.859188 0.124536 0.852302 0.129544 0.849172 0.136430 0.842286 0.127666 0.839156 0.115772 0.846668
0 0.286672 0.007200 0.287298 0.027232 0.274778 0.025980 0.275404 0.035370 0.279160 0.046638 0.277282 0.056654 0.288550 0.045386 0.291680 0.036622 0.302948 0.027858 0.312338 0.006574 0.296062 0.023476 0.293558 0.004070
0 0.286046 0.105482 0.272900 0.097970 0.266014 0.103604 0.254746 0.105482 0.247234 0.109864 0.245356 0.119880 0.261006 0.118002 0.276656 0.118002 0.287298 0.118628 0.294184 0.131774 0.307330 0.142416 0.321102 0.165578 0.322980 0.163074 0.316094 0.141790 0.305452 0.131774 0.301696 0.120506 0.300444 0.114872 0.293558 0.109238
0 0.240348 0.164952 0.255998 0.176220 0.277282 0.180602 0.282916 0.178724 0.279160 0.175594 0.279160 0.169334 0.280412 0.164952 0.284794 0.163074 0.286672 0.171212 0.294184 0.171212 0.296062 0.153684 0.309208 0.167456 0.314216 0.173716 0.302322 0.182480 0.299818 0.198130 0.282290 0.206894 0.275404 0.219414 0.282290 0.245706 0.279160 0.255096 0.272900 0.234438 0.269770 0.218162 0.274778 0.195626 0.281038 0.188740 0.253494 0.184358 0.244730 0.178724
0 0.252242 0.279510 0.271648 0.266990 0.291054 0.273250 0.301070 0.275754 0.317972 0.305802 0.305452 0.293282 0.300444 0.284518 0.302322 0.308306 0.298566 0.318322 0.280412 0.332720 0.284794 0.324582 0.292932 0.311436 0.290428 0.287648 0.285420 0.283892 0.274778 0.284518 0.264136 0.287022 0.253494 0.287022
0 0.273526 0.348996 0.283542 0.357760 0.271022 0.368402 0.256624 0.378418 0.253494 0.384052 0.285420 0.379670 0.290428 0.377166 0.327362 0.409092 0.331744 0.404084 0.322354 0.391564 0.306704 0.382174 0.299192 0.367776 0.303574 0.355256 0.316094 0.345240 0.323606 0.337728 0.317346 0.336476 0.296688 0.348370 0.293558 0.356508 0.281664 0.347118
0 0.273526 0.431002 0.252242 0.432880 0.234714 0.438514 0.224698 0.444148 0.216558 0.453538 0.225324 0.447278 0.242852 0.441018 0.264762 0.443522 0.271648 0.444148 0.279160 0.456668 0.281038 0.446026 0.281664 0.441644 0.288550 0.442896 0.296688 0.447278 0.331118 0.474196 0.324858 0.459172 0.306704 0.441644 0.301070 0.437888 0.290428 0.434758 0.280412 0.429750
0 0.291680 0.479830 0.284794 0.495480 0.286046 0.509252 0.272274 0.525528 0.265388 0.536170 0.268518 0.538674 0.284168 0.526154 0.293558 0.519268 0.294810 0.510504 0.292306 0.497358 0.299192 0.486716 0.300444 0.481082
0 0.267266 0.568722 0.277282 0.593136 0.237218 0.587502 0.229080 0.588128 0.231584 0.600648 0.271648 0.605030 0.250364 0.618802 0.262884 0.621306 0.272274 0.620680 0.292932 0.647598 0.288550 0.635078 0.285420 0.621306 0.291054 0.606282 0.301070 0.609412 0.297940 0.598144 0.290428 0.595640 0.281038 0.588754 0.274152 0.564966
0 0.291680 0.683906 0.288550 0.701434 0.265388 0.703938 0.253494 0.703312 0.240974 0.712076 0.237844 0.717710 0.259754 0.713954 0.281038 0.716458 0.282916 0.730230 0.297314 0.710824 0.309834 0.702060 0.308582 0.683906 0.309834 0.673890 0.302948 0.679524 0.302948 0.684532
0 0.278534 0.731482 0.282290 0.761530 0.286046 0.769042 0.240974 0.746506 0.233462 0.745254 0.249112 0.765912 0.272900 0.776554 0.282290 0.822254 0.286672 0.808482 0.311712 0.819124 0.318598 0.813490 0.302322 0.809734 0.299818 0.805978 0.300444 0.783442 0.326736 0.788450 0.322354 0.782190 0.304200 0.777180 0.298566 0.769668 0.314842 0.750262 0.309834 0.749010 0.294184 0.756522 0.293558 0.765286 0.285420 0.744002 0.286046 0.733986
0 0.293558 0.815994 0.283542 0.839156 0.287924 0.852928 0.237218 0.858562 0.228454 0.865448 0.237844 0.870456 0.260380 0.866700 0.269770 0.867326 0.259128 0.873586 0.271022 0.874838 0.284794 0.871708 0.277908 0.884228 0.278534 0.908642 0.286046 0.893618 0.289176 0.876716 0.296062 0.870456 0.306078 0.864822 0.293558 0.852928 0.292306 0.834148
0 0.299192 0.935560 0.288550 0.948706 0.280412 0.963730 0.267892 0.973120 0.264136 0.983136 0.292932 0.965608 0.301696 0.946828 0.311086 0.933682 0.314216 0.916780 0.308582 0.916780
1 0.232210 0.938690 0.214680 0.937438 0.204664 0.947454 0.199030 0.956844 0.204038 0.969364 0.219064 0.975624 0.234714 0.971868 0.241600 0.961852 0.235966 0.944950
0 0.620454 0.003866 0.629216 0.005926 0.627154 0.011080 0.608086 0.003866
0 0.622516 0.023448 0.604994 0.041484 0.603964 0.048184 0.616848 0.063644 0.620454 0.085288 0.625608 0.107962 0.629216 0.116208 0.632822 0.107448 0.628700 0.085288 0.626638 0.073950 0.634368 0.075496 0.629216 0.070344 0.623546 0.056944 0.624062 0.042516 0.628700 0.027056 0.629730 0.019840
0 0.604480 0.173410 0.613756 0.165680 0.628184 0.170834 0.642614 0.179080 0.647768 0.182172 0.641584 0.199692 0.648282 0.199692 0.657044 0.187324 0.647252 0.165680 0.639522 0.157950 0.629730 0.152798 0.627670 0.149190 0.625608 0.141460 0.617362 0.149706 0.609118 0.148160 0.598296 0.149706
0 0.611694 0.185264 0.604480 0.203300 0.608602 0.230614 0.617362 0.245558 0.625608 0.250196 0.631276 0.245042 0.630762 0.234220 0.624062 0.220306 0.619424 0.203300 0.617878 0.190416
0 0.614786 0.317704 0.616332 0.329042 0.613756 0.335742 0.602418 0.342956 0.585928 0.345018 0.580258 0.346048 0.591080 0.354810 0.603448 0.353264 0.609118 0.351718 0.604994 0.361508 0.613756 0.352232 0.618394 0.348626 0.630246 0.366146 0.643130 0.373362 0.654466 0.380060 0.661166 0.380576 0.655498 0.369754 0.629730 0.341926 0.642098 0.326980 0.648798 0.319250 0.649314 0.308428 0.649314 0.303790 0.643130 0.305852 0.633338 0.326980 0.628184 0.332650 0.625608 0.322342 0.624578 0.315128
0 0.617878 0.375422 0.613756 0.384184 0.618908 0.397582 0.619424 0.404796 0.613240 0.414588 0.610148 0.424380 0.615302 0.432110 0.626638 0.425926 0.630246 0.417680 0.632308 0.406858 0.629730 0.395006 0.631276 0.389852 0.640552 0.405828 0.641068 0.393460 0.637460 0.380576 0.631792 0.376968
0 0.608602 0.490342 0.619424 0.503226 0.613756 0.512502 0.612210 0.531570 0.622000 0.535692 0.619940 0.521778 0.625092 0.508894 0.636946 0.521262 0.639006 0.514564 0.636430 0.510440 0.641068 0.498072 0.641584 0.489828 0.640038 0.485190 0.630762 0.507348 0.629730 0.491888 0.632308 0.481066 0.627670 0.480036 0.619940 0.481066 0.619424 0.490342 0.613240 0.483128 0.609118 0.485190
0 0.596234 0.576920 0.607572 0.590834 0.609118 0.604232 0.602934 0.605778 0.598810 0.609386 0.603964 0.612992 0.600356 0.624846 0.621486 0.607840 0.631792 0.597532 0.637460 0.587226 0.637976 0.580526 0.645190 0.573828 0.651890 0.575888 0.651890 0.595986 0.644160 0.610416 0.652406 0.608354 0.657044 0.597018 0.659104 0.592380 0.669928 0.586710 0.662712 0.575374 0.658074 0.570220 0.653436 0.566098 0.643644 0.566098 0.635914 0.573312 0.629730 0.576920 0.623546 0.571250 0.619940 0.578980 0.616332 0.584650 0.607572 0.581558 0.601902 0.571766 0.590566 0.569704
0 0.617362 0.647520 0.618394 0.658342 0.624578 0.658858 0.631276 0.684110 0.633338 0.694416 0.637460 0.698538 0.626638 0.711422 0.620970 0.717090 0.611178 0.725852 0.610148 0.736674 0.610148 0.746464 0.602934 0.759864 0.612724 0.753680 0.625608 0.751102 0.630762 0.742342 0.633854 0.733582 0.630762 0.723790 0.640552 0.712452 0.644160 0.705754 0.646222 0.696478 0.648282 0.685656 0.643644 0.669164 0.650344 0.672256 0.646222 0.659888 0.639522 0.646490 0.631276 0.641336 0.626124 0.640306
0 0.597780 0.837164 0.608086 0.825826 0.617362 0.823766 0.630762 0.822220 0.637976 0.824796 0.647768 0.830464 0.640038 0.846956 0.635914 0.855200 0.613756 0.862930 0.607572 0.861384 0.625092 0.852624 0.629216 0.843348 0.628184 0.840256 0.612210 0.847986 0.604994 0.856232 0.597780 0.864992 0.594172 0.862416 0.598296 0.852624 0.608086 0.843864 0.624062 0.837680 0.627154 0.833042 0.618394 0.835618 0.609632 0.840256 0.601388 0.844378 0.596750 0.848502 0.593658 0.840772
0 0.625608 0.860354 0.630246 0.888182 0.627670 0.893852 0.632822 0.906220 0.614270 0.910858 0.606540 0.913950 0.609632 0.923226 0.623032 0.916526 0.624062 0.944354 0.630246 0.947962 0.645190 0.952084 0.639006 0.943324 0.633338 0.936624 0.635914 0.925802 0.639522 0.914464 0.639522 0.908280 0.648282 0.928378 0.654982 0.924772 0.642098 0.891790 0.650344 0.906734 0.651890 0.901582 0.650344 0.892820 0.647768 0.879936 0.640038 0.868600 0.635400 0.863446 0.631276 0.861384
0 0.616848 0.988672 0.617188 0.998046 0.662110 0.998046 0.647768 0.992280 0.636946 0.989704 0.630762 0.988672 0.625608 0.988672
0 0.790516 0.044576 0.797216 0.056944 0.787940 0.054884 0.790000 0.062098 0.803400 0.066220 0.812160 0.072404 0.818344 0.081680 0.832774 0.101264 0.840504 0.110540 0.843080 0.105386 0.834320 0.081680 0.828650 0.069828 0.822466 0.062098 0.811644 0.062614 0.803400 0.052306 0.803914 0.044576 0.802884 0.039938
0 0.799792 0.095594 0.799276 0.116724 0.802884 0.123424 0.789486 0.132184 0.774024 0.153312 0.775570 0.163104 0.781240 0.159496 0.783816 0.151252 0.794638 0.143006 0.807522 0.137852 0.821436 0.135792 0.827104 0.130638 0.839472 0.122392 0.855448 0.117754 0.865754 0.117240 0.864724 0.111570 0.852872 0.112086 0.844626 0.112602 0.826074 0.119816 0.821952 0.123424 0.808038 0.121878 0.804946 0.106932 0.807006 0.094564
0 0.812676 0.225460 0.798246 0.242982 0.796700 0.251742 0.808552 0.246588 0.818344 0.244012 0.824528 0.236798 0.829166 0.230614 0.826074 0.225460
0 0.807522 0.317704 0.791032 0.326466 0.775570 0.337288 0.761656 0.344502 0.765264 0.348626 0.787940 0.345018 0.800822 0.337804 0.812676 0.331618 0.819890 0.325950 0.845142 0.335742 0.848234 0.334196 0.836380 0.318736 0.829682 0.317704 0.825044 0.316158 0.816798 0.308944 0.812676 0.318220
0 0.818344 0.395006 0.808038 0.407888 0.800308 0.421802 0.797216 0.431594 0.792062 0.440870 0.780724 0.447054 0.775570 0.458392 0.771964 0.465606 0.779694 0.465092 0.790516 0.455300 0.794124 0.450662 0.803400 0.444478 0.811130 0.439840 0.819374 0.433140 0.825558 0.425410 0.824528 0.408404 0.825044 0.405828 0.837926 0.400674 0.839988 0.395006 0.829166 0.398612 0.827104 0.394490
0 0.793092 0.463030 0.807006 0.475914 0.816798 0.477460 0.824528 0.477460 0.834320 0.474368 0.840504 0.471276 0.843080 0.474882 0.854418 0.486736 0.869362 0.502710 0.870908 0.507348 0.860602 0.503226 0.854418 0.493950 0.847718 0.489312 0.841018 0.486220 0.836380 0.484674 0.828650 0.487250 0.815252 0.491888 0.793608 0.496526 0.788454 0.499618 0.782270 0.517656 0.776602 0.518170 0.782270 0.502710 0.787940 0.492920 0.805460 0.484674 0.797216 0.477974
0 0.778148 0.527962 0.816282 0.566612 0.824012 0.551152 0.832258 0.550636 0.836380 0.558882 0.829682 0.578980 0.829166 0.587742 0.829682 0.599594 0.824528 0.593410 0.819890 0.609900 0.814736 0.612478 0.813190 0.600624 0.817314 0.591864 0.813190 0.588772 0.813706 0.579496 0.807522 0.573312 0.789486 0.558882 0.783816 0.547544 0.776086 0.538784 0.772994 0.533116
0 0.808552 0.610416 0.802884 0.628968 0.805976 0.638760 0.815252 0.644428 0.808552 0.661950 0.809068 0.671742 0.816798 0.687202 0.819374 0.684624 0.817828 0.671226 0.818344 0.661434 0.822982 0.648036 0.837926 0.657826 0.843596 0.653704 0.829166 0.644428 0.829166 0.636698 0.839988 0.625876 0.850810 0.620208 0.850294 0.617116 0.840504 0.617630 0.828650 0.625360 0.823498 0.638760 0.815252 0.628452 0.813190 0.621238
0 0.800308 0.727398 0.818860 0.740796 0.835350 0.733066 0.826590 0.748010 0.839472 0.756256 0.824528 0.753680 0.814736 0.756256 0.807522 0.755226 0.809584 0.749556 0.806492 0.741312 0.799276 0.734612
0 0.792954 0.833702 0.816420 0.839222 0.845406 0.861308 0.837814 0.864068 0.817110 0.847504 0.810208 0.881322 0.803308 0.870280 0.802618 0.848194
0 0.786054 0.860618 0.801926 0.895814 0.792264 0.922040 0.812280 0.909618 0.833674 0.919280 0.832984 0.908238 0.822632 0.898576 0.815730 0.889604 0.802618 0.879942 0.801926 0.869590 0.798476 0.864758
0 0.792954 0.966210 0.821252 0.980704 0.832984 0.973112 0.837814 0.971042 0.842646 0.981394 0.838504 0.989676 0.825392 0.991746 0.815040 0.989676 0.811590 0.988986 0.795716 0.988296 0.784674 0.991746 0.759828 0.997268 0.763278 0.993816 0.780532 0.986224 0.793646 0.982084 0.790884 0.973802
1 0.022482 0.187332 0.037938 0.197168 0.046838 0.186394 0.044964 0.200446 0.042622 0.206534 0.044496 0.221054 0.038876 0.223864 0.036534 0.208876 0.029040 0.199978 0.019672 0.192952
1 0.027166 0.250094 0.037938 0.254778 0.044028 0.253840 0.052926 0.255246 0.051522 0.259462 0.044496 0.258992 0.043090 0.266956 0.036064 0.263208 0.029040 0.265082 0.023418 0.264614 0.028570 0.259462 0.020608 0.253840
1 0.103042 0.687556 0.100700 0.711444 0.107258 0.712380 0.108664 0.706760 0.118498 0.708164 0.116158 0.702076 0.111942 0.699266 0.111474 0.688962
1 0.003748 0.766244 0.033254 0.768116 0.031382 0.783104 0.025760 0.798562 0.038876 0.814954 0.041686 0.837904 0.041218 0.848678 0.021076 0.846804 0.007962 0.840246 0.003748 0.835562
1 0.190628 0.076794 0.177046 0.072580 0.181262 0.080542 0.188756 0.085694 0.194376 0.098340 0.198122 0.098340 0.196718 0.083352 0.203744 0.065554 0.200934 0.061338 0.192034 0.066022
1 0.196250 0.447748 0.196250 0.462736 0.188756 0.472104 0.198592 0.468356 0.210768 0.471636 0.206086 0.464142 0.207958 0.458520 0.207958 0.452900 0.203744 0.455242 0.201870 0.446812
1 0.208896 0.503484 0.211238 0.512384 0.200934 0.524094 0.216858 0.519878 0.228098 0.525030 0.229504 0.532992 0.229972 0.540486 0.242150 0.533930 0.233720 0.514726 0.224352 0.512852 0.214984 0.501612
1 0.204680 0.550322 0.207958 0.563906 0.198592 0.568588 0.199528 0.572336 0.209832 0.569526 0.221074 0.573272 0.220604 0.568588 0.213580 0.565778 0.211238 0.550790
1 0.591362 0.076306 0.583016 0.070880 0.578842 0.075470 0.581346 0.081314 0.573834 0.080896 0.571748 0.086322 0.583434 0.085486 0.591780 0.087156 0.603882 0.090494
1 0.726668 0.524674 0.727714 0.533052 0.733474 0.533574 0.738710 0.538812 0.738186 0.543000 0.735046 0.543000 0.731380 0.547190 0.727190 0.539334 0.721430 0.539858 0.719336 0.532528
1 0.563296 0.561328 0.570626 0.563946 0.580052 0.561328 0.584764 0.558186 0.580052 0.568658 0.571674 0.573370 0.567484 0.577560 0.564344 0.572324 0.566962 0.570228
1 0.649170 0.735170 0.658072 0.747214 0.655978 0.758210 0.659644 0.762924 0.665926 0.750880 0.662784 0.743548