0 0.032768 0.071642 0.038856 0.091314 0.026678 0.083820 0.021994 0.082884 0.021058 0.089910 0.022932 0.094124 0.007476 0.100214 0.024336 0.099746 0.035578 0.103024 0.047288 0.105366 0.053844 0.108644 0.058996 0.110986 0.062276 0.121290 0.069770 0.125974 0.077732 0.125974 0.077264 0.118480 0.063212 0.103492 0.053376 0.097404 0.050566 0.090846 0.069770 0.079136 0.067428 0.076794 0.044946 0.088972 0.040730 0.069770
0 0.027616 0.164380 0.027616 0.184990 0.025274 0.202320 0.032300 0.198572 0.033236 0.192016 0.043072 0.185458 0.053376 0.203256 0.066958 0.210282 0.078668 0.207472 0.081010 0.204662 0.068364 0.204662 0.055250 0.192484 0.055718 0.181242 0.047756 0.177028 0.040262 0.169534 0.035110 0.162976
0 0.050566 0.253372 0.035578 0.253372 0.024336 0.263208 0.013564 0.278664 0.014032 0.289906 0.009348 0.309578 0.010286 0.312856 0.023400 0.294590 0.026210 0.283348 0.029020 0.275386 0.042604 0.269298 0.051502 0.261334
0 0.014970 0.320350 0.036982 0.325502 0.044476 0.326438 0.039324 0.320350 0.049160 0.318476 0.052908 0.323628 0.060402 0.316602 0.066022 0.316134 0.061806 0.326908 0.064148 0.343300 0.056654 0.355478 0.045414 0.359694 0.037920 0.355946 0.035110 0.342364 0.029020 0.343300 0.020590 0.351732 0.014500 0.369998 0.013096 0.352668 0.016374 0.342832 0.028552 0.330654 0.013564 0.329718 0.008880 0.322692 0.010286 0.320350
0 0.045414 0.481940 0.044476 0.507700 0.014032 0.506764 0.008412 0.508636 0.024806 0.516600 0.033236 0.516130 0.038856 0.518472 0.036046 0.542360 0.044476 0.553132 0.049160 0.555474 0.051970 0.529246 0.051502 0.513320 0.051970 0.499738 0.054312 0.487092 0.050566 0.480066
0 0.058996 0.575614 0.053376 0.587324 0.036514 0.591070 0.026210 0.587324 0.024336 0.591070 0.040730 0.597160 0.032300 0.613552 0.035110 0.637440 0.040262 0.645402 0.041198 0.624794 0.042136 0.614490 0.049160 0.600906 0.053376 0.596692 0.059464 0.604186 0.065086 0.601376 0.063212 0.591070 0.065554 0.582640 0.067896 0.577956
0 0.054312 0.652428 0.066022 0.651960 0.073048 0.652896 0.083352 0.657580 0.092252 0.661328 0.094124 0.666480 0.074452 0.662732 0.068364 0.658986 0.060402 0.660390 0.062744 0.677252 0.057124 0.682404 0.052440 0.669758 0.048692 0.660390 0.048692 0.651960
0 0.061338 0.706760 0.053844 0.716596 0.047756 0.716596 0.038856 0.716128 0.032300 0.715658 0.028084 0.724090 0.035110 0.740950 0.044946 0.749382 0.048692 0.747976 0.038388 0.726900 0.039324 0.724090 0.054312 0.735798 0.063212 0.732052 0.063212 0.720810
0 0.073984 0.785916 0.058996 0.797156 0.053844 0.806992 0.051502 0.816828 0.051034 0.821980 0.039794 0.818702 0.031830 0.822916 0.035110 0.835562 0.041198 0.833220 0.048692 0.831816 0.057592 0.832752 0.067428 0.819638 0.065554 0.813550 0.062744 0.806992 0.073048 0.793410
0 0.055718 0.880526 0.049160 0.893172 0.052908 0.904882 0.051034 0.907224 0.041198 0.906288 0.033236 0.911440 0.031362 0.931112 0.032300 0.940010 0.037452 0.940010 0.037452 0.928302 0.038856 0.917528 0.053376 0.920338 0.059934 0.925490 0.060402 0.933922 0.048224 0.941416 0.047288 0.946100 0.062276 0.938136 0.067896 0.929706 0.064148 0.921276 0.061338 0.909098 0.059934 0.895046 0.061338 0.885678 0.062744 0.880526
0 0.034172 0.994810 0.033204 0.998046 0.040262 0.989658 0.050098 0.977012 0.053376 0.972328 0.059464 0.971392 0.065554 0.975138 0.068364 0.981228 0.065086 0.995748 0.060546 0.998046 0.029296 0.998046
0 0.225270 0.036046 0.239790 0.054782 0.244004 0.069770 0.238384 0.079136 0.232296 0.073984 0.226674 0.064618 0.222928 0.051034 0.221054 0.041666
0 0.202788 0.133468 0.214028 0.138620 0.230890 0.141430 0.243536 0.143772 0.250562 0.145646 0.262740 0.149862 0.268360 0.153608 0.263208 0.157356 0.248220 0.152204 0.235574 0.149862 0.238384 0.168596 0.236042 0.173748 0.227612 0.158760 0.224334 0.150330 0.211218 0.154076 0.198104 0.157356 0.195294 0.168596 0.195762 0.175622 0.189674 0.162040 0.194826 0.153140 0.201382 0.146114 0.204662 0.140494 0.199040 0.137684
0 0.209814 0.187332 0.235574 0.209814 0.242600 0.219650 0.244942 0.230890 0.241194 0.240726 0.232764 0.249626 0.233700 0.242600 0.237916 0.229016 0.233232 0.220586 0.217776 0.206534 0.208408 0.197168 0.204662 0.192016
0 0.229954 0.255246 0.225270 0.265082 0.227612 0.281006 0.229954 0.292248 0.232296 0.308172 0.233232 0.321286 0.241194 0.331590 0.239790 0.322692 0.243536 0.291780 0.247284 0.273512 0.250562 0.267424 0.238852 0.254778
0 0.236510 0.338148 0.239322 0.351262 0.229016 0.342832 0.225738 0.354072 0.224334 0.361566 0.212624 0.369062 0.210282 0.375150 0.223864 0.372340 0.227612 0.378428 0.229954 0.388732 0.233232 0.371872 0.238852 0.377024 0.249626 0.408872 0.254778 0.418240 0.257120 0.410278 0.251968 0.382176 0.248688 0.370466 0.276322 0.393884 0.276322 0.385922 0.250094 0.363440 0.244942 0.354072 0.243536 0.339554
0 0.245878 0.414494 0.241662 0.429014 0.226674 0.426202 0.214966 0.428076 0.212624 0.430886 0.222460 0.434634 0.225738 0.439318 0.219650 0.454306 0.214966 0.471166 0.210750 0.483344 0.203256 0.487092 0.210282 0.489434 0.221522 0.479598 0.226206 0.464142 0.229954 0.451026 0.235574 0.443532 0.238852 0.438848 0.241662 0.438380 0.242600 0.461330 0.250094 0.459926 0.252436 0.443532 0.252904 0.433228 0.257588 0.419646
0 0.242600 0.506294 0.244474 0.521282 0.235106 0.529714 0.229016 0.540018 0.228548 0.544702 0.237916 0.537676 0.225738 0.572336 0.227612 0.580298 0.239322 0.559222 0.240258 0.547980 0.245410 0.539550 0.257588 0.529714 0.253840 0.513788 0.251498 0.509574
1 0.261804 0.505358 0.269766 0.515662 0.273980 0.518942 0.280538 0.516600 0.288500 0.515662 0.294590 0.512852 0.289906 0.509574 0.279132 0.509106 0.274918 0.511916 0.267892 0.503484
0 0.271170 0.600906 0.254778 0.612616 0.249156 0.620110 0.241662 0.629946 0.232296 0.639782 0.226674 0.652896 0.226674 0.660858 0.241194 0.638846 0.242600 0.641188 0.235574 0.654302 0.235574 0.668822 0.238852 0.674910 0.240726 0.659922 0.249156 0.642592 0.251498 0.637908 0.257588 0.642592 0.258992 0.635098 0.258992 0.625262 0.266018 0.616364
0 0.228080 0.696924 0.248220 0.700202 0.258992 0.702076 0.269766 0.707228 0.278664 0.718000 0.282880 0.737204 0.281006 0.743292 0.274918 0.733456 0.264614 0.720810 0.256182 0.712848 0.244004 0.709570 0.236980 0.709102 0.244004 0.716128 0.241662 0.720810 0.236980 0.715658 0.229954 0.710038 0.223396 0.704886 0.222928 0.700202
0 0.232296 0.746572 0.245410 0.762964 0.246816 0.771396 0.251498 0.781232 0.255246 0.791068 0.258992 0.804182 0.258992 0.818702 0.260866 0.822916 0.265550 0.818702 0.268360 0.806524 0.266956 0.790130 0.265082 0.774674 0.259930 0.762496 0.254778 0.750786 0.251030 0.741420 0.244942 0.742824 0.239790 0.739546 0.232764 0.741420
0 0.251968 0.859918 0.240726 0.855702 0.231828 0.857576 0.226674 0.860386 0.232764 0.872564 0.233232 0.880526 0.240258 0.876780 0.244474 0.874906 0.250094 0.874906 0.256650 0.878184 0.266956 0.888020 0.277260 0.896920 0.281944 0.905820 0.285222 0.912376 0.285690 0.901136 0.280538 0.885210 0.274450 0.875844 0.264614 0.865538 0.258056 0.861324
0 0.589198 0.005602 0.577488 0.004196 0.569526 0.003728 0.563906 0.007944 0.559222 0.021526 0.552196 0.026210 0.553132 0.013564 0.556880 0.003728
0 0.560158 0.069300 0.569526 0.061806 0.579362 0.057592 0.591070 0.060870 0.604654 0.079606 0.607932 0.089910 0.600906 0.088504 0.586388 0.068832 0.578894 0.064618 0.569994 0.068832 0.567184 0.078668 0.562968 0.089440 0.558284 0.095530 0.552664 0.111922 0.546106 0.124100 0.540486 0.121758 0.547512 0.109112 0.545170 0.095998 0.542828 0.086630 0.546106 0.075858 0.552196 0.075390 0.553132 0.065554 0.555006 0.064148
0 0.520814 0.147988 0.542828 0.147052 0.558284 0.154546 0.565310 0.162040 0.569994 0.174686 0.570462 0.187800 0.572336 0.198572 0.579830 0.207472 0.584982 0.215434 0.577020 0.213560 0.565310 0.199040 0.561564 0.183116 0.559222 0.169534 0.553132 0.170002 0.547044 0.161102 0.538144 0.155014 0.530650 0.150798
0 0.535802 0.225738 0.552196 0.226674 0.558752 0.230422 0.563906 0.223864 0.567184 0.224334 0.568588 0.230890 0.580298 0.244004 0.589666 0.249626 0.595754 0.256182 0.598564 0.262740 0.598096 0.271170 0.592008 0.275386 0.589666 0.264614 0.585918 0.263208 0.583108 0.256650 0.580298 0.249156 0.570462 0.241194 0.557348 0.237916 0.558752 0.244474 0.550790 0.239322 0.544234 0.234638
0 0.543296 0.308640 0.558752 0.310514 0.565778 0.317540 0.571868 0.322224 0.573272 0.329250 0.559690 0.332060 0.547512 0.332060 0.543296 0.329250 0.546576 0.320350 0.549386 0.318008 0.541424 0.313792
0 0.527840 0.479598 0.545170 0.482876 0.554538 0.484750 0.561564 0.481940 0.568120 0.481472 0.575614 0.473508 0.582172 0.469294 0.585450 0.471636 0.576552 0.486624 0.588260 0.495054 0.588260 0.501142 0.576082 0.499270 0.571400 0.493648 0.566716 0.493180 0.563906 0.500674 0.562032 0.505358 0.557816 0.500674 0.562500 0.489434 0.554070 0.489434 0.541424 0.487092 0.535802 0.485686 0.518472 0.486154 0.513788 0.487092 0.516600 0.481472 0.522220 0.480534
0 0.570930 0.531118 0.562500 0.541424 0.564374 0.555942 0.560158 0.564374 0.550322 0.577956 0.547044 0.596692 0.549386 0.599034 0.557348 0.575146 0.565310 0.599970 0.573742 0.605590 0.577020 0.605590 0.570930 0.580766 0.572804 0.566716 0.573742 0.564842 0.580298 0.578894 0.584982 0.569526 0.580298 0.558752 0.574210 0.546106 0.573742 0.536740
0 0.580766 0.630882 0.570930 0.640718 0.567184 0.642124 0.565778 0.627136 0.565778 0.618236 0.561094 0.614490 0.555006 0.617300 0.559222 0.638846 0.557348 0.646340 0.542360 0.651022 0.530182 0.653364 0.525030 0.658516 0.512384 0.672100 0.515194 0.673974 0.541892 0.662264 0.562032 0.657580 0.568120 0.666480 0.575146 0.668822 0.568120 0.656644 0.571868 0.648682 0.592008 0.649150 0.608870 0.647744 0.606058 0.644934 0.578894 0.642592 0.585450 0.634630
0 0.569526 0.714254 0.569526 0.730178 0.555474 0.731116 0.548918 0.727836 0.553132 0.739078 0.560626 0.745166 0.568120 0.744230 0.577956 0.754066 0.587324 0.760622 0.595754 0.761092 0.601376 0.757344 0.597628 0.735798 0.593882 0.735330 0.593412 0.749850 0.580766 0.738610 0.574678 0.732988 0.575146 0.712848
0 0.570462 0.814018 0.562968 0.827132 0.559222 0.833690 0.562500 0.848208 0.571868 0.842588 0.571868 0.832752 0.587324 0.844462 0.591070 0.843526 0.576082 0.829006 0.575146 0.824790 0.586388 0.823386 0.597628 0.821512 0.593882 0.817764 0.578894 0.819170 0.577956 0.813080
0 0.588730 0.866944 0.577020 0.884742 0.574210 0.889894 0.556880 0.891768 0.553132 0.893172 0.557348 0.901136 0.565310 0.899730 0.569526 0.899262 0.569994 0.926428 0.575614 0.933922 0.580766 0.927832 0.578894 0.918466 0.579362 0.904414 0.581236 0.892236 0.584046 0.888490 0.590134 0.877716 0.592944 0.869286
0 0.559690 0.970924 0.577020 0.970924 0.581704 0.953124 0.585918 0.952656 0.590134 0.963430 0.580766 0.980290 0.575146 0.989190 0.569058 0.987316 0.576082 0.996684 0.587324 0.997620 0.603718 0.988254 0.607932 0.984974 0.598096 0.996216 0.593750 0.998046 0.570312 0.998046 0.565778 0.991532 0.561094 0.983570
0 0.751256 0.044008 0.747976 0.048224 0.752192 0.060870 0.755002 0.070238 0.762028 0.078668 0.766244 0.094124 0.773268 0.110050 0.780762 0.112392 0.776080 0.104898 0.776080 0.088972 0.774206 0.073048 0.767648 0.062744 0.767180 0.057592 0.772800 0.054312 0.773268 0.046818 0.765774 0.051034 0.768116 0.046350 0.766712 0.042136 0.762496 0.043072 0.757812 0.052440
0 0.718000 0.114264 0.732988 0.122228 0.741888 0.136746 0.747976 0.151266 0.750318 0.154546 0.752660 0.155950 0.754066 0.158760 0.755938 0.146582 0.760154 0.134874 0.766712 0.127380 0.765774 0.136746 0.761092 0.157356 0.759686 0.167660 0.755002 0.169534 0.747976 0.171406 0.734862 0.185458 0.726900 0.187800 0.722216 0.187332 0.730646 0.170002 0.739078 0.161570 0.739078 0.150330 0.733926 0.139558 0.725494 0.129722 0.720810 0.123164 0.721280 0.119416
0 0.719874 0.229486 0.739078 0.242600 0.748444 0.253372 0.758280 0.261804 0.759686 0.269766 0.752192 0.269298 0.740950 0.258056 0.735330 0.251968 0.727836 0.254778 0.724090 0.261334 0.719406 0.265082 0.717532 0.262272 0.718938 0.253372 0.721280 0.246816 0.726432 0.245410 0.721748 0.239322
0 0.771396 0.277728 0.767648 0.289906 0.760622 0.303956 0.753128 0.313792 0.747976 0.322224 0.742824 0.327844 0.735798 0.335806 0.732988 0.345174 0.729242 0.364378 0.737204 0.366720 0.737204 0.354542 0.742824 0.341426 0.748914 0.333932 0.753128 0.329718 0.758750 0.321756 0.763902 0.314730 0.768116 0.308640 0.770928 0.303956 0.769990 0.293184 0.776548 0.283816 0.779826 0.279602
0 0.761560 0.416836 0.757812 0.430886 0.751724 0.418708 0.748444 0.421050 0.752192 0.437912 0.759686 0.437912 0.760622 0.455242 0.760622 0.472104 0.760154 0.481940 0.762496 0.488028 0.771396 0.493180 0.778422 0.502080 0.782636 0.507232 0.785446 0.498800 0.784042 0.490370 0.781700 0.471636 0.779358 0.455710 0.777016 0.443064 0.772800 0.435570 0.769522 0.427140 0.772332 0.421050
0 0.764838 0.541424 0.759218 0.533930 0.747508 0.536740 0.737672 0.540486 0.728304 0.548918 0.717532 0.551258 0.715190 0.555006 0.711912 0.561094 0.735798 0.547044 0.745166 0.542828 0.751724 0.541892 0.734862 0.554538 0.732052 0.561564 0.742824 0.558284 0.753598 0.555006 0.761092 0.555942 0.763902 0.562500 0.767648 0.562968 0.784510 0.579362 0.791536 0.583576 0.789662 0.572336 0.788256 0.565778 0.780294 0.554538 0.780294 0.551258 0.792004 0.550790 0.789662 0.545170 0.776548 0.547980 0.771396 0.544234
0 0.770458 0.603248 0.760622 0.615894 0.757812 0.632756 0.762964 0.638846 0.756408 0.658516 0.754534 0.674442 0.751724 0.691772 0.754066 0.698798 0.760622 0.683810 0.766712 0.669758 0.769054 0.657112 0.771864 0.644466 0.784042 0.652428 0.792940 0.657112 0.786852 0.646808 0.776080 0.636504 0.783104 0.630882 0.789194 0.626668 0.790130 0.623388 0.779826 0.627604 0.784510 0.620578 0.786384 0.617300 0.778890 0.618236 0.769054 0.631820 0.768586 0.625262
0 0.761092 0.689430 0.758280 0.703480 0.745634 0.707696 0.731584 0.710506 0.717064 0.708164 0.712848 0.708164 0.722216 0.716596 0.732520 0.719874 0.744230 0.718468 0.756408 0.720342 0.772800 0.721280 0.784978 0.718468 0.787788 0.715658 0.785916 0.710506 0.792004 0.704886 0.790130 0.699266 0.777952 0.704886 0.769522 0.706760 0.767648 0.694582
0 0.757812 0.787788 0.767180 0.792472 0.768116 0.796688 0.763902 0.806992 0.773738 0.807460 0.777484 0.815422 0.785446 0.827132 0.792940 0.841184 0.798562 0.844462 0.806056 0.841652 0.805118 0.829942 0.799498 0.820574 0.788726 0.812144 0.785446 0.804182 0.776080 0.800434 0.788726 0.802776 0.787320 0.798092 0.778890 0.795750 0.770928 0.792940 0.762496 0.780762 0.758750 0.780762
0 0.757812 0.869754 0.749382 0.876780 0.753598 0.884742 0.762496 0.889894 0.771864 0.901604 0.780762 0.910034 0.790598 0.921276 0.802776 0.929706 0.814018 0.931112 0.813550 0.928770 0.796688 0.917996 0.787788 0.903478 0.780294 0.891768 0.784510 0.886148 0.773268 0.883806 0.769054 0.876780 0.766244 0.870222 0.774206 0.866944 0.770928 0.864602
0 0.800904 0.945630 0.788256 0.949846 0.781232 0.954062 0.774206 0.961088 0.766244 0.957340 0.764370 0.949378 0.759218 0.947972 0.758280 0.959214 0.762496 0.968582 0.762964 0.984038 0.761718 0.998046 0.770458 0.989658 0.771484 0.998046 0.777344 0.998046 0.777016 0.991064 0.785446 0.984038 0.788256 0.975608 0.785916 0.962960 0.790130 0.956404 0.801372 0.954530 0.805586 0.954062
1 0.014138 0.429896 0.007330 0.435134 0.006284 0.442988 0.011520 0.447176 0.016756 0.449272 0.015708 0.443512 0.015708 0.439322
1 0.676524 0.185888 0.688568 0.190076 0.697994 0.187458 0.706896 0.189028 0.697994 0.196360 0.691186 0.196360 0.682284 0.194788 0.675478 0.192170
0 0.525196 0.409476 0.534622 0.405286 0.553472 0.408428 0.561328 0.418378 0.571276 0.421518 0.567086 0.411046 0.560804 0.399526 0.560280 0.396908 0.557138 0.403192 0.541952 0.399004 0.529386 0.401622 0.523626 0.403716
1 0.594840 0.476500 0.606358 0.483830 0.608978 0.493256 0.613166 0.499016 0.614214 0.488544 0.619974 0.486448 0.623114 0.479642 0.614736 0.480166 0.603740 0.473358 0.596934 0.470216
1 0.665528 0.605836 0.666052 0.619974 0.668146 0.626780 0.669718 0.624162 0.683332 0.634112 0.685950 0.632540 0.677048 0.621020 0.674430 0.615260 0.673906 0.611596 0.678096 0.609500
1 0.656628 0.891736 0.662910 0.896448 0.670764 0.894876 0.674954 0.898542 0.668670 0.903254 0.665528 0.913204 0.661864 0.910586 0.660816 0.899590
1 0.927342 0.251340 0.926294 0.258672 0.917392 0.261814 0.914252 0.266526 0.921582 0.279092 0.932578 0.273856 0.935720 0.252912 0.932578 0.250816
1 0.772348 0.308940 0.768160 0.315222 0.766064 0.320460 0.771824 0.319412 0.778632 0.317318
1 0.790152 0.484878 0.796436 0.491684 0.802718 0.483306 0.805336 0.481736 0.807954 0.481212 0.804814 0.495874 0.805336 0.506870 0.798530 0.499016 0.795388 0.502158 0.796436 0.512630 0.792770 0.508440 0.792246 0.496922
1 0.952326 0.408446 0.942348 0.407732 0.944486 0.415574 0.952326 0.418424 0.958030 0.431256 0.962306 0.426978 0.958030 0.414860
1 0.967564 0.415424 0.979416 0.420252 0.988194 0.420252 0.993022 0.420690 0.985998 0.425518 0.983804 0.435612 0.979416 0.440002 0.975466 0.434296 0.977220 0.426834 0.965370 0.419812
1 0.819216 0.483454 0.820970 0.490476 0.826238 0.482576 0.829748 0.482136 0.828432 0.487842 0.830188 0.495304 0.835454 0.498814 0.828872 0.498814 0.818338 0.493988
1 0.948692 0.639264 0.956154 0.653748 0.954398 0.666038 0.960982 0.662088 0.966248 0.656382 0.967126 0.645848
1 0.818776 0.767424 0.816142 0.781908 0.807804 0.795076 0.806926 0.805610 0.814826 0.796392 0.819654 0.792004 0.824044 0.777520
1 0.731434 0.732312 0.736702 0.741530 0.731434 0.753818 0.741090 0.750308 0.746358 0.747674 0.735824 0.729678
1 0.971076 0.724412 0.975466 0.729240 0.969320 0.741968 0.983366 0.736262 0.989510 0.739334 0.996094 0.734946
1 0.810438 0.957032 0.803854 0.966248 0.800342 0.961860 0.793758 0.959226 0.793758 0.968004 0.795954 0.971954 0.791126 0.978538 0.791126 0.982048 0.800782 0.977660 0.810876 0.986438 0.817460 0.986438 0.809998 0.975026 0.816142 0.954836
1 0.972316 0.852864 0.965524 0.852298 0.965524 0.857960 0.971750 0.860790 0.975714 0.871546 0.981940 0.865886 0.979110 0.858526 0.975714 0.844372 0.972316 0.844372
1 0.192116 0.780960 0.186884 0.787934 0.186302 0.792004 0.178746 0.794910 0.177584 0.802466 0.181652 0.799560 0.185722 0.807698 0.189208 0.801304 0.191534 0.792586
1 0.077602 0.946626 0.068882 0.955346 0.056094 0.958252 0.061908 0.961740 0.060164 0.969296 0.067138 0.966972 0.079346 0.958252
1 0.623584 0.337126 0.623584 0.355808 0.632076 0.356374 0.644532 0.361470 0.641134 0.352978 0.632642 0.349582 0.629246 0.336560
0 0.041488 0.028808 0.033034 0.026806 0.024580 0.024358 0.017240 0.020354 0.013014 0.015460 0.013904 0.012568 0.020132 0.012790 0.028362 0.013904 0.035036 0.017462 0.038372 0.014348 0.043266 0.014126 0.043490 0.017908 0.047494 0.021912 0.053722 0.024804 0.057726 0.029698 0.062842 0.036594 0.066624 0.040374 0.069294 0.045268 0.072852 0.052832 0.072630 0.056836 0.070628 0.061062 0.066402 0.058616 0.064622 0.050386 0.059506 0.043934 0.053944 0.038596 0.048828 0.033702 0.045046 0.030142