0 0.087826 0.289578 0.097842 0.288862 0.097842 0.280992 0.097126 0.268830 0.104996 0.278846 0.108574 0.288146 0.099274 0.296732 0.107858 0.308178 0.102850 0.313186 0.093550 0.313186 0.087826 0.308178
0 0.079414 0.171012 0.090562 0.172466 0.099770 0.168590 0.096862 0.182644 0.095408 0.191368 0.095408 0.200576 0.084746 0.198152 0.073598 0.215116 0.070690 0.209784 0.078930 0.194276 0.078930 0.180706
1 0.032888 0.196698 0.045974 0.187490 0.056636 0.182644 0.067782 0.180220 0.076506 0.187974 0.060998 0.197668 0.055182 0.198638 0.045974 0.202998 0.040158 0.206876 0.033858 0.204452
1 0.024650 0.168590 0.039188 0.164712 0.048882 0.176344 0.049850 0.184582 0.035796 0.190882 0.026588 0.194276 0.017380 0.179736 0.018348 0.172950
1 0.044034 0.252918 0.054212 0.249526 0.061482 0.260188 0.058090 0.270364 0.050336 0.272304 0.043550 0.262610
0 0.095408 0.685222 0.102192 0.684252 0.109946 0.695884 0.110432 0.698308 0.115762 0.695884 0.116248 0.708486 0.108492 0.712848 0.099770 0.712848 0.092014 0.706546 0.094922 0.691038
0 0.079414 0.824316 0.082806 0.837402 0.093468 0.841278 0.101224 0.842248 0.102678 0.833040 0.093954 0.834494 0.092500 0.826738 0.092500 0.817530 0.099770 0.808322 0.105100 0.803960 0.105100 0.800568 0.093954 0.803476 0.089108 0.810746 0.083292 0.820438
0 0.121578 0.827224 0.120124 0.844186 0.122548 0.852426 0.124970 0.842732 0.127394 0.836916 0.132240 0.826738 0.136118 0.825284 0.134180 0.820924
0 0.094438 0.856302 0.089108 0.871812 0.084260 0.892166 0.087654 0.899920 0.090562 0.900890 0.091530 0.886350 0.094922 0.875688 0.102192 0.869872 0.105100 0.861148 0.102678 0.856302
0 0.242740 0.005748 0.250978 0.026588 0.240802 0.034826 0.234016 0.035312 0.226262 0.043550 0.231594 0.056636 0.233048 0.044034 0.238862 0.040642 0.254372 0.037734 0.265518 0.034342 0.276180 0.035312 0.286358 0.045004 0.293144 0.043550 0.286358 0.032404 0.280542 0.026588 0.271818 0.018834 0.272788 0.011564 0.264550 0.017380 0.261642 0.022710 0.255340 0.013018 0.252918 0.005748
0 0.252432 0.091530 0.248072 0.105100 0.250978 0.128364 0.247102 0.145326 0.252918 0.162288 0.258248 0.167620 0.254372 0.174404 0.238378 0.184582 0.242256 0.192822 0.253402 0.200092 0.259218 0.199122 0.259218 0.186522 0.259218 0.180220 0.267942 0.175374 0.289266 0.170044 0.296052 0.166166 0.286358 0.158896 0.273758 0.162288 0.267942 0.164712 0.270364 0.147264 0.266488 0.129818 0.263096 0.112854 0.262126 0.105100 0.264550 0.095408 0.263096 0.090076
0 0.211722 0.221900 0.234016 0.225292 0.250494 0.231594 0.259702 0.234016 0.266972 0.240802 0.278120 0.247586 0.278120 0.254856 0.268426 0.256310 0.256794 0.250010 0.245648 0.245648 0.233532 0.247102 0.224808 0.249040 0.225778 0.244678 0.239832 0.240802 0.231108 0.237894 0.220446 0.234986 0.211238 0.232078 0.209784 0.226746
0 0.236924 0.383772 0.261642 0.400734 0.266972 0.410912 0.271334 0.414790 0.265034 0.415758 0.271818 0.424482 0.277150 0.430298 0.274242 0.439022 0.263580 0.434660 0.261156 0.423514 0.254372 0.412366 0.244678 0.404128 0.240316 0.399280 0.235954 0.388618
0 0.273272 0.466162 0.270850 0.472948 0.256310 0.476340 0.242256 0.484578 0.234502 0.495726 0.230624 0.509296 0.239348 0.502026 0.241286 0.516080 0.245164 0.518988 0.244678 0.508810 0.251464 0.489910 0.262610 0.486032 0.271334 0.493302 0.281512 0.494272 0.283450 0.488940 0.278120 0.485548 0.271818 0.487002
0 0.253402 0.550006 0.271334 0.552430 0.282482 0.553882 0.276666 0.563576 0.269880 0.566484 0.264064 0.570846 0.261156 0.577630 0.260672 0.588778 0.258734 0.597502 0.252432 0.606224 0.248556 0.600894 0.250978 0.580538 0.258734 0.563576 0.255826 0.561152 0.252432 0.556790
0 0.266004 0.576176 0.277150 0.575208 0.283934 0.573754 0.275696 0.592170 0.276666 0.605256 0.285388 0.614464 0.290720 0.618826 0.276180 0.619310 0.278120 0.626580 0.286842 0.640634 0.289750 0.653720 0.286842 0.660990 0.275696 0.642088 0.272304 0.632880 0.267942 0.622702 0.265518 0.613010 0.263580 0.604286 0.266972 0.584416
0 0.258734 0.709454 0.250494 0.734656 0.259702 0.727386 0.265034 0.720116 0.278604 0.718662 0.286842 0.727386 0.292174 0.730778 0.292658 0.723994 0.286842 0.721086 0.291204 0.717694 0.293144 0.711878 0.281996 0.709454 0.272304 0.707032 0.264064 0.707032
0 0.285388 0.731748 0.276666 0.750650 0.276180 0.763250 0.271818 0.777790 0.271334 0.793782 0.279574 0.802022 0.282482 0.795236 0.282482 0.780698 0.284420 0.777304 0.291690 0.782152 0.293144 0.775852 0.288782 0.769066 0.288296 0.756466 0.289750 0.747742 0.290720 0.738048 0.292174 0.733686
0 0.266488 0.839824 0.278120 0.854848 0.288782 0.847578 0.294112 0.837402 0.297020 0.833524 0.296052 0.851940 0.296052 0.857756 0.309622 0.871326 0.318830 0.879566 0.318344 0.887804 0.303320 0.878112 0.287328 0.866480 0.279088 0.865026 0.269880 0.861634 0.266488 0.853880 0.264550 0.847578
0 0.274242 0.930454 0.298474 0.931422 0.314952 0.933362 0.314468 0.940146 0.297990 0.937722 0.312044 0.945962 0.319798 0.958562 0.323676 0.970194 0.310106 0.963410 0.303806 0.953232 0.293144 0.944992 0.279088 0.941116 0.270850 0.944024 0.275696 0.958562 0.274242 0.965348 0.269880 0.968256 0.269396 0.959048 0.268426 0.948870 0.259702 0.948870 0.263096 0.941116
0 0.548552 0.000902 0.545160 0.008656 0.541766 0.011564 0.531104 0.010594 0.523834 0.009626 0.522866 0.017864 0.532074 0.022710 0.550490 0.017380 0.565030 0.016410 0.572300 0.010110 0.568422 0.001386
0 0.548068 0.055666 0.546614 0.079414 0.545644 0.091046 0.546128 0.094922 0.555336 0.081352 0.560668 0.069722 0.563576 0.057606
0 0.556306 0.110432 0.550006 0.131756 0.557760 0.139026 0.567938 0.144356 0.576662 0.155018 0.584416 0.160350 0.585386 0.148234 0.572784 0.135148 0.571814 0.131756 0.561152 0.135148 0.561638 0.125940 0.562122 0.115278 0.566484 0.105100
0 0.573268 0.201546 0.561152 0.191852 0.551944 0.191368 0.541282 0.192822 0.530620 0.206392 0.539828 0.225292 0.552914 0.233532 0.567454 0.239348 0.560668 0.230140 0.564546 0.223838 0.575692 0.223354 0.570846 0.216084 0.562606 0.216084 0.555336 0.223354 0.548068 0.222384 0.544674 0.217538 0.545160 0.209300 0.550006 0.203968 0.558730 0.207846 0.567454 0.206392 0.573754 0.206392
0 0.563092 0.268426 0.550006 0.286358 0.544190 0.299444 0.538374 0.309622 0.532558 0.312530 0.531104 0.316890 0.546614 0.314952 0.554368 0.302836 0.561152 0.290720 0.569876 0.286842 0.574722 0.296536 0.580054 0.282482 0.581508 0.275212 0.576662 0.266488 0.570360 0.266004
0 0.551460 0.323192 0.554368 0.340154 0.550490 0.352270 0.558730 0.358570 0.566484 0.383288 0.571814 0.400250 0.580054 0.394434 0.580054 0.382318 0.573268 0.371656 0.572300 0.359540 0.574722 0.354694 0.576176 0.350332 0.562606 0.348878 0.560184 0.343546 0.563576 0.329976 0.558244 0.317376
0 0.571330 0.420606 0.567454 0.431752 0.569392 0.447260 0.574722 0.452108 0.580538 0.433690 0.584416 0.429328 0.591686 0.424968 0.582962 0.419152
0 0.568422 0.551460 0.552914 0.569876 0.546128 0.588778 0.544674 0.600410 0.557276 0.591200 0.565030 0.579570 0.574238 0.578116 0.580538 0.581992 0.587324 0.577630 0.588778 0.566968 0.588778 0.561152 0.598470 0.562606 0.589262 0.553398 0.576662 0.553398
0 0.533528 0.674076 0.550490 0.658566 0.562122 0.661960 0.580054 0.674076 0.592170 0.687646 0.599440 0.705578 0.587808 0.698792 0.578600 0.686676 0.569392 0.680376 0.566000 0.679892 0.562122 0.673106 0.553398 0.671652 0.541282 0.674076 0.537406 0.676984 0.531590 0.678922
0 0.540312 0.729324 0.554368 0.727872 0.563092 0.725932 0.574238 0.736110 0.579084 0.743380 0.586838 0.750650 0.586354 0.761312 0.574722 0.753072 0.565514 0.748710 0.559698 0.735626 0.550490 0.732718 0.541282 0.736594
0 0.549522 0.850486 0.560668 0.840794 0.570846 0.840794 0.573754 0.835462 0.576662 0.831100 0.582478 0.839340 0.590232 0.832554 0.594594 0.832070 0.607678 0.839824 0.615918 0.842248 0.619310 0.850486 0.593140 0.847094 0.586354 0.845156 0.567454 0.850002 0.557276 0.854848 0.544674 0.856786 0.544674 0.853880
0 0.570846 0.880534 0.561152 0.887804 0.556306 0.893136 0.543706 0.904282 0.537890 0.909128 0.539344 0.913976 0.562122 0.904766 0.573754 0.897982 0.577630 0.892166 0.581508 0.889258 0.588292 0.889258 0.589262 0.880050 0.581508 0.880534
0 0.576662 0.972618 0.561152 0.977948 0.556790 0.994426 0.562122 0.998304 0.564060 0.991518 0.571814 0.985218 0.581508 0.992004 0.581024 0.988610 0.586838 0.987642 0.583932 0.984248 0.579084 0.982310
0 0.723510 0.003810 0.715270 0.017380 0.713816 0.025134 0.729324 0.008172 0.739502 0.017864 0.741926 0.003810 0.744350 0.001386
0 0.728840 0.076990 0.728356 0.084260 0.738534 0.080384 0.734656 0.091530 0.721570 0.092500 0.713816 0.094438 0.705578 0.103646 0.708000 0.107524 0.722056 0.100254 0.729810 0.100738 0.736110 0.107524 0.740956 0.093954 0.746288 0.092014 0.750650 0.097346 0.741926 0.104132 0.751618 0.106070 0.759858 0.086200 0.751618 0.076990 0.740472 0.074084 0.736594 0.074568
0 0.720602 0.151142 0.707516 0.159866 0.706546 0.172950 0.712362 0.189914 0.712362 0.175374 0.712362 0.166650 0.722540 0.159380 0.719148 0.174890 0.717208 0.185552 0.718662 0.194276 0.720602 0.199122 0.720602 0.184582 0.725932 0.173436 0.731748 0.168104 0.739502 0.166650 0.749680 0.166166 0.739502 0.152596 0.733202 0.143872 0.725932 0.144842
1 0.730294 0.172950 0.735140 0.182160 0.730778 0.195730 0.728356 0.205906 0.731748 0.215116 0.736594 0.220930 0.740472 0.221416 0.744350 0.213662 0.746288 0.208330 0.748226 0.200092 0.742896 0.190398 0.744350 0.172466
0 0.753072 0.208814 0.739018 0.229654 0.732232 0.239348 0.745318 0.243224 0.751134 0.245648 0.753072 0.232562 0.755496 0.218992
0 0.716240 0.308652 0.730294 0.297506 0.750650 0.286842 0.758404 0.283934 0.770036 0.282482 0.774882 0.287328 0.774398 0.296536 0.750164 0.302352 0.735626 0.310590 0.728356 0.315436 0.727872 0.320768 0.728840 0.329008 0.716724 0.321252
0 0.735140 0.380380 0.726902 0.404612 0.722540 0.413820 0.711394 0.427874 0.709940 0.438538 0.723510 0.426906 0.728356 0.415758 0.728840 0.439506 0.733202 0.443868 0.735626 0.419152 0.740472 0.409944 0.744834 0.404128 0.756950 0.400734 0.762280 0.400250 0.764220 0.395404 0.763734 0.394434 0.748226 0.394918 0.741926 0.400250 0.740472 0.392980 0.746288 0.381348 0.741926 0.376988
0 0.752588 0.403158 0.742896 0.428360 0.741442 0.442414 0.741926 0.462770 0.738048 0.472948 0.737564 0.489910 0.743380 0.498148 0.747256 0.485064 0.744834 0.472948 0.746288 0.467132 0.756950 0.467616 0.758404 0.461800 0.749680 0.457438 0.747742 0.445806 0.751134 0.431752 0.753558 0.419636 0.755496 0.413820
0 0.750650 0.526258 0.747742 0.540312 0.743380 0.531104 0.736110 0.546128 0.733686 0.557276 0.731748 0.568908 0.729810 0.574722 0.732718 0.569876 0.746288 0.585870 0.746288 0.569876 0.746288 0.557276 0.751134 0.549522 0.760342 0.551944 0.771004 0.556790 0.778758 0.557760 0.771004 0.549036 0.763734 0.539344 0.760342 0.530136 0.756950 0.517050
1 0.732718 0.538858 0.727872 0.526742 0.726418 0.516080 0.731264 0.505902 0.740956 0.498148 0.758404 0.501056 0.778274 0.518988 0.778758 0.534982 0.770036 0.543706 0.762280 0.532558 0.759858 0.523834 0.757920 0.518504 0.753072 0.521896 0.747742 0.526742 0.748226 0.534012 0.745318 0.533044 0.741442 0.531590
0 0.746288 0.602348 0.746772 0.612526 0.743380 0.614948 0.739502 0.610102 0.731264 0.616888 0.723510 0.638696 0.722056 0.658566 0.729324 0.649842 0.744834 0.635304 0.751618 0.623188 0.755980 0.607678 0.751134 0.599440
0 0.752588 0.695400 0.743380 0.703638 0.734656 0.716724 0.729810 0.727386 0.727872 0.749196 0.740472 0.730778 0.748710 0.716240 0.752588 0.723994 0.756950 0.715270 0.760342 0.700246 0.760342 0.695884
0 0.749680 0.753072 0.743380 0.771974 0.738534 0.784574 0.738534 0.799598 0.740472 0.811714 0.749196 0.795236 0.750164 0.783606 0.756950 0.780698 0.762280 0.795236 0.772458 0.798144 0.788936 0.793298 0.795722 0.788452 0.794268 0.775852 0.779728 0.783120 0.771974 0.790390 0.767128 0.781666 0.773428 0.768582 0.762280 0.760828 0.756950 0.757920
0 0.739502 0.846124 0.749196 0.849032 0.764704 0.853394 0.777304 0.863572 0.775852 0.870358 0.764220 0.862602 0.752588 0.860180 0.741442 0.854848 0.725448 0.858240 0.720602 0.856302 0.729810 0.848064
0 0.740956 0.907674 0.750164 0.919306 0.760828 0.921244 0.770520 0.922698 0.766158 0.930938 0.753072 0.939176 0.746772 0.930454 0.733686 0.929000 0.731264 0.926092 0.741926 0.924638 0.739018 0.916398
0 0.743380 0.973102 0.748226 0.984248 0.755496 0.980372 0.766158 0.982796 0.777790 0.982796 0.783120 0.980856 0.780698 0.988610 0.775366 0.990550 0.770520 0.995396 0.761312 0.997820 0.737080 0.997334 0.737080 0.990550 0.744350 0.991034 0.740956 0.982310
0 0.895074 0.004294 0.908644 0.005748 0.918338 0.003810 0.927060 0.005748 0.936268 0.011080 0.948386 0.014472 0.948386 0.031918 0.945962 0.043066 0.930454 0.046458 0.905252 0.044520 0.892166 0.046942 0.891196 0.026104 0.891196 0.010594
0 0.903314 0.124002 0.911068 0.114794 0.926092 0.112854 0.932876 0.115278 0.939662 0.108008 0.948386 0.105100 0.955170 0.114308 0.954686 0.119156 0.941600 0.125940 0.929968 0.127394 0.920276 0.125940 0.909614 0.130302 0.905252 0.137572 0.902828 0.142418 0.899920 0.129818
0 0.909128 0.186036 0.918822 0.196214 0.927546 0.195244 0.935784 0.186036 0.940146 0.174404 0.945962 0.167136 0.952262 0.167620 0.958078 0.174404 0.954686 0.187006 0.954200 0.189914 0.957108 0.186036 0.961956 0.177312 0.964864 0.174890 0.970194 0.183128 0.965832 0.196698 0.952746 0.200092 0.944508 0.198638 0.930454 0.235470 0.929484 0.239348 0.930454 0.204452 0.924152 0.206392 0.920760 0.210268 0.924638 0.217054 0.913490 0.216570 0.902828 0.209784 0.897012 0.206392 0.901860 0.192822
0 0.922214 0.264064 0.932392 0.256310 0.926576 0.247102 0.932392 0.245648 0.939176 0.251948 0.953232 0.244678 0.965348 0.240802 0.962924 0.262610 0.956140 0.276180 0.944024 0.283450 0.951294 0.264064 0.953716 0.257280 0.936268 0.266004 0.926576 0.271818 0.918822 0.281028 0.915430 0.291690
0 0.939662 0.326584 0.950324 0.313014 0.959532 0.307682 0.968256 0.304290 0.973586 0.306714 0.965832 0.323676 0.957108 0.332400 0.938692 0.338216 0.938208 0.331914
0 0.944992 0.389588 0.957594 0.400250 0.965832 0.404128 0.959048 0.412366 0.957108 0.417212 0.953716 0.433690 0.951294 0.417698 0.947416 0.412366 0.942084 0.412850 0.936268 0.410428 0.942570 0.403158 0.939176 0.393950
0 0.932876 0.466646 0.944024 0.472948 0.956140 0.471978 0.969224 0.469554 0.977464 0.468586 0.980856 0.469554 0.972132 0.490394 0.954686 0.487972 0.940630 0.487972 0.933362 0.485548 0.929968 0.471978
0 0.941600 0.541282 0.933846 0.563576 0.934816 0.577146 0.945478 0.588778 0.948386 0.578116 0.948386 0.563576 0.949840 0.561152 0.958562 0.560668 0.966318 0.560668 0.968740 0.554852 0.960986 0.549036 0.949354 0.550976 0.950324 0.544190 0.952262 0.539344
0 0.956140 0.597986 0.957594 0.610586 0.952746 0.620764 0.945962 0.628034 0.956624 0.639666 0.962924 0.627064 0.966318 0.616888 0.971648 0.603802 0.963894 0.593624
0 0.943054 0.686676 0.952746 0.696854 0.952262 0.701216 0.955170 0.702670 0.965832 0.700730 0.980856 0.697338 0.986188 0.698308 0.971164 0.710424 0.976494 0.717694 0.983764 0.726418 0.983280 0.744350 0.982310 0.755012 0.974556 0.731264 0.970194 0.722056 0.960502 0.715270 0.955170 0.712848 0.945478 0.709454 0.939176 0.701700
0 0.936754 0.775852 0.949840 0.775852 0.960016 0.765674 0.970194 0.758888 0.962924 0.782636 0.972132 0.781666 0.981342 0.782152 0.980372 0.791360 0.965348 0.786998 0.951294 0.787482 0.946932 0.790390 0.939662 0.798630 0.933362 0.792814 0.936754 0.784090
0 0.959048 0.853880 0.951294 0.868904 0.940630 0.878112 0.935300 0.887804 0.932876 0.899920 0.932392 0.903314 0.943538 0.892650 0.952262 0.885382 0.960986 0.873750 0.970194 0.868904 0.970678 0.862118 0.966802 0.854364
0 0.927546 0.930938 0.938208 0.927546 0.951778 0.928030 0.962440 0.929968 0.972132 0.932876 0.978918 0.936754 0.982310 0.940630 0.976010 0.945478 0.963894 0.944024 0.952262 0.939662 0.940146 0.935784 0.931908 0.937238 0.919792 0.942570 0.915914 0.944508 0.912522 0.942570 0.917368 0.935784
0 0.939176 0.999758 0.963410 0.998304 0.967772 0.997334
1 0.007686 0.070690 0.014472 0.090562 0.002840 0.098316 0.000000 0.083984 0.000416 0.071660
1 0.093954 0.078930 0.110432 0.080868 0.117702 0.086200 0.109946 0.089108 0.094922 0.086684
1 0.028042 0.101224 0.029010 0.137088 0.019802 0.147264 0.013018 0.133210 0.010594 0.118670 0.013986 0.108492 0.022710 0.102192
1 0.023196 0.467616 0.040642 0.470040 0.055182 0.479732 0.060512 0.488940 0.053244 0.489910 0.042096 0.490878 0.021742 0.501056 0.014956 0.484578 0.011564 0.475370 0.016894 0.466646
1 0.057606 0.515596 0.065360 0.520928 0.076506 0.522380 0.081352 0.523834 0.075052 0.529650 0.070690 0.531104 0.068752 0.538858 0.058090 0.527712 0.052758 0.520442
1 0.003324 0.625126 0.016410 0.629972 0.022226 0.648874 0.018834 0.664382 0.005748 0.666320
1 0.180706 0.656628 0.192822 0.647904 0.202514 0.660990 0.185068 0.669228 0.181674 0.661474
1 0.089592 0.744350 0.099284 0.728840 0.109946 0.728840 0.103646 0.744350 0.101224 0.756950 0.093468 0.755980
1 0.051304 0.838370 0.067298 0.839824 0.064874 0.858726 0.059544 0.861634 0.051304 0.852426 0.047428 0.845640 0.046458 0.842248
1 0.236924 0.895074 0.237408 0.904766 0.247102 0.910582 0.249526 0.916884 0.233048 0.917368 0.229654 0.909614 0.229170 0.901860 0.229654 0.897012
1 0.466162 0.493302 0.479248 0.496694 0.481670 0.509780 0.472462 0.517050 0.466162 0.512204 0.462284 0.502996
1 0.584416 0.210754 0.596532 0.202030 0.605740 0.197668 0.611072 0.198638 0.606224 0.206392 0.605256 0.212208 0.592654 0.213662
1 0.586354 0.219476 0.598470 0.218024 0.603802 0.218024 0.605740 0.232078 0.596532 0.235470 0.588292 0.226262
1 0.653720 0.179252 0.644028 0.189914 0.645966 0.202030 0.649358 0.204452 0.660990 0.190398 0.662928 0.179252
1 0.684738 0.194760 0.680860 0.204452 0.676984 0.215116 0.686192 0.213176 0.694430 0.215116 0.698308 0.210754 0.692976 0.206876 0.688130 0.199606
1 0.625126 0.387650 0.634818 0.374564 0.643542 0.385226 0.630458 0.395888 0.619310 0.390558
1 0.670682 0.439992 0.681830 0.435144 0.695884 0.453562 0.680860 0.455500 0.672622 0.455500 0.664382 0.455016
1 0.691522 0.826254 0.705092 0.832554 0.708000 0.843216 0.709940 0.848064 0.712362 0.855334 0.701216 0.852426 0.694430 0.860664 0.689100 0.857756 0.693462 0.847094 0.694916 0.839824
1 0.714786 0.840310 0.720116 0.834008 0.723510 0.827224 0.729324 0.826738 0.729810 0.835948 0.729324 0.838370 0.734656 0.842732 0.725448 0.843702 0.717208 0.846124
1 0.685706 0.912036 0.690554 0.920760 0.695400 0.927060 0.699276 0.936268 0.692008 0.944508 0.688130 0.940146 0.682798 0.926576 0.680376 0.918822 0.677468 0.913006 0.677952 0.910098
1 0.597016 0.949840 0.600894 0.940630 0.617856 0.940146 0.630458 0.941116 0.630458 0.954200 0.623188 0.965348 0.609132 0.965348 0.601378 0.969224 0.595562 0.959048
1 0.619310 0.970678 0.621734 0.982796 0.616888 0.986672 0.613494 0.994912 0.624642 0.990550 0.626580 0.978918 0.625610 0.971164
1 0.909614 0.070690 0.911068 0.085230 0.906706 0.097346 0.910582 0.102192 0.918822 0.089592 0.919792 0.079898 0.915430 0.071660
1 0.864542 0.189428 0.862602 0.204938 0.859210 0.218024 0.844186 0.229170 0.848548 0.235954 0.846610 0.245164 0.854364 0.250010 0.863088 0.245164 0.871326 0.236440 0.879080 0.224808 0.882474 0.214146 0.883928 0.203484 0.882958 0.196698
1 0.863088 0.270850 0.868904 0.261156 0.891682 0.271334 0.892166 0.284904 0.880534 0.293628 0.859210 0.285388 0.853880 0.272788
1 0.878596 0.322222 0.877142 0.337246 0.881988 0.344032 0.892650 0.342578 0.898466 0.334338 0.895074 0.324646 0.891196 0.318830 0.884412 0.319798
1 0.890712 0.393466 0.897012 0.392980 0.904766 0.383772 0.910098 0.387164 0.907190 0.395404 0.909614 0.403642 0.902828 0.403642 0.896044 0.402188 0.892650 0.404612 0.886836 0.397826
1 0.777790 0.567454 0.787482 0.558730 0.800568 0.564060 0.804930 0.570846 0.797176 0.581024 0.787968 0.586838 0.776820 0.580538 0.772944 0.569392
1 0.809776 0.618826 0.826738 0.618340 0.842248 0.618826 0.849518 0.618340 0.838370 0.631912 0.821408 0.641120 0.802506 0.643058 0.792330 0.651782 0.789906 0.641120 0.800084 0.628518 0.803960 0.621734
1 0.916884 0.608648 0.922698 0.619310 0.914944 0.628518 0.913006 0.635304 0.915914 0.640634 0.926576 0.635304 0.931422 0.629972 0.931908 0.614948 0.930454 0.610102 0.926576 0.607678
1 0.919792 0.809776 0.928514 0.812200 0.938208 0.808806 0.944024 0.808806 0.932392 0.818984 0.922698 0.825284 0.913490 0.817046 0.914460 0.812200
1 0.917852 0.898466 0.916884 0.907190 0.910098 0.913006 0.909128 0.919792 0.915914 0.912522 0.926576 0.911552 0.934330 0.911068 0.929000 0.907674 0.924638 0.902828
1 0.874718 0.980856 0.884896 0.983764 0.892166 0.986672 0.897498 0.997820 0.872780 0.995396
1 0.924638 0.946932 0.924638 0.957594 0.953716 0.964864 0.966802 0.964378 0.968740 0.954686 0.960502 0.944992 0.950324 0.942570 0.933846 0.941600
1 0.953696 0.166740 0.952378 0.154012 0.959840 0.146990 0.964668 0.159278 0.965984 0.170252 0.965108 0.174202 0.956330 0.171128
1 0.977396 0.080714 0.977836 0.067548 0.982664 0.065792 0.992320 0.077642 0.995392 0.084664 0.983980 0.087298